-0.06736514769405133 -0.30220884486750066 -0.6691504974200644
-0.009809984982464215 -0.3183596610402617 -0.11431184004091399
0.012807638529398702 -0.3230258326193436 0.42184386064267976
0.02456020922161528 -0.19909151347432896 -0.6679154891803183
0.07773034508417709 -0.21300106836469723 -0.11389651487611907
0.09163359707415353 -0.21285825561965765 0.4212535362408243
0.04842760381167466 -0.04178125405800159 -0.12428822706483977
-0.23686138192917738 0.43359426208849783 -0.16634335706972259
-0.01936819255972111 -0.358848499762054 0.35407719423032624
-0.008584384021194325 -0.34236612213980777 -0.7302819747760214
0.010491264869049388 -0.3449349593652826 -0.18617549131654876
0.06805186229713556 -0.25342307958000987 0.3541935424969278
0.04576883335871074 -0.2104084679546574 -0.19062533567690032
0.007796752109861416 -0.03422175523697746 -0.20204844663881438
-0.203989383668862 0.39904360952122175 -0.23805871198915618
-0.14736308413158383 -0.4033977292887272 0.28132567216611726
0.027136273745476558 -0.34595292352859985 0.28845248033262116
-0.06813195552175699 -0.27819148745232525 -0.8066870231463827
-0.028211172446273025 -0.2923589072518382 -0.2592102546527304
0.19292092586128007 -0.2846225738163497 0.29488930513120515
0.023152571459114313 -0.17368110480325782 0.8219750862286173
0.07679606833077912 -0.19670288797050972 -0.2570320625140585
0.05467564701791616 -0.03653739651898036 0.8181518058941446
-0.008781941243857005 0.006427130725370489 -0.2732674140765585
-0.14250854454556006 -0.41345401993799413 0.2210296135113321
-0.11702611386676054 -0.2890794648432333 -0.33337607572816985
-0.04216302915569514 -0.31480918820847137 0.2222960930035196
-0.06345539913255038 -0.2950621687342476 0.755154941575297
0.009758349595060167 -0.20524893935207444 -0.3289872665240683
0.07586386662211453 -0.22639418801675504 0.22498831559873445
0.015476779284160358 -0.18461000249852333 0.7544311027691446
0.05129428981132733 -0.04991698296342406 0.750826213853129
-0.30349020774164615 0.2832758682440826 -0.37618556211733
-0.0713418527689953 0.30761526731630795 -0.3615547675921835
-0.07031134033569231 -0.34533229193169745 0.1475447158978067
-0.0006145983243754927 -0.24556663092889863 -0.39547839353822845
0.051994611433876514 -0.2591905356744135 0.1507171135113321
-0.01834039156691958 -0.2118425346529591 0.6863049011395059
0.07846765461612293 -0.13539832725975032 -0.3957587737872519
0.18751535503372807 -0.18102736086133575 0.15499148179746491
0.08260049569224037 -0.11383726701361496 0.6870878677532755
-0.20765782295240598 0.33882858040143304 -0.44125285337709563
-0.04893418131507232 0.4047739923180842 -0.43370452116274016
-0.11880157860489504 -0.32626230402487977 -0.46757474134706634
-0.05721313257374305 -0.35236312279519666 0.08088526536680085
0.06627690993325075 -0.15082845049820293 0.6201890449688516
-0.0051817683670023484 -0.23507522962523808 -0.4642745513751425
0.056348730254935475 -0.26140446075572044 0.08342251588559968
-0.17145421016863693 0.16943058332316951 -0.49813714216493743
-0.14717161983665505 0.3122704114508892 -0.5041948814227499
-0.1512159973517342 0.32282910087086236 0.04337630082822663
-0.06469130800043388 -0.32487328005076677 0.011349533097513742
0.021495352236282628 -0.24910441400047745 0.5544031601116739
0.0013362342828138196 -0.21532566942322973 -0.5328179855182089
0.061999206678652996 -0.24120966472860061 0.015131328599222726
0.10056718651591723 -0.13898621817749301 0.5537584762737833
0.123732756765353 -0.12145745946135378 0.013161514298685617
-0.14892750160421642 0.33702836054271756 -0.5743366737201132
-0.10670632565445715 0.46997867634994606 -0.578674461348287
-0.10039963997426327 -0.35915643105678186 -0.6004716415240683
-0.050269871482139905 -0.3711792389091002 -0.05332055280946868
0.010964905495630006 -0.38941070386502474 0.4920996170208536
0.03050713895650148 -0.27770769945512797 -0.5951324958636679
0.03711722503851078 -0.2656441600580166 -0.05294385145448821
0.03729947517841836 -0.25000155378981503 0.4876163940594278
-0.18804142718035877 0.15579280105990279 -0.6357313651873984
-0.13786761924216506 0.2838154640765538 -0.6391889114215292
-0.25268716478757014 0.36559335695177 -0.10208621214174407
-0.06789388504514449 0.4167332949221958 -0.09309592436098235
0.30054209373929197 0.41382939737061264 -0.05525555799745696
0.13955362671054772 0.13411280645721035 0.654339168565043
0.17472554511224558 0.0474527720500717 -0.17511215399049895
0.1148052769390695 -0.04478994629658217 0.5524393062756143
-0.03694422341179404 0.05973200597489381 0.553656909959086
0.14386094741805877 0.08880858053873908 -0.2653137702777304
0.11165175929983207 0.04824984185995618 0.4655936699078165
-0.04928665102967145 0.1352277021037409 0.4655936699078165
0.3166373083777181 0.007259228219417935 0.37773189355588777
0.09647327409884454 -0.0163362381294192 0.36968693544126374
-0.08609897639244224 0.031215612378282742 0.36679086496091706
0.1302529566258812 -0.06733810675699203 0.27586064149595124
-0.0026037537582865866 0.07223465342277535 0.27982649614072663
0.042961436553806465 0.04329537452026244 0.1876893978283487
0.019946246208288443 0.07996454457744306 0.09726748277402741
0.2317262938358553 0.1093126759748273 0.01439795304990632
