1.9635961891380092 0.5626415078839102 0.029799391177261825
1.871724064641917 0.5984952912727621 0.03332464828785753
1.7800672180472503 0.6346511224553666 0.03685467377003526
-0.16822810688843504 -0.2822176432120074 0.6217369331389317
1.6892424738412046 0.6760067446167923 0.04124682083424425
-0.25563665016036907 -0.2099676549789109 0.628974844363297
2.212876580917733 -0.7012251660009667 -0.7465854392975917
1.5973850317626983 0.7078959412240238 0.04392950668629503
-0.34069479603455477 -0.12774752170816583 0.6376656784087071
0.42662498035990737 -0.5105165196906576 0.2519139541655431
2.111555536394828 -0.7101808513884649 -0.7512002693146815
1.5057090288068515 0.7401022340488979 0.04661696090992784
-0.42622158344162386 -0.05011947830925578 0.6456403030424962
2.0101341142019855 -0.7187685103154138 -0.7558127151459804
1.4169082957737515 0.7921317658935862 0.05274050369557237
-0.5241151840346348 -0.03524850449378647 0.6442188514738927
1.9080647324913436 -0.7318747502474601 -0.7613735900849452
1.3256684628184665 0.8249366473627191 0.05543797149952745
-0.6229824628913931 -0.02487210178674104 0.6420792831450353
1.8064279209741905 -0.7397353297020572 -0.7659803138703456
1.232489682413508 0.8434370492752521 0.05556576385792589
-0.7330954970989509 -0.06738312989934059 0.6319836868315587
1.138665519200881 0.8573891268578322 0.054839064028824325
-0.8425347625177508 -0.10462588975366316 0.6226133598357091
0.1345955843093165 0.6594559907025044 0.4228505386381993
1.7856728866617892 0.7213727731424058 -0.4867940650910487
1.0448922253146726 0.8716632567503879 0.05411617889698839
-0.9480827314098761 -0.12211150431701867 0.6161383880644689
0.04014935413052001 0.6772284243839408 0.4221562637358556
1.6976054772619378 0.7820944877455887 -0.47802455291453505
0.9481342984110697 0.8668033220197557 0.04996292724903917
1.6092826148523933 0.8382340194565288 -0.4702010856598964
0.8528461291758589 0.8720178966302612 0.047528673556412215
-0.2177501059312732 0.3600264822503192 0.363593984988297
1.5154182786047627 0.8508906304222705 -0.4709406600922694
0.7575406300156082 0.8775708762094467 0.045099188235367293
-0.30364920309800425 0.4022814361075504 0.36685459747608995
1.426291574954135 0.8632170679527391 -0.4716406570405116
0.6669042252564275 0.882675584270892 0.04270737304982042
1.3271417592462633 0.8723283789187093 -0.4733620391816249
0.5690946143415658 0.874320340540109 0.037706304934586043
1.2216509762921177 0.8380929927005027 -0.48365361556712294
0.4690141319986729 0.8817020100250232 0.03525011673268175
-0.5952431040678832 0.45735624393486063 0.36398689880665636
1.1317592490556123 0.8465405538094402 -0.4852963195771327
0.3710283702270054 0.8740755326813527 0.030255247500504012
1.037187972190047 0.856011694615674 -0.4869724021882167
0.27556115009551974 0.8813371506096388 0.027840544131363387
-0.9785524637745411 -0.3893728975895918 0.21836846008595323
0.9411234452849335 0.8561143576490551 -0.49055106506053114
0.1774046980722872 0.8744159394743676 0.022850443270767684
-1.0734614847237012 -0.3532423792481616 0.22003166809376573
0.8442328060979314 0.8517189658874855 -0.4950786338776698
0.081876219507933 0.8823649058705385 0.0204419387846837
-1.1703558771330975 -0.3264330722701416 0.2201318038969884
0.7496301557408493 0.8622045390588653 -0.49674517974558974
-0.015517552912939436 0.8809902206046161 0.01631729736622667
-1.2666456987981007 -0.3196579683357612 0.21713249817189073
0.659736942556691 0.87223078048806 -0.498372624966537
-0.10829429463697693 0.8790368939551882 0.012229849246109481
-1.4024512402709703 -0.4605052070304829 0.18978064194020128
0.5643500294573869 0.8785258707824752 -0.5009852157563319
-0.20871332193357972 0.863859526879601 0.005531240847671981
-1.488344030617263 -0.3844932452975627 0.1977352394133458
0.4672732449630388 0.8754885332940248 -0.5055013404816737
-0.306367823675906 0.8635376252534996 0.0014142288237461997
0.36926054826664867 0.8679753077975221 -0.510969232174789
-0.4070729553419383 0.8490931981164493 -0.005280088040267472
-1.4676400234799374 0.5957445946911051 0.34860222473439073
0.26175796800693973 0.8625364400698246 -0.5165038810700526
-0.509607333035234 0.8504864445449556 -0.009424279782210832
-1.5587518180040263 0.6131363573514719 0.3472093833952794
0.16732370824821885 0.850066813110061 -0.522885392758285
-0.609573346194118 0.8416233181893915 -0.015254090878402238
-1.6521503961283486 0.6416059967960024 0.3473576797514806
0.06987584626388355 0.8484665457046958 -0.5273910270661464
-0.7096695876022423 0.8331367627251893 -0.021080564114486222
-1.795346617210683 0.4742333869060431 0.3153161300688634
-0.030420317414943554 0.8327604246080327 -0.5347572074860683
-0.808833682691251 0.8298218491537313 -0.02604396209422255
-0.12806339733766237 0.8318817065627897 -0.5392571197480311
-0.9059323882551524 0.8364857812457345 -0.02928168639842177
-0.22769427183827418 0.8217295137144518 -0.5456634269684901
-1.0052520179173428 0.8338988515205017 -0.03423936233225966
-0.3264867703458876 0.8167541101911553 -0.5511122451752772
-1.1035478018302314 0.8364726716345459 -0.03833300933543349
-0.42339588257920724 0.8217533436349171 -0.5546503768891444
-1.2041645537719106 0.8298237790174241 -0.04414565429392958
-0.5223508645507877 0.8174971881870619 -0.5600934730500331
-1.3060531216691516 0.8187615105535428 -0.0508170829743495
-0.6203822750922896 0.8184029418113212 -0.5645800338715663
-1.4069319561076128 0.8128647626692711 -0.056624959561263566
-0.7195207249129041 0.8148710660262068 -0.5700178848237147
-1.510289141462863 0.7977830389585776 -0.0641537414521327
-0.8198114347792966 0.8069096299065919 -0.5764089332551112
-1.61622508976685 0.7735487375539378 -0.07340295180979872
-0.9180793991771239 0.8089053652004594 -0.5808859573334804
-1.7175606605123406 0.7688127962413915 -0.07920319900218153
-1.0229647375587092 0.7825454112999637 -0.5910931335419765
-1.8239345427925144 0.7453839002541685 -0.08844859466258193
-1.1192341585075596 0.794836983822961 -0.5936537490815272
-1.925568765116175 0.741426902187726 -0.0942440734833827
-1.231262396849381 0.7406134991133229 -0.6095906005829921
-2.0323711934843516 0.7188136429634966 -0.10348565444651747
-1.3174515361223058 0.7965936913303509 -0.6035443054169765
-1.4334858030731823 0.728878973505573 -0.6223450408906093
-1.5277195819901834 0.7521648211070371 -0.6229825721711268
-1.6230627623874554 0.7710205403420858 -0.6245713935822597
-1.7183558096612117 0.7902068099798925 -0.626156877133285
-1.811145096608172 0.8192335274734788 -0.6258254753083339
0.3355198285396881 0.5189947339691869 0.2057737602263341
-0.5436227219653418 -0.18625022883616538 0.8081588043242345
0.8062374391577869 -0.19953111169483861 0.14491264953907823
0.953204222973401 -0.12531549907391337 0.1508759750395665
0.9933391551427633 0.05889185084139115 0.13835280075367784
-0.4186129872961004 -0.26230545538159333 0.7420977844267735
1.0171829351047847 0.2611216083580601 0.12284796371754503
1.0831709616490528 0.42045705847689163 0.11449902191456651
-0.4956962306468071 -0.27493764905320006 0.6563624633818517
1.9068095534512963 -0.3971937757413997 0.019722868350113387
1.9911821958920726 -0.2624144488195128 0.014743734744156356
1.9946279141123853 -0.041038152175282505 -0.0051708923310389565
1.9620317028796705 0.22062018256652038 -0.031931470486556535
-0.696154811024364 -0.35790217387088674 0.5661381973296056
-0.5665642669683564 -0.26023489334366445 0.5688337577849278
-0.4437900977431255 -0.15611084969968658 0.5704511894255528
-0.3206875455908573 -0.05245665864003968 0.5720686210661778
-0.26065928409283856 0.11387424553614522 0.563981939700211
2.1737305340065447 -0.3087048216082522 -0.35519368514720107
2.0894174663603415 0.006279531669576954 -0.39379889831248427
2.0878511752956683 0.2350668727989671 -0.4164295898408046
-0.2800176839597128 -0.5271031702130529 0.5309280647307286
-0.1652699209828441 -0.4170137588264886 0.5314754737883458
-0.11374591866833583 -0.24441983394530098 0.5221628440886388
-0.07549228837918776 -0.057768374333591055 0.5106591476469884
-0.09246715273970096 0.1853270650944694 0.49039023056324815
-0.06911199515072752 -0.028810775774367414 0.42815153732594347
0.07187559571391944 0.05585631952065029 0.43260328903492784
0.12921543774634614 0.22472708375892836 0.4237002624541173
0.072455218941478 0.5105971182263644 0.3964323295622716
0.03378141131145185 -0.1860636170437715 0.36023562088307237
0.11108754668726561 -0.03841195348120152 0.3545750869780431
0.00024926503373734477 0.2996852571171189 0.31835024490650987
0.09343484052060091 0.43352339347381985 0.3149542106657872
