0.25319859142762624 -0.496266957350759 0.704193860240971
-0.6958318954412945 -0.037467298973830054 0.8343599140129436
0.24410961374597662 -0.17653445503692922 0.7437122165642132
-0.8150655124142148 -0.027327284633120286 0.8298962413750042
0.1874692656912842 0.04429057276835735 0.7686784564934124
-0.9409780124622316 -0.035431568202533015 0.8228719531975139
0.06017723282004539 0.39286003420041027 0.8062136470756878
0.6761424021472422 -0.6264793438723721 0.5293190776787151
-0.035991509689999646 0.4819772363293815 0.8127916156730999
0.5846461637140337 -0.5266495729285126 0.5382006465874065
1.6408939529660245 -0.33809954740682713 0.317787438579594
-0.12784611392316947 0.5648746662864497 0.8187506496391643
0.4966102586808745 -0.41709368286233683 0.5484569370231975
1.6176636107660158 0.011686929342545227 0.3656986057243694
-0.23355232392826508 0.6057983502748066 0.818792134471928
0.40776502044887053 -0.3120461184085066 0.5580385028801311
1.5136825906845743 0.060911215449070966 0.36790540809253347
-0.33910031782323813 0.6470772118916557 0.8188379108391155
0.4878093254459799 0.3321219949609713 0.645548611827885
1.4326442568933544 0.1914380847554007 0.38245800132373464
-0.45908495707348607 0.6465881284030175 0.8129647075615276
0.3796950251086457 0.3662075495293813 0.644902974315678
1.3483569019226778 0.30788222439294444 0.3948414623222698
-0.5792000599895317 0.6465527749194031 0.8070938884697307
0.36827331018664466 0.7025364155500604 0.688019543834721
1.2538293540270757 0.3864971458115072 0.40142515296558035
-0.6977915339358134 0.6516607658874314 0.8018858730278362
0.2538267274149675 0.7134803933478082 0.6839707195244182
1.1611278628898845 0.4701564505944198 0.4087422191582073
-0.8231658013794387 0.6385540099209521 0.7940461933098186
0.14087546586431898 0.7295590308834079 0.6806099712334026
1.0773086790178752 0.5825348332940266 0.42042377585986745
-0.9487614952253409 0.6259566118692774 0.7862093746147503
0.9941696899899384 0.6951221543147881 0.43211343879321706
-1.0762856680025337 0.6092133444121401 0.7777169048271526
0.9002175873216061 0.770048651108322 0.43799999351123464
-1.1920220712773215 0.6255134407396987 0.7738406955681194
1.8185803533012148 0.6341003619708587 0.0649926959953655
-0.26486476825004956 0.5833274253952254 0.6418145000419964
0.793616747369633 0.8027047283349802 0.4373534023247112
-1.3251425980186724 0.5958389873215211 0.7633774578056682
1.7219830319435445 0.7016358460728966 0.07059887046435964
-0.3881799123137313 0.573206801237415 0.6343610584221233
0.6856672089626983 0.8310013530837743 0.43598487968066824
1.6323939712576134 0.7932523177424429 0.08014181251147878
-0.46621718291760317 0.6945574527360705 0.6460726558647503
0.58967000803964 0.8974319434867226 0.4404356777153362
1.5406483741550758 0.8756151530648779 0.08811977500537527
-0.5911105434298634 0.6805726851676042 0.637942582317387
0.49252545851233265 0.9594399379385479 0.44416549796680105
1.4452910854738903 0.9440150632748434 0.09374597663501394
1.3337690841937757 0.9558141389602461 0.0899398624382366
-0.9971680616677574 0.220656897232697 0.558019429393803
1.2236211014920713 0.9727620652961733 0.08692386741260183
-1.2999375215115592 -0.2753782484972973 0.4786765872917522
1.1191248699171084 1.0090263633593395 0.08705976600268972
-1.4511039214662134 -0.3466191451184173 0.46163871879199636
-0.09031661661029489 0.6194643368861321 0.3675105869255413
1.000493233990909 0.9983992140111013 0.07933166617969167
1.523368719395016 -0.9090236841180079 -0.7154152095832478
-1.602904948643996 -0.41718597962622184 0.4446018039665569
-0.18635548710698657 0.6883830509439619 0.3719852268181194
0.8874575568136862 1.00711655687806 0.07475498313525808
1.4482989425122454 -0.7406909096609198 -0.6911217868842732
-1.2878249828086723 0.7602442343134399 0.6118314563713421
-0.2980362758168269 0.7107916990728569 0.3691923915825237
0.7670637354121723 0.9926677798751626 0.06624534720996511
1.739126003165289 0.752227219622501 -0.42612096672436106
-1.4382956147135886 0.6847604002610232 0.5941345989189495
-0.3789823358656932 0.8224188872894018 0.3802268802605022
0.6538378803315084 1.002251315921253 0.061675816722904564
1.6350742924073387 0.7914631995835428 -0.4250728786506306
-1.562876529585175 0.6793272825163541 0.5867164432487835
-0.4984533599273462 0.8221876209958339 0.37380626792529714
0.5301131070778808 0.9793131050810366 0.05159834022143972
1.4949952129268098 0.7031433971814813 -0.44731637840648997
-0.613106743566135 0.8364116070748544 0.3695719539604534
0.41215168110294087 0.9756710127723771 0.044673234172855736
1.4559926687018319 0.9704117464811617 -0.40483495598217356
-0.7361193614123422 0.8277797300370118 0.3617031871757854
0.29404564043692005 0.9724873050569123 0.03775146598437917
1.3239525683171465 0.9113187572436736 -0.42189428215404856
-0.8576398935344116 0.8242804919760154 0.35456493491748464
0.1742488557849171 0.9650723332988136 0.030044823833500267
1.2164189448428644 0.9378062576097221 -0.4234139621772419
-0.9793216094482133 0.821269768360775 0.3474300205192913
0.052727768838472855 0.9534366214103116 0.021554261394535423
1.101927878877504 0.9410765622167432 -0.42924615745922434
-1.097730605196361 0.8280119108501189 0.3417556583366741
-0.06742334105157965 0.9469562311661086 0.013853818126713158
0.9916176287067273 0.9589216062130888 -0.43248483543773997
-1.228335433112541 0.8027781194003971 0.3309867679558147
-0.17500960064179338 0.9783312127308577 0.012460499950443626
0.8640486323438097 0.9206608930753255 -0.44608089332958567
-1.3452894031977252 0.8150975032578707 0.32604673499683035
-0.3001910177868865 0.9587514468892415 0.002403527446781517
0.7360972806463053 0.8829259652778028 -0.45967504387279856
-1.4746332725845406 0.7955176403068656 0.316012650676762
-0.41426638400184146 0.9723019953175012 -0.0021345317878376235
0.616600424373317 0.873903781159914 -0.4680859745063435
-1.6060301419475635 0.7718580597723843 0.3052532970390667
-0.5447841747000766 0.9397240400821474 -0.014548987201655983
0.48054592551054043 0.8137202989495442 -0.48599454765697825
-1.725174710238747 0.7810057535369914 0.2995951473198284
-0.6590869042399845 0.9541895184983495 -0.01908037071606028
0.36202374897177236 0.8103711387721546 -0.4935366809882771
-0.7884791900767496 0.9272843372625417 -0.03070136909862864
0.22204598735282843 0.7419264677105986 -0.5131714046516072
-0.899607319544252 0.951940631618232 -0.033648699573482155
0.08608893571589249 0.6881184533793423 -0.5302130878486286
-1.0260534424739873 0.9353039752293988 -0.04368659859081614
-0.027045658222832003 0.7049731102881225 -0.534289091876949
-1.1355243961008767 0.965447881835054 -0.04583713417431223
-0.15432732054460985 0.6802406802018872 -0.5461413562812458
-1.2640468367534794 0.9451577076531592 -0.05665704613109934
-0.2660360139906288 0.7026363977395924 -0.5493466556586872
-1.3910929547574682 0.9300218105458846 -0.06668588524242747
-0.4065754937875852 0.6416442063128542 -0.5681082904853474
-1.5449470327151928 0.8462766166963576 -0.08854410057445872
-0.5120319054020186 0.6835469619667798 -0.5678479373969685
-1.6530714508332167 0.8828879912296159 -0.08989021187206614
-1.7628898427359303 0.9152840748493567 -0.0920211971320759
-1.1553867880366013 -0.44668159790064266 -0.7938801944770466
-1.9126359760963183 0.8471160447703063 -0.111505717090572
-0.8174117355700972 0.8392273488380937 -0.5618478954352986
-2.064843048297668 0.7750497804605239 -0.13177844887157786
-1.3820637675261125 -0.38040361493442276 -0.7976948917426716
-1.0402548952999098 0.889252802832754 -0.5681998432197224
-1.1670667303870061 0.8733457225030392 -0.5791556537665974
-1.2924014424985657 0.8625664336030283 -0.5892431438483845
-1.433690081202542 0.8108750975720902 -0.6071145237006794
-1.5260465511195207 0.8884802582693929 -0.6007544696845661
-1.5652457852823218 -0.8226945053921568 0.2774856388054241
-1.2535598674795452 -0.8374804697821432 0.3081734477959026
-0.9950218691957176 -0.8166024906483109 0.3313343822441448
-0.7327825557328964 -0.8000917296466312 0.3550741970024456
-0.41458227838998596 -0.825844506856189 0.3869202434501995
-0.1732777579699487 -0.7978789575191101 0.4077651798210491
0.011720108561462439 -0.730092077514918 0.4205034076652874
-0.09070075119714005 -0.45055263538628765 0.39155223960498464
0.023387890136916667 -0.3302468282305746 0.3938682376823772
-1.4679807293602636 -0.8999999744554934 0.12211111182788503
0.13388098066803167 -0.20741022430381761 0.3956058322868694
-1.1687847748785813 -0.9064178565357004 0.15192869300464285
-0.0958688145669413 0.17264743205364752 0.34754684562305105
-0.8822426093743019 -0.9059372403856791 0.17995718116382253
-0.06269147391195418 0.3560102520291366 0.33770349616626394
-0.6163311328342687 -0.8926380356305721 0.20500400657275808
-0.36286510175239783 -0.8721258087815187 0.2282617389641155
-0.10571594803882789 -0.8559696744826546 0.25211599464038503
0.2631135791973094 -0.923546989260938 0.2926681339226116
0.6956884284458553 0.606385784562697 0.38981512183765066
0.5232485474199677 -0.9136441724865669 0.31711843604663503
0.8910735880584966 0.6619322145170763 0.40371206397632253
-1.624820864151033 -0.9527193159988805 -0.14523860817333567
0.6317294251374221 -0.7925005811485768 0.31890705222705495
-1.3945140374261555 -0.9093954288162394 -0.12470123176952708
0.8835296901950329 -0.7790644807818623 0.3421647846184124
-1.0793885264047276 -0.9275966717933137 -0.09109517937084544
1.0676534110221212 -0.7161502316322554 0.35528495902637136
-0.768911988241264 -0.944770588543598 -0.05811092262646067
1.1688292226306771 -0.591019185356437 0.35588148231128347
-0.49930655175644034 -0.9348042540740735 -0.031350821308101295
1.2664920113999472 -0.46323383734336687 0.35588148231128347
-0.23813545940898706 -0.9205618004259009 -0.0058347881354938735
1.317462169369044 -0.29936888912204296 0.34872463340381277
0.03869544403506353 -0.9195035175014077 0.02217033500293386
1.3808844344098716 -0.14466475335954243 0.3433578311882366
0.3110663108571856 -0.9170975151623715 0.04955318564990652
1.4293117301230254 0.022195062427979195 0.3356054126701702
0.5590785617510647 -0.8985432780331593 0.0732019245109905
1.47456256305248 0.1921352657792248 0.32725599403003347
0.8027816752268393 -0.8784076508589109 0.09622839088061941
-1.4926956116320937 -0.910753910510028 -0.5606147945441853
1.48170565808379 0.39300599654867696 0.3129437267265667
1.0818651925870455 -0.8864758149802334 0.12485626334766042
-1.1857295839424324 -0.9224474743949678 -0.5260030925788532
1.285283912999752 -0.8392427820578945 0.14165905112842214
-0.9398670274891501 -0.8928180236637431 -0.5013758838691365
1.4885830039407821 -0.7930964210166316 0.15846231574634206
-0.6781747507666225 -0.8761227025822294 -0.4740855396308552
1.601277631209257 -0.6785141507386143 0.16095140571216238
-0.4047900793620016 -0.8696293751453332 -0.44479867821117747
-0.9574181396628347 -0.47014079685050447 0.7845580875358928
1.741792029306616 -0.5856362694468125 0.16779735679248464
-0.11581111852203207 -0.8763701357876315 -0.4128501117744099
-0.7829597399834327 -0.3905413295310751 0.7946369945488323
1.8512043322761116 -0.4689977135815191 0.16966417426684988
0.1686624859466761 -0.8818634432299923 -0.38156625633617747
-0.5603114022507114 -0.3471072559309114 0.8110807239494671
1.910265623570119 -0.31296044663149303 0.1634409725151409
0.44466008783091837 -0.8831111472642483 -0.3516142070808064
-0.38181380589456637 -0.27238359282248936 0.8216898738823284
1.9388453516264832 -0.13237915860170446 0.15223863715747488
0.6883860663164896 -0.8622776069386724 -0.3269865215339314
-0.27904685138496177 -0.1421524896869677 0.8222201168022503
0.9873085456147237 -0.8844279271296251 -0.2930404842414509
-0.20367143161769263 0.008575254279513445 0.8190377056084026
1.2025730764175648 -0.8456009842785654 -0.27307245140453684
-0.17532556583136483 0.1950867157359646 0.8094895183525432
-1.4561058939160105 -0.5754183883407578 0.6628287136040081
1.5044340753001393 -0.8739577015908075 -0.2384607494392048
-1.1846040345833302 -0.5629363400506477 0.6860111057243694
1.6483066979658858 -0.7835114744201661 -0.23047372703930247
-0.9175250093564742 -0.5491013274844896 0.7086546718559612
1.7609853712692143 -0.6695103613631375 -0.22781106834789622
-0.642786153001687 -0.542630264167375 0.7323763668022503
1.8661965444572388 -0.5498736833908033 -0.2264797390021931
-0.3644673353943091 -0.5406741730807596 0.7566373645744671
-0.14260926648888983 -0.4990064854877545 0.7733505069694866
-0.056585675763223264 -0.3577521573111433 0.7717330753288616
0.03393657655071536 -0.2197328976462103 0.7706544696770061
0.10114716969586368 -0.06404798027875458 0.7663414775810589
-1.4347930329183 -0.784809544516861 0.5930202304802288
0.14918746508316616 0.10654599390222685 0.7593329250297893
-1.2122468977079919 -0.7372295649828366 0.6100018321953167
0.1545369560039589 0.3103623266662794 0.7463939487419475
-0.8888438377685333 -0.7632365108010468 0.6406796276054729
0.13328374404411392 0.5357346682961825 0.729680806346928
-0.6064024449298202 -0.7620698172571849 0.6658785640678753
-0.3324665828584017 -0.7566894551670273 0.6899817287407268
-0.15117958570480994 -0.6853373963560507 0.7014854251823772
0.066135823305153 -0.6414695783712823 0.7179196178398479
0.11575972449702476 -0.47425370071483997 0.7113459407768596
-1.5256151064306067 -0.688489604701477 0.4936287700615276
0.09449010814455505 -0.2534386608304189 0.6949117481193889
-1.2744706474194416 -0.6608144671524059 0.5147750675163616
0.16159024579708614 -0.09796215458082003 0.6905296146355022
0.074978764040047 0.17463472599101237 0.6647823154411663
0.06085726112675616 0.3938199648386238 0.648896008678471
-0.4384124488229517 -0.6476871193806417 0.5898993312797893
0.1855843871420646 0.5072638997424797 0.6521833240471233
-0.27281674489089625 -0.5642454746049097 0.5993597804985393
0.02478419713340685 -0.5790445681836154 0.6271837055168499
0.32181444691762096 -0.5955763534840379 0.6550076305351604
0.40753467690969103 -0.45589225012314927 0.6533377468071331
-1.6088865286242964 -0.8855671137857861 0.40515211219409597
-0.32710637220740324 0.3032934367643847 0.5364773570976604
-1.3498590145713862 -0.8626428382758711 0.42779281730273855
0.28785770208042294 0.045273314375805285 0.6088197528801311
-1.0992589649513036 -0.8354246540525878 0.4493010341606487
-0.25128263009010965 0.6656381035528582 0.5186703502617229
-0.8489464560073046 -0.8096183938416779 0.47080972785571706
0.2323775624680522 0.5039400250533923 0.5726487934074749
-0.49417203855401937 -0.8607875001963841 0.5070345699272503
0.29070967453724705 0.6685260368257744 0.5665271579704632
-0.2607969750429149 -0.8264809397447159 0.5262797176323284
-0.031659459307441296 -0.7905347844930759 0.5449583827934612
0.2372481660539023 -0.7853309494030363 0.5692971050224651
0.42994898035924933 -0.725380321419987 0.5828812419853557
-0.3519409465657475 0.0626922351650947 0.45779159659961355
-0.15677149941232216 0.1240227587883389 0.4713757335625042
-0.3889827566430242 0.5087452518473583 0.4238307773552288
0.29861010411109135 0.40197273557842905 0.49345043296435964
0.39189052893718923 0.5388811615026299 0.4923184215507854
