0.2815871615844401 -0.43226413070571823 0.42867205723817925
0.21200990324249958 -0.3231751286140252 0.4178936301141558
0.23134242579408415 -0.2266954481081882 0.4171736060052691
0.21170956678349206 -0.12432367471882344 0.41197703465517144
0.16533572621468728 -0.10591791046537935 0.834426146593648
0.20717814172370552 -0.024056274156279756 0.40845511540468316
0.24934008710977196 -0.019283559389975835 0.8399326620965777
0.15884208991791837 0.08332808225053157 0.3998901663690386
0.17959050776548224 0.17991938596895807 0.39916060551698784
0.22173130222342508 -0.2306319494002409 0.31676600560243706
0.2708569803086718 -0.13868424590023665 0.31952403172548394
0.2922363551100311 -0.12989344745962939 0.7975885687738238
0.1828395680256687 -0.025658106533668956 0.3061249075799761
0.28272573694354364 -0.029122810835232826 0.793840151873189
0.18358982385372968 0.07398828037822369 0.30310652836855034
0.20733522338639254 -0.3091254900478688 0.16810820683534722
0.12299003950551501 -0.28330990845427806 0.7358152686029253
0.22181062118597517 -0.21190468090715342 0.16682885273988823
0.13753566726651556 -0.18578301154836652 0.7345316229730425
0.241540562599031 -0.11548646031069154 0.1661512671380816
0.2360323404820015 -0.10109750213555202 0.7417862234979449
0.2517925526513629 -0.017623001415635997 0.16426632985170464
0.24629797638958983 -0.003195290010943097 0.7400014220147906
0.31631988048752113 0.0716076890418833 0.16901658162172417
0.26641460162454145 -0.3549993910514786 -0.07233120814268013
0.15662254531512687 -0.3276733717371485 0.6906325636773882
0.28564659729578423 -0.2587156220763589 -0.07296111002866645
0.15132910187473136 -0.2273498065544075 0.6873090086847125
0.40329088026545357 -0.177344444876411 -0.0606696786016645
0.22509339702225262 -0.13886667940374053 0.6921560583978472
0.4035390721216512 -0.07854376226465831 -0.06388260737363716
0.2548940984499488 -0.043986783314082345 0.6924078284173785
0.3992393149751283 0.02108481801643336 -0.06774403468076606
0.185014806787823 -0.2728397333008985 -0.4357316674322309
0.18714766574556307 -0.25717005685557837 0.6420309363275347
0.2388196639304514 -0.18143682117301552 -0.43136097804014106
0.21162531462620748 -0.1613515491394537 0.6417887030511675
0.6257029862878607 -0.1414899539956309 -0.3789236725897016
0.2511790285257671 -0.06792700538780139 0.6431052504449664
0.7386129920253648 -0.061125309026117236 -0.36604859248105903
0.2566519512384211 0.030703042211101206 0.6407830534845171
0.27229413094597277 0.1277567028555069 0.6394989310174761
0.640208658012769 -0.442704700723759 -0.8064258278936567
0.6591579168042774 -0.34774002050034625 -0.8069012345403852
0.23234999088571584 -0.25850904030671984 0.5970270453363238
0.6930863770174529 -0.25505408802927576 -0.8050267876714887
0.2273137971564907 -0.15839546798030568 0.5936348257928667
0.7273286126180647 -0.162554118600859 -0.803151863965434
0.2521317785308046 -0.06275575255369858 0.5934097586541949
0.6984449456745683 -0.06028455087411544 -0.8114659966558637
0.7187097078412155 0.034410671022683914 -0.8119456948370161
0.7344347449731305 0.12980998310656844 -0.8132097901434125
0.7553644295804833 0.22434391873382253 -0.8136913956731977
0.18110643197028153 -0.33513700824058645 0.5441987334161578
0.7766208300411943 0.3187819612030012 -0.8141730012029829
0.24958353807475753 -0.24580750420761177 0.5488226233392535
0.7933348286076463 0.413984741257849 -0.8154404343694868
0.23476633477381625 -0.1442647693472736 0.5443222342401324
0.23998088639225124 -0.04561133402499706 0.5419661818414507
0.25535680912479997 0.05150303731703332 0.5406830130487261
0.27107973284251763 0.14856206141882922 0.5393984137445269
0.1990137028279424 -0.4615277122061485 0.49500201329286675
0.22279481757652242 -0.3656824818324509 0.49481795414980034
0.22722113179532322 -0.2670665371511234 0.4924475966363726
0.2467495756159419 -0.17064683273862613 0.4917146979242144
0.22239309251214934 -0.06750884281672143 0.48606083973939995
0.1935057469396586 0.036627138672457704 0.4798557577997027
0.1551916803935356 0.1425969877930413 0.4725501356988726
0.5359785443255429 0.023301292755682823 -0.4770381630987348
0.36261086580868174 0.013772223191494959 -0.47199417963926216
0.19269293581902325 -0.004470352835653557 -0.4679587067693891
0.21431742306079649 -0.0905114021111828 0.20263932332094292
-0.008376029484637115 0.06713285215065667 -0.45433928385679145
-0.14991694901578967 0.44666624990156123 0.25732873066957573
-0.15181156999222445 -0.02494148705769561 -0.4583747567266645
-0.22362451569092912 0.1573217718622857 0.2356264410882769
-0.36655930051446717 0.0905312678317145 -0.4402158440679731
-0.39104055557078254 0.13659746086677416 0.23866484746034722
-0.5229231842385964 0.03731701983113567 -0.4402158440679731
-0.537674901691366 0.055156450361067755 0.23606083973939995
-0.6731641742530634 -0.034228731937631096 -0.4422333420843305
0.6860511992848206 0.11862527833157088 -0.5571100892156782
-0.8424538885086417 -0.048580018481530374 -0.43819786921445747
0.580564615181169 -0.07856187289161198 -0.572502392682475
0.4051598960504794 -0.08357244938470387 -0.5668585480779829
0.21331607534447805 -0.04102699752608174 -0.5560834588140668
0.08669562116127594 0.3165393612148151 0.14843915089662651
0.031831790287608186 -0.02585545746508444 -0.5483868302435102
-0.07875960176017394 0.2899411742913216 0.15110085591371636
-0.12656816985724006 -0.07576630087999092 -0.5478742302984418
-0.20509826815135135 0.15101006016836038 0.14311574086244683
-0.3012372969847519 -0.07805440943619857 -0.5422299088567915
-0.3628650024378697 0.10194417184184346 0.14355967625673394
-0.48530456694087043 -0.051407093400094084 -0.5335071267217817
-0.5112096246273516 0.025128515184121625 0.141341429796773
0.6321022816512905 0.1662767991321914 -0.634453076276225
-0.8117003906926961 -0.11868536446404931 -0.5294025124639692
0.5114695437114971 0.011364074017834014 -0.6454103173345747
0.3380943466159838 0.001907495280889293 -0.6401927651495161
0.17312940488295148 -0.030321627396943995 -0.6375835122198286
-0.08374878685465426 0.20101987428728307 0.0606071768670855
-0.20672408538163545 0.15243080480642135 0.7248506365686236
-0.1682489962547411 -0.060067083134910604 -0.628713387402934
-0.23810318460995994 0.14211475550762032 0.06015513524110894
-0.3386506354702128 0.027907687386182545 0.7191097556024371
-0.3556834439555132 -0.024565608700527264 -0.6187999428838911
-0.40716774638455 0.12614425417208253 0.06377289876039605
-0.5490441851687073 0.0305401864455348 -0.6067989052862348
-0.7071922744056849 -0.017322364310238925 -0.6062772454351606
0.7777746129672618 -0.04109688209504725 -0.7444784821600141
-0.8654925633649349 -0.06462326802563467 -0.6057555855840864
0.26178713614805993 -0.08457511367303994 -0.730156201276225
0.14017019897282346 0.2086542424779836 -0.02880312815610786
-0.004253880091058093 0.12077876221876238 -0.03203036204282661
-0.007961645879460022 0.10633316479987087 0.6416115580468951
-0.04910592567387262 -0.2042376030088846 -0.731217163953227
-0.1947659192679918 0.16508875072604212 -0.022349614056986766
-0.16917094820172984 0.06599477661709585 0.6427833853631792
-0.25814152944613866 -0.10807521389023833 -0.7142427147955122
-0.3363399871307706 0.06888029596674983 -0.026498574170512157
-0.32885269370063774 0.02152307078669935 0.643564444628316
-0.7689849568584446 -0.14922749613721464 -0.700981396588725
0.5243850026836245 -0.2029316475917753 -0.8359644593328657
0.351994090954852 -0.21711316794817037 -0.8311126412481489
0.17804612963317545 -0.2259441221811045 -0.8257210435003461
0.022488854763670574 0.19112544742196036 -0.11000754252378364
-0.14824672896553004 0.17886377089722316 -0.10578038111631294
-0.12401708235970865 0.08402472784361237 0.5514464198022662
-0.30430576803644627 0.1248858029648332 -0.10578038111631294
-0.3014690140350442 0.09123514369868246 0.556648236361104
-0.45894689017273116 0.06673614606489053 -0.10625006571714302
-0.4417924519112493 -0.009394006294712653 0.5526468573480425
-0.5163772401099074 -0.25464305826088207 -0.8041560830206098
-0.6974712910274583 -0.2365759984713165 -0.7960689248174848
0.5969015325403202 0.03489315919866698 -0.22606589213315864
0.415080999874176 0.04857444878771133 -0.21889044657651802
0.1702083795564544 0.24117163267557373 -0.19353749171201606
0.011063369228358155 0.19547717370640072 -0.1925804795355024
0.004145572381364815 0.21515350383721454 0.47491262539919
-0.08773579615338534 -0.023595373199405856 -0.20932318583433052
-0.1534219947236508 0.16534796434581267 0.47532151326234917
-0.19746200557438165 -0.1890471044807711 -0.8926360787481489
-0.2998092782098407 0.08311776897017609 0.4728686629205523
-0.40600511333014744 -0.09228159578714923 -0.8751061143011274
-0.5867632101647633 -0.07469369016192928 -0.8668887795538129
-0.7405689117223826 -0.1365684786030883 -0.8679845513433637
0.394594127988535 0.028687591708767002 -0.3038757027715864
-0.907030003192002 -0.16015167015027743 -0.8646977128118696
0.2529831879677573 -0.06938726707464582 -0.3082587899297895
0.056504872267405304 -0.012074473214738646 -0.2965700806707563
-0.1034846103640703 -0.05736681005507904 -0.2955959023565473
-0.23564794547109535 0.32343289353772064 0.40700195416505913
-0.2619858306166343 -0.10679101968025151 -0.2951090516180219
-0.3297466850243911 0.09067601784338564 0.39113615140016655
-0.6188147412334342 0.45395562820262114 -0.893349903973979
-0.47810497254575424 0.013740506382120543 0.3890485583215533
-0.7960404910202286 0.46756906703272705 -0.8855593384832563
0.6229454696661225 0.03009186359489746 -0.39536072627012153
0.4528816091747938 0.010871797390571203 -0.39139487162534614
0.271194703765536 0.0251053351082291 -0.3839585961431684
0.06006254521756915 0.1245252096990157 -0.3675997437566938
-0.04151648142376807 0.38819719971339595 0.3239419279962359
-0.06510028321025274 -0.019450633224565195 -0.3770187081426801
-0.1624536466461599 0.23503899734523515 0.31499169453676323
-0.24938596475696428 0.006252224842711485 -0.3685910882085981
-0.29886396121536585 0.12458090347396222 0.3098766623407183
-0.44292389896077466 0.06095291350505505 -0.3571894349188032
-0.6151516833786879 0.02895233234163186 -0.35471083537046333
