0.06118349506950366 0.09022023514495725 -0.05071551647670525
-0.12943886108739583 -0.047531281079796095 -0.058942864804341966
0.1218190059248469 0.1079984294434011 -0.1545768484164025
0.15168816469006102 -0.053403195841040585 0.6743482843350623
-0.05981231816496679 -0.022455468328726802 -0.16248996105678337
-0.06346115050606116 -0.05849956472003548 0.6742843881558631
0.08930830321559297 0.02905684186146562 -0.26462561932094353
0.08610918192624534 -0.008370435673647592 0.5720190301846717
-0.09519415536087733 -0.09164143395439872 -0.2720056280184533
-0.11367227154771736 -0.07119654815376997 0.568829466433451
0.11974165720557833 -0.001997627628789189 -0.3719182714510705
0.07091553115637556 0.09154734960482092 0.4729007974576209
-0.05345716885373136 -0.1662070402352711 -0.3825398191500451
-0.08550491713044261 -0.13541702116804988 0.46028845462314827
0.014926745555166099 -0.21807710445870931 -0.49190862026698845
-0.10183978787477482 0.13467020111750827 0.3711513772916053
-0.21082845001180586 -0.22528121491180197 -0.49114758816249626
-0.2624329144940831 -0.11856486740245042 0.35666458758823616
0.053910029490025546 -0.07627627310630913 -0.5870729192782189
0.16459037479543576 0.1493777597224808 0.2667531267117713
-0.018073571391784893 0.02355559857354983 0.25969259891025764
-0.3638540032117721 -0.1332667729738226 -0.588737557797506
0.02211805926679178 -0.11788575678802005 -0.6951862081576134
-0.04828609278912954 0.058219220300683716 0.15714352282993538
-0.19567946102560713 -0.11285594845729108 -0.6933699354220177
-0.24033548033296323 -0.03310045567573461 0.15207188281528694
-0.4120131802787323 -0.11184816255365959 -0.691917489438131
0.43882340860694763 -0.09154035187341858 -0.8015094503451134
0.3854759261354193 0.05645171603134003 0.05064957293979866
0.22845159022525457 -0.11697422259410395 -0.8018899663973595
0.15631265355821816 0.10351474374370095 0.05452816638462288
0.013005756813135982 -0.12235846779483683 -0.8007403120089318
-0.20103261311034346 -0.13177732386879093 -0.7999635442782189
