0.5177807887953563 0.1653413742192562 -0.6460626387282655
0.25095605688798983 0.11642002738811907 -0.658554818598871
-0.1621463726883654 -0.24891611367490274 -0.6925261282607362
-0.4083399605129454 -0.2451815469220806 -0.7016842627211854
-0.33417763317283367 -0.02447923290590115 0.2125375008896544
-0.5914805361204643 -0.1047833069468389 -0.7016361021682069
-0.4890368672009249 0.1744605248708524 0.21498701337134385
-0.8654525380463092 -0.15794233778633338 -0.7147977614089296
-0.13894967902480104 0.18254563746386854 0.11457273724829697
-0.398658146285678 0.15451579737853915 0.10492918256079697
0.31661727374827286 0.23776652244738994 0.020043585331793068
-0.19305251164342252 0.1970819423082295 0.0013310647324278335
-0.4760462126905889 0.11951641714530403 -0.011352326838617088
0.3173261543455652 0.21071557706486832 -0.09269216295922256
-0.21762270401467276 0.11563922626574552 -0.11500146624291396
0.12476201814355292 0.18979242934288632 -0.2119939589186952
-0.3815431617710807 0.15981067996600906 -0.2310502791091249
-0.40945773386332895 0.1598321626422603 0.6657759881333067
-0.6638100908487825 0.03289485197623776 -0.24655750033104873
-0.6026767303869072 0.222791502223739 0.6620585656479552
0.3797390812990358 0.07488972820981754 -0.32004859682763076
0.13102413321742823 0.06735486726560858 -0.32921579119408584
-0.18483188812040474 -0.08427221805399387 -0.3473708891555116
-0.17821219396480892 -0.0360479767499271 0.5541360116318419
-0.4116679323914578 -0.039698935367446175 -0.353472974269037
-0.36703287859935685 0.08997886241857334 0.5526029801682188
-0.7232452835757996 -0.1750756430323257 -0.3708217405959413
0.46339777309811225 0.31245493821695547 -0.4177139067336366
0.20098522811332842 0.2728693948385468 -0.42908504244530654
-0.07872833251452249 0.19814550249878415 -0.4427826666518495
-0.38032987001713536 0.07938701704114326 -0.45939185854638076
-0.6385638072695343 0.056958670810328904 -0.46993472811425185
-0.5835270563655133 0.20757756080200007 0.4376933312729552
-0.9165151207413107 -0.005008750275983687 -0.4830987715407655
0.6387282748178027 0.15837320757143658 -0.5302689337416933
0.4028462065224492 0.14977511201408333 -0.5393598341628358
0.2126843181631486 -0.20949174596225983 0.3354336953476622
-0.029927369362463097 -0.2619932082367544 -0.5754120611830995
-0.2507143588913685 -0.17702644847001903 -0.5794761442824647
-0.15112249788915122 0.09978116306869111 0.33519432309424424
-0.46315584358058715 -0.10051552315580725 -0.5836875700637147
-0.364732193238396 0.17137008739661663 0.33104774716650986
-0.7707517064590323 -0.22658173417973781 -0.6013324522658632
0.438608266331892 0.2120399186741233 -0.5139568113967226
0.40302635892265215 0.16725716145176062 -0.5098126196547792
-0.787446585895573 0.12747061542705307 0.47885844472205186
0.10823735192693107 0.17936675261644908 -0.4310643934890077
-0.8057834087812008 0.07896327229380518 0.4776861405686095
0.08134497583779776 0.13187729630526945 -0.42968251940453506
-0.8112346590112427 0.024020568108274354 0.47299692395483994
0.05429543763982991 0.08449656886865853 -0.4283015989943788
-0.7951790755343993 -0.04184456712382456 0.4624459481552794
-0.09923195351635172 0.0960764359790307 -0.3868553900405214
-0.7837593192482419 -0.10571076539573276 0.45306751492774033
-0.3568746787710815 0.1577166790782698 -0.31225183245385146
-0.47064179645342463 0.1531048527213974 -0.2832391524001405
-0.49758679207384127 0.10771232818411214 -0.2818582319899843
-0.5750124960238523 -0.02992740063639676 -0.27909496065819717
-0.5982609220682402 -0.07702958818744587 -0.27909496065819717
-0.6173766160267533 -0.12620033390467622 -0.2804763579055116
-0.6452514105605314 -0.1709888059542184 -0.27909496065819717
