0.11440289247006064 -0.534119507708219 0.5837547003937109
0.14697350374780171 -0.12160179052952103 0.5825897872162207
0.23622008098178782 -0.09134637885218488 0.38322893974307615
0.2505342594442155 0.3179861934437316 0.3814994513702734
0.20676080362383686 0.7198875715694495 0.3775788962555273
0.2588885253116828 -0.04919949420714076 0.1814700782013281
0.5559849910890691 0.3948951312569786 0.1908370673370703
-0.7167599023525852 -0.8196667883935991 -0.47213109138485354
0.06540439824861721 -0.7978377517587987 -0.39545996788021487
-0.9949523737015724 -0.5344326958525709 0.32634369728091794
0.9195451718392107 -0.7988737294128718 -0.3112228691863672
-0.2453438475507852 -0.5063517387209746 0.3892795264435156
1.5507822044751123 -0.7510583408597213 -0.2501891434478418
0.22805974470060875 -0.4154872485717842 0.4274751364899023
1.6652530489230628 -0.5785733061496714 -0.24312718513485354
0.21815460394179098 -0.20703019095050124 0.4222666442108496
1.8670653016662442 -0.4287149990403485 -0.22698624732967776
0.24282365875330214 -0.006913241600992492 0.42009608146670896
2.001818152838837 -0.2627652455422762 -0.21790679100033206
0.21996569879186723 0.20561871930101994 0.4135858237457617
2.0167233363798616 -0.06620117548244586 -0.221437293319668
0.19792486991815395 0.41847474506692706 0.4070750891876562
-1.5022928503028155 -0.6446481773595636 0.17169777748111326
-0.7283180138475771 -0.6178486126462932 0.23823801872256833
0.8401611482716405 -0.788704657029875 -0.418975192337002
0.059668434445072194 -0.599795402121126 0.30610911247256833
1.587276125925392 -0.7689692690264227 -0.3445761978912012
0.1361227295648888 -0.4123695529907039 0.3087708174896582
1.7837120062959997 -0.6170639318847186 -0.32867034080501956
0.20837844304598008 -0.2241065882787474 0.3109890639496191
1.9371510480580056 -0.45537880137515074 -0.3173826515960352
0.13159858869654073 0.0017016729532972619 0.29945532676700193
2.0236283413576075 -0.2772755678232883 -0.3132775605010645
0.16667037014405395 0.19971972911331548 0.298124474258457
1.9807338653249218 -0.06574547207883441 -0.32302649620052737
0.2024437180884462 0.3976645491077697 0.2967936217499121
-1.7632954635706994 -0.7518505285303156 0.04729668495181638
-1.0668759733672886 -0.7038225564789773 0.10790411827090818
0.21851941751562265 -0.8013929727248836 -0.5818079293059961
-0.28850086677736186 -0.6801738198653311 0.17620055076602537
1.0384264122792501 -0.7950998343502427 -0.4983242333221094
0.465145136240956 -0.6559190130837038 0.24223534461978513
1.717670835317918 -0.7598521521241093 -0.42997105720516604
0.5752394708756299 -0.4782688412770302 0.24811570045474607
1.938211989318674 -0.614535227953418 -0.41118748786922854
-1.0289677488413744 0.12780454855206713 0.09343068000796872
2.06752237204082 -0.44733533993908736 -0.402317363052334
-0.9403708299956577 0.31635571930261186 0.09704892036441404
2.1203027948182083 -0.26103327953610034 -0.4017952263641016
2.1737195750272065 -0.07492840593213046 -0.40127404335018557
0.19259379986108627 0.4428165564789044 0.19384018775943357
-0.08363025493594733 0.7236585951463645 0.163084191055332
-1.0763902042675397 -0.7633433386014126 0.005516213150058569
0.3266447160333996 -0.8875591039893447 0.13459174034122068
0.49406184404592324 -0.7231753567685573 0.146116417617832
0.62327331434971 -0.5503015727896496 0.15395323631290037
1.8475923213008585 -0.6708063253663745 -0.5170715630340235
-0.9813600657334973 0.053810715073705495 -0.003703433303798853
1.9960129366734378 -0.5080420182088847 -0.5059316933440821
-0.810959811094115 0.22149133925182696 0.007821243972812475
2.0967356633151653 -0.33381368091830765 -0.5000971138763086
2.1739620215197704 -0.15387515803327823 -0.49691422584530276
0.5527313222963883 0.287996230803774 0.128599327774082
-0.24877626218187032 0.7057215226393811 0.04700486061099607
-1.8273700742300178 -0.6499593674088988 -0.1687329590606348
0.5294301188758084 0.7069502200216409 0.11661354896548826
-1.0825738489491528 -0.6140376084604515 -0.10109980705257815
0.40845683799574317 0.9468116753295881 0.1000181853485449
-0.16401036374416833 -0.6250654270099627 -0.016558963088955103
0.5410008501931571 -0.5903705166789575 0.04731671211246091
0.8445450730306803 -0.46098674621925717 0.07220951911929685
0.9697012529035121 -0.28861422940945225 0.0797244727325781
0.825298637994905 -0.047964784202317645 0.060937088699374975
0.7709766810327352 0.16052651384949002 0.05107418891910154
2.1127372934811888 0.0033218383371096394 -0.6054404557037012
0.7681094659172771 0.3665029046891952 0.04590765830997068
0.8381608922846411 0.5534537621823006 0.04778639671329099
-0.7947954644824051 -0.8896417459008479 -0.1710389435577051
0.7790830845241103 0.7751422825220491 0.036983650894199194
-0.0073760504725797205 -0.8676212121231242 -0.09785016181942385
0.6778787582484611 -0.8264872059802695 -0.034706431655849634
1.106483211947726 -0.7273902256926448 0.003084343643222631
1.1921195851670774 -0.5460692361900268 0.006910961837802709
1.2349077170917582 -0.35424994626304773 0.006432694168124975
1.2639126733841763 -0.15887009371485483 0.004519146652255834
1.2695264826257855 0.04271050277241173 0.00021426078799802184
1.2229263466578644 0.25834042024228054 -0.009353476791347681
-0.7411427553469281 -0.6614337686116247 -0.27340396049496096
1.018469362248723 0.5167816901243665 -0.034706431655849634
0.23490828798548335 -0.6880338043758201 -0.1798904717254297
0.8862214121850087 -0.6420031011666012 -0.11900981071468753
1.3826346809445837 -0.5619474081331202 -0.07371457221981448
1.5653034778463564 -0.40608494119478067 -0.0600770294952051
1.6134106163883644 -0.21678591684230675 -0.0600770294952051
1.6332771821965437 -0.020152182621364645 -0.06299956443783206
1.6442394147871298 0.17904529363505262 -0.06689580085750979
1.6222673863624948 0.387334623726586 -0.07420142295833987
-0.8738089046092483 -0.9003172767059358 -0.38322146537777346
0.10709457037749814 -0.9233427359248871 -0.28754552009579104
-1.179497809369721 -0.6087936459911862 0.4048301398468359
0.8645865371510411 -0.8996397455735057 -0.21467288139339846
-0.5265780943723328 -0.5553499388208554 0.45810715553287107
1.4475367210869337 -0.8386559937002129 -0.15964682701107424
-0.25633926460516676 -0.41304832597286456 0.47771326896670896
1.701814926405369 -0.7003216296283892 -0.13833029869076174
-0.18406820014581626 -0.22337617364464002 0.4798442542267187
1.816449550017552 -0.5284620970445335 -0.13138993385311526
-0.18362821643936655 -0.015833184948766288 0.4755822837066992
1.840016149982425 -0.33389653743365244 -0.1338690102386133
1.8546573021302208 -0.1368399518672767 -0.13733895423885745
1.7737654328999142 0.0855273460822108 -0.15072329643246096
