-0.5735459361141437 0.00045106377213244286 -0.653248590660743
0.047467183940923974 -0.27020715186056066 -0.7075922910696786
-0.35838355004267797 -0.18160058617816333 -0.8059328023917001
-0.11371196446576803 -0.20280918669799775 0.24127598361904212
-0.7631857398371267 0.25096050880065945 0.15900965290004798
-0.7541392831761513 -0.012437076230668254 0.15654535846645423
-0.2573880509663624 -0.2705332839588337 0.11799355106288978
-0.6888323725338132 0.2789549028270244 0.02123327808315345
-0.8790759504158352 0.012353882016327589 0.03383369998867103
-0.05358975289053092 -0.21482227378056962 -0.030249399376563346
-0.7109772485450812 0.09423024203335473 -0.11079101009433678
-0.8420497059153966 -0.1710840355091392 -0.10246781749790124
-0.8422728242910154 0.1714132596117679 -0.23236636562412194
-0.8434786359470543 -0.09185705326628835 -0.23406247539585046
0.0995474022465821 0.13433793420627893 -0.44118670864170006
0.09322022898015447 -0.13228857281234951 -0.44249467296665124
0.09094257258987426 -0.39880586437897136 -0.4441955511099618
0.024348135898936363 0.38642152877992686 -0.5673125211722176
-0.5440688943376806 0.11096238585187024 -0.5220954839712899
0.4885518920769485 0.19829864329244629 0.03258867816860267
0.34457082827106333 0.16751696347647993 0.040617185401268685
0.12873248560808648 0.255330001041024 0.07112570362026283
0.015882795997228527 0.17530298597948502 0.0695197160714347
-0.056659968069034505 0.027936210289482233 0.055068689154930794
-0.38990947154687206 0.31749913031368493 0.12331123905117103
-0.5528042491623033 0.32423080158067563 0.13776274280483314
0.8104260733305004 -0.08398701183333657 -0.8276098196036141
-0.6705141038893565 0.2550280978438195 0.13776274280483314
0.7507881152617379 -0.25416497751359657 -0.8482516233450692
-0.7116128623042428 0.053946213796400855 0.11287375049526283
0.36093296956718746 0.11229713481200321 -0.7540195409781258
-0.8031609762453122 -0.061734641932289946 0.10404272632534095
0.14016206805775155 0.2079644411735373 -0.7181213323599618
0.07036387650961728 0.05634621160147191 -0.7351730291373055
-0.0786264381285271 0.035600582596401864 -0.724403661919288
-0.21243125931394147 -0.009884626352395287 -0.7190192167288583
-0.36379755093022936 -0.02519346355353491 -0.7073519651419442
-0.41068655509920404 -0.21817229271000116 -0.7333777372366708
-0.6735117025097246 -0.04113207598647506 -0.6813266698843758
