0.05122782893234046 -0.217659129852116 0.2530593107479593
0.0052704930710802955 0.006194240074179902 0.2500237653988382
-0.17404442885670335 0.23045601652555092 0.23199312193570343
0.17334734151168618 -0.22596984274147758 0.15360729201016632
0.0727263484734948 -0.0027056328775998395 0.14427844984708038
-0.02711193804137224 0.22124763868129094 0.13496486647305694
0.10159496834701542 -0.17955862666899947 0.03268615706143585
0.03594215629580333 0.11686416257093413 0.5135416219967386
-0.8151437904100334 -0.30160432408566606 0.29692165358243194
-0.4608544746042327 -0.1063742215419623 0.3096384237545511
0.17480880337049598 -0.14487693432938187 0.34965841276822296
0.2666627285270806 0.2197635676730414 0.3388122747677347
-0.7799067035771543 -0.23493488884613356 0.11128990156827179
-0.29724538285449853 -0.13483272965742543 0.13654987318692413
0.4008994114011273 -0.1982540889989508 0.18247692091641632
-0.6874484055508958 -0.3243321059590656 -0.04509075181307587
-0.18906923803484688 -0.23634304004339413 -0.0177517701846579
0.3568547888490059 -0.18681506575265416 0.014274520708896787
-0.08697443923340131 0.008322325815136367 -0.2253475953799704
0.30756306024848357 0.17029402809612293 -0.20774181382479462
0.885225236173099 0.19215569995541415 -0.1717301179629782
0.10153813433917946 -0.13054403499523204 -0.3903752137881735
0.6431485421975509 -0.07977223857315607 -0.3572598268252829
