0.05833240398123296 0.2596453236127303 0.3848411779568277
-0.007964615571167677 0.15900582200993796 -0.0931265611483969
0.054309932562586205 0.14810267721880876 0.38407251645780427
0.022447613691312096 0.04788934596849259 -0.09760024736665862
0.05487271320320852 0.03661259297093267 0.38283560086942536
0.10220088590988174 -0.06337422176796537 -0.10748031328462737
0.12476255795227553 -0.07482324640587024 0.37507936765409333
0.018838229947861773 0.2764419357104586 -0.2075073976352133
0.00843817443812167 0.26425552598099955 0.33342478086210114
0.019827604821028633 0.16509243991690425 -0.20873954485201018
0.054216014493050135 0.1532887225194841 0.3279287557766519
0.025399476789977893 0.05376867334300783 -0.21053197572969573
0.0498197389088042 0.041776320240124676 0.3271658163235269
0.05328617633434485 0.2420826219418899 0.2727029066250406
0.32908958688276124 0.14619308207158355 -0.4144189615085043
0.04920336666678837 0.13055972842717978 0.27195093442655427
0.1706590517506439 0.03309262344964736 -0.3970015306308188
0.05467855724290471 0.01911302090088185 0.2702309827969156
0.22210836734471995 0.27170858806492504 0.6519720297024332
0.03365054080234531 0.17461986608898883 0.21770498563505036
0.09355111022364149 0.15855357329668607 0.6616933088467203
0.05421083058406584 0.06331095787700036 0.214504454629191
0.047918480221554205 0.20221494517790006 0.16031954099393708
0.04368465134812727 0.0907265380035227 0.15958425809598786
0.07443368516671445 0.07989573774371195 0.6063158254788004
0.044037931337558955 -0.02071763239908364 0.15834638883329255
0.011458087718350995 0.30724394793263343 0.10881874372220857
0.14759323910557232 0.2980039422622056 0.5459367971584879
0.05734264800226452 0.19633940000742456 0.10301229764676911
0.059021451939436975 0.18535597354262734 0.5526005964443765
0.03816063951856963 0.08472625162769276 0.10381052304960114
0.071694833981363 0.17935561979775372 0.045021746651896066
0.09908497452076004 0.16858496477976104 0.4926449995205484
0.03753244637575914 0.06762103616883763 0.04740593244291169
0.06984489234510294 0.056778855610879475 0.4940931539700113
0.07262525853125279 -0.0437292464076009 0.042545054452189035
0.08503603907623303 -0.05474346232517746 0.49150965024686677
0.07892297747059596 0.3129830413928829 -0.016413475973836356
0.04291856915962722 0.3070399899074445 0.44293663312650544
0.035239899768748195 0.2065536352589845 -0.012846257193318777
0.06390919751498725 0.20134867352443564 0.4399411420986734
0.026045505034059335 0.09508102714274713 -0.013026978476277762
0.05968430549231307 0.08978884776340124 0.4391619901821695
0.2343535056039423 -0.02123851449801606 0.42194006253934724
-0.15287063174295934 -0.2569239294087424 -0.7223131913974203
-0.17313246147974048 0.1034100746970168 0.02521774579740388
0.04181423790055705 -0.24943328770415008 0.051886294381388254
0.22949668101749765 -0.10005080798306665 0.04165766050077302
-0.02723324130005711 -0.21530967980756088 -0.04881169985078948
0.1686897979373314 -0.23004010077023906 -0.046941544516316824
0.024203048872353694 -0.2448593195613853 -0.14429547975801604
0.22025069605453185 -0.26474097469129987 -0.1419990320041098
0.017762136756837688 -0.2869135148318236 -0.22916867922090667
0.010068791204500549 -0.14240185602908184 0.5338983278439127
0.20945655316302103 -0.22213473759938296 -0.23346450517915862
0.15409134157770277 -0.2633633488659868 -0.3381631631686606
0.14765328622386864 -0.13662752239726927 0.4360463361904703
0.3497682055883784 -0.2787219850988336 -0.33616235445284026
-0.23931266001745177 -0.18785722840024732 -0.4440448541476645
0.09446410215344825 -0.22086553980753365 0.34361550618863923
-0.045358190078667704 -0.16202098242707308 -0.4452712793185629
0.28453372887316286 -0.11645021261796273 0.3371705751583658
0.1487359477804402 -0.13685798978356445 -0.44649770448946136
-0.014355340896405444 -0.17349608197727662 -0.5423443574740805
0.13225492935078487 -0.17576090316718762 0.24275944043851716
0.17595143298155547 -0.07379613307854527 -0.54985978792452
0.3239728604341736 -0.10137741891789176 0.23823663999296052
-0.2545375146746678 -0.22522149283329185 -0.6372554559543051
-0.2547021422360709 -0.05399554762419001 0.13460895826078279
-0.05936008091784162 -0.22421057491202845 -0.6364028711154379
-0.05241698653412907 -0.17251133582873734 0.14388105680204255
0.12153536201475523 0.05474190641749033 -0.6594188470675864
0.14443194712495755 -0.20209865060672172 0.14673397351957185
