0.1193629380180341 0.2835083750503742 0.6661093954193014
0.051035471909300245 0.22599286444703637 0.6737278226959127
-0.01744501683508659 0.16890452959387403 0.6813481573211568
-0.028240644628219957 0.09910197934668474 0.6797927145110982
0.298839773700756 0.3873486729226556 0.24102909604185996
0.15383326016542265 0.34521834599835444 0.2634237531768697
0.05211947357044622 0.2946744782114479 0.2780955556976217
-0.06506866803863609 0.17621139032285527 0.2919858221160787
-0.09508961934645477 0.11096510533997161 0.29377586880797324
-0.24134827736696307 0.06907537914192119 0.31616003552550254
-0.2389429688272635 -0.006733405134291104 0.3118942503082174
-0.2152004545503785 -0.07699473085261843 0.3043025259124654
-0.19337414507768536 -0.1542603165514862 0.2966273550140279
0.16921805099250964 0.22379904953650964 -0.25932424029236856
0.10587493095291434 0.16512051417362983 -0.2503244157684428
0.08064229376398302 0.09818356875119605 -0.24915950259095254
0.05518191680068396 0.03137047395522785 -0.24799601992493692
0.06293860158943909 -0.04311658546416908 -0.25369374712830606
-0.6565582661584592 -0.269085801206586 -0.4091426607025248
-0.45895571796852286 -0.22332888050733857 -0.4121810670745951
-0.2593452259110198 -0.21308971661637344 -0.4121810670745951
-0.2513838916767326 -0.3739837791034546 0.39370615521544394
-0.06405010026063929 -0.10900326652546966 -0.42042796572571817
-0.05940280508955009 -0.21004687165613234 0.3823812727081197
0.1361698414492385 -0.10512173780106338 -0.4199935670745951
0.3354104707576502 -0.07704518969982388 -0.4217297311676127
0.5339362958337639 -0.02478462631928835 -0.4256359811676127
-0.8769662672873637 -0.24666407689645098 -0.5229193445098979
-0.6771545837886337 -0.23993454721504293 -0.522475885952769
-0.535900270047279 -0.07652111436901521 0.270182919894399
-0.4797225883478524 -0.18914601179821489 -0.5260249849212748
-0.32466739374875164 -0.2851125211535219 0.2866400007354635
-0.2787533751014757 -0.2037049365461101 -0.5238067384613139
-0.12151327216761132 -0.35502479371558593 0.2926243070709127
-0.07792440219063934 -0.21896854564241863 -0.5215884920013529
0.07850283412336845 -0.36588724808876094 0.2941206220733541
0.11594199855690768 -0.07571464423220675 -0.5335661645782572
0.31802191099697996 -0.11724339907133441 -0.5291301484954936
-0.8375410119792388 -0.21830572996224618 -0.6259514566314799
-0.6370724498151814 -0.2216628818568651 -0.6245943780792338
-0.4682048563702077 -0.38496303287919176 0.19339973965758261
-0.4377182194529352 -0.20582798980586148 -0.6250468965423686
-0.27188957002484626 -0.31992226091979603 0.18918974438780722
-0.23169384606996424 -0.3249762869526549 -0.6132871385467631
-0.07285092112419411 -0.30535196324046154 0.18880684414977011
-0.03788844130343971 -0.19614552199995217 -0.6241423364532572
0.13137780529242393 -0.4110126546851589 0.197609734927358
0.1622327043878946 -0.19732558123916988 -0.6232372995269877
0.33013257318281974 -0.3978534547511643 0.1972268346893209
0.3623124794899959 -0.19919856619106469 -0.6223332162750346
-0.6996212445902059 -0.15955809848814084 -0.7313939805877787
-0.4965860150394663 -0.2081330860556747 -0.7258621927154643
-0.475651054176915 -0.41226120951795053 0.10533459225768027
-0.2974208008877408 -0.18781519089404952 -0.7267843957794291
-0.2816814346780019 -0.3023909318023499 0.09752352276915488
-0.09838688013091446 -0.16322459567336978 -0.7281672235382182
-0.0844310661319283 -0.24795870684560128 0.09400827923888144
0.12173045505420488 -0.39340784100636483 0.10611565152281699
0.30068483562061354 -0.13103201464669922 -0.7295500512970072
0.31936304038977203 -0.3503232028689922 0.10338146725768027
0.4986324807739777 -0.06871750425283096 -0.7346207376373393
-0.5570733631392608 -0.180881201020199 -0.8295146699798686
-0.3542599857506472 -0.22994987863381056 -0.8238789316070658
-0.34072177934519843 -0.2991176462917835 -0.013359713162241604
-0.15846977773774373 -0.14052590795676423 -0.8313934083831889
-0.14161480967937345 -0.2843071896736902 -0.013759779537974026
0.05000684165738045 -0.32528235650328696 -0.813076185787974
0.04988174273522228 -0.09592795115585773 -0.02816455325013223
0.43741910745299073 -0.010585537327692407 -0.8412563081634623
0.6365897404202181 0.03135539052121317 -0.8445441003692729
-0.5409629083173013 -0.27291188644517206 -0.11676232775574746
-0.34101569667016296 -0.27234018421500394 -0.1159445520294291
-0.012971389130068456 -0.011805582083091792 0.670151067172231
-0.15057358487438544 -0.07336173703099291 -0.13147990664368692
-0.31112057762111034 -0.2492301219191475 -0.21821944674378457
-0.16847914240755824 -0.09591292711457555 0.5748239282714742
-0.11628359697678903 -0.1399672864718724 -0.2265698190582377
0.03312137506914281 -0.12156867257756687 0.5772593740569967
0.08058217566285641 -0.06123877175564729 -0.2324148889434916
0.2801520185050501 -0.037941978555338096 -0.2336675401580912
0.47985794373123847 -0.015342027540960146 -0.23492019137269082
-0.36102298693828905 -0.2304059720059186 -0.32058398684388223
-0.355278650837481 -0.14728628524324705 0.4772566084014791
-0.1640635274125053 -0.1657651657105248 -0.32527224978333535
-0.15255176888626254 -0.1971863820368327 0.48153622189635215
0.032427986109162976 -0.08190320121814665 -0.33166568240052285
0.23171566778025143 -0.05346892256638114 -0.33337085207825723
