-0.057895972705438226 0.277569157759352 0.2031788890832189
-0.6670873343564665 0.8011854884102902 0.17419291191036734
0.7071361295108431 -0.41226019058541397 0.1354270046227697
1.3231452530699386 -0.07799947068168578 0.17524767570431266
1.4503922263425721 0.3470726285704657 0.178534991072965
1.6584186725379908 -0.2974612936204153 -0.01887368507449594
1.9856495578079318 0.08786320206307252 -0.00017213172976937585
1.9158338866133704 -0.23318885139838486 -0.22168015785281625
2.1355239429960164 0.171847354962118 -0.21096371955935922
1.9759377194334036 -0.2658511596047788 -0.41542290992801156
1.837205036543125 0.07490702145899064 -0.6744704181677577
0.003014833820856211 -0.07025584758706316 0.5283131664269689
0.08623110723934246 0.3679463601982853 0.5283131664269689
0.04859707124890633 0.8297619658253801 0.5196147029870275
