-0.1643921275942617 -0.25645965990993247 -0.6592373246398813
0.02969898645184088 -0.245285628287359 -0.6667479867187387
-0.027540960822669547 -0.1934925423140088 -0.19861310665282073
0.23472918275565036 0.03719046354814015 0.5272088652404898
-0.18378718719817044 -0.08127708459670302 -0.29984134380492034
-0.15714377337042862 0.0065411242841495465 0.44621902759400545
0.04787993692307424 0.06151450572831507 0.43562847431031404
0.043962202121420546 -0.052606944925635446 -0.40444320385130705
0.0847446125713276 0.0947105354594564 0.3369765883239859
0.23460151688503572 -0.08864608988768019 0.34961468036500154
-0.20759698144784977 -0.0616540057905155 -0.490253865167225
-0.04861723392250639 -0.20521081185506063 -0.47980445568236174
0.22856441343373746 0.25959034581096585 0.528641284063732
-0.060935566689984455 -0.11154290292293556 0.03110414798585115
-0.1567649107031599 0.20113764218143437 -0.6207846993652231
0.04595112238305887 0.0211739523859773 -0.6577162141052133
-0.02522774243072945 -0.11813685719601441 -0.6496872300353891
