0.03423396168437165 0.2895408486303914 0.37246334609895015
-0.6584245749817512 -0.7511284701814116 0.20721066055207515
-0.1850982936911052 -0.6843756584114473 0.25990164337067867
0.48782951906396477 -0.6606734786811153 0.33633244094758297
0.23081281304592238 -0.4526616176144671 0.3021699195852783
-0.2927574717853503 -0.18741813489042158 0.23616135177521969
-1.1357475605463137 0.14910345597979635 0.13193810043244625
-1.0833558982581692 0.3002649158419963 0.13425409850983883
-0.1375758744481459 0.25671175280668024 0.24310982284455562
-1.0513780682272866 -0.8432109600464504 0.004323125456860311
-0.12363754377951608 0.41284550044312596 0.24079382476716304
-0.24672984941117448 -0.8371229938984026 0.09914362487702633
-0.11397968860100605 0.5700868950109346 0.23789894637971187
0.6061206280560825 -0.8460851049446259 0.19992697296052242
-0.3167745830523785 0.7761180927185549 0.20952665862946773
0.7475780836113728 -0.7191638848961102 0.2136431938162353
0.7239858281537863 -0.5595418925631286 0.20708334503083492
0.6961231372401073 -0.3986496212999402 0.19992697296052242
0.7174520712726675 -0.24767529468301142 0.1987344032278564
0.8218407357826365 -0.11439855390691278 0.20767986831574703
-1.57758531732879 -0.8728401335800022 -0.2999728912362549
0.1359545509045219 0.19032526572473785 0.1194192176809814
-0.8559953193198737 -0.8469719949900778 -0.21160066070646977
0.1157377905840633 0.35300762261505625 0.11285936889558101
-0.02273903860071158 -0.84765405928826 -0.10891520919890141
0.7257595862486497 0.37431757469058624 0.1838256126394775
0.5909030846811234 -0.8109936565245501 -0.03423488082976078
0.7595006225892291 0.5231409788571071 0.1838256126394775
1.0875133053277963 -0.7551544151208809 0.025509477232983357
0.788920861664181 0.6729696515007593 0.1832290893545654
1.3895414463080655 -0.6630588103036921 0.06036102828889156
0.6159491316111172 0.8705969490355123 0.15758574066071773
1.5751016210264908 -0.5487833417168257 0.08027565536408687
1.629883173602316 -0.4080380900000531 0.08338701782136226
1.6608875236084373 -0.26236517608683485 0.08338701782136226
-1.775480020903153 -0.8920639735632747 -0.7310580009469483
1.6778544325260114 -0.11362715676632185 0.08152020034699703
-1.1909418996076724 -0.8388796874792046 -0.655178903962085
1.6663011679945825 0.04155404145262409 0.07591927108674312
-0.2999776524819495 -0.8484201760008716 -0.5373662704476807
1.6553193054268007 0.19692580572932528 0.07031786498933101
0.4493274923194974 -0.8365406871264565 -0.4388564819344971
-0.9115340659384188 -0.5708561321226533 0.6204539543142822
1.6352394092868892 0.35470392602200285 0.06347239074616695
1.17872547367611 -0.8259238729457614 -0.34300935211271977
-0.6518983297251282 -0.4618891552850002 0.6453849082937744
1.6157565932896674 0.5127392537815503 0.056626439665844686
1.6793932515145045 -0.774072332979225 -0.27844512405485844
-0.6162011672412362 -0.309233728659871 0.6459156280508545
1.8450155800818635 -0.6565786216953171 -0.2598084205636475
-0.5799656877093256 -0.15672436607343698 0.6464458709707763
1.9769975803904742 -0.5330193375977839 -0.2458304161080811
-0.5869982242858072 0.00482485580233849 0.6422024970999267
2.0366443762107167 -0.3947639337471269 -0.24183642807097172
2.058006688234599 -0.24840803897559915 -0.24316823425383305
2.0556887451629606 -0.09675273748856306 -0.24782741012663578
2.0539298002520496 0.05502410330040064 -0.2524865859994385
1.9802560081859042 0.22345505452527092 -0.2671297782906983
-0.8948669305209975 -0.45263429515293296 0.5401483779898193
-0.32311603200913197 -0.4071800661166236 0.5999919181814697
-0.17036577456602942 -0.27967083728720254 0.6134701972952392
-0.16323147676113337 -0.1226323449068012 0.610774636839917
-0.12149651912363169 0.027233461876420506 0.6118527656546142
-0.11811130668234426 0.18531699996095163 0.6086179023733642
-0.15785455815058214 0.35309498983568943 0.6005312210073974
-0.2471602231701766 0.5244952447809936 0.5870529418936279
-1.253848489901955 -0.7038374494432187 0.42693769988923336
-0.4871808460125777 -0.6912520438540675 0.5096565490713623
0.13762931591374894 -0.6559256703631409 0.5764886146536377
0.08495066296956111 -0.48834460029707394 0.5671755081167724
0.12542822842880952 -0.339276460722159 0.5682712799063232
0.137218659703656 -0.18429011214412583 0.5660802131643798
0.13984570969527965 -0.027207685646265745 0.5627933746328857
0.13818269161116348 0.1310128878541974 0.5589591270437744
-1.5284232094800956 -0.6260131341389279 0.31487524566560054
0.12738852541831847 0.29149366446905134 0.5540286308279541
-1.1713889767051313 -0.5329902041160928 0.3521591430655029
0.05413406709806878 0.46625405126077446 0.5419765716543701
-0.3414932428856474 -0.5361995313196655 0.4434214836111572
0.21021229625050353 -0.48897944346492395 0.5029646163931396
0.1436039012113426 -0.31832110409618863 0.49183523712067867
0.21869399929225608 -0.176626477285712 0.4968434577932861
0.2505161216746572 -0.026029028571187496 0.4968434577932861
0.2925711465517651 0.12235415025603658 0.497955918883374
0.2186835340360389 0.2962142891418029 0.48571407852082515
-1.531038980597863 -0.8273761313116008 0.23000681457429195
0.18427215593177948 0.462017401421587 0.4779235130301025
-1.213543718031751 -0.7254709424017793 0.2634021049490478
0.13111267181073316 0.6325885430486391 0.46790659484772945
-0.30089815912856466 -0.7410944675928786 0.3658510452261474
0.19964533323113898 0.7756451326085188 0.4718018775930908
-0.24180455995002603 -0.5944561857657646 0.3692466026297119
-0.18221753944049368 -0.44812992867269763 0.37264311370759273
-0.9835612429842939 -0.1256461599679941 0.2758542304983642
-1.2433580039386243 0.08998534991649443 0.24189293441682125
-1.0988209839555054 0.22197279122725178 0.25491154251008297
0.30866764136423797 0.08061638178464214 0.41509449539094234
-0.037105981217770534 0.3139544398181293 0.3709446197500732
-0.022963009572897874 0.4697705026218344 0.36868107376008297
-0.013111744752627885 0.6267003414817847 0.3658510452261474
