0.5210829641716188 0.45917954947844264 0.5278851743557578
0.517016108236767 -0.01267212972264159 0.3301837201931601
1.6365922332205258 0.25773363283107775 0.1695391889431601
1.385947209705705 0.6107755994840155 0.15880796869779878
0.2643849628944466 -0.42988148534811643 0.72473356684233
0.21697650912516764 -0.030185361294074065 0.7210294957974082
0.18569014217031565 0.3725345328677348 0.7177798505642539
0.5660003335016484 -0.7159053840848877 0.5354974027493125
-0.1818419877689763 -0.46384031936201187 0.5096094365933066
1.9977488542805943 -0.44775040661971555 -0.09389283696626372
0.15929906544581485 -0.46540376406617 0.4435689206936484
2.0453115915154996 -0.276351794163167 -0.08884837666963286
0.16205042408103765 -0.28807815332503417 0.44400284250761324
2.0486970233364232 -0.10563048586975171 -0.08834435979341215
0.4045099816780393 -0.10904150849928668 0.465270733437789
2.012889260515429 0.06490409969659919 -0.0918753389499063
0.3885800713042755 0.06731390091962011 0.4639689679958945
1.9279407754163316 0.23566684634138343 -0.10045030156587309
0.33341293381585047 0.24376507522037186 0.4591943975308066
1.8187099292671647 0.4070928434263874 -0.11154725591157622
0.3585626790617127 0.4203443084216759 0.4613649602749472
1.5409513337127336 0.5803828203531243 -0.13979461232637114
0.01075853111820635 0.5992529087945522 0.4309818502285605
0.20926203136652077 0.7661723182593653 -0.27497746983979887
-1.113428329405906 0.7885040212969813 0.33288881739164644
-0.11787756437736618 -0.6643929894993106 0.32040998896147066
-1.38533216119027 0.9648228540197987 -0.4368942026278848
2.0860607108475904 -0.453938058116407 -0.17104747334932036
-1.0022099236809652 -0.49901839461044917 0.2418925519802695
2.088829691851302 -0.2833381058299188 -0.1705339197299356
2.082251972586924 -0.1128403084884087 -0.17104747334932036
0.3881829493557021 -0.12574077123632615 0.3661014791348105
1.9618743707064823 0.0572245308359495 -0.18336131612275786
0.03851564531533569 0.04929040027713205 0.3350488897183066
1.777434003664105 0.22808353862958106 -0.20234611073945707
0.15760989837206552 0.22705625150109654 0.34569523294950777
1.8273525836195432 0.39955962823016716 -0.19721534291719145
0.27234415487077257 0.40400085636526795 0.35589811762358003
1.5247431268989686 0.5729282180682814 -0.22851398030732817
0.3179710569150487 0.5805894182932374 0.359891151986373
0.6893809763201233 -0.7891078415148187 0.30371496637846285
-1.0849757073444906 0.7711204661003874 0.23479483088041597
-0.4093093693792085 -0.6327351916134656 0.20421001871610933
2.074468579693445 -0.4189145947416407 -0.25834395925019926
-1.134072129459014 -0.4635121385012382 0.13862726648832613
2.0773597666430845 -0.24827673979812237 -0.25782182256196684
2.0659327745172362 -0.07776901884711324 -0.2588656191012735
2.0799694510973126 0.09289570081814186 -0.2573001627108926
0.12099041295743262 0.08618163604075027 0.25305817087675386
2.0796763407634486 0.26346080182926945 -0.2573001627108926
0.11073044823215383 0.26358524777122133 0.25215361078764253
2.0799778830261957 0.43402404075463913 -0.2573001627108926
-0.8524374585249106 0.8060650266020677 0.1644084211208945
2.092067718709764 -0.31526819023375097 -0.34251143971894926
2.0853801527674776 -0.14478249257026932 -0.34304215947602934
2.1190606888650265 0.025930321524311878 -0.3393290285251016
2.063838272258323 0.19628249393075398 -0.34516408483003325
1.9843594575339338 0.3670748408613625 -0.35365130940889067
2.10670745658809 -0.3566485841094871 -0.42716767827485747
2.1098181495997395 -0.1861264438152136 -0.42662885228608793
2.1383754396899093 -0.015497074892187046 -0.42339398900483793
2.1377061279732814 0.15486543173096357 -0.42339398900483793
2.137630587065104 0.32522776754848143 -0.42339398900483793
0.9950494574070419 0.6841245642264138 0.15659401377226168
0.9122062245640308 0.8594803418974056 0.14860937555815035
2.1084163162261973 -0.5175273046087986 -0.5134337190768594
2.105996308186377 -0.34705798027727375 -0.5134337190768594
2.1041665438023784 -0.17658206163089513 -0.5134337190768594
2.1400350425045502 -0.3200036286168314 -0.5958235506198282
1.6007062980333089 -0.3178519698539882 0.03986380060697847
2.138302881655214 -0.1496489037696393 -0.5958235506198282
1.6188903133783512 -0.14544653891898035 0.04181215723539644
2.1371634652337903 0.020715870248842472 -0.5958235506198282
1.6078112559496844 0.026679467793341266 0.04083797892118746
2.08692691099602 0.1910024229265604 -0.6013882402560586
1.5873827509974703 0.19886536479997446 0.03888962229276949
-0.06961545487241239 0.19665843568373512 0.5943596120693808
1.9975370418567238 0.3617188778816175 -0.6114046816012735
1.893836145329466 0.5331413726119794 -0.6230910066745157
