-0.6803731327432132 -0.7920314615772526 0.2154839156476529
1.2901124030576128 -0.6553289309484853 0.08694494946875886
1.573246934895927 -0.7634413718135065 -0.0503469587954013
1.6632084529303128 -0.4942691562698016 -0.05365406290611907
1.855169773350724 -0.2539466642297654 -0.055362093606802665
2.04782042558616 -0.014693621682667413 -0.05706535593590423
1.8425828118806962 0.33882829641999024 -0.06513582483849212
1.6388789024343424 0.6940478735135542 -0.07323776499352141
-0.1872971925162048 -0.8064863733004586 -0.21432434336266204
0.8192823393673692 -0.7799577139959908 -0.20162068621239349
1.7093809633238308 -0.7283410261651326 -0.19087182299217864
1.9054090458834168 -0.48922822150040446 -0.19228063837608977
2.0059343106985494 -0.22400405155307368 -0.19538651720604583
2.0208474524816182 0.06556437140127258 -0.20003186480126067
2.070448299410508 0.3455373932016954 -0.20408903376183196
1.9387812919090166 0.6790591369072629 -0.21141420618614837
-1.2974554381812595 -0.7681641144166562 -0.37602411524376556
-0.5797116633839678 -0.6572425862735543 -0.36729537264427825
0.4851334545703736 -0.6455568711432349 -0.3518019796999423
1.4478731905189264 -0.613130795218261 -0.3381875635775058
1.928355779509765 -0.45256452488962395 -0.33386479631981536
1.97610827600883 -0.17245124735180184 -0.3379598738344638
2.072911326341476 0.09379467664499685 -0.3411220194490878
2.156222166694967 0.36382351496276044 -0.3445707441957919
-0.8014980377748415 -0.9756399384129679 -0.5108677031191318
0.17645726366445302 -0.9355947039216659 -0.49547039286217376
-0.061689636205841225 -0.4061720718899764 0.648475777944711
1.1585168249873519 -0.9034192646905979 -0.4798956991823642
0.5595614510338649 -0.278010655150986 0.6485329984036954
1.932525079504039 -0.8208753147284398 -0.4686359049471347
2.012680035450522 -0.5503041710676371 -0.4720541121157138
2.002338310892128 -0.2542226072868701 -0.477425682702872
2.0892626089593307 0.014700537721836326 -0.4807551981600253
-2.1111235605113094 -0.6008724497816473 -0.6868933321627109
-0.8518599391345418 -0.6315234335419149 -0.6635156752260654
-0.8399180799154493 -0.7990480661500357 0.5058128951398404
-1.4898995053075126 -0.1561141047424499 -0.6835192324312656
1.190553400021244 -0.5883900606723955 -0.6273227812441318
1.9552949777882063 -0.5059464115649206 -0.6149934412630527
1.9739942913888555 -0.21779206160533704 -0.6198586107881991
2.056228170802328 0.05259440468670107 -0.6232839705141513
2.1346124624848386 0.3240608662275548 -0.6268263937624423
2.137195311876283 0.6178385306967868 -0.6321653010042636
2.001951306160869 0.9532193163524667 -0.6407693506868808
-0.11506929018956669 -0.829696877425917 -0.7912217260988681
1.4799403702497216 -0.9630364941684704 -0.757217991510245
1.7331199267903656 -0.7386106857152441 -0.7563260676058261
1.4042681194764626 -0.3532141028325242 -0.7699197413118808
0.7115756767685397 0.1380651108337574 -0.7926765562685458
1.2131632339071743 0.29311162939036706 -0.7856904150637118
1.4316121838073173 0.527120466684039 -0.7857779146822421
0.25387320972718896 0.15357418362902564 0.5096328376142056
0.19968917153926924 0.37081066960281106 0.5116948006955655
0.19496285522449597 0.623263289873357 0.5152121899930509
0.02116228491067318 0.7524857057888852 0.5136354087201627
-0.21327951717088922 0.8388381426546516 0.5102392552701505
-0.5617683364663861 0.8453133753747721 0.5034470675794156
-0.9107984056189125 0.8538015551533178 0.49665487988868073
-0.17752234159797808 0.8020591790941438 0.4068342564908536
-0.5667003633892733 0.7792209206616079 0.3982534526196988
-1.0096797759635052 0.7211689993064994 0.3879823802320035
-0.7669604764365658 0.9196295510570849 0.29179741128363923
-1.099815065728727 0.9410082652446974 0.28458310349860505
-0.6281221825898697 0.7637015888686278 0.1881464837399991
-0.9854846867600173 0.766556640568318 0.1795938132611783
