0.2619714903754726 -0.32350160016980034 0.34913435708123686
-1.1975558506958492 -0.5642802731295031 -0.22789105643194674
-0.7662139554692686 -0.5887229228700299 -0.17131385077398775
0.5664645462298523 -0.6941710455770611 0.004270465479674357
0.6407674591339827 -0.6033260510114307 0.010232837305846232
0.8085457882314415 -0.5465879174474093 0.02948323021966459
0.9717173838881052 -0.48918725820346154 0.04805746804315092
0.9224465447252328 -0.8148783337877941 -0.4415198253528452
1.0567490005173283 -0.7469325758505736 -0.4253078388110971
1.7297903839195925 -0.761310881539945 -0.3283992694751596
1.7757763456482252 -0.6645977869433679 -0.32631024588507174
1.8776840895541937 -0.5888639442758663 -0.3153296398059702
1.9797723176750424 -0.5137153996715487 -0.30435666312139986
2.0635447614565834 -0.43208330419546037 -0.2963558124439096
2.115249786628681 -0.33844747149410637 -0.29354867209356783
2.176477685657659 -0.24863522455170717 -0.28926429022711275
