0.6398798593452852 0.044621996401755126 -0.21580891766047738
0.14035147961667604 0.015789183056543976 0.6687502368500207
0.26351410947667375 0.12312089519339864 -0.24385075726008676
-0.31239944868821823 0.1130479394795465 -0.29179387249446176
0.6371820303794209 -0.031094367672558576 -0.33418088116145395
0.12217876689047813 -0.258093147184713 0.5542807086517785
0.21099689451823167 0.024201759099270248 -0.3678327099273231
0.06597653467269993 -0.02999397944692106 0.5577954753448937
0.06975841864001353 0.21251322820345564 -0.3724427715728309
-0.1163143382989702 0.14016680969518447 0.5503754123260949
0.5700116463173828 0.11541351330164318 -0.4494042889068153
0.04935887989667265 -0.11268222036891018 0.42628760180973746
0.13496872548818573 0.16762548031883995 -0.4846296802947547
-0.05614657210151819 0.09273194765615855 0.4254869922211144
0.134699148114926 0.42011536559495255 -0.4747663036773231
-0.16093485248982375 0.2985519358240687 0.4246873363068078
0.7341287233139226 -0.04659222448360367 -0.5569892422149207
0.21780159224369555 -0.28747769009818214 0.3167361720612023
0.13194040812968666 -0.07332414660248787 -0.6105652347991493
0.23383347649382102 -0.026219927777059837 0.3269566997101281
-0.17491163147550282 0.03950915230948837 0.2987479671051476
0.8691267142276189 0.055284952676434074 -0.656031180996659
0.07834465278709501 -0.05882759499023393 0.19825882754826285
-0.2721697085105532 0.03433123448106201 -0.7583113209197547
0.07271289938829284 0.19209101866106693 0.20660919986271598
-0.25863903537540267 0.2946269711108158 0.1848988040497277
0.5223474690562924 -0.42179293119104955 0.10352797351383902
0.8627581994820872 -0.021958513137736446 -0.7748413578460243
0.5602368179950403 -0.150642894506678 0.11631388507389762
0.4094161472376143 0.032040728626224535 0.1111993297150109
-0.04427297867797364 0.07632640356551335 0.07752890429997183
0.5727793882911669 -0.026739428015854827 0.018042991976973788
0.2323269437080242 0.0684715258505264 -0.005394984860184415
0.5919417740691699 -0.04189323864712691 -0.10777764477229379
0.19809576043741828 -0.03478914592824012 0.7867955668976281
0.19272547861637435 0.02608105062108379 -0.13749890484309457
