1.0123709039510302 0.7654451792134935 0.3320493548527077
-0.044919394351694564 0.6881580513790855 0.3374698012485817
-0.7433950357885948 0.7628630411401982 0.3436119406833962
-1.3099573305486487 0.7582066046291835 0.3472275584354714
-1.7286604416066425 0.6619936236293711 0.34795831138041766
-1.9041222240523084 0.4099159457393675 0.3438484519138649
-2.0093661861538124 0.11185559773660536 0.3383078425541237
-2.0824422656143824 -0.20809823219506107 0.3320836871280983
0.29827621703330465 0.7502454119174349 0.1800732463016823
-0.35018083723736737 0.7902848483891614 0.18617866927531512
-0.858289097541423 0.7455692004931116 0.1893024294987038
-1.4120650519469322 0.7335522540451862 0.19347952300456317
-1.876883594367797 0.6677754476732769 0.1957583277836159
-2.0355684704508974 0.4053048450846468 0.1913013308658913
-2.0907503090651502 0.07471370832981705 0.18451808387187274
-2.072315043120497 -0.30574450437434564 0.1760432570591286
-0.995339700719228 0.8708151401095847 0.03871677810099872
-1.5782072451894678 0.8780183020847154 0.04440997535136493
-1.971228896788375 0.7665628186299571 0.045596823038132506
-2.058370911503552 0.45802845351770216 0.03940437728312762
1.965904014679559 0.7752559705292459 -0.15073443955036847
-2.146777036669775 0.1495238768169731 0.033202156366379576
1.3357995006496353 0.7914815464705764 -0.14332701271626203
-0.48472729843197015 0.8228797930599541 -0.12243200844380109
-0.8914803815261223 0.714272884128972 -0.12051369255634992
-1.6512551841982699 0.8350074780242043 -0.10935021942707746
-1.9645894264131911 0.672350977055876 -0.10977698868366925
1.4869120518939454 0.6435162566972181 -0.30675412720295636
0.1233873460114836 0.7533103855740251 -0.2869498879298851
-0.4909335182120884 0.7729907053637355 -0.2787900120601341
-0.9272670687960556 0.6833477807593251 -0.27554561203572003
-1.514619322474303 0.6935790928325538 -0.2680049092158958
-1.9919453326375702 0.6366035994791712 -0.2635033280238792
-2.192609798846405 0.4018859994342847 -0.26681973045918195
-0.6886098463364831 0.9911361455904935 -0.42577196663471906
-1.2086206200588947 0.9556906733423851 -0.41942097252461163
-1.761607961189128 0.9448999113006096 -0.4120123535976097
-1.969689292657499 0.7146674453168593 -0.4150068909511253
-1.4026518766979166 0.6789956376684572 -0.5777969509944603
-1.089057148769946 0.6772234035303963 0.6529438346042946
-1.4787602277405085 0.5611012469976213 0.6521503775730446
-1.5539515961704495 0.24273553337715548 0.6463980525150612
-1.5719264799043628 -0.11402832376326266 0.6397003977909401
-1.492489824834493 0.49793627032733134 0.4970121234073952
-1.8151526958917188 0.32216391075258777 0.4951393454685524
-1.7303810077516886 0.007022923999157271 0.571284517587693
-2.0993298624011913 -0.4017612812043403 -0.04876710480305402
-2.073165858162106 -0.5597241188099709 -0.04817582672688214
-1.7584448070024052 0.06557055401821898 0.4911181777134255
-2.0920555366087186 -0.3437168680326579 -0.13013340538593976
-2.051100471316232 -0.49836623918302614 -0.13043786591145246
-1.9855459731450722 -0.03150561021518605 0.42218850547221454
-2.1992866151621584 -0.4107962740651381 -0.20281173294636456
-2.1245089330426836 -0.557280116752283 -0.20531655853840558
-2.0772717054887835 0.11849241042651038 0.34452293807414325
-2.0444199705966284 -0.03849461403267185 0.3447751849308327
-2.070438933609921 -0.2093651552439244 0.3480524867191628
-2.188124699852658 -0.3929234205548706 -0.28376938408467023
-1.9721202737352925 -0.6794632342265281 0.3485565035953835
-2.0332773317490407 0.004311495208090932 0.2633874266758278
-2.034826273577117 -0.16088428585733183 0.2654738276615456
-0.653288958354004 0.15855881485435575 0.8530005067005471
-2.0272740776156937 -0.32367180506887117 0.26703880721476825
-0.7030317003493636 -0.022679438530325058 0.8564396947040871
-2.065663115908059 -0.4804059516445651 -0.370405927358596
-0.6901702415325204 -0.18889121167655887 0.8573951571598366
-2.0041903054000088 -0.6468033902958688 0.26964686805156024
-1.9642797210836989 -0.8017864264880323 0.26938603812602313
-0.5492016927339449 -0.4951469088213365 0.8547202199116066
-0.4306696049585881 -0.6381428700587151 0.8514718859806374
-2.1048298303495656 0.027144112912404594 0.18650172644999774
-1.4588976107352494 0.18344979936490802 0.8014417737140969
-2.033447033795106 -0.12047763581438709 0.18461512023356708
-1.4404053173193603 0.02083883780945328 0.8022409527912453
-1.4030420599014732 -0.13720410448158482 0.8022409527912453
-2.0721348036651435 -0.45838937625301135 0.1908142417087868
-1.3613646397878227 -0.2942529123837172 0.8020411580219582
-1.2617699179579915 -0.4381766541822074 0.7994439452305153
-1.9428227005824539 -0.7571092730308173 0.187579855264695
-1.1528792927780316 -0.5804912907500537 0.7964471429004982
-1.6984904656483693 -0.8672783481492239 0.17599032813456805
-1.6146446099219958 -0.038411294285278785 0.7286134808674172
-2.00673251404622 -0.2963903867695876 0.10510300094035419
-1.606669623476023 -0.20268075996571788 0.7298644631519631
-2.0385799222577035 -0.4681564909330955 0.10899828368571551
-1.6041630605632662 -0.3679988262628484 0.7313239424839333
-2.0077813654915317 -0.6252107091362031 0.10927651816752704
-1.5973811447825383 -0.5320962712373056 0.7325749247684792
-1.9678045659829237 -0.7801834631276439 0.10899828368571551
-1.557078465281073 -0.688500419951863 0.7323665469303444
-1.3270108446671998 -0.8032819536667102 0.7240263074055031
-1.640574340933675 -1.0368583119787793 0.09425185614970477
-1.6779195811836018 0.1033003452663035 0.6488857119694069
-1.6888689441631612 -0.06546950010950603 0.6510579436436013
-2.062298365820496 -0.4747218996960978 0.030224546731980162
-1.987716865117818 -0.6217558454487087 0.027928814233811217
-1.6913730394816326 -0.5627774484470613 0.6560540049686745
-1.3488904197836007 -0.6514337324577628 0.6423690169468239
