1.926955146931867 -0.4316969733999514 -0.06313385216209255
1.9185607026639815 -0.19582991985985032 -0.041674272694319114
1.9009964280516058 0.029038123304566454 -0.022129671253889427
1.6975053238245934 0.5440210634745704 0.007747514567643776
1.5925434586517113 0.6773522418205431 0.01068244727638401
1.4175069956839081 0.741369824514905 0.0008309915879074481
2.0706734496933876 -0.5386386308432698 -0.23349298683616482
1.2106321112395406 0.7749781325053888 -0.014768259205549583
-0.015742679004176807 -0.4152778699738029 0.52762208732155
2.0992592025709413 -0.26368099336522377 -0.2042390271804031
0.9786952923470977 0.7854186441754045 -0.0348359510085281
-0.08823296070575282 -0.24147886908814087 0.5359457567551438
2.1017415371987056 -0.01778219325002084 -0.18023933617088161
0.667960225514804 0.7213009653868383 -0.06896223274680935
-0.23497778740184572 -0.14005100534208026 0.5324114397385422
2.0708509983241257 0.1922451851324105 -0.16280664650413357
0.5101927831552189 0.8065010001812176 -0.07557977882835232
-0.3814571914776934 -0.03802777048709416 0.5288847521164719
0.28797806875269316 0.8308451482983727 -0.09369816032859646
-0.5096779448634834 0.08172266955238783 0.5281904772141282
1.928478910084003 0.5272659038953904 -0.1436931058547195
0.04030175451283924 0.8324890654622195 -0.11628307548972927
-0.6411046720211573 0.19853227781485216 0.5269392565110032
1.837415084056886 0.6738636734036518 -0.13806976524803005
-0.20420189236421038 0.8388429942071127 -0.13821806160423122
-0.8518298258178305 0.2410433431082133 0.5132688120224778
1.6555622324556296 0.7298686841554911 -0.1495219632765945
0.25686996082896485 -0.6488960269728068 0.4417131975510422
-0.44182965503009086 0.8532578606880676 -0.15886368004295193
-1.0263705051300747 0.3184740982655434 0.5052565172531907
1.4772187191968982 0.790211683928753 -0.160307542957991
0.278656196234607 -0.38154688360928546 0.4656380251267258
-0.697995123071891 0.8520735648298619 -0.18269600120994411
-1.2299751399932006 0.36971458173056604 0.4927338198044602
1.9939424201979605 -0.5675442520808573 -0.5033179685256179
1.1183644619257862 0.6745141712771456 -0.2045880719802078
0.27349817432296675 -0.14257727631482453 0.48497615607765354
-0.9546084769918224 0.8522754417365412 -0.20651687828513943
-1.3568787887892597 0.49255407847230614 0.4920810297348801
2.0843662125586775 -0.22843862804059611 -0.46062435356590115
1.0104405620534607 0.8062670632050271 -0.20221723762962185
0.27313381097908973 0.09946155774263232 0.5048926905014817
-1.200676607188825 0.863885123066062 -0.2284094258925613
2.0455099135354686 -0.025248852733859906 -0.44388689247581326
0.7640375629770517 0.8040670525436084 -0.22545637337180935
0.20258845756677601 0.2720709559998866 0.5133408144333664
-1.480171881987559 0.846829836094642 -0.2560426160475906
2.063113583070397 0.2343758345241298 -0.4162146016738113
0.5279184296171024 0.813477201863396 -0.24671472755882107
0.10772604548905917 0.4206877387850092 0.5177782610276047
-1.7381223838622617 0.8512219387393785 -0.2798301145217117
0.280673763382552 0.8138704556088214 -0.26993288246604763
-0.06564113117413228 0.4942041873199763 0.5096038416245285
1.987336512362674 0.6360595508218481 -0.3833948537490066
0.02580022850887076 0.808758553450879 -0.29445471016380154
-0.3038564366218566 0.5070984981079256 0.49111448081520237
1.8300835661266106 0.715919251241349 -0.39054025856468044
-0.2150904935068354 0.8186003530415746 -0.31633867470237576
-0.5424336056675259 0.5212346525823968 0.47263417991188206
1.6483709841355036 0.7720441616099691 -0.40245689598533474
0.47838508635165056 -0.3782182036988928 0.3940766886093918
-0.485337185330053 0.8026670547987607 -0.34346546379539333
-0.8031359268684781 0.5163005723811267 0.45072446616676487
1.4137225458494598 0.7768952136389409 -0.4246093198439773
-0.7343214603722146 0.8084153493329786 -0.366641657032698
-1.0533854862267162 0.522900672145699 0.4305451944687668
1.1716241435619636 0.7760529285915325 -0.4481169149062332
-0.9691335188504553 0.8289132406415689 -0.3871809407851394
-1.3040366654831956 0.5308306338576791 0.41037736686256565
0.9077775069560161 0.7557766454042785 -0.4757119580886062
-1.281069033553095 0.7804487420453086 -0.4214960500380691
0.6825772863510622 0.7747665519083036 -0.4957853719374832
0.2565262465716245 0.3738009339428636 0.43880258353737034
-1.546069704172055 0.7770442420548491 -0.4472648069045242
0.435626871773124 0.7743531528488461 -0.5199457570693191
0.19429725468096137 0.553118128407764 0.44854245933082737
0.20976591838179104 0.7957312039183897 -0.5399991437575515
-0.04698243628101295 0.5613738212788029 0.42917476447609104
-0.055972354569234994 0.7808742173613332 -0.5675522252700027
-0.29224909410693556 0.5674851190004233 0.40923534186866917
-0.293351991399291 0.7945662496709822 -0.5896326467177566
-0.5673058868867429 0.7757454585197898 -0.6185294553420242
-0.9220141018285091 0.45503219525845395 0.34726844581154026
-0.8272981078118278 0.771882708903636 -0.6446839734694656
-1.0741292026103082 0.553184282201439 0.3424962595322434
-0.2277285813780736 -0.6795905273541472 0.22169242652443089
-1.0549340112995225 0.7995703152304188 -0.6646863385817703
-1.3027905211009738 0.5814569084463379 0.32551036628273167
-0.2834459822846327 -0.48770972023113757 0.2333377436020676
-1.3194112702556566 0.7950670391999175 -0.6915017530104812
-1.5207065729354383 0.6209448181546655 0.31028018744972385
0.47164458834313905 0.48749794979404726 0.3791531160691086
0.3130612944412263 0.5732978070350399 0.37307058127906956
0.05407541916372338 0.5638615685035759 0.3504494264939133
-0.20901102315352205 0.5524116501520773 0.32724796088722385
-0.38583292756759136 0.6240021179107593 0.3182390764572922
-0.8056559470505249 0.46940819435327796 0.2696536615708176
-0.9649472729024211 0.5603568123700171 0.26361833365944065
-1.1423112641996056 0.6351949907448962 0.2546380594590012
-0.341783294992382 -0.6044443451812924 0.12923846992042698
-1.4478001079216796 0.5936128660714637 0.22499357017067112
-0.3471856584442605 -0.36400919268047716 0.14944921287086643
0.48189071251839266 0.6777539876753451 0.3093880251267258
-0.2300205430822615 0.7128437032746611 0.25132261069801487
-0.4136640766591597 0.7778848679982637 0.2409814432480637
-0.8263506247995025 0.6309982336298567 0.19288287910011448
-1.0107027663994756 0.6985833158530923 0.18256173881080784
-0.12195380815654744 -0.6218166818214463 0.05725847037819065
-1.2316255977455057 0.7335254199224686 0.16625676902321018
0.8169608973800564 0.5397493613000712 0.23958526404884495
-1.4490829065174893 0.7729274086107836 0.15056072028663792
0.6337840573423108 0.6000355204929129 0.22904191764381565
-1.733004014378892 0.7535617373785364 0.12408767493751682
-0.10296111198246649 0.6085346399940903 0.16583619864967503
1.1582990627773952 0.19456404299417684 0.15205703528907932
-0.33732445906473174 0.6253165934228093 0.14681611808326878
1.0451262575338518 0.32277391857607896 0.15367732795265354
-0.7821860398729399 0.44674325281043537 0.09253249915626682
0.9182487361595904 0.4374517128686932 0.15283761771705784
-0.8542733753104272 0.6186421119978718 0.10090003760841526
0.7988679456146315 0.5595260187843962 0.15323863776710667
-1.0933763232868472 0.6359042216501294 0.08130298408058323
0.694162348369062 0.6958088263033417 0.15611539634254612
1.6694231331979097 -0.5644486646159734 0.03200946601417698
-1.3620880596635203 0.627608357802341 0.056851728282243386
0.6186030301752083 0.8599034313209231 0.16393361838844456
-1.605602412034088 0.6441459822475721 0.036668641886979714
-0.2061085240049465 0.7624128515000486 0.0825198725083176
1.4698964842116524 0.19453166739357286 0.08420024665382542
-0.4267778577737005 0.8163747545898943 0.06759439261940159
1.3682372742861304 0.34521024861310323 0.08898196967628635
-0.690298385443711 0.8081889248865117 0.04338203223732151
1.2661534692761265 0.4831577178008466 0.0924986437180344
-0.9397285892822254 0.8148768976072986 0.021648271403581276
1.139841218251398 0.5970613350342298 0.09163413795021214
-1.2005303545903274 0.8128518221628305 -0.0019251271865066144
0.9464857134183973 0.6456193579574894 0.07887349875953831
-1.480162260008285 0.7955602347896722 -0.028570310749739036
0.7423559753065092 0.6847524155169395 0.06424079688575901
-1.7419459595118951 0.7964243261372097 -0.052120344319074974
0.5738037928814208 0.7592960027429427 0.05588327201393284
0.2547763162961303 0.6906795522903764 0.02122150214698948
-0.0004221342027221908 0.6853397152319225 -0.0021516248366530988
-0.2380421360482785 0.6983706514935264 -0.022382394947737083
-0.4977344443100833 0.692320503613395 -0.04636062828513943
-0.7361115601313486 0.7079273451362305 -0.06657089439842068
-1.0039752546838088 0.6978740205128027 -0.09178032127830349
-1.2796674403313801 0.6825905843937541 -0.11823047844383083
-1.530240355555236 0.6921759492486714 -0.14028610435935818
1.202343215135258 -0.3528325481687631 0.16906390937355198
1.2681158937183667 -0.12363120958501028 0.16704688819435276
1.3068635024754016 0.11614943165704972 0.1620024278977219
1.35115343533122 0.3541423454771433 0.15746293815162815
1.64724729375515 -0.27991757277352036 0.08934198173072971
1.731861513488056 -0.05937585355430386 0.08934198173072971
1.8172444804016123 0.1608731091410327 0.08934198173072971
2.00184600231794 -0.1119300535224319 -0.0015627309462722394
-0.5845360821258936 -0.49326009660291703 0.6177495554306809
-0.41659851883781585 -0.29597395242792857 0.6260469988205735
-0.23873671510975214 -0.10304663374799006 0.6352666452744309
-0.12088958812681483 0.11177643865714515 0.6384938791611496
-0.03489493474076255 0.33849207937192105 0.6384938791611496
2.0031510587545185 -0.21212277030605975 -0.11647381035301052
-0.05707995779691544 -0.5048572051637201 0.5422214105942551
0.16205967130858312 -0.32870669050479506 0.5558422640183274
0.2185428707192898 -0.09245709878683428 0.5530236795761887
0.24334162052416275 0.15606086037761813 0.5469182566025559
0.21795444040647283 0.42434654132739524 0.535645826182634
2.037177994354174 -0.035010016530033994 -0.23882402626487576
2.1642990663121253 0.16784720309762236 -0.23397220818015896
0.1838331010843035 -0.8357003902288334 0.4531086519577805
0.289347231034796 -0.605650929872759 0.45502172263649143
-0.993698692219013 0.1287114306535031 0.3148625925400559
0.05612750983087267 0.008517367910325646 0.4134048059799973
0.18862834326286304 0.20384581173144767 0.4186667040207688
2.0243557459237564 -0.2557598884801422 -0.35035194603416286
0.32139890730655907 0.4116204911504475 0.42345081122902073
0.4584129935191328 -0.6412778537024693 0.3505514696457688
-1.1367520353031466 0.20938434366909675 0.17521415504005589
-0.9712541439792943 0.4098093688392801 0.18349395545509495
-0.06110877190042174 0.32596960536686836 0.2697013452866379
-0.29480560088801155 0.6758129829229205 0.23609529288795628
0.5444833916502034 0.6109289585838518 0.31499706061866917
0.5349449836275824 0.8735348422097822 0.30476890357521214
-0.9874249943434705 0.0763127451904353 0.06968103202369846
-0.09581481917659573 0.003322200420335264 0.1554421022751633
0.703301211960607 0.21566328909254295 0.2223661974289719
0.42317149737887405 0.58158499300038 0.18320308478859104
