-2.1854946961439623 -0.9057114305135698 -0.1019693443558376
-2.139351288616851 -0.8767132859105793 -0.1008101532242458
-2.0554179770741285 -0.8980092457791251 -0.082439048030154
-1.976062503280673 -0.9229574660580937 -0.0640522072098415
0.43420868472782104 -0.8437887806440791 0.26839722897790264
0.4776511602829743 -0.8200751544393157 0.2681597640731175
0.09625794791793396 -0.9374717248390638 -0.7185822555802028
0.5119995344265362 -0.7795373525468463 0.2626122405745823
0.18661522913180306 -0.9946441918900533 -0.6863761970780056
0.5465471106537052 -0.7390909530726368 0.25706185605309795
0.252992407904415 -1.0111972932826347 -0.6703849861405056
0.3004863899869292 -0.995119984100981 -0.6673685142777126
0.350330404330208 -0.9833507016840954 -0.6627317497513454
0.4047840720522231 -0.9800491146644745 -0.6548529693863552
0.459178164697164 -0.9769736060422431 -0.6469756195328396
0.5180667854686476 -0.9824270010787473 -0.6358543464920681
0.5723058483646497 -0.9798323316916502 -0.627978427150027
0.6377253253239701 -0.9982850191988888 -0.6119938919327419
0.6917681186821625 -0.9961781995834258 -0.6041198799393337
0.7413017944078746 -0.9859382200858455 -0.5994921753189724
0.7952412733904879 -0.9842729258965726 -0.5916205475113552
0.8678610696060929 -0.15285612793022807 0.15068091656945537
0.8491116535740275 -0.982833211918571 -0.5837498733780544
0.890614684575155 -0.08289285338586794 0.13579835202477764
0.8985626818767258 -0.9732092629794487 -0.5791264602921169
0.9221151265709722 -0.030331495002659636 0.1262258460738499
0.9544889939372752 -0.9764128593678585 -0.5696354934952419
0.9663171547990572 -0.003971438299092966 0.12461938168786357
1.006020250480688 -0.9714205040348247 -0.563391310908572
0.9859820512252355 0.07460993025825857 0.10706986691735576
1.029793083959973 -0.9117013083415877 -0.5782452652237575
1.026502101323402 0.10949993311715644 0.10280122067712139
1.123781269935833 -0.9916997476859883 -0.5395456383011501
1.0853997237612987 0.10486123660586344 0.11048735883019756
1.168776303132944 -0.9746650892867201 -0.5381733009598415
1.1261207289808226 0.13944506624276798 0.10621489789269756
1.213815236509447 -0.9577916356815273 -0.5368023941300075
1.1689945844737224 0.16951497664200588 0.10326804425500224
1.2568254224087099 -0.9368286531249126 -0.5370565483353298
1.215964351570932 0.19065053274812627 0.10297669675134014
1.3163742024190839 -0.9501160791681151 -0.5243269035599392
1.2590792943274494 0.22043661805430403 0.100025551579221
1.3859742027864996 -0.9850136757679273 -0.5034805366776149
1.3003817858027134 0.2544964973906918 0.09574355389855693
1.434975987814525 -0.9774786387093712 -0.4988680908463161
1.334125099326755 0.3061123740038596 0.0861410072066624
1.4658304046298696 -0.9315859058233222 -0.5088692734024685
1.37773641062563 0.3355218262598143 0.08318318631432842
1.5409138622523955 -0.9801469130291665 -0.4831524917862575
1.4043733877973352 0.4046898755416457 0.068256752751096
1.591781972657273 -0.9775134258986213 -0.4769197532913845
1.4464993327930529 0.43832392473675696 0.06396283414147685
1.6465361167045245 -0.9836933008498079 -0.46744070742346455
1.46822448142035 0.5207350876195065 0.04504098202966045
1.6855472732121086 -0.9556170184807513 -0.470953566767947
1.5201229472641273 0.5319148286269364 0.04738940503381084
1.7111131359311145 -0.897439363161169 -0.4858361313126247
1.553641838336091 0.5874922346728457 0.03643836285851787
1.7908856733518803 -0.9603762778660716 -0.45524798128821065
1.8357954070614255 -0.945753634318649 -0.45389376375891377
1.8788454047027159 -0.9269578609196714 -0.45416508410193135
1.9182049413740998 -0.8996263497498163 -0.45768700335241963
1.9614135244464421 -0.881121545509604 -0.45796166155554463
2.0009939710359674 -0.8540506484608414 -0.46148739550329854
2.038862608268019 -0.8227463651615707 -0.4666405746719997
2.0750701328888255 -0.7871815522395558 -0.47342072222448994
2.1060533659415768 -0.7385925873999994 -0.48507748339392354
2.133732842589282 -0.6813047574977915 -0.49998770449377705
2.1599794643856427 -0.6196720763378991 -0.5165263244888942
2.184835489746632 -0.5536753629471178 -0.5346938202164333
2.2240241219836037 -0.522900046125752 -0.5398641655228298
2.2374673148731006 -0.426154227087995 -0.5694171020767849
2.236121976560696 -0.2896342733911297 -0.6136041710159938
2.24244994507945 -0.17062815615358318 -0.6512962410233181
1.218995516374477 0.12004437564698023 0.13411845471642803
1.1921496782510559 0.3537543902268254 0.1363099982955296
1.6882232132556823 0.7133302402055772 -0.7412153312943142
0.9528500409578555 0.5360298511460151 0.12242783810876201
1.5277612334365358 0.9129710031004006 -0.7507639953873317
0.3889697524186886 0.6426084640782097 0.08406962659142803
-0.5391514334548333 0.6678089063983883 0.018311398289426073
1.8151705950117787 0.42409170283849207 0.06574143674157451
1.566503860346188 0.6016223482749297 0.050780670902951464
0.9109041643160367 0.6834555996286493 0.004401581547482714
0.026982864443880317 0.7160618031412387 -0.05955610964514424
-1.0615293710662854 0.7074560198092765 -0.13922367785193135
0.012135310085724882 -0.2021615027183543 -0.196330649592654
1.9693653335303338 0.5224875075123272 -0.03711662981726338
1.7064872174849484 0.6961448039787079 -0.05357371065832783
0.8959751796048181 0.741130317195049 -0.11327896807409932
-1.0713258276458646 0.7680388942329532 -0.25986300204016377
0.02263721470686164 -0.4558885695652286 -0.30794201586462666
-0.1513660373029495 -0.25402906885387466 -0.3173156807205837
-0.3231207322241687 -0.2968059237282219 0.6170643737532933
1.969947751610846 0.51186747880047 -0.1415654251358669
-0.3271640066932804 -0.05174106206722584 0.6206034591414769
1.7264426586857553 0.6901755387369555 -0.15679703448034932
-0.32060666778066604 0.1954921151329323 0.6247867515303929
0.6735739205994946 0.6772811264992473 -0.23725138399817158
-0.35589719992709945 0.6772368712341681 -0.31575308535315205
-1.43472262318339 0.6729886475451714 -0.3981605598709743
-0.4769943846725937 -0.6552743714660885 0.48145617749474834
-0.23058715550455133 -0.34644782325039714 -0.4571305343887966
-0.22520504184817014 -0.09928457499085397 -0.4519296715042751
0.11869943941525207 -0.014524682845134862 0.5300396850325901
2.0380711970589402 0.695558359673452 -0.26026879046179463
0.13990364336490302 0.23474918845522907 0.5353278091170628
1.7611933375978879 0.8659852054630193 -0.27867518160559346
0.0552909017456642 0.4581502592796962 0.5333441665389378
0.7327703206893261 0.8611563077791953 -0.35909996721960713
-0.6744597901139713 0.529913557243761 0.4874047210433323
-1.394506256438035 0.8569727469932236 -0.5255523750565212
-0.00854906064107297 -0.535239367209698 -0.5633245537064235
0.2497952013664957 -0.054283214708085836 0.41895570065759014
2.2198775895852236 0.2676919713387207 -0.36995135042883565
0.2659789039132079 0.19342812478112492 0.4240435531356175
2.0774027521093927 0.46933239529710846 -0.37730990145422627
0.3170537415574586 0.44898327156253437 0.4315060546614964
1.6014072030162083 0.5906547381408682 -0.41287718508459736
-0.12120908226530958 0.5880288132668099 0.40470923688195537
0.597191383922322 0.5888057764816601 -0.4930068084976833
-0.5581864445403113 0.5583816434951654 -0.5858102867386501
-1.3553072987354398 0.6190838850248142 -0.6483598778031032
-0.46056542703070136 -0.6736274435331104 0.24146928097985576
-0.0031687691972024368 -0.25056906332001816 -0.6768776008865993
0.5823863313810307 0.3201518439198239 0.32879533078454326
1.8928951785557047 0.6981171115815314 -0.5036068985245388
0.43017135287826136 0.5257404604395308 0.32183732297204326
1.4464357348594206 0.8287238729747077 -0.5374260971329372
0.4922031156331599 0.7825567723556119 0.33018674161218
0.5684079599846115 0.8608804492770155 -0.6084042618057888
-1.0773111993868696 0.659883271795902 0.221638100407346
-1.2422556530245998 0.6835314174776688 -0.7595473358414333
-1.3544692695437277 0.9054555853673083 -0.7645569870255153
1.5902523555126749 -0.15109763974648516 -0.6623231003067653
2.1712830719577454 0.23402270585707896 -0.6060625145218532
2.0819166224395502 0.44894165044211576 -0.6090460846207302
1.562443978048364 0.55953682580685 -0.6499625274918239
0.6650701483885939 0.3534489731361621 0.216879742405637
0.6051248283407773 0.5808143626623359 0.21652306821130107
-0.9346091431655452 0.4596290501232403 0.10739793088219951
-0.10269488302729712 0.8871633844587468 -0.782089812495486
