-0.270296496857668 -0.4201584456850327 0.3988321403893078
1.2315002242690483 -0.5152569538738874 0.4160101990135754
-0.768494128267811 -0.4717434921228403 0.11825400394521601
0.02376626475751209 -0.5630593371452477 0.12940007251821406
0.7603665016049348 -0.5926121765809285 0.1382577995689953
1.5711484408568097 -0.7189801718030253 0.15046626133046992
2.1916798273205416 -0.6159704539912383 0.15445357364736445
-0.6544273944903551 -0.699034511517084 -0.15099686580576055
0.11493983881295833 -0.7635691014600212 -0.1398665328589832
0.8699825581490401 -0.8165319610010044 -0.12927311855234258
1.595058842517176 -0.8383406833688554 -0.1199519057837879
2.303107738001003 -0.8442864823695402 -0.11131829219736211
-0.5027112475662889 -0.6685934912170239 -0.4264428039161121
0.247369229899995 -0.7107786904826696 -0.415289582785741
1.0053932414783873 -0.7683274669740001 -0.4036251922217762
1.7240432466895186 -0.7830981200437321 -0.3937756438819324
2.4821067399381676 -0.8519954105321688 -0.38186425167001836
0.8996257658590139 -0.5113427280500531 -0.687679948386327
1.6755950023157666 -0.5957862878051401 -0.6740724464026844
2.396517319128826 -0.6179305897052814 -0.663204850730077
0.19696478375962556 -0.18903346040794133 0.6738408188255871
0.9000203886322709 -0.2217881095499905 0.6807525734337414
