-0.7978403105748555 -0.8622513674933039 -0.38821612696232854
-0.6522040646327412 -0.8558780710908636 -0.35983477930607854
-0.4850723377931274 -0.8616013229579735 -0.3260108123260981
-0.344162657090763 -0.8548419997622609 -0.2987290511566645
-0.18183338724301734 -0.8602980608413411 -0.266003716989184
-0.028381461639810368 -0.8622002085030225 -0.23546134333195745
0.12053935663769266 -0.8627581422254238 -0.20601474146428167
0.28212460576773424 -0.8711826050910325 -0.1733027587372309
0.41770977651853514 -0.8666379064183509 -0.14713298182072698
0.5702383307725825 -0.8723008716524312 -0.11660968164982854
0.6926182747637455 -0.8623981235758507 -0.09371768335881292
0.8319111799931278 -0.8627261330261966 -0.06647025446476995
0.9582282783943157 -0.856747043440933 -0.04249583582463323
1.0758889243734586 -0.8467258790527694 -0.020705331369066826
1.2018981706763583 -0.8422437532042686 0.0032605042022222364
1.3192746192633393 -0.8336595030681764 0.025043379263257393
1.4111791281523836 -0.8110938728187165 0.04028500218806208
1.515682919621895 -0.7964346593126912 0.05879200597224177
1.624298600445016 -0.7848728824676314 0.07838429112849177
1.6866405533240965 -0.7465444391118332 0.0859879364531988
1.7490549375780517 -0.7085384161427761 0.09358872075495661
1.7781158751408128 -0.6506813193185756 0.09246719975886286
1.840746710154562 -0.6131950014776812 0.10005844731745661
1.8909593793238741 -0.5683784506981056 0.10437859197077692
1.9163809668184228 -0.5084131484327727 0.10215653081355036
1.384016728268648 -0.8019009356458078 -0.8289710174042231
1.9378866888195603 -0.4459348888494006 0.09884155888972224
1.9596402804059352 -0.3834813281576288 0.09552181859431208
1.9940074378052088 -0.3288874669387205 0.09546745915827692
2.0121065527261948 -0.2639248620442949 0.09105003972468317
2.046893713516738 -0.20951298781599093 0.09098805089411677
2.073678085449913 -0.14991948576263425 0.08874310155329646
2.0925095977277834 -0.08506866634144572 0.08431423802790583
2.1238414541445536 -0.028263464457079834 0.0831507553618902
2.1187504075927706 0.05268288137631316 0.07217491765437067
2.138403884195384 0.11754778390351106 0.06773461003718317
2.1340149052083035 0.1987242874624613 0.05675114293513239
2.1542486202175866 0.26364602893148614 0.05230129857478083
2.134426331427875 0.35603873789922247 0.036950003103589424
2.163333172087917 0.41554150943655443 0.0346726288360113
2.2085161816937386 0.46386567327934003 0.03675068517146052
1.9758710802069857 0.7871306879086504 -0.04739390711369573
-1.624046238285942 -0.5504648862294168 0.6734875549834722
-1.4845777329070273 -0.5367946921425109 0.6930779327910894
-1.2864408546909232 -0.5498294253865019 0.7232455124419683
-1.1325093436246334 -0.541586604328824 0.7452691902678961
-1.0259208455414068 -0.5180905153053565 0.759145151571607
-1.7732050755141842 -0.8313903213852747 0.12779034276423396
-0.970133368334217 -0.46448744465876146 0.7632531036895269
-1.6035126685936802 -0.8305017212535901 0.15682686467585505
-0.9011125443917791 -0.4180688704750146 0.7697986473601812
-1.4268659646295987 -0.8383453705518562 0.18772400517878474
-0.8250056623823809 -0.37987211751095273 0.7779654373687261
-1.2592852662923804 -0.8428864226031862 0.21674717564997614
-0.7401482667408317 -0.3467342404740812 0.7877558579009527
-1.13148619907966 -0.8286624083634564 0.23735798497614802
-0.6492144671742892 -0.31321267466087477 0.7983569016021246
-1.0005168642726119 -0.8086782565035939 0.2579702248137945
-0.588581640418866 -0.26365892540390945 0.8032568802398199
-0.8712949693854029 -0.7927499480179456 0.27857388158259333
-0.5321433595508296 -0.21202284147733863 0.8073386063140386
-0.7553039070142376 -0.7708851136604196 0.29637135167536677
-0.47637002904394876 -0.1519476883487627 0.8106035103362554
-0.6142744208244864 -0.75463085655635 0.3188380112212652
-0.4170944848154363 -0.10642578336966935 0.8154906143706793
-0.4696343157477685 -0.7533454996259579 0.343162428335523
-0.3817214348651703 -0.043498756992676135 0.8154906143706793
-0.33223309365050113 -0.7451970354375561 0.36561573644099177
-0.33326236196896275 0.011986048068720834 0.8179282059234136
-0.21234904817063693 -0.7286789419404371 0.3843277802031988
-0.2974765123550611 0.07461990791562556 0.817919622854566
-0.13586504699455304 -0.6896817109174158 0.3936952461760992
-0.2572014506228726 0.13465896344247952 0.8187207092803472
0.044397062603820814 -0.707131883542548 0.42547501225886286
-0.22524981962678225 0.19951044563699227 0.8178900589507574
0.1553079000084665 -0.6881232707999985 0.44230641026911677
-0.19731330451152473 0.26676319076053545 0.816241156057691
0.28766142087293645 -0.6815937700599299 0.46380318303523005
-0.17337654610918207 0.33646234117362894 0.8137744774383062
0.5229759396481342 -0.7329800246978024 0.5077127327483648
-0.12852330655283595 0.402202377908651 0.8145550598662847
0.5509013275056418 -0.6626002660017285 0.5058511604827398
-0.10355364372108511 0.46301853739583976 0.8128966202300543
-0.07463283811752319 0.5299666099082359 0.8112310280364508
0.6100091763528752 -0.46831601859910066 0.49743641515192927
-0.07533750319066712 0.1712358508490759 0.3236559738677496
-0.04323363386927781 0.23544522110209343 0.3226975311797613
-0.010908465529439582 0.29954706130453346 0.321734320120191
0.013229088393941879 0.368614173128023 0.3189000000518316
0.15111305230578864 0.3689960243344821 0.3412817825835699
0.19651916276214365 0.4247974870216922 0.34310902257380427
0.3299906683248679 0.4264175031653892 0.36454809804377497
0.4632543968891696 0.4272326132852129 0.38598431249079646
0.4879764350156677 0.49486261073021254 0.38312901158747614
0.5129518783778764 0.5624462815312903 0.380269419149732
0.5755376923825111 0.6063281503352904 0.38581265111384333
0.6423575368446421 0.6472583948576798 0.39228714604792536
0.7092521205255764 0.6878493159710786 0.39875687261042536
0.7721068576840509 0.7307830254388286 0.4042886604827398
0.7487046933385528 0.8298359226452234 0.39019764562067927
0.646840792483431 -0.7543699248398319 0.4731348862212652
0.09643769148982528 0.23365712787599335 0.4565776695769781
0.730179240377538 0.6772609559348979 0.49944866795954646
0.9062592949860004 0.6249653946597107 0.37268055577692927
0.7139110071615278 0.8565153481784371 0.3647669662993902
-0.6114693510903209 0.8090285028930388 0.2856301178496832
1.302823684501277 0.5179432839926434 0.2589730133574957
1.1150295637896903 0.7490079127056397 0.2511462082427496
0.04924515716231781 -0.49655865720891157 0.7189797272246832
0.06576267329313623 -0.20760793694394408 0.7239884247344488
0.14618531822081593 0.09724454491624712 0.7326134552520269
0.08753715264239759 0.36548805116992256 0.7331704010528082
0.029820337239470973 0.6338965986271177 0.733726393179273
0.35439562700531724 -0.698140701365844 0.5949014534514898
0.3942302935946316 -0.4035304220385001 0.6015013565581793
0.4303620326819697 -0.11072224429482702 0.6078142036956304
0.3999726560007133 0.16407591661027965 0.6101096977752203
0.36089104439565745 0.43636838029352276 0.6118315567534918
