1.2032033341665596 -0.16273689249905843 0.14001554442569653
1.1101036523773402 0.15530020316804105 0.1357545275799934
1.5218330947565164 -0.8679115848694616 -0.010823784340172615
1.7023523702014742 -0.48167222445809266 -0.0012217144854362871
1.7584246731392028 -0.12820715964148377 0.002063216697425041
1.6703036112257053 0.189067578738209 -0.0019622425921257403
1.5854463740410338 -0.4947934944513399 -0.1723967175371941
1.9323072096825626 -0.06891612067663644 -0.15369802521541676
1.856037940386507 0.2843999688202139 -0.15707307862117847
1.8023052639995996 0.5923921269276153 -0.15940242813900074
2.0653817841115085 -0.34105515310602996 -0.3117528538592156
2.0589254070432546 -0.004496027849478779 -0.31136375473812183
-1.7587217949704055 -0.6292453313978141 0.3894299883954231
-1.1594629340628018 -0.6241417860060761 0.4679712672345344
-0.6138583778594153 -0.6113653049356653 0.5391916651837532
-0.2523447782624473 -0.5610428061587323 0.5851187129132454
0.19604282603465606 -0.5329947322273494 0.6430258174054329
0.2821305127688518 -0.42401942830334605 0.6510133166424934
0.3010216190525412 -0.29964045689268914 0.6496824641339485
0.31071686214511374 -0.17298733857236037 0.6470198054425422
0.30975527891866506 -0.05006409811336354 0.6430258174054329
-1.6064887208766478 -0.7010371364396244 -0.057901916969567147
0.31073249210525233 0.07906005500785973 0.6390327830426399
-0.8245918296445751 -0.7353664337331534 0.05536979628726879
0.31218264534459905 0.2082793354689425 0.6350392718426887
-0.23666298453206736 -0.7325781425278342 0.13959688140079418
0.28528917593965986 0.3449139373065453 0.6270517726056282
0.16255933751299523 -0.6917288804952229 0.195506991874427
0.32131299777572764 0.4657685924807051 0.6277174372784797
0.6146862665015291 -0.6656165306637689 0.25940317107364574
0.290627800921925 0.6040208645490193 0.6190642733685676
0.8641122097615366 -0.5958450883523634 0.29280370665714184
1.0028259240849167 -0.5017415220253856 0.3095044512860481
0.9829674400164023 -0.370688389825677 0.3022436518780891
-1.9678980445017302 -0.8945159802937432 -0.7082110028155144
1.01168640168639 -0.25102667707151305 0.3022436518780891
-1.2743216135324076 -0.9037752962968675 -0.5974169354327019
1.0360174873673813 -0.13028802420643792 0.30151742888614574
-1.0881403275306667 -0.8100791718227898 -0.5709229092486199
1.0271754095391046 -0.0012423305361402015 0.29570812178775707
-0.2023180508915985 -0.8687627016698594 -0.4280152897723015
1.0092264511182307 0.13039348319052024 0.2884473223797981
0.4223598383314098 -0.8763263270456099 -0.3284617047198113
1.015738859555647 0.2561087990273343 0.2848166842572395
0.9550356591647642 -0.8677081274152831 -0.24416214035823902
1.051433887680318 0.37440373531532245 0.28554290724918285
1.3429630313806555 -0.8299214157551065 -0.1839480976946648
1.0636204558705131 0.4988752602441977 0.2826384921185676
1.0332584195229444 0.6348884620020332 0.27319950057193676
1.9405508942598075 -0.7205085968153266 -0.09322601364925465
0.9700091289809265 0.7803011447892025 0.2586769480817024
1.9824467510468793 -0.6076158071204407 -0.09081750916317066
0.9932077891137681 0.9026264411511509 0.25722497893497387
1.9671609860320558 -0.48100428466213074 -0.09804302262142262
2.1248933334109097 -0.39655170794427796 -0.07636600540950855
2.148727387435123 -0.2796834442898799 -0.07716899918392262
2.17297524299115 -0.16288377061549042 -0.07797151612117847
2.192854930515054 -0.04492294708691347 -0.0795775036700066
2.19882639493121 0.07672696347972519 -0.0835915188677605
2.128900495317744 0.21861091589513215 -0.1004520039446648
2.1644358568300817 0.33299210597987816 -0.09964901017025074
2.076544182307657 0.48085969716403376 -0.11972003983333668
1.9797637929541452 0.6320738707325617 -0.14139705704525074
1.9549373219013688 0.7641707049581168 -0.15103155182674488
