0.6379089951968961 0.1544108439458185 0.7635635934817202
0.5825023289814965 0.1708062192789157 0.7650127016054995
0.4509430198171823 -0.44338995566293704 0.6293792329775698
0.38989496144253954 -0.45543835492072304 0.6244792543398745
0.3312196361345675 -0.44787316768719165 0.6237988077151186
-0.21256610643154417 -0.47674259373668804 0.5945019327151186
-0.2736811024828224 -0.4815385821971887 0.5906633935915835
-0.3348627577036155 -0.48611517087914535 0.5868258081423647
-0.4490280368491696 -0.44646346408219273 0.5897245012270815
-0.5102376844413253 -0.4503948482465745 0.585889776800812
-0.6479818442689066 -0.21597782926266262 0.6283559404360659
-0.6439125627211392 0.11671143583456 0.6986178956972964
2.168461171250981 0.37024897968193216 -0.42304710521823097
2.112746398243198 0.3764427618259063 -0.4223184980404966
1.481704847391967 -0.6094475221945928 0.059400518988312
2.0044910494054085 0.4900850370284502 -0.39118293895846534
1.422169007504962 -0.6105109333615886 0.057484587286651845
1.950869637309986 0.5447819748479645 -0.3763122953427427
1.381559575170139 -0.3257067289937936 0.12673087940090966
1.8960126958209051 0.556520893104306 -0.37415603771334816
1.334138424575982 -0.16668671017701087 0.16463704929226708
1.8410346146190855 0.5636570893356065 -0.3734126485837095
1.2856843105859115 -0.0365761516998262 0.19531913623684716
1.7856726030914465 0.5614083800685137 -0.3754926122677915
1.2265971680549792 -0.0563111300278365 0.18860431537503075
1.732351575184923 0.6024612748432432 -0.36484865322238136
1.6773393420945928 0.605379504488667 -0.3655124105466001
1.1598929203596207 0.5237554669833457 0.32968564853543114
1.621811481491203 0.5989069570401497 -0.3690023817074888
1.1046246714972165 0.5286414735413274 0.32903095111721825
1.5665083501980621 0.5974235940638835 -0.3710785306943052
1.0493733537096825 0.5337171266060423 0.32837768421047997
1.5111824740501516 0.5961334677004473 -0.373153249169647
0.9941400839960057 0.5389902106461975 0.3277258478152163
1.4520803608129065 0.5376116921267311 -0.39220623149996925
1.3984917689488137 0.5654299936540639 -0.3857908643735044
0.8062872152339058 -0.2125625755902334 0.135541876410187
1.34265861345892 0.5599499495288995 -0.38927988186007667
0.7418557534627597 -0.2691550325832779 0.1191544137942202
1.2878631550667232 0.5690069884384599 -0.3885207571042173
0.6801500623477696 -0.2965604335546388 0.1100143991457827
1.2323561453582845 0.5686952881056087 -0.39059213771945167
0.6851834368134133 0.29855190292787626 0.25676723346585106
1.174075386068241 0.5688193326379434 -0.39269498958712745
0.6341561004204096 0.3484766267628743 0.2669939599978335
1.118533184366688 0.5689105035863662 -0.3947635091794126
0.5759760084768257 0.33592930872364235 0.2615065179812319
1.0629762173656998 0.5691918968031189 -0.39683155193453956
0.5388136036521409 0.47252360491150824 0.29353996143215966
1.0129174271341674 0.5691374369853435 -0.3988342679989927
0.4934282626025611 0.536979478405982 0.3074431024538882
0.960086394493283 0.5695227118104214 -0.4008675016415708
0.44346215107286324 0.5630726058436721 0.3116740785586245
0.9077185062714365 0.5748488237755538 -0.40148309841281105
0.8493650378961508 0.5761695223170236 -0.4035797513974302
0.7909978676996131 0.5777073961373276 -0.4056754507077329
0.19244246663423614 -0.004714832172886929 0.1608705125796206
0.7353749393643049 0.5791477890828034 -0.40773681774264503
0.09385376766383291 -0.2845462489819681 0.08758493289822411
0.679740091747838 0.5807786969265649 -0.40979723110324073
-0.011090708414238981 -0.573034418364756 0.011823614691437001
0.6207774234065653 0.5781827740075514 -0.41330722942477394
-0.06365597690369407 -0.5208749051787223 0.02204509601467919
0.5656860211541181 0.5849851945212095 -0.41394809856539894
0.5106185808591159 0.5919741496537867 -0.4145870603573911
0.45373618305653063 0.5848944808777219 -0.4194798864377134
-0.07657577472617516 0.5176549758863587 0.27564283237332177
0.39740950943007913 0.5827690031777308 -0.42295412197238136
-0.1302738698226974 0.5364310430712962 0.27743812427395653
0.34233510812682355 0.5903478031554101 -0.4235897459042661
-0.18468381398671496 0.5506011731423115 0.27802320346707177
0.28728720878913894 0.5981210685356899 -0.4242239393246763
-0.23820064312493294 0.5697448458591836 0.27982326373928856
0.2302278696411939 0.5918438556245036 -0.4291139043820493
-0.32869869352271 0.3788768960150364 0.22828861102932763
0.17379333945454334 0.590520267526081 -0.43258432521945167
-0.3732942512863716 0.4510222366798402 0.2434205614077456
0.11732161247470729 0.5893999345071776 -0.4360542692196958
-0.41829359972408364 0.5185166188695831 0.25734706745022606
0.06081260453856885 0.5884790131051147 -0.43952325954562355
-0.472680796968607 0.5336823033214486 0.25793882236355614
0.009491164560051613 0.6209097769070553 -0.43305114879733253
-0.5351815371400722 0.5061491370421507 0.2476162515627749
-0.0446851622056651 0.6345747240736372 -0.4322567380917661
-0.7201696232254101 -0.14963385089262005 0.07715888843411278
-0.1299669935868878 0.4592180392111658 -0.48827509060031105
-0.7617548777179929 -0.057287834221561695 0.09714218006008934
-0.1886564867913424 0.44973220899927213 -0.4945869840634458
-0.24419247495985974 0.45935735393329935 -0.49521545543795753
-0.2930644236234988 0.5069535485472656 -0.48447517528659034
-0.331492887992329 0.6113203163499961 -0.45667699947482276
-0.39163478341417923 0.5931488641709919 -0.4658232130063169
-0.4466686777289365 0.6034852219527451 -0.46644167080050636
-0.5043509687992286 0.5998820102168594 -0.47132352962618995
-0.5666508264816615 0.5729638942316129 -0.48331359996920753
-0.631960066019026 0.532176466594052 -0.4995713628781431
-0.6815403048641459 0.5715470303518941 -0.4916534818661802
-0.8557771077452975 -0.683477515992621 0.04877086505764794
0.642091843381631 -0.6618084864542624 0.1359538637148745
-0.685344173391296 -0.6823971218704727 0.049292048071563954
-0.700340055257744 -0.23751739393601667 0.6963142953860171
0.8123945127244554 -0.6510509240152231 0.13492818698757958
-0.5149250111458142 -0.6819240436255072 0.049814184759796376
-0.5211495444870274 -0.4759061997672376 0.7184767328249819
0.9827684844969019 -0.6408842604011866 0.13390203342312645
-0.3425305064676162 -0.7566018553457425 0.058162172888458485
1.1536499479493774 -0.5218910595758501 0.12158771381253075
-0.17252272493986742 -0.7523516058693929 0.058162172888458485
-0.1823936442661519 -0.3273691176423199 0.7058128915774233
1.3146398614901051 -0.6985701330781637 -0.6868634618771665
1.3234618464069643 -0.6571482925150463 0.13544126376980614
-0.0025020531991212236 -0.7486905915924282 0.058162172888458485
-0.009218691303326643 -0.4083132918747765 0.7135014139162905
1.4865581988251193 -0.5412602834248474 -0.7059464849484556
1.4983960045044449 -0.2409548543007034 0.09234090671414208
0.1664813639323528 -0.6809952138207649 0.051379641150177235
0.16394310991681682 -0.5247192969466568 0.7243566118227847
1.659578334167505 -0.384554255268732 -0.7250299848569028
0.3375744569193181 -0.7431558029658945 0.058162172888458485
0.3301858393348882 -0.1637395876954315 0.6917914949404604
-1.093918864024742 -0.6720427923057386 -0.039527932549773936
0.507624840428649 -0.741282589490396 0.058162172888458485
-0.9228440241145709 -0.6850468420320368 -0.03740600719577003
-0.9118396907474734 -0.5269873146292738 0.635783632849396
0.6771929773734903 -0.6554651400855747 0.049292048071563954
-0.7527571310350144 -0.6738014362931821 -0.03793672695285011
-0.7401621322148498 -0.5456317532710315 0.6380886636721499
2.2052763327057496 0.8907940280273934 -0.8794851697934263
0.847581817772729 -0.669690167539521 0.050857504461944814
-0.5815159408268521 -0.6979361714268606 -0.03475383892184425
-0.5698822904867978 -0.5250670966351692 0.6367058359133608
1.0178071313091213 -0.7342408678674346 0.05764098987454247
-0.41186070054404744 -0.6729681843745112 -0.036875764275848155
-0.3985123171679362 -0.5399275265151147 0.6385492883669741
1.1878377166651184 -0.7446832616642922 0.05868430957669091
-0.24094899918621226 -0.6933249977053393 -0.034223596001922374
-0.22762725897187652 -0.5404611169313043 0.6390103898989565
1.3582035901093834 -0.7059902867824803 0.05451007709378075
-0.07051077535726946 -0.6993729695944211 -0.03316263332492042
-0.056659270455587385 -0.5465658274381298 0.6399325929629214
1.5287835325616226 -0.672866452630096 0.050857504461944814
0.09978285235740059 -0.7010449527021123 -0.03263191356784034
0.1140802419210778 -0.5433179221130828 0.6399325929629214
0.2697706584828268 -0.6834209434179144 -0.034223596001922374
0.285378628235609 -0.5804774571835978 0.6436199747073061
0.4401891320622917 -0.6962278794530548 -0.03263191356784034
0.455792342341928 -0.5585108348313383 0.6417760454165347
-0.9647571054128973 -0.6759460526725789 -0.12468008175021339
0.6105091262898663 -0.7096201625622882 -0.031040707970916515
-0.7944640068364414 -0.6695266432552458 -0.12468008175021339
0.780602194702808 -0.6888101082937723 -0.03316263332492042
-0.6233427842116405 -0.6885389043410299 -0.12198404445773292
-0.6178655894651374 -0.5943373691716332 0.5569653116213686
0.9508333810634628 -0.6536743455394287 -0.036875764275848155
-0.45324012508439193 -0.6783349455645933 -0.12252334728366066
-0.44700250341679804 -0.5990838390337174 0.557905157660187
1.121126425832753 -0.6738301678322856 -0.03475383892184425
-0.2819446347989113 -0.7134546600339604 -0.11821035518771339
-0.2765703269859695 -0.589490246923468 0.5574349962221987
1.2913806917225537 -0.6796554614632697 -0.034223596001922374
-0.11178694806706535 -0.7094152509101477 -0.11821035518771339
-0.1057631993739675 -0.5954197568326478 0.5583743654238589
1.4616975097199811 -0.6761403983964556 -0.03475383892184425
0.05847604695795561 -0.7109408261463557 -0.11767105236178566
0.06480581236574767 -0.591993807266249 0.5583743654238589
1.6351941159065153 -0.4445299079765448 -0.05968526973849464
0.22849148625459537 -0.6981496697106877 -0.11874965801364112
0.235459093271716 -0.5941426749382117 0.558844050024689
-1.3095054088257627 -0.39166232493378317 -0.24377922191744972
0.39881394623785826 -0.7058316687291963 -0.11767105236178566
0.4060307806387544 -0.5919129106609375 0.558844050024689
-1.1394930634966012 -0.3542443434026339 -0.24706653728610206
0.5690348063911426 -0.7091409276708234 -0.11713222637301612
0.5767258985431236 -0.6052052663005156 0.5602531038271792
-0.9540243022240448 -0.7047655113996996 -0.20762447490817237
0.7390220560795475 -0.6683087116998863 -0.12144474163180519
0.747234727625856 -0.5991893390903797 0.5597838960635073
-0.7845435466156988 -0.6785154647640184 -0.20981601848727394
-0.7790645155596304 -0.5930264267687093 0.4702729783999331
0.9093301700914471 -0.6678278774810948 -0.12144474163180519
-0.6137792218942085 -0.6876207627217781 -0.20817236080294776
-0.6086428184278881 -0.5822796346479961 0.46979423389309716
1.0795797282173523 -0.692800856366695 -0.11874965801364112
-0.4432421961432348 -0.6923662450920318 -0.20707658901339698
1.24968382571934 -0.7133941005515112 -0.11659292354708839
-0.2726318644835407 -0.702668497906977 -0.20543340816622901
1.420020377777007 -0.6948215483872886 -0.11874965801364112
-0.10232835862918355 -0.7036300256763184 -0.20488552227145362
-0.09706383734910429 -0.5536001998964721 0.46835943088406395
1.5904892533310067 -0.6768412904295573 -0.12090591564303566
0.06795396938196818 -0.7051804567417364 -0.20433763637667823
0.06714252168056478 -0.19191335258515352 0.43391748294705224
1.759948152678367 -0.7290383434089946 -0.11551479473239112
0.2382115467059147 -0.7073316628929192 -0.20378975048190284
0.23984886647317238 -0.23886411024982834 0.438701113318146
-0.9432310494386226 -0.29616126922984165 -0.33945373668795753
0.40833162099081166 -0.7001362385188088 -0.20433763637667823
-0.7574213880237145 -0.6920515238243041 -0.2943787969601743
-0.7515927174930354 -0.6153312570098919 0.38646455631131005
0.5787666772659532 -0.7283305579131323 -0.2010507978451841
0.5865783952337271 -0.6381647971431406 0.4774484239565737
-0.5873436460516482 -0.6813861151646918 -0.2949357427609556
-0.5812467154199293 -0.6046804485239434 0.38597722873562645
-0.4166506642306266 -0.6911775098464616 -0.29326633587008644
-0.4111267336414349 -0.5846729368851484 0.3845161996828921
0.918895595888416 -0.6423590972170103 -0.21036390438204933
-0.24604433399431935 -0.7015760443153667 -0.2915964521420591
1.0892167394934575 -0.6723406457602508 -0.20707658901339698
-0.07563342270684104 -0.7075961460307312 -0.290483514214813
-0.0716827674474324 -0.49171585505418136 0.3762368761050112
1.2592067914347371 -0.7227804300078517 -0.20159868373995948
0.09445537787757607 -0.6993110166872327 -0.29103998317843605
0.10021262282316934 -0.5431408520054433 0.38159414157742333
1.4295605888363203 -0.6992707055158576 -0.20433763637667823
0.2648028101886073 -0.7065226013357844 -0.28992704525118995
0.2667394218403275 -0.2418935975070795 0.352371653174103
1.6040484082209239 -0.3732258318283641 -0.24049286022311378
0.43492750526805957 -0.6994187372631018 -0.290483514214813
0.43636627943616124 -0.03575681370111283 0.33240218982571434
-1.1752488926239906 0.1260896271640206 -0.48420433178073097
0.6049840661333048 -0.6780065369131592 -0.2927093900693052
-0.9710221357717282 -0.6519515806188849 0.3032188020693667
0.7834383081510623 -0.5856612505142778 0.38646455631131005
-0.8004987157034907 -0.6495810564841662 -0.39420799389010597
-0.8008258466656307 -0.6405300299044683 0.30272289142483544
0.9540359123891784 -0.5853385563111075 0.38646455631131005
-0.6291413892752066 -0.6735236143741261 -0.3908119596493833
-0.630410117846311 -0.6346809025081299 0.30272289142483544
1.1157240071996544 -0.7067706107462399 -0.2893710531247251
-0.4582626672635589 -0.6881354400191526 -0.3885479368222349
1.2858640728274464 -0.7125808028796285 -0.28881410732394386
-0.2873776049357989 -0.7083147563753514 -0.3857174314511411
-0.29156550453386243 -0.5451907570025369 0.29479165897244286
1.4561154410763604 -0.7040795481281137 -0.28992704525118995
-0.1169816732374499 -0.7141868407545147 -0.3845858968747251
-0.12026872702496927 -0.5659873276071821 0.2972697816836245
1.626295717098094 -0.7061083189579378 -0.28992704525118995
0.053080205185239815 -0.7057587568289705 -0.385151425744354
0.048637089274675804 -0.46800110312736365 0.2878512941347964
1.8086980426097472 0.0066970101766514745 -0.3700600065243833
0.2233385706195289 -0.7078523598114046 -0.3845858968747251
0.21110774595773374 0.09703976403804404 0.23183341846340966
0.39357013501602045 -0.7105431138893721 -0.3840194143307798
0.5632120033119402 -0.6452189721318078 0.3061933122622378
0.7331091114891558 -0.5396452750890361 0.29578300342434716
0.9040928903949493 -0.7221879228281551 -0.38232139721041847
1.0744827121604736 -0.6030612021762352 -0.3959060110104673
1.2456173679988265 -0.4994348911153921 -0.4077921308529966
1.414585300136608 -0.7093697706874522 -0.3840194143307798
1.585695756893772 -0.6367388739098345 -0.39250997676974464
1.7595749944559773 -0.4256282778713967 -0.41684869899874855
-0.7428239813420024 -0.31441720318571953 -0.562489072228729
-0.7346183725948551 -0.30331538172020345 0.18273111209744286
-0.5649439913739668 -0.5122841131238687 -0.5387497343075864
-0.5522677616580959 -0.645743589623585 0.21803994998806786
-0.3884650848549266 -0.7108089480210609 -0.5150094427121275
-0.3817350808387544 -0.6457381904266839 0.21854444370144677
-0.21805808979535934 -0.716327092430852 -0.5138516820920103
-0.2108643475915618 -0.661244347973593 0.2205624185549624
-0.047910739392535207 -0.712511165017311 -0.5138516820920103
-0.04225245292402213 -0.5728983760430708 0.2119869791018374
0.12216394569945321 -0.7043195224557266 -0.5144305624020689
0.12906882493184735 -0.6094880056585055 0.21602245197171044
0.2926217355954638 -0.7215554551266621 -0.5121145643246763
0.29998889936403483 -0.636735109786045 0.21904893741482567
0.46758743396958924 -0.3511885759423947 0.19029708728665184
-0.912424641555117 -0.34333326632064143 0.09952445850247216
0.6388124399519299 -0.31992348992945097 0.1872706018435366
-0.7375329949879589 -0.43651420534281016 0.10978647098416161
0.810249205452996 -0.28925403487252765 0.18424411640042138
-0.5666708263658328 -0.6963752712232392 -0.6898446477902525
-0.5623873559469289 -0.560132751124705 0.12312646732205224
0.9817072953977716 -0.6272954350914475 0.21854444370144677
-0.3954871629265456 -0.7260763943165358 -0.6856704153073423
-0.3886745386476044 -0.6644944874212371 0.1344146333681948
1.1431975115735697 -0.7421596337568062 -0.5092192091000669
1.1519395108868005 -0.6823887868293212 0.22409292087429833
-0.2257342268176047 -0.7067508705237984 -0.6874595083249204
-0.2185848477022937 -0.6501387639270249 0.1333889566408999
1.3133555292165915 -0.7281957049882521 -0.5109563268674009
1.3249187128700424 -0.3202217375508667 0.1872706018435366
-0.05606932508033757 -0.6780889690324514 -0.6904411710751646
-0.04800144650542004 -0.6562676787836068 0.1344146333681948
1.4836132253088816 -0.7148235922079067 -0.5126934446347349
0.11506982887475747 -0.7244760876569316 -0.6844778455746763
0.12158902563263096 -0.6082898277939321 0.12979741916531395
1.6623340263755646 -0.7121010621408104 -0.5132723249447935
0.3099561169051015 -0.665104083023266 0.1359538637148745
1.8342695714810149 -0.6155366520997276 -0.5248532690060728
0.4717629717226832 -0.6632156439537624 0.1359538637148745
0.46426672832759 0.08950369664279378 0.7560405336367495
