-0.03041826955958271 0.8314629870875851 0.05089523969210408
-1.9041781171052818 -0.17432586088379942 0.03781321225680134
-1.8940668798694489 -0.5498741332282968 0.028478648047816968
-2.0106470054208714 -0.19455912663379316 -0.11584255518399456
0.25491978540598126 0.9695881937237072 -0.25962707819424846
-0.26196529890223985 0.925262235898499 -0.25600883783780315
-1.7751706755176784 0.7888298834384706 -0.24572393717251995
-1.8102168635214966 0.7221937997568482 -0.4004122954794047
-1.8373838441734947 0.6868962534318062 -0.5543443900533793
-0.3682982490390643 0.36608400796035134 0.508635308127773
-1.2417873370489971 0.18846956899852252 0.5063312309793355
-1.464260294028712 -0.035540461137838264 0.501848723273647
-1.378983719206019 0.6450011922051804 0.3625736492685201
-1.4613125395867073 0.33187836958920336 0.35574939427889607
-1.4862312259966188 -0.01936086666658099 0.3478617924264791
-1.7143480742094468 0.4055055804237213 0.20458295522249959
-1.8182880802649493 -0.6306032095304897 0.18051936803377888
-1.7060138963849525 0.08204291369088246 0.4454720276407125
-2.00547463697135 -0.3118652640922246 -0.17837068857632854
-2.0224491307623254 -0.48005190507916495 -0.17511818232022502
-2.0372783217632744 -0.2629638828556846 -0.25738022150479534
-1.9131335789892745 -0.3981715760955744 -0.26285884203397014
-1.9076573602303952 0.055580761600493744 0.2937858360818746
-2.1588250332031365 -0.333882486064482 -0.32912800135098674
-2.098102281338228 -0.48345181780791613 -0.3306932193227885
-1.9902674835166962 0.20775013899848815 0.21556403813875935
-2.029576777786559 0.032991093891277856 0.21959736524142048
-2.147729807154903 -0.3159741124718458 -0.410068247933018
-1.9715965646692197 -0.44689359793875383 0.22237041173495076
-1.9307023621487573 -0.6016527111362979 0.2221181648782613
-1.9700760845053367 0.08769093426112562 0.1356625813058736
-1.9758661985492623 -0.07873154706630459 0.1380098122171285
-0.5566464833162854 0.25514144661301685 0.7241474646142843
-1.972560190323641 -0.2426767240622425 0.13983562169588826
-0.605683951320998 0.07354990660030047 0.7275866526178243
-0.5775756735787709 -0.08937113876097058 0.7279688376001241
-1.9531547661551372 -0.5668776929249262 0.14270451245821736
-1.907801866250722 -0.7206090614243248 0.14218285260714314
-0.4646190543477573 -0.4021669537789574 0.726440336089504
-0.35041608495124876 -0.5459338548009054 0.7233832138589742
-2.056264637923526 0.10669628623893956 0.05955937085665486
-1.367242199525677 0.27610500707052665 0.67270126519717
-2.06198101017398 -0.05946389820912046 0.06198527989901326
-1.3626892152062382 0.10988170850979984 0.6740998285821798
-1.3393038668572714 -0.05160220743451305 0.6746993320993306
-2.026648802738343 -0.379855196845865 0.06414129910982869
-1.1871638424162256 -0.34990603116364305 0.6715026157907369
-1.842700958581581 -0.6658844399070976 0.05794241605318806
-1.111832852180605 -0.49965916198825333 0.66990425763644
-1.6856258596805134 -0.7949526100402267 0.0512042301706197
-1.5755504362960053 0.04059225310594172 0.6020880001596334
-1.9229870994237785 -0.20838253434225962 -0.02378699602566936
-1.5621265052201139 -0.12245912154959449 0.6031306046060445
-1.9833389325034076 -0.3872185421779424 -0.01822230638943889
-1.5395638205360882 -0.2831878686560234 0.6037560957483175
-1.9519664198660749 -0.5441770247888336 -0.017944071907627368
-1.5419093107420494 -0.44956007565561507 0.6054241913370015
-1.9114079952054936 -0.6990159828789615 -0.01822230638943889
-1.4961464706522705 -0.6047233377961021 0.6050070780328634
-1.29491165872318 -0.725228632154824 0.5979179400018575
-1.6271193719318973 -0.9641681674348916 -0.030464862007725024
-1.6587442919272775 0.17727716894010292 0.5232467907480123
-1.6448194296457999 0.014436299972954814 0.5243327873758199
-1.9778707333574275 -0.38703521375864725 -0.09872648539029338
-1.606574303847907 -0.47384865463255643 0.527591254096401
-1.4001442923973357 -0.5923159165553855 0.5199883240274312
