1.9596859689381967 0.2776946817197743 -0.4767391730570303
-0.17494067779768407 -0.5207023924450809 0.2428939293599619
1.9092810112426397 0.4791349753738068 -0.4775674392008291
1.8976915022737875 0.7066652173477959 -0.4749143172525869
1.0180733293826674 0.8548626328373654 -0.5434224654459463
0.19132711702402572 0.5738465587539512 0.27920460211997167
0.5083887441194157 0.9265467593377146 0.304185147163917
1.4166841635988798 -0.8648121569409808 -0.6498105574869619
1.3629433482721363 -0.6491641881624712 -0.6504170943521963
1.2412824216716436 -0.6843111097806096 0.22529100882773534
-1.0741910206585532 0.8297663989317536 0.1963536690450205
0.7304185148463442 -0.6616636222803889 -0.7022717047953115
1.2624807159885274 -0.4389616296463261 0.22972034919028417
-1.7377170097983698 0.8350330057228872 0.15153240668540136
2.065701567655566 0.09727866010482167 -0.5802013922953115
1.280027658772622 -0.19585073545049703 0.23382734763388768
2.024717086622381 0.3139457635805307 -0.579911475303124
1.233385254703625 0.021728349690864235 0.23317932593588964
0.7043029892621042 0.04189924777873966 -0.692577605369042
1.2481434627335495 0.26247426129122253 0.23697924124961034
1.4836765824672091 0.5729816273509334 -0.6199877311014639
0.9838524927439435 0.39713010573718144 0.2203104447103037
0.7197886985635604 0.5333601913488115 0.2036316345906748
0.5401895033592439 0.7022918383460759 0.19309687125449315
2.0862313946108446 -0.48819849691461936 -0.6980192710184561
1.9736002945473636 -0.2987713372019858 -0.7039740134500967
1.7449445331749653 -0.694508058816333 0.03991388785605565
1.928191336469566 -0.3861934184200857 0.057254547951270496
1.9139678807539724 -0.14592532812245018 0.059448475716163074
1.886777553371672 0.08871922703329549 0.06058430182700292
1.8636454337202295 0.30117659203298874 0.061676258919288074
1.678970937309611 0.4633474719435604 0.05043768393759862
1.5740581740621753 0.6564333432489269 0.04529737937216893
1.8206659215774317 -0.5939849345756496 -0.06300950539345607
1.9858000377466776 -0.29355108081777637 -0.0466268111490713
2.05017426883843 -0.03458043358616525 -0.03827691567177638
-1.7260628189764293 0.6345411155581049 -0.19384074700112208
1.9436272022244445 0.15694652142160148 -0.04348016274208888
1.8190919753704977 0.34179757489563034 -0.05014634621376857
-0.1265786292181703 -0.39167565015785843 0.6981246422505869
1.6485200401779698 0.5095371303343788 -0.06048417580361232
-0.19247764469675732 -0.1764512567162564 0.6959297608113779
1.3150542634896754 0.6168036019036354 -0.0836899329447256
-0.29967709174624146 0.02314980061323002 0.6910622071004404
0.981621184871964 0.7261299659418343 -0.1069138098978506
-0.43426363503970844 0.21280175150892688 0.6844117592549814
1.9871328644799444 -0.7864873859019736 -0.16318393242592677
-0.5354822695113766 0.41516798059240134 0.6798527191854014
2.072498564748222 -0.5171928112284956 -0.15273118508095607
2.2285631126424024 -0.22123084774343127 -0.13662696373696193
2.1028414613400526 -0.03770979120818918 -0.14338660729164943
-1.57752122404106 0.7475871302624517 -0.2962491561197744
1.9730594972300546 0.14460855032673425 -0.15051818382973536
0.09486520391566411 -0.5592570343730463 0.5977628182149424
1.9043538754048106 0.35080915100570653 -0.15276074898476466
0.13085707906515076 -0.305408699159174 0.6023275803304209
1.8783169446619636 0.5731587274367413 -0.15161014092202052
0.16788659127731587 -0.05209488379622673 0.6069128464437021
0.14055068071504206 0.17609683429318235 0.6072251747823252
0.9082814416928303 0.6749294646796491 -0.22344995033974513
0.10940639548070608 0.4024654688368825 0.6072437714314951
1.7714959406694508 -0.7089275933939119 -0.28812051308388575
1.9869814920395787 -0.38772268304116064 -0.26660657418007716
2.2132773678347935 -0.0646585853776287 -0.24428534996743068
-1.730809010448889 0.6682401931349302 -0.4233973075174795
1.985877566237364 0.0792291369496878 -0.2595794249796377
1.940197481258616 0.29436754900884043 -0.2598855544352041
1.937229286393646 0.5255347884670831 -0.25671792519326075
1.8605400754520907 0.7282828558977066 -0.25969386589760646
0.8348552566832739 0.8114723189134638 -0.33769488823647364
0.21733880402521855 0.6199556645235704 0.5043957184529795
1.8779970936207406 -0.7373094066330061 -0.39022946846718654
0.18327369226777368 0.8075521413391877 -0.38812661659951075
2.00987889906584 -0.44940538119497564 -0.3752238799356924
-0.3940375073589568 0.8350497682563409 -0.43243432533974513
2.2404374033237042 -0.12427130400649133 -0.3519432593607412
-1.1549358381107495 0.8008477483134762 -0.49184203636879786
2.087190298537895 0.048399165376307174 -0.3612296630167471
-1.803995967058125 0.8115981123788778 -0.5420372535013662
2.046040168995483 0.26501917018832977 -0.3610808898233877
-0.21833930773769583 -0.8026710454409152 0.3499348114705576
1.9125785988052613 0.44601678974753955 -0.3687870551371084
1.8449449954568649 0.6523893040047115 -0.3709800292276846
1.057559029208655 0.8231705988789573 -0.4305074263834463
0.08700787386498621 0.27415751638463615 0.38098024832968846
0.4624778688257788 0.8384877128749944 -0.4772613097452627
1.8307437508538 -0.47431310083236067 -0.4994137336039053
-0.37216036589709134 0.7710081770937016 -0.5441801596903311
1.9592403485088137 -0.18896546083441468 -0.484384303214501
0.586820157909484 -0.7043668982459117 0.29191040503745214
-1.100092200914333 0.7478155257064802 -0.6020877410196768
1.9404290476802823 0.037260454032587376 -0.4821760703348623
-1.5752487377725413 0.8194745783154946 -0.6387217093729483
