-1.7900688684345587 0.8660465665709971 -0.4901252882100682
-2.0837827280024515 0.5795725581703728 -0.46406184597984357
-2.1243267054485697 0.3445858545088747 -0.459332575044785
-2.0874199836914453 0.12492081744897021 -0.4611674444295506
-2.1100790809658454 -0.10581738899600879 -0.45805989666954083
-2.0796472942750173 -0.3263884228684262 -0.45946608944908185
-1.6174146527943156 -0.2624107134514908 0.40207708910926776
-2.050009855115597 -0.5470380834509108 -0.4608636991597752
-1.2685512027074797 -0.6561054118851182 0.37879122332557635
-1.0796195173918655 -0.8313784930031645 -0.5402561323262791
0.5108158089286894 -0.792191612719936 -0.672711481294785
-1.8684357745576365 0.7019869474135696 -0.5951744215108494
-1.9916636066697562 0.4499299839367197 -0.5831781522847752
-1.944690405339486 0.43846516893106013 0.310686956205215
-2.1697102709328755 0.1885837115750384 -0.5665451185323338
-1.8878437485943778 0.22193862133900666 0.30738247469886737
-2.21659927123636 -0.04654305877804177 -0.5612255231954197
-2.166371690332129 -0.2631555808287551 -0.5642939703084568
-2.1070834267690257 -0.47820278829107465 -0.5681964056111912
-1.7757890125897733 -0.4388501367248203 0.3013614519022365
-1.6630302023436832 -0.6457580869437187 0.29387367800697284
-1.4359975179849238 -0.8129703364300696 -0.6235076086141209
-0.8973007153664376 -0.7402305531114166 0.23970879153236346
0.47814522894122113 -0.7156318359285692 -0.78645049496666
0.5176579060224826 -0.7299563095239066 0.13914860323890643
-1.5932027973253202 0.6994425402353919 -0.7314807073690037
-1.8817899271712202 0.6216885119754636 0.19330681399330096
-1.1540529678349554 0.5557321230589984 -0.7684436933614354
-1.9809758898308312 0.3746204463959373 0.2014449937723537
-1.9782596807489359 0.14795352821093033 0.20206392840370135
-1.872874064336103 -0.03875548643228299 -0.702707876405869
-2.015562003757375 -0.08589424867315287 0.2055658204935451
-1.8618164088769689 -0.26375935947058693 -0.7023731367208104
-1.9654409570449412 -0.3031876842050991 0.20261562899574237
-1.8172504331227222 -0.48253729435075243 -0.7050324575521092
-1.9307910214816193 -0.5233291033069278 0.20074881152137714
-1.7685341240870267 -0.7006218146357952 -0.7081137792684178
-1.8870910711036402 -0.7418447199610583 0.19817150668128924
-1.4505735657968124 -0.8723476404031132 -0.7348009245015721
0.1946028102809887 -0.8429103245872227 0.0469197137735744
-1.9527490038970283 0.6305273762996215 0.08622253970130878
-2.0470077328021326 0.3845949125242356 0.09424675539955096
-2.098119483080114 0.14788331295140722 0.09898127154334979
-2.076603766114597 -0.07459080054166733 0.09821213320716815
-2.034253462665114 -0.30441532288436335 0.0958699090860744
-1.9966607885027212 -0.5124832557374503 0.09375704363807635
-0.8927901254474211 -0.7737758023605572 0.012334237851943541
0.4578929364741482 -0.7750529104211772 -0.08831464215293927
-1.903661487547466 0.492189013582351 -0.029101480684433412
-2.047399373931772 0.23700830841805143 -0.017064680299911927
-2.0361632830937735 -0.010326698485577879 -0.016897787294540834
-2.031925718129213 -0.22472881241191445 -0.016385187349472474
-1.997009489908712 -0.4446525185616288 -0.0182353155233006
0.29399919955503684 -0.9660780699222826 -0.191238035402451
-2.0108066065651675 0.5281655313433404 -0.13324700757041974
-2.1396932098978567 0.27602096673989607 -0.12203370495811505
-2.0344414519911282 0.06939813853295362 -0.12928162976280255
-0.7227499933324619 0.5049756389300804 0.6806348665140529
-2.0328084949149714 -0.15691377872796153 -0.12843810482994122
-0.7294007852371411 0.2721501985950212 0.6814969880960842
-2.0290625573324457 -0.37124694518486834 -0.12785827084556622
-0.7123583365931223 0.04406013114676455 0.68079222277626
-1.9966067085931565 -0.5802182999624463 -0.12958299084678693
-0.5999698126449324 -0.15501838852080851 0.67389525012001
-1.9364813945550026 -0.806907840806204 -0.13345061703697247
-1.2659797955187262 -0.9407231679975965 -0.1852718488790135
-0.11257429122001739 -0.9756906779593493 -0.27512799664512677
-2.0653120120880413 0.449365097100916 -0.24066602154747052
-2.054603436505963 0.23574391016864382 -0.24044381543174786
-1.3606262103213682 0.3481286776878285 0.608742605008926
-2.047471939809128 0.010316269468525263 -0.2399307386495213
-1.2991665257923106 0.1304590963432517 0.6051782472513576
-2.0578608858525964 -0.20678138313039085 -0.238115419588242
-1.2650395890889259 -0.08094266207863399 0.6033543451212307
-2.0346682645619003 -0.4174545752438945 -0.23904858990684552
-1.2266942452907514 -0.2915431908636492 0.6012128694437404
-1.9729229484050093 -0.6211637489298738 -0.24312840863243146
-1.110458645491022 -0.48831314568719364 0.5938838823221584
-0.8306721099038787 -0.6686249278119796 0.575724969663467
-0.20216887317821364 -0.7912371869191297 0.5344842775247951
-1.9085125597667778 0.9704277809214794 -0.3684364454366307
-2.1333434370845747 0.6973130271269774 -0.3486071722127537
-2.060965213404068 0.4843597557106776 -0.35327922268882794
-1.7010361262845572 0.5455650511069337 0.5181239946268459
-2.104678610964714 0.2375358887867698 -0.348403562746201
-1.7445937246717724 0.2974546965706786 0.5217326982401271
-2.10243000943767 0.011354862076817795 -0.3474255697347264
-1.7323479945085731 0.0718915964470419 0.5214747293375392
-2.0842944813948057 -0.22292490218988803 -0.34775792523399396
-1.674732708870807 -0.15646292702973952 0.518117318906631
-2.049368771912059 -0.4426725187359608 -0.3495803968526463
-1.4382978165198077 -0.3412086651791171 0.5025504930399318
-1.0599119517474653 -0.5022059270271981 0.4773095949076076
0.020986677125719666 -0.5436298224670466 0.4043582780741115
0.5858788610310457 -0.6709956891440996 -0.5631152288533787
1.964528948218062 0.9591323066162509 -0.30359565182701154
1.9012734331662102 0.9237639435305489 -0.3049775259114842
1.8338014165398757 0.8973139943579547 -0.30359565182701154
1.7662559499896524 0.8711026283438201 -0.3022142545796971
1.6604764908152951 0.9280872985982285 -0.2745834486104588
1.5870896685411982 0.9156159276951428 -0.2690569059468846
1.1922696972347229 0.16697313161963834 0.5556658609293361
1.5236086163283105 0.881528474079996 -0.27043878003135724
0.9699347324564771 0.5114197620626264 0.6529682977579494
1.424670406906598 0.9266172255282683 -0.24695216580406232
1.3495171098929646 0.9194413532032861 -0.24004470273033185
0.8178336327153284 0.5015981122446362 0.6646913392923732
1.2724833013953027 0.916966342463212 -0.23175536557212872
0.7382535564699513 0.5061535347469786 0.672897706785049
1.1955336038082418 0.9147987661273689 -0.2234665052510838
0.6588006022628274 0.5110309238683115 0.6811040742777248
1.114866258186339 0.9217679602568154 -0.21241389676109357
0.5848162572201376 0.5026567303525731 0.6857928140543361
1.0362339008564954 0.9246506620990438 -0.202743162355576
0.5108637724352789 0.49457113310650413 0.6904825075052639
0.9577183568050307 0.927854955927188 -0.1930724279500584
0.4369468339169309 0.4867673845012135 0.6951717241190334
0.8867438155174128 0.9136423372765492 -0.18892775937095685
0.3630677172640189 0.479244773205977 0.6998609407328029
0.8084075301067957 0.917460048270943 -0.17925654812828107
0.2960921967864598 0.4538154610255809 0.6998609407328029
0.7338416433432151 0.9127032254847229 -0.1723490850545506
0.22732967831758977 0.43316848832549226 0.7010330064676662
0.6593381562323035 0.9082358441312692 -0.16544114514366193
0.1568249490732203 0.4173314210029133 0.7033780916117092
0.5848971144838622 0.9040602879581634 -0.15853368206993146
0.08963541671319941 0.3926200736966443 0.7033780916117092
0.5069647914173103 0.9091070141673576 -0.14886294766441388
0.02235999780308262 0.36814540186697897 0.7033780916117092
0.42739966916298666 0.9189390368693431 -0.13781033917442365
-0.041725867062159416 0.33475059453947864 0.7010330064676662
0.3532308251028997 0.9156671844583535 -0.13090287610069318
-0.10758389116736478 0.30615586990836974 0.6998609407328029
0.2773984139112011 0.9171678646391861 -0.12261306210533185
-0.1735544968730398 0.2777785879601389 0.6986883981607814
0.19823830015647648 0.9279452076138206 -0.11156140728965802
-0.23805099591859413 0.24503531252502242 0.6963437898538967
0.1260365783663815 0.9210669014194828 -0.1060348646260838
-0.30112031398936345 0.20790634027928334 0.6928271158121486
0.05555699879829845 0.9099636891156528 -0.10189019604698224
-0.36748298340552665 0.1801939695582 0.6916550500772853
-0.016582324763315448 0.9036334130174772 -0.09636413022056622
-0.43087468208798274 0.1434839098926588 0.6881374223612209
-0.09198219456765688 0.9065999735668626 -0.0880747930623631
-0.49291782553019203 0.10236676872122885 0.6834482057474514
-0.16400511766328396 0.9008284243898181 -0.08254872723594708
-0.5551686295140907 0.06144323487366066 0.67875946597084
-0.2376063594047899 0.8998579147618209 -0.07564078732505841
-0.6161345983247486 0.01609257054414215 0.672897706785049
-0.3143383402364792 0.908228395897936 -0.06597005291954083
-0.6655287032216517 -0.06612012191933303 0.6576575143717189
-0.38934101087438755 0.9123697319209398 -0.05768119259849591
-0.7183405045196567 -0.13895408092114891 0.6447619302652736
-0.4610904432191161 0.9077284963840633 -0.05215464993492169
-0.7701388498289301 -0.21630020072051792 0.630694280423965
-0.5374618403856459 0.9169958356397423 -0.042483915529404115
-0.8195472141543121 -0.3028181062338753 0.6142820222757717
-0.6090651523489266 0.9129112309672394 -0.0369578497029881
-0.8807752244542648 -0.35202483369749515 0.6072477205179592
-0.6851951216437868 0.9227709551841841 -0.02728711529747052
-0.7551411066144293 0.9146827403842153 -0.02314244671836896
-0.8235767058774437 0.9022899320359379 -0.02037917538658185
-0.8905450219800883 0.8855732304294541 -0.018997778139267396
-0.956094049842461 0.8645168635277471 -0.018997778139267396
-1.0217161758505409 0.8436875791508385 -0.018997778139267396
-1.0845514048826663 0.8139113511119689 -0.021760572633896302
-1.1503499254020122 0.7935332816101202 -0.021760572633896302
-1.2162188358735504 0.7733842457860547 -0.021760572633896302
-1.2545363796936533 0.661409464182622 -0.04939185544029279
-1.293568886153368 0.5494767217540968 -0.07702266140953107
-1.3400555425616103 0.46064426555945204 -0.09774600430503888
-1.3844300729011696 0.3626749210254445 -0.1212321416951756
-1.395187617861395 0.14462056686220848 -0.18063842221275372
-1.3904963508309711 -0.13372831427755116 -0.25800477429405255
