-2.170947949568813 0.36461750456637176 0.5861053147945299
-0.5650156823322021 0.46220737959635017 0.6718072572383775
-2.0753866493761564 0.540805038864665 -0.2559914907779799
-2.1517907013633106 0.29079814435787554 -0.25859549849892716
-2.1744277098889455 0.016786773956258827 -0.26640847533608536
-2.1845193648984065 -0.2635187413472124 -0.2755227407779799
-2.1366998455703907 -0.5707292800157191 -0.2902808508243666
-1.3477164443708176 0.6092439166894614 0.5971774736080064
-1.588542086839766 0.42807844291825603 0.6083984056148424
-1.6241655910615265 0.158431528200218 0.6027879396114244
-2.0939184084882925 0.29265796735676375 -0.4071460089054213
-1.6608496041777698 -0.11131814568963705 0.5971774736080064
-2.0892346062589695 0.0063997837904672394 -0.41779282897378067
-2.108461832885112 -0.2700995334129388 -0.4262209257450209
-2.110610079132769 -0.5550239589821722 -0.4364242872562514
-1.4906889094443159 0.3275311606515139 0.46707054764365097
-1.5586656266210355 0.07149470698468363 0.4640087762508287
-1.627604296126819 -0.1844320268577775 0.46094652802084823
-1.5878907818606365 -0.25932433332054217 -0.6003623327579604
-1.8444927874626131 -0.4320187654823826 -0.5854363760318861
-2.1513942896216776 -0.5807667192769372 -0.5655360540714369
-1.725035869101177 0.7260449728845764 0.3778266587886705
-1.626907487794412 0.39963074454006886 0.3606419244441881
-1.5302197234810535 0.07218058771508495 0.34345766693686386
-1.6356307169839255 -0.16773621493094737 0.34345766693686386
-1.5555485030903924 -0.47593099488740975 -0.743439706262599
-1.7576628580632132 0.5403231969408608 0.23022123962973495
-1.9802194994268092 0.35300097108390105 0.24062439591025253
-2.070962631359876 0.10863900292656581 0.23942371994589706
-2.0897159336365405 -0.1678411226011356 0.23182150513266464
-2.0095213834788552 -0.48943292047114184 0.21541687637900253
-1.9125751834068012 -0.8201819508525929 0.19741055161093612
-1.8619027137958 0.8672708329338583 0.11753842026327987
-1.9416719202720714 0.6186301298097696 0.11549517304037948
-1.8670202554994262 0.3024656444898355 0.09955021530722519
-1.9807465720405872 0.06775193293868043 0.10036799103354355
-1.9309196885725157 0.5703264710638258 -0.017757924493800203
-2.0071885369094957 0.319846972573405 -0.020263703760157625
-1.9020144731693591 -0.010856330128198977 -0.03946927398110489
-2.0669005001511493 -0.2231238929674575 -0.03404143660927872
-1.7810649242443048 0.8586559603267219 -0.1507053694095717
-1.8700056338816324 0.6136942319781511 -0.15198376983071427
-1.9598236640276383 0.3689997290498397 -0.15326264708901505
-1.968429658732461 0.08846163306311539 -0.1622133573856459
-1.9554032642280106 -0.20247501462484152 -0.17329457610512833
