1.1050477184432097 0.8004735090338961 0.39770253809362455
-1.1627373294558723 0.7463839165548372 0.40439947756200834
-1.9405503379987579 0.513590780542442 0.4020903936234097
-1.9350706326412137 0.1445655260513412 0.3942461839523892
1.5516074119608945 0.806167972278585 0.23805054338842435
-1.9563682271831055 -0.20864585578903494 0.38680704744726224
-1.987406148351134 0.45425591351948924 0.24769791277318998
-2.0534982923262675 0.1315921338576871 0.24085911425024076
1.468558054471913 0.8956496794300346 0.08241518648534818
-2.0916640083431943 -0.21036912091396331 0.23343928965002103
-1.98056041419229 0.4879650628571621 0.09513338716894193
2.0004046428830335 0.8517169296817269 -0.08089772550195651
-2.038130898459741 0.15987581531136108 0.08790882738500638
1.4342079152636913 0.8257580951201025 -0.07696620313257174
-1.9859406089720224 0.4018610100652946 -0.06018248883813815
-2.1093578339990273 0.42853982365983967 -0.2117566236647983
-1.912670431787312 0.7587551977671243 -0.35847798673242526
-2.111917979375299 0.5229404646726099 -0.36245862332910495
-1.0944707921363488 0.7627322956388696 0.7131229272690396
-1.4750319435454315 0.639495377699431 0.7109182706680874
-1.5905819778719845 0.3479744252796344 0.705349051078854
-1.5604160530733395 -0.03847464880077922 0.6978772512283902
-1.839032590643079 0.41813249201621616 0.5532675615158658
-1.9219662577527146 0.10587575296200491 0.5470929971542935
-1.9330432390353565 -0.6231500615739787 0.5322905412521939
-1.6515888563852172 0.05276376336191291 0.3366595140305142
-2.0510263729336913 -0.2011408019868508 -0.2843851217421909
-2.02102770014762 -0.5227510366574961 -0.28172437039941745
-1.975278923414585 -0.6762668769672171 -0.2823156484755893
-1.8813639130363669 -0.8189813989871482 -0.28586355535119967
-2.055431607730128 -0.31020315356522765 -0.3628036150130649
-2.0186663548283903 -0.46583020739053005 -0.3628036150130649
-1.9970364609453597 -0.6249486370962085 -0.3618902334365268
-1.9467689091846125 -0.7774636046361927 -0.3628036150130649
-2.1380867204096248 -0.37198581446303614 -0.43705622045129733
-2.038367483565054 -0.5125794195987101 -0.441126025596561
-2.065530861151494 -0.6827888004467919 -0.43705622045129733
-2.0184030799895325 0.1581315420456253 0.11064466150671048
-2.0527613456509926 -0.015429447839245825 0.11442621858984037
-2.127014637631895 -0.35405919064966085 -0.5180658468398471
-2.0904012113393335 -0.5094356479583677 -0.5180658468398471
-1.9959804185726213 -0.6515108805149641 -0.521927274146976
-2.017542215067998 0.03334602600041059 0.031804167350826695
-0.7112968041095229 0.3456595437275958 0.6225454440918545
-2.0086901694447263 -0.12945517046568256 0.03336890848547025
-0.6771045371292033 0.1841620928263623 0.6227365365830044
-0.6386228463045001 0.02372202766385101 0.6227365365830044
-2.038158404255938 -0.4490715642870313 -0.6024414667281528
-0.6298838793509418 -0.14369031950639055 0.6238828531113247
-2.0213252829377097 -0.6092544979897152 -0.6011194357070346
-1.9273294279068836 -0.6039568806707187 0.034933649620113805
-2.014791712135178 -0.771639639767784 -0.5991362699660678
-0.5411549285623565 -0.461708402532345 0.6233096948471646
-1.7540617288469988 -0.8933502696141069 0.02945669802099271
-0.38790149844393085 -0.5964915038768908 0.6187240711060147
-2.098714277741408 0.21851155118809196 -0.04667250005334811
-2.0940405149452417 0.05466466750987031 -0.044785893836917445
-1.4196848066409515 0.22090683180747206 0.5686764350739102
-2.0899593145905584 -0.10907418035509053 -0.04289928762048678
-1.3956384411142082 0.05952146408031389 0.5692759385910611
-2.1075555590008577 -0.4172762382499524 -0.6785711416396518
-1.3916009161047285 -0.10654589297890027 0.5706743827667813
-2.0350126748840296 -0.424800450875944 -0.041821158805789516
-1.9283356608242315 -0.7038314703768602 -0.6860334047469516
-1.2490671927385435 -0.40677469726032633 0.5678772559967618
-1.880074531822821 -0.7174453310078821 -0.04640284864038424
-1.0226790337971607 -0.5218860878748703 0.5600854984131436
-2.090256913805952 -0.12670793725052043 -0.12281099645227389
-1.598749259226203 -0.0075414019707125135 0.49687322290807767
-2.0528526453903595 -0.2822157493174178 -0.12281099645227389
-1.5852238383112507 -0.1705654441574076 0.4979155889359097
-2.015990618084615 -0.43785088183641285 -0.12281099645227389
-1.5820150787834564 -0.3358350009253144 0.49937518747716947
-1.9650808388967604 -0.5902376280253776 -0.12364569989770846
-1.9146920390493776 -0.7428530893612635 -0.12448040334314303
-1.5092169067771977 -0.6505206051373165 0.49937518747716947
-1.825848695505755 -0.8869634377563003 -0.1275409826430698
-1.249399490597682 -0.7578108599491191 0.4897838464584927
-1.6868706285826676 0.12788382216419514 0.41825779589086576
-1.9198520224500797 -0.08649317953462621 -0.21304551450342135
-1.6631435228837574 -0.03256147455611824 0.41890939386755033
-2.0639794053894747 -0.4502288633120308 -0.20013252584070162
-1.6368576322286046 -0.35810906574051415 0.42108162554174466
-1.9790686369842518 -0.5945733786769534 -0.20300237027734713
-1.561330314153004 -0.5061948334951847 0.4193437925186734
-1.9238265914266748 -0.7460298817131328 -0.20414987889856295
-1.1989092257762195 -0.5892918933305538 0.4047897687759976
