-2.3785658006400325 0.5470642899436235 0.5870516622906221
-2.401987393087154 1.022384929613672 0.2771151388531221
-2.412094827769778 0.38951371603588214 0.27104786285214555
-2.4144720987900854 -0.2424609373552471 0.26469925292782914
-2.3541948797345924 -0.87020757707079 0.2563593710308565
-1.6682953769583264 0.7100162652828494 0.4025853002911104
-1.740786665119387 0.2834398903008335 0.4030721510296358
-1.7950069794284644 -0.14584663086157335 0.4025853002911104
-1.697739891301154 -0.5987088778922036 0.39455440887265336
-1.908247521190276 0.7654083663145528 0.1982095564251436
-1.7878821142659405 0.3111729481460763 0.18888214477353227
-1.8419933563430106 -0.11793601693153377 0.18837765106015336
-1.9173705453051753 -0.5438283038409502 0.18888214477353227
-0.6584548844299434 0.6941172337664554 -0.08331033340639937
-1.704209296005203 0.40705312668997706 -0.031409469758938435
-1.7431893328565593 -0.024573076464921684 -0.03271361938662398
-1.7787454564424081 -0.45690997178588333 -0.03427859893984664
-1.8750170852547114 -0.8798944417309151 -0.03271361938662398
-0.8968672854034736 0.837143942203177 -0.28807660690493453
-1.7939457418927276 0.5283809908032175 -0.242526737367581
-1.630054551411817 0.06678564730647096 -0.25492498031802047
-1.6208669753102782 -0.37272699628740824 -0.25896808258242476
-1.0472768244356558 -0.5057384988338995 -0.5089399491900908
-1.1190707273590874 -0.9351724730493913 -0.5086614762897002
-1.5867382329156783 -0.8407946485031346 -0.6995751535052763
