-1.1379159719991705 -0.8807378687623881 0.10773747841206927
-0.5171211542649274 -0.861451629235809 0.12091892639485735
0.5096704750893508 -1.0003238185865655 0.1464089719423427
-1.2114177388097076 -0.9297222595020926 -0.011000219189249094
-0.5531436656907829 -0.923587213114665 0.004370149768270437
-0.04989866242489427 -0.8634485552016073 0.014855798877157156
-1.1264773097826506 -0.9114527091567979 -0.12747532447489363
-0.48234624280125615 -0.9007341208930555 -0.11149889548929792
-1.0709128667508665 -0.9576467232585628 -0.2311850221982823
-0.51114347283211 -0.9153917812439119 -0.2172527941099034
-0.940599644039402 -0.8058074306533243 -0.3609195383420811
-0.33934007975722125 -0.5167010709182307 0.5852412549623622
0.3191871396169219 -0.021724559857901227 0.5855922071107997
0.3072108207305817 0.2331524891475496 0.5803775159486904
0.2544898777021345 0.5051812893254422 0.5741857854494228
-1.1274766505346676 -0.7853742110448465 0.46025937477437395
0.3131447213803895 -0.33167749753727094 0.4755589334139003
0.32783213504377073 -0.08817256664573137 0.4708675710329189
0.2920102753604752 0.18845859950003785 0.4646300641664638
0.276532303818243 0.43287395949705143 0.45937102714864153
-1.575956474134621 -0.5935509761273181 0.3298527566560878
-1.0433158145608061 -0.5401156027869547 0.3386716214784755
-1.2951780984810384 -0.951347919175241 0.2241205541261806
0.5073778897907815 -1.1252164896805326 0.26433866897908587
0.6597294978517709 0.5530399383087428 0.23120969215718645
2.0975340912998774 -0.3730540477850539 -0.025959792934976633
2.145238937843274 -0.0718324865094786 -0.010881009899698313
2.143852965688964 0.17361544503841486 -0.00023705085428815664
2.082599833618012 0.3528503651499335 0.00508469024983782
1.9914973647521919 0.4992974168386155 0.007745680011190359
1.8565021869582026 0.5987476502824833 0.006562885440267507
0.35716628930656924 0.02174235154448212 0.6081976262697353
0.33892747204976814 0.2486092942527165 0.6149758664735927
2.199489682835299 0.14936468112924928 -0.08271366676004988
0.2763194931521724 0.4288890104084473 0.618817028201498
2.1855859188158107 0.37969595177063553 -0.07297379096659284
0.16181231747319913 0.5559448427393932 0.6192688314088954
2.0740904241423976 0.5039343632068167 -0.07206064780863386
0.044253503772083036 0.6798437179355403 0.6194948522218837
-0.16490080971595944 0.712519435160246 0.6138462392458095
-0.4133259605767776 0.7076091508884303 0.6057123510011806
0.38693557936027645 -0.5420829176285196 0.504167255557455
-0.6194312817221501 0.7460010012232559 0.6002897588380947
-0.8829204281562042 0.7296301351129131 0.5912517873415126
-1.1110636643874088 0.7494164951988367 0.5844735471376552
0.5431780704971345 0.36173845564691476 0.5398358670839443
0.4039195735119989 0.46294259287743955 0.5386623708376064
0.30005652414275374 0.6002247046050257 0.5398358670839443
0.1932151302376397 0.7342685868126111 0.5407745210298671
0.058606814914391236 0.840404882841348 0.5398358670839443
0.5619942125774244 -0.5444795269891571 0.42336529175130266
0.613609238578313 0.7386017256812565 0.4700936643251552
0.40533229974951723 0.7686430969951914 0.4640092221864833
2.0784017543084303 0.5481861909082113 -0.2365422876706944
0.7402646033558042 -0.6178527897907387 0.3404509393343105
0.7652776375654327 0.8824446319176431 0.39591139236775774
0.508358257977207 0.8622492560523867 0.3860799638399257
0.36366976272763907 0.9566381073686259 0.38431518951741594
2.0545874608058483 0.694204503543574 -0.31391150077494245
0.838870121551146 -0.5743046271107701 0.2593352166780605
1.9682610940358316 0.8441947532135572 -0.3106065424314366
0.6760620254551952 -0.49618228321292435 0.2564663259157314
0.7591328958973023 0.8175701028067905 0.30888884941426653
0.6249199355362478 0.9216344913439158 0.3078457681306972
1.2800597874349648 -0.6655815712039583 0.1858357755312099
0.4945450460616527 1.0297567810376833 0.30706327835408587
1.1104401120789902 -0.5965911390014256 0.18233197609273333
1.22111259146795 -0.22837358743954184 0.2009291020998134
1.203604645656739 0.0007642585801050927 0.20928424278584856
1.166636213375611 0.2078928555596491 0.21602242866841692
0.9749537574565608 0.7387332873830275 0.22949856201497454
1.4870749989094278 -0.4153602631051001 0.11815446297017473
0.8544947854999236 0.8562532950676385 0.22949856201497454
1.4307051503001844 -0.22660735951423305 0.1237193910249843
0.7309467713851134 0.9706402009552733 0.22922891060201067
1.4470199099515284 0.03850487279240156 0.13512700477925677
0.5972369259651487 1.0748424985500549 0.2281507817873134
1.4030291684538554 0.2377958954064212 0.1415263978609218
1.3737972022385136 0.45141801679852733 0.14903872886983294
1.2868988731256792 0.6035755940621499 0.15182131210652727
1.0732967370682118 0.8654888292645211 0.15404694954244036
1.8744502044735327 -0.4937726505804392 0.044709619677938406
0.9078678350545957 0.9363103843879585 0.15042990127889055
1.9321843922643325 -0.18100299499659656 0.060204919970907156
0.7004530380796012 0.9652171695769667 0.14347403923360247
1.917063566643101 0.050361351710229485 0.06938737312642473
0.47523041867245297 0.97744501753386 0.13512700477925677
1.855495609929953 0.23030145603623708 0.07455247322408098
0.3026546117522173 1.043773430114662 0.1309534875520839
1.7879495702745416 0.4029644732703588 0.07914369980183977
1.7143464937713446 0.568419140465636 0.0831610528597011
1.5760714929042905 0.6652861889410744 0.0817262498506679
1.410434449822894 0.7338857921562081 0.07799595276204485
1.2309949035511494 0.7888554960675194 0.07311790863362688
1.0376213298676547 0.8303481415721095 0.06709164062825579
0.8126821516410985 0.8406759286259273 0.05848329941121477
0.6049408204553828 0.8699251891670841 0.05130952278462786
-0.20353346793099547 0.3079438098234917 0.6858937112459316
-0.3219498807942216 0.4331139440552576 0.6861111489900722
-0.4434644345241381 0.5551655329245904 0.6861111489900722
