1.7869679744820548 0.4787599306650945 -0.03157862959377411
1.409624918690861 0.553947495114139 -0.054846852402612
0.9124691228573303 0.5943917869887079 -0.08639678297512177
0.3458554368668616 0.6222869845673387 -0.12266406355373505
-0.3003034589471758 0.6096310377649088 -0.1646967822121823
-0.9426712276352855 0.6030389874508852 -0.20644625959865692
2.1310065293471125 0.260096271780633 -0.12542638121120575
2.034208807271747 0.4632959125590821 -0.12868747053615692
1.9334974153912778 0.664937362785917 -0.13227710066311005
1.5753222777101143 0.7602036998112025 -0.15455922422878388
0.9723893145870173 0.7574544030403336 -0.19456633863918427
0.3594862244366339 0.7548754209718416 -0.23527964888088349
-0.2819386125170227 0.7451301519960705 -0.2780395442055905
-0.9566373341132497 0.7266625016632728 -0.3231836253213132
0.3875981609287096 -0.559235977948362 0.55955639543064
2.1822699007854425 0.4524314060814527 -0.23168715773098114
0.3891862672934243 -0.2945937963127645 0.5624713009787357
2.017387838591306 0.6388562762603804 -0.23987922010891083
0.3412331904816899 -0.051515905354082125 0.5624021595907962
1.7142508772349672 0.7441996283757559 -0.25877293882839325
0.24310971247733448 0.14537117359134877 0.5590619152975833
1.1115689148226735 0.7404488508397522 -0.29974564848415497
0.10430207144624504 0.3381537143976576 0.5534094876242435
0.4847191366080277 0.7186935735361164 -0.34268245039455536
-0.15216372603721995 0.6971069763822424 -0.3863449984597409
-0.7571317403887812 0.7051133110060794 -0.4274331027077878
0.5856580566335765 -0.6759328449047075 0.45332613648898956
-1.5390545101038131 0.6474291035062256 -0.48161277113430145
0.4626374767393646 -0.4771867334073452 0.44868651093967316
2.245552776531751 0.5276311220369729 -0.3386898928689206
0.5703356571142011 -0.16822955868901168 0.4582585400534427
2.071458492898248 0.6977551944717568 -0.3479405337380612
0.531900363821239 0.06545555513071921 0.4587010449362552
1.589075126711404 0.7409404077919168 -0.3807292872475827
0.4943260968804888 0.2990837429360331 0.45915451707370636
1.0416749906873533 0.7607102406355448 -0.418466179947778
0.3930071539248512 0.5061781696521743 0.45567312898166534
0.41975658267649174 0.7539897895010004 -0.4618636065530026
-0.1797996777077353 0.7606197784922211 -0.503542035202905
-0.8359071434098002 0.5084825021793193 0.3860744542074954
-0.9098057526066499 0.7195134595418562 -0.5551162653969968
0.15166150856916172 -0.8630977991150002 0.3100971287680423
0.1014671590946099 -0.6314953275464048 0.31001272859104034
2.0825145168469565 0.4341345919133408 -0.46440133390895966
0.04753828826472528 -0.4018116528326918 0.30964842500217316
2.0507216282396805 0.6645005746937427 -0.4626723223733151
-0.6502486779581247 -0.4416988216923694 0.26867762269504425
1.5038431277125945 0.6809035996576034 -0.5012489253091061
0.3388567513004448 0.22197963743670357 0.333914191145972
0.8687229684648579 0.66485861857171 -0.5467019969033444
0.22812900271054737 0.6510649091713514 -0.5925570422219479
-0.4734374228108531 0.6172489475749705 -0.6431404048012936
-0.9734663826627723 0.44029973199755723 0.25996580781467316
-1.060134042848735 0.6341698178419826 -0.6847520762490475
0.9727801261982285 -0.07347645348538023 0.25242796601779816
2.111938176519596 0.6168922112985546 -0.5718537264870847
0.07390533568653845 -0.20201927767166916 0.19720593156345245
1.9289007104795624 0.7838511120140996 -0.5821743899392331
-0.6929117458550316 -0.269093566132276 0.15058890046604034
1.3543858988547055 0.7904432047769561 -0.6238466197060788
0.3116943734216626 0.39758013728149244 0.2188023632956302
0.7191658852831941 0.7762773343039324 -0.670351117234155
0.7561962487406018 0.8273668006930688 0.25059357347019073
-0.6984470615866654 0.7391557668746778 0.1623472279501712
-1.3367857677844919 0.7379777062444672 0.12400046052463409
2.132035445850083 0.5520527201935144 -0.684309571366235
0.6249177175143776 -0.28359454087581915 0.11349478425510284
1.9626444752560017 0.7246085610539303 -0.6936822825478757
0.5262077816189858 -0.07513395325442884 0.1102236813498294
1.5402709215990358 0.7933839632184387 -0.723815529923364
0.9811225076315901 0.3638300010748079 0.14387455644138214
0.7831321921963554 0.529267697539697 0.13386574449069855
0.7426782438937019 0.7598925887240568 0.13432732285983917
-0.3010098860759207 0.5848585122247769 0.06791201295383331
-0.9527810576147369 0.5743381973936295 0.027637392897680968
1.7436535966163818 0.21554915199109947 0.07522097291477081
1.6558891936044393 0.42396910849754565 0.07261505784519073
1.5688537668311404 0.6326976085393756 0.07001486482150909
1.3118295387751053 0.7714366583971728 0.05570784272678253
0.8748294203637752 0.8381977558177027 0.029038817305639952
0.32651468891277213 0.8628960553874396 -0.005261509995385438
-0.273327215768711 0.87075961387389 -0.043084710221215516
-0.9480996862473057 0.8531500016960063 -0.08602294264309052
2.125116752252031 -0.11254891651190801 -0.018571465592309266
2.118776875204896 0.12990443153062392 -0.015339940171166688
2.030710141135695 0.3370185194714299 -0.017939179520531923
