1.029203705548106 -0.7598626257658267 0.41369833837069603
0.16208805979359653 -0.6102692150512112 0.39495661149539085
0.08080709830871768 -0.4018034563583015 0.39683081994570824
0.9800487005170879 0.532867701238736 0.43681337724246116
0.8828730101935136 0.7233248917317994 0.4379066456369314
0.03933560656335544 0.6326526341618077 0.4149478901437673
-0.3898732948198216 0.5867071980875949 0.403234266143218
-0.7061520590277652 0.6246651777700691 0.39589359651126
-1.0513001971073095 0.6441627003780113 0.3874597776941213
1.349951724048715 0.46839127251080726 0.33979024777926536
1.1441346910003105 0.5772276313154592 0.3364920843652639
0.9425192043416715 0.6900321234081233 0.3333589066080007
0.8096469236028483 0.8539820001873579 0.3330290545038137
-0.05655178837373853 -0.06940011791673584 0.8299765814355764
0.4949580051005853 -0.5277496186126669 0.7267538536600027
0.49785274388057843 -0.2573481156715971 0.7310443152002248
0.4659595333918318 -0.014285596705306602 0.7341646183542165
0.3467362958529634 0.16317897363886402 0.7344246138147268
0.22815721745888595 0.34103278110993784 0.7346847284845266
-0.04733603301301059 0.40448736910123984 0.7298741568139944
-0.4525888926687571 0.3756968316702469 0.7209033001474294
-0.8139806478880445 0.3813612210194677 0.7133625973276052
0.6193493899467555 -0.4056008363831367 0.6242504347375784
0.5947084743229709 -0.15666577020025585 0.6278575886300954
0.6112996744053802 0.1218241762142469 0.6328521002344045
0.5649156494003691 0.352234255725449 0.6356268156579885
0.5074549729427815 0.5736589773529985 0.6379854906610403
0.2206178495807265 0.627368920473522 0.6324359406045827
-0.11099904331584298 0.6504432431664284 0.6253603924325857
-0.4796078892114082 0.6491744110569329 0.6170361269525442
0.9040508858230041 -0.7252252623963642 0.5182165134958181
-0.9221035332422076 0.597864632572275 0.6062147844842825
-1.288024561196373 0.6040167976467075 0.5980292786172781
0.3846363959427137 -0.3127954004928313 0.5133503902963552
0.857759354731229 0.30655591272142146 0.535469316344634
0.7034798720771889 0.4559237880555784 0.5344370831064138
0.39246844308568996 0.4906590139490703 0.5276539553216848
0.04474701375131218 0.5006578306895264 0.519543670516387
-0.3885768791518984 0.45116583850825265 0.5083366859964285
-0.7659779670403495 0.4450575242881456 0.49919428716219993
-1.1521828549797632 0.43533887955677386 0.48975684533633324
-1.5635494799852552 0.410572463049796 0.47943463216342064
