-1.0009563802168273 -0.9883289040702294 -0.026357991636661637
-0.5960774426775437 -0.9658702099974903 -0.0135501455673257
-0.14679382466242785 -0.9679016626848806 0.0014263558975180501
0.27050212166970056 -0.9572880073586916 0.014935152589412581
0.6693633437212654 -0.9403688493781885 0.027615683137508285
1.0231049351210153 -0.9035045923953859 0.038178103028865706
1.278461722121527 -0.8191180191993297 0.044037478028865706
1.4848846450907836 -0.7111811307318234 0.0475460458389243
-0.8384601864353982 0.4891547641017624 0.7304374147048911
1.9411300651006549 -0.7555013888490265 -0.6901010107406655
1.5760250937684361 -0.5448623686061254 0.04546751266631688
-0.4677477221710653 0.5215030697854317 0.737200396119686
-1.121682129107917 -1.0181508887332882 -0.12827859634247218
-1.7061302707051738 -0.7038145126379902 0.6409961152664145
2.049844368363317 -0.600006259825939 -0.6909526419052163
1.6455809153459207 -0.36734212294998514 0.042311327516170394
-0.6762311036227544 -1.014379575305199 -0.11285911315765773
-1.2505220958645147 -0.7026149356073716 0.6511136460891684
1.7069323709295396 -0.1853625490517672 0.038719790040584456
-0.2538239797873665 -1.0024682270234706 -0.09852109664764797
-0.8135012600516163 -0.6955219921981595 0.660652773439022
1.7424736519845432 0.010510918597795182 0.033829348146053206
0.1814951055954026 -0.9998187780478816 -0.08348451370087062
-0.3725721207624524 -0.6933856475497109 0.6703757215133628
1.747953588799522 0.2228988274009609 0.0274197030654868
0.6162023603338369 -0.9999076222270133 -0.06841693633881007
-0.07547868729056262 -0.6228254425638653 0.675223963319393
1.0458390719426838 -1.000498664326095 -0.05354152435150539
0.015991543682858378 -0.45098597084626846 0.6730286050430259
1.3812354040243378 -0.9564827813532446 -0.04332767242279445
0.09912745551722324 -0.2749607801071505 0.6705237794509848
1.6050647150656445 -0.8578105382279233 -0.03868423217621242
0.13390558297326294 -0.07423071060558328 0.6663242745986899
1.7801145305152772 -0.7352890564605303 -0.03649221175995265
0.13838288359969297 0.14256702739107396 0.6610387731185874
-1.5512290873224615 -0.7343059659569704 0.545601503907772
1.8800364530273583 -0.5745984569028764 -0.038102490843204606
0.06834465450270955 0.39878566765673185 0.6531192231765708
-0.6017613131870263 -0.9963555653380851 -0.20879922622528468
1.931800609413603 -0.38885553275624574 -0.042180879057315934
0.22533340399510138 0.5375863940895869 0.6530672479263266
1.9577642216368432 -0.18918488929319466 -0.04761110061493312
0.2691907376118685 -0.9895129743070683 -0.1773837637313882
1.9624742971081979 0.02232733338366444 -0.05417237991180812
0.6679912423318406 -0.9723915416968723 -0.1634844374069253
0.10982104386930303 -0.6719092939499518 0.583495037614437
0.17878202885549044 -0.48950336079305856 0.5805040765396079
1.5176004712352622 -0.9726793583072464 -0.1328137945541421
0.2172101409058662 -0.2914670334909317 0.5763725209823569
1.7457552912787726 -0.8768712432813075 -0.12766109222259914
0.18965355758160385 -0.05927320817443871 0.5697938371292075
-1.9953347283969762 -0.7656427998829471 0.4455272126785239
1.8896061821503878 -0.7388949817357755 -0.12691674941864406
0.11870231375046814 0.19629979274081677 0.5615736413589438
1.9717753386285182 -0.5693978055144626 -0.12942920440521632
0.15091156119207128 0.39966618580906044 0.5570889878860434
2.0545530471451308 -0.40017025398710615 -0.131942613066105
0.17951116168911696 0.6054373546806104 0.5524341035476645
2.0849241017446936 -0.20321799517981276 -0.13725791686859523
2.0984650354100687 0.0032203052066179794 -0.14351402038422023
0.29594435501463323 -0.7863089828435577 0.5037981439224204
1.5749726124238883 -1.012561703983522 -0.2240613531478921
-1.3542267378336597 0.48206415124398916 0.42946495300445164
1.6695296235921617 -0.8488121495891576 -0.2258618902572671
0.16090925174222903 -0.06661903849686013 0.48161806350860203
1.87121772718249 -0.7402813749809951 -0.22186980956879054
-0.3677030898551017 0.4246636143869509 0.45552744156035985
-1.7067873284306287 -0.7266347883246169 0.3419987130752524
1.8780305356976044 -0.5315997162273476 -0.22849784606781398
-0.05530253637215665 0.48458307083671315 0.46168913131866063
2.036160732640596 -0.4014402535513568 -0.2269142698654214
0.25690368599128277 0.5426262358038869 0.46787060981902684
2.110697024803404 -0.22775960327673772 -0.22992311233368312
0.3577949594974399 -0.8606037503241311 0.40111340767058934
0.4931163164968311 -0.712660166981145 0.40076174026641453
-1.173018150458919 0.34510432990806805 0.3277398515335044
1.6474911393218044 -0.8908251050821079 -0.31989656204071437
-1.1850244694318093 0.5751905539504563 0.3211857247940024
1.8712927961398513 -0.7935207830695816 -0.31442914718475734
-0.1738689656370127 0.28018747235056196 0.3560906816116294
-1.7838518040094868 -0.977526358898622 0.24669422393951024
2.01980135422658 -0.6584266408710846 -0.3132036756881753
-0.18574448642001684 0.5075055181807642 0.3495627809158286
-1.3148503341011093 -0.9806493052453149 0.26021446472320164
2.080136972268285 -0.47781499949466166 -0.3169830870040933
-0.8735175829772039 -0.9737256896634321 0.2726441789260825
2.141152502482317 -0.2973250895053283 -0.3207667898544351
2.2204856932191603 -0.12632915592133287 -0.3235505651840249
0.4639467320645423 0.8304401212889871 0.35780920272979344
0.3258658505488832 -1.124540115480869 0.31093849426421727
2.2035865942390025 0.09631797408743381 -0.3318604063400308
0.4559074032874655 -0.9740531015644507 0.3104974198928794
-1.080954517648376 0.008793512917620205 0.23981107956084813
-1.2683899359284965 0.32578661211106663 0.2257219720474204
1.7547737344272782 -0.9985418711112501 -0.40644393676605617
-0.2560085215348309 0.03531001477453799 0.26237882858428563
-1.5735631323328256 -0.8352799306955845 0.1492897439590415
1.9249288069823614 -0.874155318869299 -0.4038060736068765
-0.03775391281335416 0.14388828032690526 0.2654858995071372
-1.1317908803668466 -0.8275620966286681 0.162397043763729
2.015506728404308 -0.7093847441018397 -0.4058216642746011
-0.2543224126627308 0.47619412213356327 0.25006498581084813
-0.6995821937896132 -0.8182520290589963 0.17514290100249852
2.0977971874886805 -0.5403333791883753 -0.4083560537704507
-0.29933134492388547 -0.7962313522088422 0.18654264694366063
2.1364917168061197 -0.34831058718742014 -0.4134858679183999
0.5515227498840254 0.4972521061567292 0.27202905899200047
0.4138399518727951 -0.9320169565704646 0.21175064331206883
2.127405308196895 -0.1305193444259345 -0.4214767050155679
0.4084915007109302 0.7932316879195085 0.2596122193923911
0.5444597824885236 -0.7820026087764234 0.2113968301406821
0.7647419344682547 -0.6775993998593108 0.21499122863921727
0.8292911931026197 -0.49513596871567955 0.2116848397842368
1.8118706614256688 0.6848625068680221 -0.46294437164154445
0.9167432889814684 -0.3242273839489158 0.20936311966094578
-1.5702923199655245 -1.0463669826263384 0.05580295807036961
2.0106111622651213 -0.6859584428268235 -0.5010484289535562
0.9959248573147725 -0.14903594721087643 0.20664419418487157
-1.0475904311751627 -1.0762803201633417 0.07327474838409032
2.137261106336261 -0.5399814598655652 -0.5009139608749429
1.0757214272762852 0.025917584554015605 0.20392288452300633
-0.6201997200905325 -1.063928918376753 0.08648075348052586
2.193638681665224 -0.357392422556174 -0.5050662588485757
1.1428804089846913 0.2075971405659729 0.20060457473907078
-0.18438125016979612 -1.058633921431749 0.1001273561111411
2.211027945456017 -0.1538230711564239 -0.511637551725773
1.2371996271438022 0.375064252438861 0.19847358947906102
0.20153930238051743 -1.0318359512245792 0.11154569870147313
1.0105356435952082 0.714333441426902 0.18183292633208836
0.5915046931989743 -1.009647988788359 0.12319673782500828
0.8514326855350909 -0.9250760812046508 0.1289063859573325
1.075665341572222 -0.8240140216637641 0.13298286682281102
1.153065374347534 -0.6494347622719232 0.1302658486953696
1.9465437072259313 -0.8646579509662828 -0.591624123991398
1.2310899070597046 -0.4751008443365947 0.1275464463821372
2.0238611180743575 -0.6930842394649588 -0.5944508146652261
1.2919948426897285 -0.29181108043323434 0.12399830108794774
1.3270055645727616 -0.0947699854462698 0.11920465713653172
1.3186066649441912 0.12560378048984688 0.1123339105239829
1.3243881733358656 0.3393259353736795 0.10607494598540868
2.202841836409135 -0.32382681919840905 -0.6483410429367105
2.1723057181057754 -0.3657401046459654 -0.10287795776214992
2.137398250779672 -0.16324125452067761 -0.6372443270095864
2.1788278570801296 -0.07399351627401529 -0.0803078245529214
2.0969763835189603 0.04089770566697126 -0.6211029123672525
2.1654149361056554 0.17808428754963046 -0.06164417976227199
2.225221655001924 0.5445168121468811 -0.5701571535476724
2.1292257087799094 0.3863750949587015 -0.04732070678558742
2.151603361184055 0.6827949625522223 -0.5615821909317056
2.0893707334218448 0.5858226022976325 -0.03386555427399074
2.061524259212682 0.7909100279084029 -0.5565377306350747
2.0063772629812604 0.7071999191482163 -0.02822314018097316
1.976912747417959 0.9078832578719727 -0.5504849981674234
1.9116209844011074 0.8071425270787884 -0.024750811994938005
1.8605578622958987 0.9690389683528764 -0.5509894918808023
1.7874352779374476 0.8555880082801934 -0.026486976087955583
1.6743394332505233 0.91024555830775 -0.5656171869644204
1.6784030049206429 0.9303321375445179 -0.025618655622867692
2.150541028833821 -0.4316269209641419 -0.18364916557159816
1.510128202686026 0.8909624763102713 -0.5757056307205239
1.5444398835715631 0.9624774363759343 -0.02909098380890285
0.622079667302831 -0.608812693863328 0.3614505696884116
1.3734080757718061 0.9195257057914077 -0.5802451204666177
1.4282338082795505 1.025170491156409 -0.029525144041446794
0.5257838671454103 -0.49997997333460376 0.36473836189422215
2.044890026164559 -0.06469025017106134 -0.7007509302505532
2.1816300646946765 0.18206235991826958 -0.13440905326691066
1.2213786715266721 0.9230138479433165 -0.5878115724929849
1.2662986725817262 1.0112738702211388 -0.03777180427399074
2.1726459018855415 0.43907378323025625 -0.6489282678970376
2.2012597596510446 0.490289443904139 -0.10956750625458156
1.1126931207481476 0.9996459481096096 -0.5868028234848062
1.0629705098506221 0.9298070034636865 -0.0529633592971841
2.132813166415634 0.6381974676953348 -0.633022410810856
2.0639346003005947 0.5159244453050036 -0.11356006378021632
0.9244145043250249 0.944745209950284 -0.6014309954055825
0.9104658926405129 0.9345657519981927 -0.059473855436710465
2.054846823958968 0.7679995158641049 -0.6253257822402993
1.990510513420766 0.6547177550502497 -0.1060186457046548
0.735512469963659 0.8907584734187708 -0.6160584520706216
0.7499674087587742 0.9272406072159143 -0.06728659385528957
1.9553181145026137 0.8590981335547809 -0.6222470831283609
1.8955565680702975 0.7547170702428261 -0.10247002357330715
0.5694551764419344 0.8758254972438451 -0.6261471342453042
0.5917849172036433 0.9248754169381925 -0.07466541045990382
0.5460621770556102 0.8505911293157808 0.4502235818496665
1.8039862112480982 0.8600262991906007 -0.6299434732803384
1.801072148551814 0.8549746247088734 -0.09892116302338039
0.38732623888203577 0.8362917470404838 -0.6392618250259439
0.4438507380214425 0.940158396355784 -0.0803078245529214
1.7024613768888877 0.9475959580077742 -0.6273783277877847
1.684517189749286 0.916757318665752 -0.09936438316193019
0.22049213446714688 0.8229398110292294 -0.6493500303634683
0.29313941569669666 0.9518482617454964 -0.08638439887848293
-0.08626659625299027 0.34499018976417517 0.3943296838394126
2.2385155739711635 -0.21185730739988173 -0.23034201377716457
0.6755312602516135 -0.6112002981008473 0.29386414772185887
1.5560242961824287 0.9582543362980758 -0.63404832595673
1.5580849134490542 0.9617688056041871 -0.10158262962189113
-0.747289863251499 -0.4608261212364724 -0.8117712568649331
0.1236724404804086 0.9346922055667406 -0.09549914115753566
-0.15158158655830434 0.4978217013557895 0.40127052551421727
2.2792323148312903 0.1406076024726488 -0.20049081558075343
0.6197185387797361 -0.4338236934266533 0.30321468597564305
1.4144898195922835 0.9780990841295818 -0.6396924089798013
1.335418703066182 0.8443612651787404 -0.12065754646149074
-0.9325644864924811 -0.4908403912735295 -0.824381692350773
-0.030136790308048944 0.9435567777751572 -0.10200987571564113
-0.25349596227842497 0.5917774452750564 0.40309728866729344
2.2327663242256435 0.3312863036526963 -0.18737421745148097
0.6235185079746302 -0.1579152978225764 0.3211678434005698
1.2652244682918088 0.9857183813462029 -0.6468757223495523
1.218781193815257 0.9077889031112676 -0.12110124343719875
-0.18950941658638243 0.9447029710053911 -0.10938845390167629
-0.26364216806299723 0.8288458859101482 0.4173447061172446
1.5957962770869365 -0.5352406026339551 -0.8345631193527261
2.201998703587755 0.5479519113165523 -0.17154393905487453
0.6033633020803144 0.07479125191014901 0.33538092857513035
1.108094124999777 0.9811904210708775 -0.6555982660659829
1.10492116844976 0.9759078705195421 -0.12110124343719875
-0.3437215793408015 0.9549431904668779 -0.11589918845978175
-1.123598394282869 -0.25456897404438195 0.3165160585037192
1.4720076978328152 -0.47709177661857183 -0.8356069158920327
2.0991083699683912 0.6343224515999282 -0.1692825388320962
0.43760168704137214 0.06397934449350373 0.3282743859878501
0.8270508662780856 0.7731488983239885 -0.6889496874221841
0.9500219014197704 0.9762539085335717 -0.12819872611847316
-0.4682707672678035 1.0118015600081591 -0.11763535255279933
-1.0947936509440659 0.04753221559113996 0.3362432885757407
1.345933058862041 -0.42281483548180887 -0.8371718954452554
2.0015209524932303 0.7296685938558056 -0.16611634010162746
0.6787014116670527 0.7224788498036716 0.37988962417754735
-0.2899198687795348 -0.8003856042144548 -0.8875177931198159
0.7922979776944885 0.973037137928543 -0.13574014419403468
-0.6663379469978672 0.956621623070788 -0.131090505064396
-1.1378936342637687 0.23637454420401127 0.34610714203033055
1.8780343670386266 0.7793661108783567 -0.6999453138717691
1.9068503787858688 0.8296130435167228 -0.16249786132660304
0.5746323633762032 0.8094826796868162 0.38138570076140965
-0.26121655413418665 -0.48551309065469894 -0.8582709860214273
0.618657475607371 0.9450752073729802 -0.14594279044952785
-0.7909896081559893 1.0146851318274983 -0.1328266691574136
-1.149733936475414 0.470895159052489 0.35998930221709813
1.7662068425171604 0.8494872093103538 -0.6994234156021157
1.787722118486439 0.8867000514808936 -0.16340265983429347
0.5233893416109439 0.981615434582011 0.3903623986831626
-0.4154325992736432 -0.5226022356298969 0.8190876412979087
-0.3537295770280551 -0.3699487077059658 -0.8531397413620034
0.4865622922253543 0.9856558773453372 -0.1490481924423257
0.8645255245671883 -0.4903787046857744 0.23975171333465184
-1.0939561533157658 0.8047572445348976 0.38263930565032567
1.652140727812803 0.9156923634387724 -0.6994234156021157
1.6662633996650023 0.9399269547952898 -0.16475949996796047
0.42825552088563157 1.0817758787890384 0.39298071151885594
-0.6610548740283164 -0.65202832646861 0.804477589189144
2.2330164520968516 -0.30395711646727364 -0.3057280611404458
-0.4456906380309924 -0.25415385762998 -0.8480089735397378
0.3413088143639449 1.0056381665736183 -0.15437136405792629
-1.210941676806982 0.8768024466426496 0.38227380996856297
1.4904447964566536 0.9008332439627935 -0.7093373369583169
1.4390065177633602 0.8132765008710763 -0.18511257881012355
-0.7856639795786649 -0.5857920750986239 0.8038689065566977
2.2946513881752395 0.08792162460742503 -0.27115402931061183
-0.5397518942186039 -0.14233887550804525 -0.8433912824996987
0.18799555215039732 1.0136015766909452 -0.1610256266006509
-1.3583728431189606 0.9037986549437136 0.37789000755462254
1.3562853104307955 0.9337726803082731 -0.7135115694412271
1.2334740789652656 0.7263837967522946 -0.20139537566986476
-0.19278691259793135 0.6004715087251142 0.33762492424163426
-0.910067428104508 -0.5190994207045208 0.8032604623428306
2.206863704019149 0.2045579917767526 -0.2656222414382974
-0.6439468782185322 -0.0470805613371823 -0.8408258985885659
0.021144413496514858 1.0012082541407707 -0.16989742034759914
-1.5787734056873681 0.8242162593695213 0.36400784736785496
1.2425115551178862 1.0014089181057102 -0.7135115694412271
1.106213442606542 0.7730680068795763 -0.20365701431122218
-0.27284430489099165 0.7281594639726237 0.3424872327438315
-1.061124191175935 -0.49402089390394366 0.7996078897109946
2.2118851696969735 0.4865888969930836 -0.24257288688507472
-0.13530953258391776 1.0063695197398985 -0.17699490302887355
0.7504248460442255 0.3878471279448945 0.2933331895461997
-1.7210965071772115 0.8609591905510001 0.3603545594802817
1.1161598908137407 1.0481367716486076 -0.7161201071151773
1.0997038508445627 1.020785867446122 -0.1846602987655679
-0.36574856528422117 0.8350343233327493 0.34547938591155614
2.11607640645283 0.5859445026035743 -0.23888526672211086
-0.3000676967835716 0.9996668937856867 -0.185423476637272
0.7741757450497992 0.6878868209148834 0.31400050407561864
-1.9144127807154518 0.824426852669653 0.3501256871810874
0.21377328087324798 -0.18449471582320598 -0.8757837843307534
0.9629932178970009 1.050993217313696 -0.18873105758514797
-0.9896051653220361 0.12203695950238824 0.2751630712142905
2.02320354962227 0.689904173676581 -0.23473630660858547
-0.4461474772201903 1.0229565282806021 -0.19074688667145168
0.797186464233782 0.9831017026781694 0.33428491836700047
-0.12232075178439672 -0.5103141152345572 0.7592173982253989
0.1713119672614276 0.010182621403764358 -0.8606523107894937
0.7951024160215887 1.0307792228223818 -0.198229176939396
-0.6564047819866374 0.8867091926825736 0.33687700515899266
1.9283529226973783 0.7897888928995584 -0.2310484480270425
1.3032616480870765 -0.28915555650436886 0.20839347129973973
-0.6223073568894328 1.0010320071940484 -0.20094953292694484
0.6417993711827599 0.9847443087381578 0.32816113716277684
-0.26466089907198764 -0.4757567179519029 0.7563997674575766
0.05692597321536397 0.086192868222291 -0.8601301741012612
0.5719781187837256 0.9223075314834617 -0.2172256540664712
-0.8141805749280984 0.8947239153108342 0.33089246040496434
-1.3451605449296054 0.10043371912017562 0.820609467088314
1.8314843825803067 0.8856178329657425 -0.22782145255890285
1.2624425332683877 -0.08748472514067629 0.22050060516509618
0.5439655681627009 1.0802967583840584 0.330457346498104
-0.42542215260405314 -0.47030869993184865 0.7513901162734946
-0.03356671301669678 0.20061977027998523 -0.8549126219162027
0.4266520280141606 0.941915781332348 -0.22265325301971828
-0.9694031581643223 0.9076028766581388 0.32528199440154637
1.6903101188490943 0.8785075122211694 -0.7674215864547769
1.712533699026281 0.9429825297820145 -0.2287436556228677
1.2152769523873452 0.10113414949747579 0.23143615013274754
0.42806709858176717 1.1465400462335325 0.3300749230972251
-0.5652437212689456 -0.43030266592440114 0.7488855291000327
-0.12351487384120574 0.31526764115628936 -0.8496950697311441
0.27329780658480374 0.9494780714563262 -0.22943769210663234
-1.1358767402395138 0.9045831262909374 0.3181759286514243
1.5788559996464997 0.9492669838916328 -0.7668908666976968
1.5761389215163675 0.9707226426143123 -0.23289237731781398
1.1691934629798588 0.28967338409070464 0.2423721719375571
2.240889635274687 -0.09123142617569613 -0.35558377021637355
0.1822414932507357 1.0064752366730687 0.31093873268279637
-0.6013241772650488 -0.2250508173240675 0.7585913110366782
-0.24739426932080377 0.3754539600829361 -0.8512600492843667
0.10115364626623347 0.928225496595644 -0.23938832992401515
-1.299848837850739 0.9064642816033555 0.3114434648147544
1.4095352525916311 0.9219323835139122 -0.7785609793075601
1.3941165823053616 0.9218510656421302 -0.24533901923981105
1.1038963424657453 0.4437908521735068 0.2501830030075034
2.157225004564207 0.034324541370374106 -0.34900842422333156
-0.06748102649785892 0.8635205073396008 0.29141964203033055
-0.4142780092733034 0.32973336137094833 0.7942825723281821
-0.3284326047678192 0.5032553525452172 -0.8444770407089273
-0.05268642563010317 0.9372057553290247 -0.246172292173771
-1.4584719090722658 0.9173481351259696 0.30545892006072606
1.2906307612123271 0.9808373980822154 -0.779621941984562
1.2089780995118176 0.8695805467991136 -0.25824652427521144
1.0470940331101737 0.6108110986949242 0.25916589981231297
2.1396086118914717 0.2774798281553146 -0.32975207084503566
-0.2459410087483107 0.8353198138674642 0.28223432785186375
-0.44142031684966554 0.5422775184941457 0.8046142030349692
-0.19866114278251246 0.9594383640103032 -0.2516001295455972
-1.6201058739156835 0.9248260973554565 0.2991005349746665
1.0031331655713025 0.7587666606832855 -0.8156932424911538
1.0232404820174743 0.8182080816855333 -0.27115402931061183
0.978386264909318 0.7564531674823911 0.26619591003570164
0.16015995303856556 -0.6062006848670407 0.6934760976425132
2.1210251989400994 0.5160078199709233 -0.31096492523041164
1.5288046095636894 -0.52480527373379 0.12558831459197606
-0.3276453079493322 0.9588407693163887 0.28682674652251805
-0.5403288698151023 0.641360555588733 0.8064927030197104
-0.3204356437963547 1.0199488396139245 -0.2529567312606851
-1.7847792052974576 0.928927354750023 0.29236807113799657
0.5621016513256585 0.28728167309783004 -0.8830603193649331
0.9064869638474491 0.88274382954544 -0.27161513084259425
0.8743161530958403 0.8424635274267445 0.2677580285659751
0.1469418576933954 -0.3593648964135312 0.7066694665542563
2.067092105410122 0.6892738511356313 -0.2992230486282388
1.4737910288276126 -0.3450078499984599 0.13599123245391453
-0.4983330697450228 0.9445444593042964 0.2787894178024253
-0.6632638944005933 0.7030642154655027 0.8055535722366294
0.4305589564453989 0.33222434568203596 -0.886243207395939
0.7899453321967336 0.9476989300695209 -0.2720762323745767
0.7057149043063653 0.8224173855727699 0.25955642944488133
0.21574769342892708 0.01919485678321564 0.729838507234188
1.9697355675380734 0.7846927863133502 -0.29593549484100734
1.479111787695441 -0.06136284721461749 0.15599765068206395
-0.6502630604376591 0.9602517937993156 0.27343143707427586
-0.8461442843850655 0.6733655055046981 0.7977265287033042
0.32249552534459625 0.4158013621011847 -0.884651524961857
0.6136610964110467 0.9155139413291309 -0.2831398081192056
0.6202759541268215 0.9390372426434155 0.2638524938217124
0.1797998879535605 0.22258788262530516 0.7398139405837973
1.872814773951923 0.8803933451462811 -0.2926477026351968
1.4091016385172033 0.08792559635597286 0.16360010391387547
-0.8160645973715077 0.9558092468684123 0.2661599088302573
-1.0569687517553596 0.6028828418979799 0.7867683339706382
0.23046816962500216 0.525097056146187 -0.8798779081710855
0.5103194113502951 1.002676790167719 -0.2812958788284341
0.4933983931295671 0.988058962460201 0.2618998456588706
0.12662522062323234 0.396131859689028 0.7475370336166343
1.7513571705475925 0.933307602321392 -0.29405675643768703
1.3574125785817017 0.2674695663701385 0.17400349861297215
-0.9573347045952971 0.9894967076527195 0.2623323369613608
-1.1746455970198788 0.6747905989491798 0.7864555287948569
0.11790864957908909 0.6008845649572194 -0.8793471884140054
0.35197186195910035 1.0014661548242572 -0.28913245910492336
0.2768502029168616 0.8938126217984319 0.24666823631438817
0.03476945779215512 0.5061496268104904 0.7504331040969809
1.421858766076955 0.6173997113601217 -0.8732155393966714
1.6099458567700289 0.9522960242047631 -0.2992230486282388
1.2966709323657675 0.42974983026545743 0.18280615097198094
2.3547033853685413 -0.14604045352385242 -0.4224849771865884
-1.190129502929942 0.8870562172345231 0.24587501770171727
-1.344832712519775 0.6683275305965424 0.7801937032333335
0.04002249563790983 0.731774786413645 -0.8719209265121499
0.16686206460097353 0.9588197510551524 -0.30157933944549953
0.1204657593391758 0.8977148950871126 0.24041928535613621
-0.06454168477937117 0.6037400393152481 0.7523638177505454
1.493691029644161 1.0017397497427538 -0.8333200048812905
1.4911786783903196 1.010468454951308 -0.30016265624847804
1.214047660116691 0.5534080943719886 0.18800772911223973
2.2515051971662174 -0.055694505592342125 -0.4196148943313638
-1.3402826273109198 0.9098507779452163 0.24089969879302586
-1.5432356711289472 0.6212906002581846 0.7708014417282065
-0.07444700601498155 0.8040068748552613 -0.8719209265121499
-0.005463414885173989 0.9381036396148588 -0.3117207121261636
-0.0361423386194204 0.9023143206207962 0.23417033439788426
-0.21152266276931186 0.6257788137301077 0.7485023904434165
1.3446193940058961 1.0090595385704546 -0.8408678602584878
1.3395369695835164 1.0134401044222798 -0.307207448423771
1.1447768505663163 0.6986636747096995 0.19520987754973973
2.2642550295802764 0.24405928902996976 -0.393783433378605
1.8678027078742083 -0.4734249868074727 0.07418336158904637
-1.5101569430093278 0.9044285858889083 0.2332452703109702
-0.16191183313964075 0.9185454932998169 -0.8666165899642984
-0.15405699177592425 0.9559512346554015 -0.31771360153046047
-0.19028124231491717 0.9118081426016431 0.22831191307220067
-0.3774178922548934 0.6190039145251234 0.742388384400936
1.190263148670983 1.0084955353027851 -0.8494943212875405
1.1774562040230272 0.9999914886770895 -0.3161314558395425
1.0532357731363007 0.8055180365922965 0.19881095176848973
2.269182847683613 0.5259206830215462 -0.36986528152313625
1.8655283037883734 -0.1986101792078756 0.09380711799773778
-1.6240166475751572 0.9820693964818972 0.2332452703109702
-0.29738933098452947 0.9828097439597414 -0.3227845262893716
-0.3392132438653661 0.930360398784785 0.2232345510116538
-0.5247009620240881 0.6423558552498321 0.738526718675228
0.9533090824422032 0.884993549284232 -0.33632741683807765
0.9287132258878898 0.8571465671631486 0.19721044784698094
0.14005290415202154 -0.4490268296173028 0.6319178510299643
2.1881039244571454 0.6511229342067963 -0.36316834205475246
1.8234518580989025 0.0019400093348522773 0.10648049598846043
-1.7913796670678046 0.9821344818982567 0.22597350364837254
-0.48826325543196347 0.9495608005482055 0.21815742736968602
-0.6856582193970695 0.6454049291735373 0.7330562043777427
0.862649758691358 0.9923127305009771 -0.33210001701202785
0.7809900791967905 0.8709291390601521 0.19200886970672215
0.21338951983493715 -0.061755622311942204 0.6563745904556235
2.0708843489713935 0.7115254624517107 -0.3636468481430093
1.762904340575048 0.16768622850989345 0.11588348632964696
-0.6347078496099776 0.9735742248599735 0.2134705949417075
-0.8550416815565178 0.6366568922136224 0.7266205716720542
0.7386787402110322 1.0446975615887197 -0.33397875541534816
0.6774266571562002 0.957570039588731 0.19360937362823094
0.20049052047326654 0.17998904877823918 0.6695946622482261
1.9711397429261481 0.8026046688782245 -0.3607767652877847
1.705755295955214 0.33777317473877133 0.12569512611541356
-0.7949574578496588 0.9773994663783228 0.2068313527694663
-1.011021876641177 0.6495123569607131 0.721793549119564
0.5310925011299403 0.9620403048279087 -0.35088716262665187
0.5270505751817787 0.9682214512160101 0.18800772911223973
0.1680398104301517 0.3874632730786516 0.6801706719985923
1.869318083973571 0.8896621418079533 -0.3583847116836587
1.6396138797017201 0.49056765580893824 0.13387169128570164
-0.9554396262893583 0.9819491324553127 0.20019187217864598
-1.1699311437878244 0.6589074454301311 0.7166448999038657
0.38058432674758436 0.9734025943210938 -0.35746250861969386
0.36596562250803544 0.9626113694549048 0.18080534225616063
0.11568257342416999 0.5608782015573652 0.6881026197067222
1.7478975749481656 0.942596382494024 -0.359819753111271
1.5668081214169298 0.6304931755760634 0.1408215928665122
-1.1189242649739164 0.9830801841356447 0.1931618619552573
-1.3401405467283638 0.6524227591596201 0.7102090287795981
0.26695371967472425 1.0444435858578274 -0.35746250861969386
0.21254702052911867 0.9703883775744444 0.1748033929458579
0.005922560590416737 0.6412961336651222 0.6887637544265708
2.2265385694551902 -0.05724076581718407 -0.4884010385879556
1.6115330240470982 0.9701940959630093 -0.36412535423126613
1.4570059386955272 0.7059994215677392 0.14163936859283055
-1.2882319342578263 0.9766915360447754 0.18535079246673192
-1.4967138089609549 0.6674109583139014 0.705382244645687
0.09236943933280628 1.0191164808609585 -0.36826525443878566
0.04294623793125041 0.953572636019473 0.16640080696258153
-0.10352786229421795 0.7220825856657171 0.6894246507278403
2.2008446784723077 0.1728236678099293 -0.4698935579666177
1.916923557545573 -0.34036736550825 0.017656223832698714
1.4473343440436786 0.9511961080535372 -0.37369237655487453
1.3323135011650002 0.7561155385897322 0.14000405555877293
-1.4326470840364642 1.0081984483572626 0.18105472808990086
-1.6646615920639682 0.6665833660214489 0.6992682386032065
-0.055879347812986424 1.0365953132229961 -0.3743709158309976
-0.12970090926525657 0.9333423880946583 0.15759815460357274
-0.2528994932101938 0.7401310480909586 0.6851281095138511
2.128046388472395 0.3157438668659083 -0.46112666839447414
1.8957868021732835 -0.1006293001361982 0.034356968461604964
0.28584398461138605 -0.5544233610729776 0.561287539064022
1.2929360627945812 0.9500598547845911 -0.381346328199772
1.1950091750117195 0.7852847626662509 0.13632478004607762
-1.6137037605500346 0.9868360624430608 0.17168130165252293
-0.22577974218448205 1.0212064663392795 -0.384233815611271
-0.2919634769443711 0.930692689982493 0.15039576774749364
-0.46173657182907135 0.6664806838608826 0.6735607553115806
2.0755315196629915 0.49346011893936037 -0.44846330398407375
1.8565592154455786 0.10410361464607121 0.047717468797298324
0.17460428170225128 -0.4702225321617206 0.5623051095596274
1.1024905067878024 0.8898289098637235 -0.39569698089447414
1.0730325426843628 0.840655268989515 0.13509787803802098
-0.42469859038454416 0.9747967367195756 0.14759506469878758
-0.5574480716834849 0.769780247217092 0.675874130784603
2.053484237138143 0.7230817418710629 -0.42995558494415675
1.8111520305701916 0.29569146259412804 0.059825556336971175
0.9602667034126604 0.9114818904678117 -0.4009588789352456
0.9460605936653721 0.8879537892127445 0.13305415397796239
-0.5982367852249411 0.9568176162132218 0.1387921739211997
-0.7344867152744534 0.7479944931191227 0.6682726312271079
1.958726333389066 0.8228471379796005 -0.4260591101058999
1.7495489372614266 0.4569095943463637 0.06901110893401707
0.27601340405336927 0.2268897151025442 0.606402056275936
0.8334792649376332 0.9592411134416423 -0.4033509325393716
0.7906797670611425 0.8889097253777862 0.12651266342315282
-0.7502452150826784 0.9729751213853035 0.13319052940520848
-0.8982265731857986 0.7478940420453313 0.6623236108413657
1.8594747476050237 0.9142527502660585 -0.42313705200043117
1.6863546098605653 0.6138351736907737 0.07777895218047703
0.22262215783988282 0.40020109365175927 0.614543097077938
0.6651533641185985 0.9396083020804582 -0.41339646095123683
0.6585156744744118 0.9287859798454576 0.12365092521819676
-0.9106634634054096 0.977331495684922 0.1263884473434409
-1.0649905962931108 0.7443731944872738 0.6560441423049888
1.7406274485050552 0.9715234821369592 -0.42411099189606105
1.591483067150552 0.7147880230477242 0.08111919647368993
0.2439305464714394 0.6921135488656915 0.6321820188156089
0.5200028252211482 0.9588615560384852 -0.41913638824310695
0.5159050886506193 0.9522324707883172 0.11915387397918309
-1.0685380003315572 0.9865595451869709 0.11998643165740575
-1.2181849888625251 0.7623704107295879 0.6514171529403647
1.5817222197556653 0.9605272263727755 -0.4328778814682046
1.4769470410438466 0.7816062120840357 0.08111919647368993
0.11343069094707303 0.7382658947479683 0.6301464009872397
2.312708954051107 -0.26102570194579044 -0.5696385931381265
2.1832191219367942 -0.48540816126234176 -0.05032549613800441
0.3615826444458108 0.9576016910831271 -0.42726884597626125
0.34950369121169444 0.9382131313178235 0.1109775472274741
-1.2433062802078254 0.9716753437911336 0.11118377929839696
-1.3965824821219712 0.7437773249576765 0.6438156533828696
1.389621469862842 0.8945317099354853 -0.44797621482696925
1.362638695288382 0.8488198979654342 0.08111919647368993
2.311805841255392 0.017128564087109055 -0.545347793043522
2.1625866372097597 -0.24149785212804176 -0.03285084480133449
0.19761387511887563 0.9486218127426724 -0.4363576006301919
0.19865073061788152 0.9502758702650951 0.105254070817562
0.39801571591116414 -0.5807972906437797 0.49407495742950047
-1.3932802484602078 0.9947452077720271 0.10598196273955907
-1.6061589195034358 0.6806002080519278 0.6325787473312339
1.2858907845452094 0.9791586907819934 -0.4460278581985513
1.233281716214627 0.8907444729065475 0.07861437088164891
-0.2571260155850723 0.6595425696096981 0.6121686864486655
2.3270489019985767 0.3210217866182248 -0.5180824827560464
2.155465125747547 0.02395001725650303 -0.0132449697860757
0.041319857854315245 0.9530094241712632 -0.44401155227508937
0.03431690544513799 0.9419441346526582 0.09748639351043309
0.2738409291801993 -0.5183612216586937 0.4933792520156821
-1.5602186154928006 0.9937749918065961 0.09837974792632664
-1.720796764365712 0.7585802213850954 0.6325787473312339
1.1210854523866445 0.9616851238121455 -0.4557689260849038
1.0860443777382685 0.9032611655657803 0.07318629509124364
-0.36646358912548394 0.7412089264921278 0.6128469873062095
2.257098678618707 0.46787713962300614 -0.5086635183700601
2.116051557373396 0.22809315652268225 0.0003942418685873861
-0.11519147424889198 0.9580915225252937 -0.45166502708282863
-0.12496418440321477 0.9427654897201592 0.09053649192962254
0.9636469990817282 0.9577469333484174 -0.4640487264999429
0.9463904494462341 0.9292003924539145 0.06901110893401707
-0.5160839209250341 0.7603931673292408 0.608437197267147
2.2122894839505207 0.6582093294216946 -0.49428711646881496
2.0583285204688977 0.39734716825217475 0.010623352586360824
-0.2818009116964646 0.9484911073190929 0.08399500137481297
0.355180936287276 0.14909728343137374 0.5361722875228843
0.8214801706160024 0.9800117915953095 -0.4694062303909341
0.7911239987166816 0.9301908769637777 0.062331097184749495
-1.3462193946823184 -0.2649566213083929 0.5192262101760825
2.092646675680971 0.7141939485639668 -0.49527893775787746
1.9991050648892958 0.5622543783079621 0.020426170884700667
-0.4307209754181187 0.9674675881396979 0.07868041282806004
0.6662105681870649 0.9816704208201514 -0.47719894164886867
0.6486650961744189 0.9530972962920146 0.057738201676936995
-1.6474790452995158 -0.4673460807956218 0.49649943596038426
2.000285920233388 0.8181609737868811 -0.4908171724685708
1.9062493004507104 0.6665959370383518 0.024262087403865706
-0.6015493428034908 0.9537015276769338 0.07009519821319188
0.5054694165978724 0.9755479544049166 -0.4859655928024331
0.49300718557486434 0.9554115487472359 0.051057713090511214
1.8885829451225113 0.8878589977795173 -0.49032150024261867
1.8089283268936285 0.7625485254884481 0.02724565750274266
-0.7563028289885807 0.9657130048175375 0.06396283394012059
0.312192938885822 0.8549199280356206 0.5765303540817222
0.3312770583252984 0.9490414986322833 -0.49716792816009914
0.3450388779949449 0.9711054105807406 0.045630114137264144
-1.1766127152079413 0.752226715124948 0.5833360124221763
1.7746509001468915 0.9536405179932643 -0.49032150024261867
1.7020489207109293 0.8415315670935115 0.02852429634246434
-0.9222460684532301 0.9617885438077565 0.05619515663299168
0.05766086303886553 0.7022651310042818 0.5580910611740073
0.2202097684651072 1.0244684750796509 -0.49668083900299465
0.19162486186591465 0.9789929662858086 0.0393673349014243
-1.3410396382268353 0.7541452984921762 0.5772303510299643
1.615766333669221 0.942488668324934 -0.49924479240265285
1.567842064598267 0.873554387577606 0.025114433824153792
-1.0746377531321087 0.9793541671287045 0.05047144180450047
-0.2008510017076901 0.5467764895724088 0.5393036771408042
0.06947908772893996 1.0372172080133524 -0.5034993719467202
0.02735629762241487 0.9707215930008459 0.03143419510039891
-1.508510183491584 0.7526797845600939 0.5707854199996909
1.4389065347499006 0.9020376862488888 -0.5116380285629312
1.4209853046187497 0.8846531840416603 0.01957382446441258
0.5281562717757211 -0.6172301166517897 0.42697562462005223
-1.243860860270079 0.9727755997360319 0.04229511505279149
-0.27844594075102336 0.6787401902779209 0.54417433029327
-0.08944492416053507 1.0380382137812205 -0.5117794107803384
-0.13453652008029238 0.9674028413987799 0.023919003068538558
-1.6537930564520877 0.784965261330882 0.5670541692367514
1.3072465981194412 0.9394386949511073 -0.5151082109817544
1.2917768095746496 0.9263603912913894 0.017016546784969222
-0.40118032470950027 0.7394981387253097 0.5431307721725425
-0.2886198979593608 0.9773863452650104 0.017656223832698714
-1.8329904315533128 0.7685132424529755 0.559252398072811
1.1449557288085188 0.9261277641958827 -0.5245266985305825
1.1319255135832655 0.9172837522460284 0.009344713746639144
0.5949350713722126 0.033435141533608714 0.46941293960723485
-0.5183329627115647 0.8090800300441501 0.5427826810470542
-0.44017228754535864 0.9922331009566392 0.011810677110286605
0.9951850224386902 0.9348558884151359 -0.531467063368229
0.9872139190320794 0.9345126822906451 0.004229919969173324
-1.3489752881836772 -0.21562856814000497 0.4512819219222983
-0.5973270967684741 0.9993996909996241 0.005130665361019027
0.8374817169661384 0.9314697698898016 -0.539894683302311
0.8268549675751551 0.9268178447266848 -0.0034419130691567545
-1.6201109803997085 -0.37199251714977777 0.43179859405669774
-0.7601725087403715 0.9989363886899838 -0.0023847650894204264
0.6977159474245305 0.9584969911374017 -0.5448518823989907
0.6766133479668319 0.9368377218090771 -0.00940881484833156
0.5786172646464216 0.7897813794407043 0.5150600839248618
-0.9232747421402365 0.9992203358454361 -0.00990019553985988
0.5369838539541476 0.9522295480772769 -0.5537751745590249
0.5183493667609298 0.9347960150248298 -0.016654593885807145
-1.1783691108946321 0.8011230745625113 0.5170372892013511
-1.070025480419325 1.0250989572387041 -0.014910561979679215
0.3654463713337144 0.9297911160606134 -0.5646811556228677
0.3756285357799989 0.9588374615899582 -0.02134285682526027
0.026036257989872524 0.41016562577032545 0.47119607216033543
-1.37049011008898 0.7616935127362083 0.5072957444778403
-1.2391199532148889 1.0185472219698184 -0.02326069587555324
0.23580928604696183 0.9756008143129264 -0.5676554273971597
0.21428820900452905 0.9539309816635821 -0.02901468986359035
-0.0895561587619298 0.4824491830875459 0.47119607216033543
-1.5659524699207275 0.7190738937106929 0.4972063470474204
-8.647183613064158e-05 0.8536790208155907 -0.5904592108139077
0.05267463046063625 0.9497620171749688 -0.03668676132049953
-0.2075619305272589 0.5509218341194071 0.4708393979659995
-1.6495332419805244 0.8422366340511473 0.5010334420791587
-0.10386723815105725 0.9547243933914586 -0.04350624793854152
-0.28245125380408354 0.6871049564202778 0.47618879562530125
-1.837067941519802 0.8134939217008608 0.4919876027694663
-0.24985825182022126 0.9771543734816532 -0.04862056487884914
-0.3809007969830773 0.7856397967368594 0.4783283639541587
-1.9796368932597233 0.8512715820173398 0.4885083604446372
-0.4148857439899345 0.9709276569206864 -0.05671892875519191
-0.57477444557734 0.9738000615114188 -0.0639644693740884
-0.72669265250763 0.9898834815873627 -0.0699313711532632
-1.1694356572688385 0.3285952819786573 0.4201997686019858
-0.8869994874033864 0.9941752250805109 -0.07717738860931789
-1.3321193547812236 0.3343626242521509 0.4141372609725913
-1.4977965286813877 0.33671158784767385 0.4077180791488608
-1.5969392810000045 0.43914742125512163 0.40985788589629735
-1.5222233779038952 0.7978759254025576 0.43410791641387547
-1.7151734819459712 0.7602169552661096 0.42412246948394383
-1.8747458909900914 0.7728249682431922 0.41841663604888524
