1.5311421233561617 0.15585430816706758 -0.08419183432459754
1.446299809352901 0.5117332707857143 -0.08716729819178504
0.9026480416357501 0.6675151761498994 -0.11364606558680457
0.006528834543701123 0.7320535222129121 -0.15797475516199988
1.9032963733494768 0.5725762696395162 -0.24598363577723426
1.6971103709929167 0.8526265510930862 -0.25548795401453894
2.0737752279244077 0.1763732359113983 -0.4039969795882694
1.8474089809006173 0.44915811599664757 -0.4147401207625858
1.9786337496961792 0.5258604756926584 -0.5725694054305546
1.9718724872398639 0.8701330148844755 -0.5711942070662968
2.161082030914393 0.255389372592588 -0.7290158623397343
2.115315323423971 0.5869342066192034 -0.7296939247786991
0.3552758795111117 -0.49444352319035545 0.3432106620132931
0.24517827959888905 -0.1768327306743953 0.3389086371719845
0.14568132374208176 0.14425658369357963 0.3350510245621212
0.10364128659032446 -0.33073293897157874 0.16368051827550012
0.3611362540530223 0.4598370948943282 0.17754026711583215
-0.3168030293738511 0.5956645310715776 0.146296942836047
0.04745604792708491 -0.279348747110572 -0.007483040684460818
0.7000462770401867 0.6381535869121646 0.0266079551041134
0.5320015057877256 0.9349600997970473 0.019320929652453245
-1.3173031963448452 0.7048345390492305 -0.07049611746668738
0.17866816461975077 -0.6875911841631961 0.8098301535904415
0.19373422121213224 -0.569430636179274 0.8111610060989864
0.15972240930561554 -0.4489425793599209 0.8058366423904904
0.16572355629178048 -0.3302692258574984 0.8058366423904904
0.16718840374519317 -0.21134229013150563 0.8051709777176388
0.15423088137188046 -0.09152278596757579 0.8025083190262325
0.14169918542420135 0.02841276745513044 0.7998461371719845
0.12958521676527823 0.14845606295912317 0.7971834784805782
0.14261581175211546 0.2668857178863884 0.7978491431534298
0.11652053937019247 0.38815224942865 0.7931899672806271
1.7139785237473006 -1.0048787000620263 0.09769293130040246
1.806801510926725 -0.8949548718642861 0.11214443505406457
