1.7953802544959103 0.79910407955194 0.12352490609049216
2.0535237600562795 0.8852514152499875 -0.10918545539022073
-0.09523394577568922 -0.7043095177361689 -0.5352475624764024
1.81261375894627 -0.7958270442065665 -0.3967902641975938
0.2752750996966995 -0.4780654684815051 0.6073358077323379
2.129975489315342 -0.5809764901371359 -0.3770635109627305
2.2134165134534385 -0.32014719700918626 -0.37487149054647073
-1.2883613251728576 -0.5732003743689535 -0.7655885201180039
1.4812747250448552 -0.8271746124638106 -0.5580050926888047
0.15701513529076294 -0.5531577493635709 0.46136927788614646
1.98436660536683 -0.6479644257830763 -0.5235950928413926
0.6272235614002284 -0.3626400785459776 0.4872405547416152
0.6203896908090627 -0.8549620598081393 0.3535435218131484
0.7763862764353746 -0.6031509357855 0.3601186293876113
1.1664702573061447 -0.42613063467000245 0.24363064949869528
1.369683480123527 -0.5498925669407253 0.12008118813394919
1.8590630598121862 -0.36878720509094265 0.14949536507486716
1.9285942334847732 -0.10404357548539345 0.15048670952677146
1.5390269391458986 -0.6664625046096422 -0.0050790291512070596
1.8422371445324899 -0.44794425514034586 0.012220622948402315
2.018982501520483 -0.20523425300762455 0.02070069496988669
-0.9806122996793079 -0.39641158750388783 -0.31886029059529886
1.5347917387039303 -0.6086079123207746 -0.14386009986043558
1.9896795086487629 -0.42096140186921005 -0.11533140952230081
2.122520456676611 -0.1697804634271698 -0.10976481253743753
0.48686205250383807 -0.950909458356902 -0.3504693489754258
1.7437465303685684 -0.9139072924605376 -0.2627413254463731
-0.3340065366122218 -0.5074143850096107 0.713046791008705
2.0706083402456983 -0.700305475988916 -0.2427704315865098
-0.28450191366445665 -0.2310070973478222 0.712760211876625
-0.23892501015420464 0.04622546203134803 0.7121860999381484
-0.27057971954505433 0.3394943245834323 0.7070209998404922
-0.3011660572098833 0.6331759391836886 0.7018558997428359
