1.412954178191586 0.5051528188318608 0.020471458849699253
1.0689838493766521 0.5979669277037667 -0.0004111476566484029
1.8115604074886758 -0.42586334688131755 -0.08031188923379684
1.9080719265543862 -0.1407240251819446 -0.06964694935342575
1.890653628744819 0.09556444718442503 -0.06725036579629684
1.8141947541170071 0.30699639511081633 -0.06915628391763473
1.7338630752881983 0.5167754902737469 -0.07138788181802536
1.5524830826908296 0.6857639275369776 -0.08092128712198043
1.246457874242632 0.8057779417097475 -0.09943305927774215
2.0006559073259167 -0.18738530367229922 -0.17699634510537887
1.9139802743314729 0.019870860549923375 -0.17957364994546676
1.8280276444186914 0.22742774005600808 -0.18214570957681442
0.0287832870624678 -0.504053709944051 0.613575344500334
1.7431768918002066 0.4475687077940407 -0.18449842411538864
0.010574139974920627 -0.24902419964973355 0.6151360325191328
1.659139515770768 0.6680040018530597 -0.18684589344522262
1.3527116250695888 0.775138218506096 -0.20598375278970504
2.114579791687138 -0.09100436006581702 -0.28031074482461715
2.0325470923598306 0.1055079316273635 -0.28275262791177536
0.19748031066203886 -0.647168026683222 0.5055273823116133
1.8411806700495477 0.28120867706719155 -0.29312860447427536
0.035560359957266696 -0.45147944045365396 0.49855840724447464
1.8808348880788768 0.5399015160492846 -0.28625833469888473
0.1559697149476842 -0.1525499090123641 0.5085047535274336
1.7046399736058497 0.7224840837172355 -0.29558097797891403
1.3478863643065657 0.8215397510786246 -0.3187690921451738
0.11839520822278571 0.34135704504009556 0.5115317158077071
2.1949995734260326 -0.3127984927923686 -0.3910027690555742
2.1170874384144907 -0.10234376563955871 -0.3928643413211992
2.0675439686900705 0.1198473809649041 -0.3925734706546953
1.9911707892269528 0.3306820465734117 -0.3944216914798906
1.7677936111835608 0.4814188932198533 -0.40772211033365036
1.6372266821477242 0.670805180458081 -0.4138628192569902
0.4272419454471703 -0.8518111411712788 0.2849768452022383
1.9168966513791221 -0.016147584135001836 -0.5183573909427812
0.4395826506448812 -0.596807441710208 0.28885829967001175
1.890727231517309 0.21618425523460694 -0.5161648936893632
-0.36355756536128125 -0.6794389449231812 0.24020278972128128
1.8147037848183913 0.42761677913309093 -0.5179964252140214
0.5551544738457168 -0.052106027544584155 0.3023098759029219
1.739427637676815 0.6392771702206383 -0.5198212810184648
1.5538421939350346 0.8065865563916805 -0.5304499812748125
1.141632311071878 0.8846731698530146 -0.5590821452762773
1.067598052738572 -0.644266713429404 0.21102798503378128
1.4821530380272732 -0.026460972503031144 -0.6635318942691972
1.1589035858845746 -0.35867139709558415 0.22031724971273636
1.8526274024009406 0.37017372991799746 -0.6289554782535722
1.0577839520944914 -0.15422444966652238 0.21679389995077347
1.7633020230045837 0.576083706802943 -0.6318904109623125
1.5729342300017026 0.7413486938003713 -0.6430875011112382
1.2255162993603563 0.8448833586008231 -0.6670709796573808
1.4792149299176136 -0.4461042054626194 0.12499082606771683
1.4468849884475594 -0.21395484110451557 0.12615860026815628
1.424659801414561 0.021924672839558124 0.12796485942342972
1.361801250579067 0.24063327495509013 0.1269530109737227
1.3321113742169075 0.472609766867909 0.12815082591512894
1.2614818023666285 0.9307513387407313 0.12963331263998246
1.8130500778523737 -0.5505249666847991 0.03113353770712113
1.8354341403808423 -0.2960729606117951 0.03627908748129105
1.7990149085938398 -0.06709159652522878 0.03724372905233597
1.7361304635767298 0.16270524393956354 0.03647459071615433
1.668769735849769 0.36612778902582743 0.03500164073446488
