-1.479690107028624 0.1918216356908502 0.295033439777745
0.6969962808544565 0.8544616732878154 -0.0009689482227432933
-1.9699570722002804 0.7354190783794223 0.1518311349376571
-2.0128404398031634 0.3850910385139912 0.15029953398550866
-2.051973473200512 0.034464546366329785 0.1484908906444442
-2.0923126618213317 -0.31601272386524926 0.14669559874380944
-1.9586254539734256 0.6457796261238755 -0.026739612437831184
-2.1061557478642428 0.3054520848136093 -0.02192355713997962
-0.852107419790201 0.9194566109213795 -0.2683000715747941
-2.0273437504499725 0.6698408657863482 -0.1991810949817765
-1.197207899939876 0.7181281349694402 -0.4277773054615128
-2.04161603519254 0.4232129939335749 -0.3780784758106339
1.0147804669975642 0.9359440506102601 -0.7468190344349015
-1.8348869664713021 0.8294399821624836 -0.5634737165943253
1.2580601584560895 0.6212150984370481 0.1788101045116317
1.807869185938074 0.6992368869404544 -0.06905175767098548
-0.7288460674798216 0.49906011411282236 0.34556768812979577
1.6298060711432356 0.5849377813233261 -0.06129886231576087
-1.0700508080929154 0.5398574636675804 0.37857197203482507
1.1694522238862746 0.7068207658708872 -0.009416118480311653
-1.2917248703310236 0.4769564720673003 0.39304731764639733
-1.4948343625546272 0.3985819627900682 0.40462826170767663
-1.3919297795472403 0.0450389240536353 0.36814974226797936
0.22748658362390017 0.7218656236498973 0.07824753203238366
-1.4122957583081686 -0.19945407902598333 0.3507795182689559
-0.04015539124007006 0.6915502093312966 0.10031269469107507
-1.4998178252061862 -0.3839120276926238 0.34383104719962
-0.3300198761697146 0.6821467973013213 0.12595604338492272
-1.6136864959218968 -0.5446661234807735 0.3409356919750106
-0.6343970451348895 0.6873513338261432 0.1539845315441024
1.726176314325464 0.7129132468038506 -0.3668460997120011
-0.9120970393169543 0.6713246822902263 0.17783831038321374
1.437506996903494 0.6907862956894704 -0.3407077940479386
-1.167064589463351 0.6370688211206357 0.19811485686148522
1.0883209110352965 0.7211330991959883 -0.30461217484627845
-1.4514340330605222 0.6305379127749546 0.22316168227042077
-1.7020604239378443 0.5957352522092307 0.24284122862662194
-1.9303054131205428 0.5422834063356277 0.25894258894766686
0.10569468010660188 0.7725387312559207 -0.20628263077889564
-2.0592044048907923 0.39985690729905343 0.25894258894766686
-0.18417380284771667 0.7620821784335234 -0.17952205262337806
-2.0713753236950865 0.15066318061978734 0.2398590890392196
-0.4510856702833408 0.7337151806767608 -0.15649558625374915
-2.106702501676196 -0.07871456148898659 0.22435377516592858
-0.7588029322222667 0.7426293123455068 -0.12662364564095618
-2.08490268066452 -0.3623112160368578 0.19930742659415124
-0.9130993131580922 0.6190271215134899 -0.12226726136361243
-2.053706244238903 -0.6566829750372349 0.17247150816763757
-1.2535664346008843 0.6603811624461571 -0.08679391465340736
-1.5932295158934409 0.7036621671993757 -0.05132056794320228
-1.8582203280365377 0.6826210872577931 -0.02829410157357337
-2.0676292016005604 0.6131009991488554 -0.014602676250087043
-2.2072855264352995 0.4811661250228667 -0.012735858775721809
-2.1937169387684463 0.20901865023180477 -0.03700687012826087
-2.199784871786548 -0.04685254186713905 -0.05816651902352454
-2.2180564284099233 -0.29299975147934987 -0.07745887360726478
-2.2049428171653034 -0.5699780390400662 -0.10235263428841712
0.3067722018645327 0.47942926163078425 0.613791927479161
-0.006766495574737519 0.4882496219053536 0.6406340447887313
-0.2671852668633292 0.45317344822673533 0.6598071900829208
-0.5198479180802096 0.4129264987711494 0.6778850404247176
-0.6603932776683124 0.2754333704397425 0.6795282212718856
-0.8013834382407694 0.13847231026242213 0.6811714021190536
-0.8649840711602081 -0.06749527263371391 0.6713108865245712
-0.8297602710446199 -0.36321927358635264 0.6466598359569442
-0.1717826980558428 0.3297101235274198 0.5431923715099227
-0.4434900711769032 0.30554559407054427 0.5643386689647567
-0.7521061675503375 0.3156797703842429 0.591049179218663
-1.022979939030634 0.29452468523855657 0.6121959535106551
-1.1786770235511739 0.1721228300550237 0.6160912362560165
-1.1833328564270147 -0.08599228158021788 0.5971708146556747
-1.2003362260767432 -0.33450418150242456 0.579919799946202
-1.0864821875571309 -0.7039961499850378 0.5426359025462997
-1.1283084753299306 -0.9334573218765456 0.5287241784557235
-0.028022005906819913 0.5297828221072436 0.43595598616446374
-0.27327797872502657 0.48166968741999483 0.45350216307486413
-0.5894085052267855 0.49693610002017863 0.4818029252513778
-0.9645772621524458 0.5664786676647964 0.5191602555736434
-1.1417208863949782 0.4635218767022735 0.5265183297618758
-1.1634288372571433 0.2223984172070601 0.5101041642650497
-1.1900066365276913 -0.015704694436784905 0.4942555276378524
