2.255519375703244 0.6158371070725153 -0.06763222868101337
0.36145511412161113 -0.13124936289256794 0.6780719453607347
2.224270919918041 0.8454162637230027 -0.06285765821592548
0.28122082029935314 0.08683619540777343 0.6784372026239183
0.1924437944537516 0.3015814617866468 0.6780719453607347
0.09975682723888468 0.5148773727328333 0.6773409539972093
-0.48657326992002226 0.5414575432761772 0.6378864938531663
0.45581239493520087 -0.680813410990524 0.552626579454973
0.4291904206855435 -0.44080525878858623 0.557488411120012
0.4313146526552032 -0.18990105759950993 0.5645947152887132
2.329034641918099 0.6217980706921296 -0.18610194379942158
0.40657540311308793 0.04977067383450162 0.5694575006280687
2.2282219180962883 0.8239464936202161 -0.1878762548650954
0.382759760516457 0.28931605210534883 0.5743198091302659
0.5227820630714888 0.5912602967535427 0.5922727281366136
2.3400097665857658 0.67563652753838 -0.29670956785337665
2.220822663296822 0.8705209875284865 -0.30032733137266376
0.6774627192268738 0.7134223398553665 0.49067589586122295
2.143291968046043 0.7688568520482661 -0.4238248174871657
0.7574313474449781 0.48630395220349243 0.3859624559198167
1.3546834615525185 -0.09191443456260018 0.28620764558656475
1.3301725836301088 0.14475609826586222 0.29140946214540264
1.288006463360972 0.3740231102188716 0.29501053636415264
1.2234545101719405 0.594261463548321 0.29661080186708233
1.196938603497884 0.8289701575702644 0.3014125520501878
1.9843268199967596 -0.08323297248957218 0.21917387788636944
-1.8350857659535151 0.9397765168342147 0.07654139345033428
1.9319828797323026 0.14033125877267238 0.2220353776727464
1.899000157243826 0.3713091912861337 0.22653242891176006
1.8019415173750986 0.5767484016942248 0.22530600374086163
1.4454409115849671 0.6815864485790577 0.20118567293031475
2.172941676855274 0.27444273594484514 0.13079211061342022
2.121899245707091 0.49722003523648084 0.13371512239320538
2.053120512033651 0.7127910545777993 0.13496777360780499
1.8921899896359946 0.8925357109551442 0.12787005250795147
2.318105961308582 0.2729142552687591 0.02855345552308819
2.239261846446901 0.4841910019370026 0.028980224779679986
2.1565119588653516 0.6938987426027268 0.028980224779679986
