-2.257107673246125 0.423406714827383 0.26928203346672586
-2.3730190849568373 -0.07167984524856053 0.27049367668572
-2.3732190852016686 0.3898749060748301 0.01791398765984109
-2.3696986937908804 -0.0954624645080635 0.015355279468923122
-2.2593531722688027 -0.6236789098719342 0.008882691883473903
-2.450804441257773 0.9729685323964432 -0.23150236365851828
-2.4482632253377545 0.46193843040995475 -0.2340377068286843
-2.3329125071598895 -0.03994631828019024 -0.2406309342151589
-2.4188130669431445 0.41475861350523857 -0.4902799820667214
-2.37837786226396 -0.09311855843839822 -0.4942138886218972
-2.339709825333415 -0.6011337567161767 -0.49813062903937766
-2.142487524931795 0.9511948400944803 -0.7537520622974343
-2.174875273393951 0.4362416388794337 -0.7547929978137917
-2.204123383954297 -0.07796491678755757 -0.7560079788928933
-0.6110691473232919 0.6702691115594135 0.45819919350090554
-0.6761752300266863 0.36317931540601833 0.4584943557018333
-0.7325638175043849 0.05435706114438332 0.45819919350090554
-0.6775564641922642 -0.2772845858004267 0.45110290291252664
-1.232449196104227 0.5830852084518732 0.33693568947258523
-1.2684995888037776 0.2723080093425416 0.33541362526360086
-1.217598340747358 -0.05632653392373399 0.3284131789440208
-1.1532828258401935 -0.3885624156153682 0.3204995894664817
-1.7435272765134755 0.286960340039748 0.20833461525383523
-1.7415101181474455 -0.030121839826197316 0.20426481010857156
-1.7015546096269247 -0.3555633800614615 0.19768970253410867
-1.632714127193566 -0.021703293074541108 0.04168575050774148
-1.6073946734738058 -0.3444412700533448 0.03589313270988992
-1.6289823126755039 -0.8818714962783432 -0.1262338852649636
-1.5658694158809823 -0.16455774533419643 -0.27681905982551047
-1.755941287113302 -0.4427570874080402 -0.26799947974738547
0.30272182003795933 0.35749174409735573 0.7196885848278098
0.0749224866005278 0.07933113216981624 0.7291490340465598
-0.06779366738777526 0.7503606756248047 0.5858213210338645
-0.23551456773590473 0.46143334215388165 0.5921341681713157
