-1.7079771130224302 -0.6995570978177454 -0.3613318424458716
-1.115425991611275 -0.744761331897628 -0.3326460342641089
-1.4036042285856425 -0.6031208569206257 0.3972981948618677
-0.45944711349032374 -0.8210920946807079 -0.30004706194355224
0.053095223646884904 -0.8409222871554078 -0.27595391085102294
-0.4402875018402064 -0.6094338347411963 0.42912230680034424
0.5419762293233532 -0.8541721948312357 -0.25320138742878173
0.054189327502019324 -0.6232025322779435 0.44571242520854737
0.9020430838856193 -0.8147371051839443 -0.23815502932026122
0.12670434494477334 -0.45639330969750347 0.4433046359782007
1.4080250988311533 -0.8419005320535149 -0.21422233393146728
-1.254081868717332 0.35044956554177986 0.37501559445903565
1.6486052840273793 -0.7548144969620765 -0.2063201885457251
0.22782904586200914 -0.10323862611097923 0.4364074249033716
1.6523498043231726 -0.5629452707461411 -0.21282496263935302
-1.8575907519223875 -0.708831854000465 -0.46211089899494384
1.7569272534437879 -0.4161436682272992 -0.2132326584096167
-1.3155173666774864 -0.7316790334899395 -0.4355827789540503
1.8301777060546094 -0.25529942354985025 -0.2155837040181372
-0.10172838302530351 0.6479853767922421 0.40376124570415284
-0.7236265702085518 -0.779401873053331 -0.4058794002766821
-1.3198346008320492 -0.5171321838542724 0.30427656362102296
1.8994549635627997 -0.09262147510406038 -0.21821489145710204
-0.16482070598581444 -0.8173088352224411 -0.3781205635304663
-0.5254747218803146 -0.653073780246153 0.33558497617290284
1.901421099758224 0.10141814070047417 -0.22502293398334716
0.3747794193504994 -0.8509604758340146 -0.35145582964374755
-0.264926191121333 -0.5652095048116692 0.3419853229288843
1.9403238249284342 0.2787308764712151 -0.22961249163105224
0.7853500810476497 -0.8324499303142403 -0.33273401071979736
-0.00436284272991827 -0.47890939440167557 0.34840164372966553
1.7046995124347042 0.5863978437680046 -0.2512108307118628
1.3783335423948415 -0.8967422325907322 -0.3025602321858618
-1.3540047941631386 0.3122182327688492 0.2788759250407007
1.6324987340486388 -0.8153937819547181 -0.2934812526936743
1.7043566784142534 -0.6541088201803831 -0.29582490732624267
-0.18941419912258795 0.20279825872710688 0.3219045181040552
-1.6871582831066512 -0.7288462034570387 -0.5472790222401831
1.79953941485644 -0.5033411065355011 -0.29673924257709716
-0.26426469974041567 0.438251565026448 0.31231794545696046
-1.2880847778558469 -0.6928928884622749 -0.5289362888570044
1.8861234340769784 -0.34885126549137624 -0.29822721292927
-0.3425992658017343 0.6765620237117815 0.3024974841837671
-0.7698386564260922 -0.7100241628222719 -0.5029362659688208
-1.1416176769751516 -0.5421061605758908 0.21807871053264405
1.9233235664030133 -0.1717866740038616 -0.30286874582721923
-0.146757364057315 -0.7756076679013759 -0.47014155199482177
1.9023370041930185 0.0325739448257778 -0.31124582102253173
0.3836095321079718 -0.8057583403590485 -0.4431704502339575
-0.00014054804068308613 -0.6297712188456259 0.26179752538249756
1.9681128382253412 0.19713462908661228 -0.31417956163837646
0.9085940685186777 -0.8373562606034568 -0.4164496879811499
-0.019234241318063283 -0.42288456071936764 0.25490102956340577
1.9306629859448527 0.4105175356097064 -0.3237256031270239
1.460187727183218 -0.8844240536106582 -0.3879200439686987
-1.0708282295661142 0.2387791750597117 0.1972409267191675
1.8761212095959934 0.6330189622358873 -0.3344358425374243
-2.215534810391574 -0.9390172377069206 -0.6607300262685034
1.737124709267384 -0.8136337307819872 -0.37701501657917236
-0.9587594805233657 0.39328671174423846 0.19656310269878174
-2.181004366243556 -0.7491621499460805 -0.6656233291859839
1.8727692234804394 -0.6812816756836426 -0.37522830774738525
-0.17615008468130355 0.24704715793551912 0.228966333365896
-1.6708389817946063 -0.7560660542537079 -0.6394597511525366
-1.5666242275134508 -0.7784417224154296 0.11607465932414796
1.9496512214913864 -0.5228943067849201 -0.37727203180744384
-0.19160979214619545 0.4558173677910986 0.22201786229656006
-1.3316982518419742 -0.6949922073621835 -0.6244226913686011
-1.0892241092384474 -0.7757717889158187 0.13403806874797608
2.040704158435627 -0.3710125606906516 -0.37843193819477294
-0.2879815706103699 0.7022865931980462 0.21099910924480225
-1.3467348216091182 -0.48647191364028686 -0.6326185684437964
-0.6078105936679847 -0.7781246048815049 0.15227136800334717
2.1186512532915707 -0.21325447204375791 -0.38047804644062255
-1.3655032342164262 -0.2756373092915041 -0.6411282043690893
0.31852932916855536 -0.9738656766330678 0.19310341069743897
2.065880776270152 0.00522098021173889 -0.39110102465107177
0.40424546883831525 -0.8344386301241968 -0.5316723804707739
0.399003144351461 -0.811935407404107 0.19118175694988038
2.0728207584739273 0.1967712964364381 -0.3978919010396216
1.006959608295869 -0.8997689646955678 -0.49894370844318603
-0.21605339609173413 -0.34730288242278107 0.15383610913799073
1.4852416232971564 -0.914874301914196 -0.4743439178700659
-0.9335941491109914 0.16808852609569414 0.11105380246684815
1.7392861343581352 -0.833976828249753 -0.4645618419881079
-0.31958286887703835 0.09933385101624026 0.13613853642986085
1.8839778514419478 -0.7056887537735861 -0.4620458107228491
0.060880535564507454 0.1306584062080134 0.14935455510661866
-1.3457959433771833 -0.9512733720536204 -0.7093526344533179
1.878901301834091 -0.5103690607092375 -0.46954574396564697
0.26346776926884274 0.23983039511017523 0.15347466657207276
-1.2559496678777151 -0.7872941730141747 -0.7105604629750464
-1.467195240849719 -0.6682505827685361 0.022986986136892096
1.9563811283656385 -0.35202073088148467 -0.47158541490986083
0.4389756792552504 0.3602869777883413 0.15620050618694092
-1.1793541597221555 -0.6178866377286525 -0.7127014618153784
-0.9208575834905588 -0.6960912299602171 0.04534778783366944
2.075204922942852 -0.21274054460485559 -0.4708897094960425
0.6147461164306343 0.479780465988199 0.15893445203349854
-1.161875464219218 -0.42336611681550806 -0.7188865165944311
-0.4212696345189819 -0.7079076791238563 0.06534109303996827
2.1310661903852335 -0.04460621265715048 -0.4744528751607153
-1.1528107075296887 -0.22477637912104598 -0.7257014732594702
0.10974029193469903 -0.7367830649983773 0.08706507871196534
1.9615852635781081 0.22926186088187706 -0.4932490806813452
-0.8682438397154861 -0.14510988533857017 -0.7138430099721167
0.4888016200425014 -0.7034548711156603 0.10085640142009522
1.9288148758065198 0.4405744726523224 -0.5029281597371313
0.988849157461658 -0.7556023966757976 -0.594773433708689
0.5793377263630006 -0.5461949293684896 0.0994347114329126
1.4808583058003997 -0.7776709578634922 -0.5684534530873511
0.7389118004263935 -0.4196301342772699 0.10164509007976319
-0.2677427522177993 0.04662465041734265 0.7840648669962671
1.7351612111797863 -0.6971922810442308 -0.5583211403126929
0.7756663490118996 -0.23892288419529706 0.09731707761333253
-0.23394939542177084 0.232923169952592 0.7800701637034204
1.8574965346646053 -0.5588159240940698 -0.5572287063832495
0.9269251633780939 -0.10954580111781809 0.09904895017192628
-0.19033459363852856 0.4151378684340017 0.7764154453043726
-1.6818901128796107 -0.8323072628169825 -0.07423724939777587
1.9484366131072974 -0.40659143393188657 -0.5583216171498511
0.9966900759087274 0.05627932343080033 0.09641466329143311
-0.4825580709403994 -0.9711623129215781 -0.7553612213368628
-1.0938032746710888 -0.8745912598359524 -0.04876651575519775
1.967307489326874 -0.22145413486048682 -0.5644194107289526
1.0307512826556753 0.2385476178908803 0.09183321187541749
-0.39742420770938836 -0.8083649271934092 -0.7568198662038061
-0.5664507495136064 -0.8955482822857235 -0.02649202158405517
2.0321909598125174 -0.057161643296545606 -0.5673948745961401
1.0790971276886623 0.4145328412873397 0.0879753608469751
-0.32550802300455217 -0.6400112131087496 -0.7592388611073706
-0.05364528446566297 -0.9140686434854999 -0.004924676918527826
2.061496374367472 0.12383531978374407 -0.5728789787526343
-0.26216354817555043 -0.4679500848081304 -0.7623006325001929
0.37123536701416526 -0.8985041006546552 0.011931755042531744
1.9876996092640127 0.3538248372502366 -0.5855790596242163
0.9221937716658672 -0.7851368631235758 -0.6869050483937476
0.7269086059268695 -0.8558855371249692 0.025066234565236822
-0.595169212779382 -0.2725143802191212 0.6914537925486353
1.9374768650462535 0.5738811850713148 -0.59672894289448
1.3868617019669038 -0.7944284274292457 -0.6617146950001929
0.977059848640927 -0.7694698538115503 0.0324631709818628
-0.3383223656372536 -0.18355431675101386 0.6962450523142603
1.718680285902078 -0.7478948370743836 -0.6457878570790503
1.0856268466792365 -0.6220220860568517 0.032100774741628424
-0.319129591831377 0.008863714981998783 0.691636182761648
1.8590719570504994 -0.6175847581123008 -0.6433159332509253
1.1809588983070753 -0.4689972675921794 0.03098616788432862
-0.2672269759686934 0.18715549658683983 0.6882885474924829
-1.810466746318962 -0.5557702346330444 -0.18238296320392822
1.9270908343511906 -0.4550467255076498 -0.6459785919423315
1.2494690752350444 -0.30408077563511426 0.028364040351369635
-0.28757225926545615 0.39815570301251313 0.6820314903025415
-1.0382061431419984 -0.6770856458928591 -0.14558496286823486
1.991143493327737 -0.2906572374462044 -0.6489645462269995
1.3094672947884334 -0.13526312014180064 0.025236465430715338
-0.5063507429060401 -0.7019117660411354 -0.1221684437031958
2.024081357512557 -0.11182075666529556 -0.65420546343281
1.3428418199628958 0.04587328481497366 0.020594217277028815
0.414260369160921 -0.9176959900733053 -0.7996469955678198
0.029316351995117174 -0.7321674730764514 -0.09844937136127685
2.044136496378961 0.07336590473030213 -0.6604186516041968
1.3225139822176324 0.25219570935044544 0.012922384238698736
0.5046193190693309 -0.7400833916930125 -0.07805456926777099
-0.286755711530585 -0.3863626083604288 0.6113253612284448
1.7353049928405326 0.41364696304587767 -0.6901523094411108
1.3030776127124781 0.4589112801880617 0.005238153434255377
0.7681755655319442 -0.6788666892100395 -0.7892867546315405
0.9518315419878611 -0.7390420506344739 -0.05917753984882568
-0.1356096664341706 -0.2524293103689672 0.6121207256083276
1.7348287655490573 0.6109040645429573 -0.6980091552968237
0.7949011653117886 -0.4944367288534224 -0.7949587326283667
1.2386150179642037 -0.6702402801327239 -0.04934944918110107
-0.09379451290956098 -0.07081399180817272 0.608365632987478
1.4067451987914907 -0.5502926113773512 -0.0462564449544165
-0.08323009513547674 0.1250254919091205 0.6032744426493433
-2.042068497742804 -0.8673915615486933 -0.2767113666768286
1.5068433078639103 -0.4005173087502669 -0.04705610086872314
-0.06732593698773925 0.31899587739192725 0.5983649272684839
-1.6703926808510872 -0.8171676075970353 -0.26185693552448486
1.602876004460711 -0.2491220822424367 -0.048115871452829584
0.02667367841786117 0.47795798801239187 0.5966857452158716
1.676704612071866 -0.08773286153047621 -0.050477884315988764
-0.4217055708115893 -0.9369158198545477 -0.20268335154010986
1.7103261193240051 0.09226949287804587 -0.055188320183298334
0.1046147758619611 -0.9619028326279491 -0.17863168528034423
-0.493734809902147 -0.6869067583557609 0.521468021369436
1.7220082392091918 0.28286843128947936 -0.061209819817087396
0.5796867174722102 -0.9686524438065405 -0.15748061945392822
-0.07259130080017684 -0.6681257385112787 0.5340791721110132
1.6938117868089115 0.4928121207550902 -0.06959094812824462
1.0403917517832717 -0.9725090993795291 -0.13709463884784912
-0.018577110556666554 -0.49291487769416875 0.5308753032450464
1.6439841642641788 0.713928044516706 -0.079291723274729
1.317536766105917 -0.8992371847736464 -0.12739386370136474
0.04524208425619136 -0.32183384039559115 0.5280641097788599
1.5626341771389463 -0.8135371318893263 -0.11955227663471435
0.0822553609828951 -0.1388288727149103 0.5240584392313745
1.6345028330359561 -0.6520079962525358 -0.12189855387165283
0.06066154585090899 0.07065692821181813 0.5174623508219507
1.7069248297798723 -0.49072912487329745 -0.12424697687580322
0.035387695993222223 0.2826055462473249 0.5106550235514429
1.7753759103000242 -0.32764203781893997 -0.12686648180439208
0.12470452363942996 0.4432728302661957 0.5088163394694116
1.8307814528774315 -0.15852934210377612 -0.13029613306476806
1.8233697372378934 0.039805035195868754 -0.13750209619953369
1.9751138305090308 0.16450163261708894 -0.13528051187946533
1.6755535463793976 0.5012782683095978 -0.1600426655049536
2.1087502270599856 -0.10032312439988544 -0.27458491136982177
2.1041396129507888 0.2336902735264701 -0.2485426883931372
1.9813410309531747 0.32112267051045507 -0.24637236406757568
1.8875612737711052 0.46702254301654733 -0.23855962564899658
1.8589064217183342 0.7424463075623038 -0.21815957834675048
1.7180145010187147 0.7905436434981397 -0.21989574243976806
0.5988148025697306 -0.4159017683777577 0.2503253001932886
2.128693267454633 -0.09090954770127979 -0.3559907894368384
0.6512898739176549 0.017294039288195506 0.2802816409830835
2.1131525720088042 0.22062252086717393 -0.3315924625630591
2.029632634473437 0.38857897071300584 -0.3213895778889868
1.9690676675682042 0.6013219191929693 -0.30675091555073
0.5064921083744665 0.7132012037208355 0.32046685407207276
1.8565648460098068 0.7069894473796907 -0.3027581196065161
-0.1353091425167996 -0.16502618263607616 0.24155769536540772
1.7356374751304742 0.7951595075005216 -0.3005403499837134
2.24078647950515 -0.13157564522211374 -0.4303204040761206
0.7072734806052026 -0.31962642909427075 0.1835700053934839
2.2092983037051788 0.14844027542831384 -0.4086102466817114
0.7527368092000124 0.10008797450013418 0.21311769673869874
2.1426084830775665 0.3520254092674193 -0.39458908846332763
0.6739397178097342 0.2759293169690338 0.22209439466045167
2.107748374749413 0.6182327867229489 -0.37423600962116454
0.6379471987687744 0.5312585727764301 0.23780331800029542
2.0017995707113734 0.7368595000461724 -0.3688084106679175
0.6011613443375339 0.7819745783194065 0.253138639426687
1.8476327400052313 0.7576961334114856 -0.3733312111134741
0.014973815178162653 0.004000372520025053 0.18095193097636963
1.7425432919210415 0.8770368391609935 -0.36790385057880615
0.8312086833258903 -0.32621971651013126 0.1107705611948755
2.2256202562911938 -0.26565915629120695 -0.5175284366841528
0.8528998102176892 0.04916094665352233 0.13717875669048096
2.1654538610065828 -0.04387814859999395 -0.5013941745991919
0.8264541020791647 0.32656181834170184 0.15516696164653565
2.1716289930043473 0.31230564831435714 -0.4714299659962866
0.7531535946109749 0.5109156024474828 0.16511759946391846
2.103658664851835 0.5113624332828408 -0.4576007347340796
0.7274412391315188 0.7834954536119909 0.18272290418193604
2.0016724746274193 0.6389536363556729 -0.4511469822163794
0.6495128852532304 0.9545724127900002 0.19152579495952393
1.8870657562360087 0.7400397502839269 -0.4474588852162573
1.7662492113430126 0.8281101007598579 -0.4451538543935034
-0.14984102020707368 0.11889170911985758 0.7191070098643091
1.072056964536742 -0.20219052728782572 0.05902466962383057
-0.17395332346857373 0.39328801584740347 0.733508684134939
1.0409643942739386 0.07074754830286878 0.07699022481487061
0.9864532127313943 0.2946596235990313 0.0906597156290796
0.9034352649630755 0.460967007026575 0.0992518443827417
2.081852587949882 0.026149124349977626 -0.5741955261464331
0.8721691572197656 0.7245531495987763 0.11643634030864503
1.9495709705945998 0.09575818788997736 -0.573725841545603
0.791327122633458 0.8909009293582244 0.12502870748088624
2.0347098210414494 0.608204925966696 -0.5267588119740698
1.9243740220616061 0.7181118161301043 -0.5220617275471899
1.7923341470795897 0.783791087715251 -0.5220617275471899
1.3460448541567587 -0.09264995578809732 -0.007118127846262201
-0.17068305415571317 0.0505497224263749 0.6380148906473901
1.6649999155095507 0.8588215746795242 -0.5211225967641089
1.3121433477003492 0.17531652544544585 0.010887243247487799
-0.24290789876727104 0.23743184255400251 0.6463814754252222
1.2459852351022 0.37641255738907375 0.022891141868093268
-0.40547711676054377 0.25821432771821407 0.6425200481180933
1.1468808614358394 0.5109858350663643 0.028893091178396002
-0.539111894464174 0.33202891279773894 0.6425200481180933
1.0530502530517794 0.6546288424239464 0.03569517324016358
2.218350663566323 -0.014921257942397403 -0.6473933677907202
-0.6505659489720408 0.44550632874715745 0.64541611859844
0.9415425266582496 0.763122379693165 0.03929648587749268
2.1897194500166854 0.2693854351396965 -0.6239539604420874
0.8421623337172832 0.8939799345101349 0.04489813039348389
2.127997015366841 0.48181764738885136 -0.6081677894826147
1.8279408371116368 -0.13459359015812566 -0.06860413362934326
2.0477829461565165 0.6540056643477854 -0.5966874580617163
1.7851869448206124 0.11930043128317891 -0.051433465981027826
0.0034204468661584997 -0.04313748430737263 0.5612975139384058
1.919934652939979 0.7281766141457382 -0.5957304458852026
1.7041503405381313 0.29263269928993196 -0.041621826195261225
-0.012790640451989077 0.2487762982872752 0.5778225440745142
1.6196327736721798 0.4571497347320985 -0.03262748529865478
-0.11784073440508891 0.3738069847537062 0.5817883987192896
1.5046309826852138 0.5594936816851472 -0.029356859230539545
-0.17187020396788455 0.5909520775198942 0.5926948566202905
1.396884387069182 0.6754983763581919 -0.024859807991525873
-0.29709684416628335 0.6770455056111615 0.5936864394907739
1.3352043781793306 0.8804734695775451 -0.012186430000803217
-0.4827430862590063 0.6546268994742093 0.5864153880839136
-0.6370018309501262 0.6895755538285329 0.5834408778910425
1.8705935507064844 0.006811798556782378 -0.13199295809223388
-0.8060398285582195 0.699098711245064 0.5784834403757837
1.9730531741233648 0.5546005215348941 -0.6830240707631323
1.8042283243406914 0.21128748748307657 -0.11904992868854736
0.20369558744009097 -0.08739325428533107 0.4883025665049341
-0.9505148107102883 0.7526546400088989 0.5768309612040308
1.8758272275669015 0.6914399160146374 -0.6752311210866186
1.7324201842258198 0.402368944145465 -0.10735931208088134
0.1839691249217239 0.1999310969041872 0.5049236793284204
1.7503694602043254 0.7706358281492598 -0.6737700920338843
1.6349546394110028 0.5400107681393678 -0.10067882349445556
0.14708123866530443 0.4517786978238121 0.5188313503031519
1.5471978308832384 0.6956622460041828 -0.09232868959858154
0.07837668228613026 0.6420363206719131 0.5279897231821802
1.4173434531854845 0.7670983503396727 -0.0919109802479956
-0.07547588908355252 0.6747792489721434 0.5249370116953638
-0.23658701568367846 0.6950292517813565 0.5208664912943628
-0.39294780767771087 0.7246670087950093 0.5174745101694849
2.1179356722998826 -0.25479023084888297 -0.21832599451496337
2.11877958323932 0.09294729314087391 -0.1914741020436499
0.29703060754711075 -0.17010183008721214 0.40957627484843995
2.060812861995359 0.3147519809239796 -0.17655672838642333
0.1712465382471251 -0.08110710468223203 0.41096792409465577
1.9756416006144484 0.47835246215390015 -0.16717996408893798
0.04583012000551534 0.008287029251135891 0.4123595733408716
1.8957996045399703 0.6510053690289439 -0.15695085337116454
0.19304784705321154 0.6029675229836613 0.4537609596018579
1.7613006971958676 0.7123301051061119 -0.15737714579059814
-0.0513787502856502 0.4687407394538923 0.43740902135417725
1.6382029215705352 0.7963752577676928 -0.15567221453144287
-0.24662419341436248 0.4276046140238705 0.42836342046306397
0.5467867089962581 -0.333552419604942 0.33073744962260987
0.5863732451543662 0.07301328193263856 0.3578403968577173
0.4776243883156468 0.19191375747652728 0.3617628593210962
0.40919475590450816 0.3860120567902072 0.37174854466960694
0.2548276980011437 0.417402126477441 0.3685387153391626
0.03650200751006949 0.3308979424793961 0.35570059011028077
