1.9589742385589375 0.7498432177480421 -0.4401972504929521
1.7074055406743724 0.6656832313454721 -0.4310691567734697
0.4274501423798256 0.8101827771596701 -0.3648979874924638
0.09737645038858034 0.7927836921398299 -0.349876663334749
-0.25617626686450023 0.7952309175735071 -0.33308627332010055
0.09577758367699118 0.5169933590210816 0.4868099478407881
-0.57726990018962 0.7756122113520858 -0.3186772080735185
-0.23838132719497196 0.5053033960367115 0.498481490962126
-0.830448809749285 0.7063508314028795 -0.309318802006624
-0.5243656059831352 0.45915503597818663 0.507423141352751
2.0945270936149143 0.744256108517483 -0.5554030152634599
-1.2933418993739139 0.7995296068073747 -0.2842495652512529
-0.6674934826158392 0.3050143912961971 0.5081870344801924
1.7295903089519982 0.7413025758703347 -0.5374548646286943
-1.553642452126681 0.739757687282947 -0.2743165704087236
-0.795310395958083 0.13920979233533792 0.5080339697524092
1.3612172353566052 0.7433868919520918 -0.5192115517930009
-1.8019765002517119 0.6721581566901733 -0.2652814599350908
-0.8646148273236349 -0.07220337989163816 0.5044672278090498
0.9652902066814875 0.768258324612618 -0.49884106839456344
-1.9520491940573805 0.528826677511649 -0.2636711808518388
-0.8601662810183655 -0.34217672370997754 0.49657843386373735
0.6223267804394936 0.7569057229910614 -0.4824483605698564
-2.067306097067643 0.35825096526527567 -0.26473977292337203
0.20781591668399813 0.801132169968211 -0.4605696412400224
-2.1597624749159934 0.16937898760477665 -0.26759936536111617
-0.1259175199694198 0.7879472357923989 -0.4448049279526689
-2.1478303029748957 -0.10357592119175507 -0.27847888196267867
-0.48137796158901835 0.7803361515758223 -0.4278352471665361
-2.120442691836658 -0.4039172271970699 -0.2911613198594072
-0.8282956442300815 0.768800747175308 -0.41148545468606734
-1.134328356213686 0.7545057570802962 -0.3972690316513994
-0.8714701089128312 0.5392444767824873 0.4176814345046065
1.689357388823396 0.6629200228301757 -0.646322033055208
-1.5243940803539715 0.7549403540232049 -0.37851025784768844
-1.0096694192126563 0.34331840662082236 0.41703722750387406
-1.7459182009176573 0.7053731106276988 -0.3697903367356279
-1.1457644203581623 0.22483718037356226 0.4185502318068526
-1.9116015462942215 0.5741296883424827 -0.36690356457986617
-1.1912816038083065 -0.003966242816233034 0.41343281542501664
0.5167972156585421 0.7678172804749481 -0.5831425401047685
-2.028179148026055 0.4176773436312171 -0.36737611020364547
-1.196070384911451 -0.25253332004009543 0.4061925200148604
0.16085150979121465 0.7823024026268985 -0.564715644963167
-2.145279697631068 0.2615872742134471 -0.3678581925705888
-1.1550388088175794 -0.5387399836383207 0.39611504351339555
-0.1648388257578688 0.7634302477884258 -0.549128315098665
-0.006076651091973417 0.6305263835038435 0.282630660884001
-2.139309290521254 -0.019251598159328864 -0.3790571900681474
-0.5162609553896971 0.7530906088076241 -0.5319864960984209
-0.3462079349192777 0.6107007948322556 0.2952048567458174
-2.1309015663102855 -0.3037569700219702 -0.3905742379502275
-0.8727168788983448 0.7621877593012032 -0.513906261570833
-0.6755221726598677 0.5981606168924136 0.3075315741225264
-2.0721301291073786 -0.6041659482888146 -0.4051349374131181
-1.173106889718838 0.7307969019316642 -0.5002305718735673
-1.00435644155651 0.5874704416220498 0.31984970843038774
-1.552100585645647 0.7620862419840817 -0.480283043034456
-1.2180981467821113 0.49005278632857063 0.32507345949850297
1.3850154074535368 0.6704960600191487 -0.7274611207322099
1.1861709334249042 0.815072547777782 0.13450501238546586
-1.7846099669606872 0.6821643539840849 -0.4719631882981279
-1.3019263711486246 0.2924234930417491 0.3222248343153975
0.9393798877851367 0.7314792963265919 0.14201138292989945
-2.005332135692953 0.5941999087033896 -0.4645941468552568
-1.4101324084349187 0.11342825797433598 0.3208319929762862
0.5480808548404781 0.7560777028479766 0.15861485277853227
-2.1086036047373398 0.41453917311756605 -0.4666574212388017
-1.491583583113865 -0.086926870369604 0.31771872317037797
0.15755894761640832 0.7829528114361191 0.17520973955831742
-2.1266515581537675 0.1668208098417825 -0.4756391259507158
-1.5230587219524665 -0.32759286932899734 0.3114177969618819
-0.16225012095387115 0.7602056126176935 -0.6441815110520341
-0.12833844997375365 0.7341850976685826 0.1852175978346846
-2.0329369373077526 -0.1716870277178355 -0.4937417718247392
-1.5400680077705715 -0.5809645616234267 0.3041288641615889
-0.5232829922772737 0.770216169158104 -0.6253159257248857
-1.956543448991539 -0.4987614300741612 -0.5105993958786943
-0.8717467972183215 0.7732396759359697 -0.6074235650376298
-1.2100689744660684 0.757895456060524 -0.5908344003037431
-1.101756865539457 0.6740572204033999 0.2222630766554854
-1.53131940598837 0.7577727933527161 -0.5745623322800615
-1.3562928706580664 0.6217705020895634 0.23072359835348344
1.6750929323080896 0.5373443141787071 -0.0017841073349931236
-1.6654017381199253 0.6011553448975793 -0.5740773888901689
-1.5578755089251075 0.5166489557486251 0.2353718069716475
1.2097621292442966 0.6112825876873744 0.020117023341276408
-1.7764432586284187 0.42655924446092897 -0.5755336495713212
-1.6810125457163707 0.35088578374331725 0.23494932924947953
0.813846933871929 0.637603496773699 0.03756020342550492
-1.8360949132044766 0.21028448461537508 0.23654196535787797
0.41471371956484404 0.6692294490399284 0.05525563036642289
-1.3482544536322791 -0.4402145685836665 -0.6322362634018877
-1.9016858074292458 -0.0011640240724215545 0.2323038366957686
0.056373363043348945 0.6732708675303156 0.07032511507711625
-1.5487470900135207 -0.5474560644416862 -0.6266434403733232
-1.913632909810289 -0.2562890469516734 0.22451136385641313
-0.28540644095456 0.6673308181238387 0.08433840548238969
-0.5948335521378283 0.6391657976026357 0.09624932085714555
-1.029931469248325 0.7099300783299194 -0.7165129395798662
-0.9435112088704898 0.6430584970310012 0.1107685354872725
-1.330155760348859 0.6794527812662929 -0.7020762177781084
-1.248091458080907 0.6154230627654131 0.12240002428732133
-1.4369269225761343 0.5007083832387762 -0.703890106327913
-1.516787481254255 0.561900918663734 0.13166640078268266
1.1376427519048633 0.7422333408625388 -0.0798142167405107
-1.75774228648487 0.48827832678433225 0.13909170901022172
0.7621040021896164 0.7537062794058249 -0.06313588345804
-1.8888368572413157 0.32938183180719527 0.13917753969869828
0.41531946439265255 0.7465366985692601 -0.048360130436799764
-2.020469475413833 0.17095579980441578 0.13925383364401078
0.061086964315649084 0.7473320041248588 -0.033052703984163045
-2.094123829230483 -0.03375756708035915 0.13539288317404008
-0.2805764693789712 0.7411402599179135 -0.018565914280793905
-2.1025258665872713 -0.2916197274538721 0.12707064425192094
-0.6216906918120912 0.7368883481120072 -0.0040877076462724204
-2.0307070064863524 -0.6158930088429972 0.11323807512960649
-0.9305127503600943 0.7103363022055822 0.008218028895475626
-2.0456870878247884 -0.8716608527989855 0.10515473162374711
-1.2745571851071418 0.7128892636080035 0.022948959223844767
-1.5706347150230613 0.6807143387415993 0.034424999110319376
1.1352276692560537 0.6898170809709736 -0.1885345193222978
-1.7915867909188847 0.5917950931480256 0.040754058711149455
0.7797555342800706 0.6866419937091628 -0.17271401608743453
-1.9811867632840432 0.47930067023609624 0.044909217707731486
0.4248555580022497 0.6855121662989783 -0.1569025727585771
-2.077054776295469 0.2932968998083698 0.04256317888937211
0.04257403445865293 0.707352773444736 -0.13914658749856734
-2.154152262752376 0.09196653809664745 0.038854339472868205
-0.29277952768082116 0.7097311368370267 -0.12418486798562789
-2.1530025036442595 -0.14633744292412132 0.03055594240865922
-0.6219751984429678 0.6965688715598102 -0.11007525647439742
-2.0714486182757383 -0.49074504264884133 0.015182235591032267
-0.9705011327441184 0.7004230258325235 -0.09457900250711226
-2.0704027896748443 -0.7588238356727235 0.005759933344938517
1.972091291907347 0.8771483288628419 -0.3282268258408525
-1.2946834869771777 0.6879970450218735 -0.08076598370828414
1.6114949330142991 0.871560595291375 -0.3115933152512529
-1.5955057465753555 0.6335668181367131 -0.06949069226541305
1.208849070235658 0.8858308290706782 -0.2923820229844072
-1.8377518189675612 0.5744311020983233 -0.06099202359475875
0.8132636641610276 0.9111303248988625 -0.2731774064377763
-1.960688282086764 0.4096401573819506 -0.061445972569368124
0.4425519644641298 0.9209618444312566 -0.25570895398416305
-2.0685540683766703 0.23286764495408185 -0.06302621091165328
0.08052470160833991 0.9269872760295126 -0.238825580723665
-2.153694990666594 0.03770491337982662 -0.06629254544534469
-0.26489797579711194 0.923132077694147 -0.22310235226907515
-2.1579358942984896 -0.22300639413036372 -0.07543303693094039
-0.6097475962206005 0.9212501692520334 -0.20738818372049117
-2.1246452180014614 -0.5155558610346525 -0.08737733090677047
-0.7791160030070472 0.7884734110892815 -0.20434882367410445
-0.1332660375056065 0.2972237724862872 0.5945527342482588
-2.081236929658033 -0.818263457053769 -0.10017134869851851
-1.2858128383438867 0.9142758347004252 -0.17684962476053023
-0.24525092648656255 0.11740575483986682 0.5935408857985518
-1.5261478431471147 0.8390110733064278 -0.16864707196512008
-0.3539506605556113 -0.06512595468805671 0.5923011091872237
-1.790086622274785 0.7833492409458565 -0.15872647488870406
-0.4475535773312771 -0.2595952316902004 0.5901782301589034
-1.8690262386516423 0.5845896353848499 -0.16234614575662398
-0.5655420895415091 -0.43539010874974515 0.5893542555495284
-1.9919204981011376 0.41991649012113896 -0.16280915463723922
-2.099759212953714 0.2432429863994816 -0.16443326199807906
-2.0405566765241474 -0.06708188098506085 -0.17844989026345992
-2.002410874585479 -0.3626149866184427 -0.19103839124002242
-1.4473483916679868 0.6624760924107793 -0.7159264298752763
-0.5280076388292372 0.6301028701238591 0.3689482000990889
-1.9313768614368172 0.47118918998200776 0.0466353682204268
-1.915209689203067 0.09858674887708929 0.044915416590788126
-1.7638516806998439 0.9405972575417554 -0.14397074902810836
-1.8008299855615064 0.5717142516165064 -0.14357068265237594
-1.7913606394248092 0.5327555631815013 -0.3296306344346025
-1.853309315476153 0.8891472637591686 -0.5114019128159502
