-0.8335263135975879 0.2640073183585372 0.6569726447337505
-0.8308417246090869 0.09646678578318557 0.6688859442942974
-0.8203717473618894 -0.06575843805092774 0.6794888953441021
-0.8148769717770534 -0.23031214044040382 0.6907517890208599
-1.673079619686014 0.052741164066361534 0.5486290435069439
-1.5946322744473633 -0.06594160113152014 0.5486695746653911
-1.525083440120241 -0.19002943639214465 0.5500819663279888
-1.4559665288863215 -0.31434955702994216 0.5515000800364849
-1.3063978126032225 -0.3908073751776371 0.539955375599229
-2.2214732585262666 0.43379465829971764 0.22249674599107472
-1.15693047946084 -0.4680564710057169 0.5284192542308208
-2.1124227582056676 0.33552943186499107 0.21737837593492237
-1.0674397931407782 -0.5811080014097669 0.5264465789073345
-2.1504851256648365 0.14503063126052496 0.23768782417710987
-1.3950273205032175 0.2787613956514221 0.13453507225450245
-0.9948546949757429 0.3549368302926794 0.07935547630723683
-1.9098359497164736 -0.36822858914992196 0.2499740103953716
-2.027909528479789 -0.6032913112604348 0.2833640555613872
-1.8794822839517238 -0.6777228448645118 0.27102732460435597
-1.177543445530688 -0.4256626670538779 0.1643593291514751
-1.032448153840292 -0.5061127044881104 0.1527779082530376
-0.9644587994702789 -0.6320990014154901 0.15426611702378956
-0.8926253451938067 -0.7558402132417825 0.155034778522813
-0.053342302377032524 -0.6083335131304608 0.03910136024888722
-0.08488148042364685 -0.7935134973040192 0.05730652611192433
-2.172813681743804 -0.9780068068214831 -0.1648499985462788
-1.7871294552484045 -0.9124293268366301 -0.2222826500660542
-1.6565286992717816 -0.9984877497154656 -0.23254084785047802
-1.3636802118984264 -0.991290322648112 -0.2726514359242085
-1.0917640604228467 -0.9981794014144256 -0.3088176270252827
-0.806588003263272 -0.9994016010634965 -0.3473269959217671
-0.525296254989513 -1.0047922987586944 -0.3850343247181538
-0.2048351435222031 -0.990198105541026 -0.42979598243299755
0.10754165617707656 -0.9823916376447173 -0.4729702492481831
0.437709801419075 -0.9670040616561266 -0.5192677994495991
0.8681109929695339 -0.8992477223149322 -0.5836060066944722
0.2703470368565064 0.16167010372848267 0.42095970909532276
-1.055338368474608 0.6029496460788764 0.5403211096995708
-1.9360065752596682 0.827621485449292 -0.43229699332777294
-2.1209308128334143 0.6381944980690548 -0.42573905189100536
-0.5114815729733948 -0.3165229949524715 0.4591557959788677
-1.9548311958400717 0.2427377151880563 -0.46054387290540966
-1.350032102554053 -0.4157134251594883 -0.5473029633289936
-1.4450278748383028 -0.6627507268863226 -0.5518424530750874
-1.898856391712485 -0.6939249673625341 -0.5140116234547261
-0.17652835578785186 0.7320584538389596 0.3340356330150005
-0.4098032423456033 0.5630408374401554 0.34468149940904347
-0.7687099689370314 0.4671134598049633 0.36819243233140675
-1.1231820149147609 0.3707452935709057 0.3912599066966411
-0.3505283987999661 -0.38119446792024547 0.298103568958604
-1.2307632984473997 -0.169428679399644 0.37529015343126026
-0.7948686967429666 -0.7309388211035497 -0.744834663463271
-1.1319897167699509 -0.5310650289807626 0.3513357619517681
-1.360592580529456 -0.6992477388585243 -0.6930124779469136
0.3889984918779419 0.6540840013216069 0.15364908974107472
-0.2867527198250315 0.7329227061321859 0.2106382827037212
-0.576194157058012 0.5964245659138001 0.22737335960801808
-1.3751497881092547 0.754430143031513 0.2974789122813579
-1.4786324690432338 0.5154557503973578 0.29476523201402394
-2.0344098740707253 0.5405677565118694 0.3395421485179302
-2.0057415631514033 0.22536211959407382 0.3228075484507915
-2.128345488910817 -0.0015076889214213907 0.321902511524522
-2.0979536472574907 -0.3200384271113563 0.30471586983140675
0.04743211207230047 0.93491294965159 0.060820339130723156
-0.4237970508635982 0.8993036840277853 0.09723877708848683
-0.9377405039711846 0.8911417874795688 0.1382663230174419
-1.3991207763353941 0.8564019247441195 0.17376160423692433
-1.74357776430584 0.7571195440664908 0.19681095879014698
-1.8814994465453765 0.5394321418755368 0.19773316185411183
-2.0029870797379274 0.3121685818485389 0.19681095879014698
-2.1038814545420266 0.07261577942675501 0.19358420174058644
-2.0560515832277844 -0.2560328653003907 0.17422318260606495
-0.4947316807817259 0.7280185681105777 -0.036615612102187
-1.0129867345507506 0.7234946225284062 0.005654571461045421
-1.5003044401760093 0.704719063897663 0.0446374396556255
-1.8793817847655845 0.6263281788902546 0.07187866966661183
-2.0220357889781084 0.4116507352056189 0.07328772346910206
-2.0925678648044794 0.15446767844396447 0.06671213905748097
-2.095688415933367 -0.14344257755689682 0.05262207786973683
-2.1769326356638743 -0.39566446515616605 0.04698586265977589
-0.5009851695901943 1.0152871422026664 -0.1543052216297749
-1.0016049456104241 0.9996219795385528 -0.11316609580580028
-1.510165783165803 0.9919429476011885 -0.0710709114796284
-1.8369563713865489 0.8828777969054542 -0.0490663071400288
-1.931419089239597 0.6404739794350007 -0.052892925334608876
-1.8722435371842536 0.3076336963378097 -0.07394099433485302
-1.9902753950528336 0.07778478822073964 -0.07537627418104442
-2.0193498742342584 -0.2052075147122423 -0.08685708243910106
-2.0453650521506574 -0.49101220016132885 -0.09881615836683544
-1.0400323986375923 0.6766356748351399 -0.256405593944228
-0.015774350163539452 0.08948456689913797 0.6919248084300396
-1.6521912277200315 0.7303400709327192 -0.20185685355726513
-0.16470047785576014 -0.12926352141793984 0.6935951689952251
-1.9793856417344955 0.6225365101935267 -0.1794531365162495
-2.156376865241036 0.4283799474412078 -0.1740953942066792
-2.2054797995980877 0.15895962702209943 -0.18334841926161083
-2.2214955476046185 -0.1309791380608516 -0.1964991112476948
-2.2131891692359673 -0.43663708456372063 -0.21257186133924755
-2.0573036018739828 -0.8330961766363387 -0.245691539836562
-0.997000159892977 1.0392710161480565 -0.37333989341322216
-0.03596964286079185 0.47902703488897913 0.5770885924571392
-1.4449449284959428 0.9967357539829678 -0.33665538032118114
-0.131673723990275 0.23057490035648698 0.5736787299388286
-1.8622237211038524 0.9394751907065952 -0.3034417649037007
-1.9909087765456377 0.7171922007412945 -0.3034417649037007
-2.0817204883631675 0.47270854741463353 -0.3079040070301655
-2.1734788915916923 0.22842907529323497 -0.31236529548231395
-2.0438479164875005 -0.14800684696344035 -0.34260487754408153
-2.086727374504555 -0.4234128285371881 -0.35301470954481395
