-2.152215372708497 -0.4267709017202428 0.8079461701982016
-2.140880955083375 -0.2993653618904766 0.8048348077409262
-2.0387322867213413 -0.1987945469960657 0.8135470994584555
-2.0170590518905556 -0.07448344613218971 0.8116802819840903
-1.9807004968072661 0.04545942787035351 0.8116802819840903
-1.9012599910346069 0.15209474595090633 0.8172812112443442
-1.813892671919568 0.24937953271974678 0.8241266854875082
-1.8372105152074596 -0.6978912427361905 0.5401076921098227
-1.4840101245071793 -0.6705731029116038 0.5847034104936117
-1.4021681078181913 -0.5663849369905396 0.5913600572221274
-1.519583753321264 -0.4035831382321575 0.570060218202352
-0.05940275098468817 -0.5890590089738055 0.7650832780473227
0.06988171467320825 -0.5050677283822989 0.7783951409928793
0.01009288041119305 -0.3629573373339845 0.7650832780473227
0.059611438400139605 -0.25455532740811826 0.7670802720658774
0.057561451221651794 -0.12981743318609418 0.7617549546830649
-1.424689713349096 -0.7184923633013582 0.15660473190474455
0.065421279633469 -0.007983731839228625 0.7577619203202719
-1.0676035774229362 -0.6946719946276225 0.20597931228804534
0.05960007025814207 0.1185346366113027 0.7517709382646078
-0.7297455624989624 -0.6676271341597673 0.2524499543778891
0.049566113126459754 0.24677569021518586 0.7451147683732504
-0.39685172776646027 -0.6414051401943084 0.2981938966386313
0.05413727619513509 0.37049979302115865 0.7404555925004477
0.34776004180233144 -0.7420460180071018 0.40710874878096526
0.4952957404525158 -0.6651402056628744 0.42453523956465666
0.6665952686110792 -0.5964743955522103 0.44559189163374846
0.7435920916232277 -0.4992378490389129 0.4521269448869223
-1.894923526444508 -0.8406211812915636 -0.4701567045576578
-1.3152392521292597 -0.8759813599945616 -0.3778286329634195
-1.102951828449136 0.33797681843767435 0.15660473190474455
-0.8595485875606528 -0.8798220285292793 -0.30637506164383943
-1.0980863093166278 0.4654504659845795 0.15152212463545744
-0.4043038841955493 -0.8867241906063459 -0.23492101348710115
-0.12014095911422373 0.2725527042759488 0.29674192749190276
0.041027180372033456 -0.8938967386235088 -0.165072952879191
-0.054425714796458635 0.37649005113090794 0.3010983117692465
0.43861019731827966 -0.889932103731292 -0.10325292266678865
-0.021195671673282845 0.4911574754954202 0.30037208877730315
0.8122032931493841 -0.8814731686041615 -0.04544786132645662
-0.015645513274165523 0.6153092552777704 0.29528948150801604
1.1618729190997996 -0.8682774957752954 0.00834366165327971
1.365128264213297 -0.8120765479840717 0.037246192323445726
1.695514986773297 -0.7970992154626195 0.0878257402055258
1.71992240975203 -0.6871198302978847 0.08621975265669768
1.7635161485562207 -0.583242523413066 0.0878257402055258
1.8027680115212483 -0.4780221544610814 0.08862873397993987
1.8236334932083231 -0.3667804474549232 0.08621975265669768
1.8589506946378478 -0.2602389124650877 0.08621975265669768
0.9535858592459725 -0.7913381745815258 -0.6765776029951578
1.880604376438857 -0.14909480713807355 0.0838112481706137
1.93069436115384 -0.04753988380372931 0.08621975265669768
1.943799247352846 0.06667152253906217 0.08220573745894377
1.824929009846791 -0.7076445095393318 -0.529396568907023
1.8824671583950625 -0.6086506933783333 -0.5249090544111734
1.9356453979978632 -0.5084147535760959 -0.5213194242842203
2.091918415132607 -0.442333161484358 -0.49798539794755037
2.1782890754333835 -0.3538597320906529 -0.48811343826127107
2.2136505020081856 -0.2485610983784472 -0.48811343826127107
2.244719946220691 -0.1417974854145747 -0.48901132263016756
2.1692380693140905 0.0018138163226470994 -0.5105495802290445
2.2569129236978753 0.08929848997503775 -0.5006785742170816
