-1.9948797279480743 -0.7337856027108884 0.6018232929279224
-0.597434587718368 -1.0173052759728165 -0.1951074970195874
0.02730258406871755 -1.0212363571877319 -0.17433074836236084
0.6935852657680996 -1.0446277930839543 -0.1516967189739331
0.07079048291044998 -0.8063130043192785 0.6445664989520923
1.2652238206762512 -1.0379851451289213 -0.13302091483574952
1.6769880880983266 -0.9759705794093136 -0.1211314571331128
-1.0757915984077115 0.05821313663183503 0.60278721924323
2.037326806605339 -0.6845045830390859 -0.11720661048394287
2.0057724272321167 -0.4589640175610299 -0.1244120967815503
-1.9758012209729898 -0.8084366764742512 0.4975964653064624
2.0217256037074662 -0.2509888425178204 -0.12961105231743897
-0.7909795566935642 -1.0372775061629582 -0.30522445563775147
-1.3068543818125953 -0.8202150458520165 0.5123223888446704
2.2103055417794444 -0.13274297740007768 -0.9261618030498608
2.015226380077234 -0.03378163430543424 -0.13583091620904053
-0.1472413578281504 -1.046465549937274 -0.2826018703411206
-0.5775393331115488 -0.8583261460736793 0.5289144146015063
2.2276115346974166 0.07484129560788233 -0.9322061908672437
2.0514072709188937 0.16720326703789823 -0.14023975257378662
0.47224211249658055 -1.0514014304795083 -0.26097015265923584
-0.24861351642026008 -0.7565875958690143 0.533719025807561
2.004821037397573 0.4015253078729728 -0.14830497626763428
1.0628551380861069 -1.0501231365103791 -0.24054244880181397
0.07563952374940897 -0.6551896276739129 0.538406811909856
1.6153058252211636 -1.0388673067793093 -0.22174171332818116
1.9613043093072697 -0.7413590609558369 -0.21804336432915772
2.0321845697958736 -0.5548835132174972 -0.22081092719536866
-0.20057733340491524 0.33153943307872424 0.5099897014667407
-1.7091343903039373 -0.8575040448701259 0.3986911403705493
2.099060850354725 -0.3668522456232779 -0.223793066782771
-0.3078026276206671 0.5957850867369885 0.501607381062688
-1.0970380376888542 -0.8505283458507265 0.4127702343036548
2.045575322184746 -0.1318967515540379 -0.2322607410381421
0.3963172421746677 0.5449746968470208 0.5177569019367114
0.2575829561249421 -1.1144480365905167 0.4502772914935962
2.109288904099685 0.057945891817830386 -0.2354679477642163
0.5686915139713058 -1.032486161505382 -0.3601570499370679
0.3365439516655613 -0.9254058993072718 0.44775148506659423
1.1638565134410364 -1.0336945042307946 -0.33853296164971436
0.3082409393273551 -0.6970741722723233 0.4418084251453296
1.683402980119471 -1.0110373706771298 -0.3203540218303784
-0.5297822691034533 -0.1676007790293852 0.4101309406330005
1.7580321952267894 -0.8253482343102903 -0.32290510062676514
1.9921392043690638 -0.7000377921555838 -0.3180165660808667
-2.1373666708796755 -0.9553394832356901 0.29515071983832275
2.0165217679149414 -0.49582827862282386 -0.3229761493633374
-1.4305791334465816 -0.9778612576578709 0.3131947147418872
2.041671116372086 -0.2915372377449543 -0.32794431571465577
-0.7764799413881107 -0.9866981045949288 0.32958813782233154
2.053642075768952 -0.08172106946564384 -0.3335791004131421
0.2720181354304039 -1.1415722295595643 0.359123192982854
2.150066822200415 0.0952628371277271 -0.33526567344170655
0.46834988425827007 -0.9951723398405292 0.3605146038104907
1.169155944124494 -1.0467238648319181 -0.43901304130059327
0.6603318533504918 -0.8481789319514661 0.3617591487934009
1.6558646772865515 -1.011854077803406 -0.42158750419121827
0.7636267898242934 -0.6692912953965262 0.3600391971637622
2.0403113783146587 -0.5159464376014071 -0.42147973899346436
1.0069917909958086 -0.10870947254001351 0.35252042885321533
-1.9600290937872558 -0.8376943521446094 0.179985009389104
2.074709569441872 -0.3153512005779291 -0.4260769260357007
0.9728550466376689 0.12255864548039597 0.34607215996283447
-1.2864610177629672 -0.8509110218849614 0.19819732780951416
2.0400714671698488 -0.08750563712671067 -0.4341063869426831
0.9257081766640916 0.3597621859126221 0.3391363250781909
-0.5196044591948024 -0.9022631276565818 0.21977349396246826
2.0667809732639952 0.11700611231061941 -0.43917850379448975
0.6889509486731633 0.672751057522909 0.3257083522846118
0.07703164482753166 -0.8975175383044913 0.23545714493292724
0.5603621840616917 -0.8554867963411468 0.24721141930121338
0.9355090216409359 -0.7767337971176289 0.25518509026068603
1.1420098285804237 -0.6373831981248443 0.25720068092841064
2.045374411784863 -0.5715922738826791 -0.5195722949932202
-2.127707872935641 -1.0721444225167716 0.07473322029608642
2.116865462622151 -0.38541505836553114 -0.5223422420452222
1.4416167161329625 -0.10242985382677716 0.25178571815985595
-1.4729079575253046 -1.075436842427962 0.09332891579169189
2.184348433429758 -0.1976756889547815 -0.5253529918621167
1.4448808730768796 0.11309215138407325 0.2464675533344165
-0.6821757108669395 -1.1312555150140824 0.11701866264838134
2.1920679549145206 0.013601834047150874 -0.5314512622783765
1.4117780496055232 0.34349022232373017 0.2397987472583667
-0.06667529911234382 -1.1302391532433802 0.13434072609442627
2.149560068636852 0.24535706631657206 -0.5401721370647534
1.4028573085430374 0.5651433180610823 0.2339539157916919
0.5293294792535512 -1.1264974914396433 0.15101810570258056
-1.2291799205243947 -0.46892360067122496 0.9268655407001392
0.9838392238384728 -1.0753349958447203 0.1625122654010669
-1.077535846075186 -0.30041110989550646 0.925743066029729
1.283293890696637 -0.9700810604182948 0.16827674980658447
-0.934788290720725 -0.12923128283868124 0.9244150745441333
1.6776441073408108 -0.4735302309430267 0.16674705620306884
1.9541589533523478 -0.3766569388599095 -0.6291900051067456
1.7168034145128708 -0.27349255823656193 0.1627292263080493
-0.6163483854919711 -0.9125318511799492 0.009504281239689938
-1.5641466092642453 -0.5505918805703516 0.8178126442005054
1.9471889733815395 -0.15944212851066908 -0.6361461055706128
1.7473763313006963 -0.06986164926924232 0.15835281487006103
-0.03846313283637315 -0.900252915653688 0.02640052910345947
-0.8673496142160602 -0.5777160103748855 0.8299550640155688
1.9550352849189778 0.052594704065953124 -0.6423759830425366
1.6996581829221462 0.1648382673078359 0.15097471352118408
0.5904463955630668 -0.9106036528331884 0.04536005135077392
-0.3921306324316838 -0.5288266065652465 0.8368258106281177
1.606469640465658 0.418541984529476 0.14181657906073486
1.1764117187536591 -0.9095278301152163 0.0627221691181079
-0.2877101735489802 -0.3462181808630831 0.8347544300128833
1.522927214553036 -0.8232819570416865 0.07076641197699463
-0.1686392584125187 -0.16933670647800625 0.8330244648029224
2.030452337959346 -0.3730106720936561 0.07402654762762939
-2.000100743903996 -0.8462853525354177 0.7103786098529712
2.0653603945941867 -0.1722714591799317 0.0697717296649829
-0.5610829515059876 -1.1417482599899387 -0.08683923606377686
-1.2556635848348385 -0.8841414310650251 0.7248241531421558
1.8507782632056156 0.11472130002311332 -0.7492485416362866
2.04519568799844 0.050394739607163785 0.06329103584784423
0.08715439346378417 -1.1531625829834837 -0.06614498023491944
-0.573394451470417 -0.9050850424400991 0.7377528774310962
2.021309784957989 0.2752944382193121 0.056612454610051266
0.7064290403198719 -1.1586793547885108 -0.04654506568413819
-0.12231345974688068 -0.847314003526499 0.7447661983539478
1.9890644815637515 0.5043255600288035 0.04954954262274658
1.2921360594757338 -1.1562754093497887 -0.028235949320612796
-0.056513598942888876 -0.6518084431795259 0.7417978870441333
1.5162496516446282 -1.0245320189044023 -0.02467492942315186
-0.013477812064287775 -0.44786655519671825 0.7382132637073413
1.9465392159282118 -0.7579467997305045 -0.018285788340388187
1.9800107182471578 -0.5571821625805882 -0.02259687308770264
0.07341353874027234 0.18144065462844594 0.7261895763446704
1.9909158681960157 -0.3474254749072543 -0.02788070563775147
0.021555205068235495 0.42304211684154325 0.7199861633350269
1.9840053082565774 -0.13025422054787583 -0.03394798163872803
1.950068421844776 0.09818746646671883 -0.041188753886042484
1.6988148627063389 0.4137582164329743 -0.05755523566704834
2.282600204671713 -0.34360087609648815 -0.34018019561272705
2.2149338014740394 -0.15132054982162657 -0.3310473335216626
2.2001973577644804 0.12022443938694494 -0.31497315291863526
2.1705786147748505 0.3664288262250466 -0.3010909927318677
2.076111803086622 0.512696521451538 -0.29597643737298096
1.9296426060600211 0.5804444478738375 -0.29780296210747803
1.836331397590417 0.7272766631205343 -0.2926884067485913
0.9431870453198492 -0.5815114439296707 0.25271340485114013
1.732519327141258 0.8578071910643104 -0.28903535727959717
1.0229211705691625 -0.17130629309723844 0.27547927971381103
0.9443727486658382 0.0031764669101903564 0.281392537312688
0.9744850920301609 0.3338163766863005 0.29854103203314697
2.2591041078834593 -0.18485878429004998 -0.41226104621392334
0.8669159088027776 0.4629953264679614 0.3012017833759204
2.2276525191944287 0.061602495055012696 -0.3980481994579419
0.8258214067544358 0.6864777518601386 0.3106629478504077
2.181173597762374 0.28282299443209524 -0.38607934836846436
0.6852005515774451 0.7670672262778808 0.3097760307361499
2.0643014017208756 0.39585066514349165 -0.38383535270196045
1.4516215841561646 -0.5135135323401983 0.190788232045354
0.5997831506730762 0.925454809758854 0.3145067321826831
2.0005372833176764 0.5880054552407756 -0.3744848144481763
1.3930854172793055 -0.30668475641066806 0.19931050415533935
0.47154377205164266 1.0231214564453595 0.31480213280218994
1.8737676368217038 0.6849983547021523 -0.37373641852837647
1.3579729137840033 -0.06680841158271988 0.21026798363226806
-0.05071474942099741 0.5748670860321354 0.2751836406757251
1.7697598959974172 0.81543133191132 -0.36999634627801026
1.301809073312203 0.13980418782102078 0.21879049416083252
-0.1126354543092063 0.7676356904710318 0.2822794544269458
1.2214179840027874 0.30924970790994877 0.22457333679694091
-0.2708699210693908 0.8274971678137106 0.27961870308417236
1.1503874103911365 0.49112193030182993 0.2312695610095874
2.2168428543298617 -0.17402835134657835 -0.49426463965874756
1.049014813734388 0.6279181544397332 0.23461767311591064
2.2128542581892567 0.11419736448518591 -0.47589401130181397
0.9025329473093038 0.6995119578650488 0.23309584732550537
2.1803811935684827 0.35618542012149135 -0.46173313979607666
1.7618549727654802 -0.2639852888071843 0.1325435268451587
0.7389830922451033 0.7471791049371248 0.22974773521918213
2.0858544254907088 0.5024194314675441 -0.45637492064934815
1.7480585931407333 0.008448256245991104 0.14631911392706787
0.5956582962078514 0.8240189986462667 0.22853036995428955
-0.256777873777974 -0.37758041997125247 0.806402884679021
1.9809489944589096 0.6322735691591888 -0.45254782561760987
1.680331279725955 0.19757313363986384 0.1538328754474536
0.4728590183171839 0.9298227846714298 0.22944351311224853
-0.30825289738550055 -0.16313528644446507 0.8132080661823169
1.8738527202370001 0.7582685887178968 -0.4491029155681714
1.6219843833153504 0.39911477839225284 0.1622862445880786
0.20467675995058698 0.8335166443334359 0.21513792152899658
-0.35856618502860016 0.05119750106681664 0.8200132476856128
1.5198504864783509 0.5345573669717112 0.16573020096320068
0.017535366372264605 0.8517429685278799 0.20935484047430908
-0.39599440981908884 0.28157587050725397 0.8277570831348315
1.3901513958867717 0.6290773361433892 0.16604348297614013
-0.49108206568924473 0.4310892819084984 0.830807648854436
2.277376384657032 -0.3905219248584899 -0.5788190734813794
1.2551275448506551 0.7158186419620378 0.16573020096320068
-0.6298664259858668 0.5204664982331764 0.8303384410907642
2.2881586276875794 -0.07697235377881384 -0.5577292812297925
2.0434693602729297 -0.45401457640669207 0.05083604927557861
1.1033083466766556 0.7784609912828131 0.16353865738409912
-0.7981150242680322 0.5702259458485983 0.8275222408344165
2.279003044710379 0.20265924838264482 -0.5397634876201733
2.0413084028865818 -0.16081321697291173 0.06660362358588134
0.8685936195608619 0.7231566827451061 0.15226765747565185
0.08598844452303567 -0.3944104367433994 0.7319461929370776
-0.9872759509945013 0.5926861490631197 0.8230638134052173
2.1974299960435033 0.36949470080132585 -0.5323431861827954
1.9997080104397575 0.06943276049035063 0.07754465218085205
0.7079735598359846 0.7750565928361794 0.14913698311346923
0.10282360494858978 -0.08271444817339813 0.7448455917407886
-1.1856317455391299 0.6040284380345184 0.8179013359119311
2.097419239665882 0.5073623133707983 -0.5276563537548169
1.9207615870445842 0.2412961467984971 0.08398052330511963
0.5618444484690421 0.8479495012821019 0.14757128830450927
0.06363057826126806 0.14696223809982456 0.7528767215778247
-1.381236492375134 0.6202743955460335 0.812973462300481
1.970341279443094 0.6040298220988944 -0.5268752944896802
1.8288317813490949 0.39250526369306726 0.08880730743903076
0.40718331485382464 0.9092309030115899 0.14506670113104736
0.031525267514091126 0.384568499204093 0.7613949405719653
-1.5952535113835964 0.6136029592424563 0.8066374885608569
1.7264937603365809 0.5273382917277871 0.09234710808295166
0.26722094205364755 0.9913708503318048 0.1441275703479663
-0.06060520462073171 0.5368733251976607 0.7648024189044849
-1.824886813104733 0.5881729326914993 0.7991282569934741
1.59955090202293 0.6252702442624454 0.09299059982794677
0.12456998862426616 1.069992652666464 0.1428751575519458
-0.20778512142010896 0.6125864219422894 0.7635855304767505
-2.067284488954101 0.5480837622645254 0.7906806098987476
1.4532646060693786 0.6948038652350235 0.09138175125616943
-0.3783655798851484 0.6566282324094814 0.7604217159320728
1.2873205202558466 0.7361414172761798 0.08752008553046142
-0.5667573608658678 0.6772852028622225 0.7557973491718188
1.1128075427122432 0.7658756313832242 0.08269330139655029
0.25883050070039104 -0.44910665566953156 0.6515702831317798
1.9898209365150379 -0.32639273033011307 -0.676453388972102
2.0674782706903017 -0.20736700381034723 -0.01602462653618897
-0.776186744391353 0.6707259407938437 0.7494694816638843
0.9553537892228405 0.8209060351214035 0.07979723091620361
0.31475676150532905 -0.08020487649902464 0.6684605705310718
2.070589507935569 0.0913743559419089 -0.6448433769176587
2.050221208504464 0.06038916928739724 -0.0018129718731030309
-0.9590759727055307 0.701161137504343 0.7453322040607349
0.7692164269380228 0.8357893117639961 0.07368322487372314
0.2894596278080819 0.16947494704258048 0.6780399906207935
2.0438684692054956 0.34189735599216675 -0.6292386424968823
1.9931925077816288 0.2653989409708615 0.007441006856145016
-1.1721546377375205 0.6925274150753182 0.7387611496021167
0.5597467109944496 0.8189723803768771 0.064994775014104
0.24822433773126917 0.394441803893244 0.6861071216632739
1.9162083088070823 0.4387615455418157 -0.6284385097454175
1.9206648197504883 0.44543958227542646 0.014711819844426266
-1.3795925939135962 0.6928801546877565 0.7326767074634448
0.4340288664780765 0.9208310107010647 0.06563826675909912
0.17044783535671826 0.5664355394749663 0.6908969509174243
1.8128903397276375 0.5716967585844017 0.01768633003729736
-1.5904096519632347 0.6902517715426413 0.7263486015369311
0.038045429543835496 0.6615420210475094 0.6908969509174243
1.702889455945705 0.6941151281898712 0.020330392079533688
-1.7802652398139003 0.716329066975625 0.7217244731952563
-0.20260386470123848 0.6076216422476648 0.6815693008472339
1.5596785240223952 0.7673975404774325 0.019008361058415524
-2.0039617412733968 0.6998751568335635 0.7144231426288501
-0.34959673602689634 0.6838859202394119 0.680309020238103
1.3968670302765922 0.8124366692843239 0.015372716145695797
-0.7660146860674608 0.39491526548745526 0.6561081039478198
1.1800660490656583 0.7802499991250045 0.005458079533757321
0.2061959312492121 -0.5958217231921026 0.5606822597553149
2.1101434546044615 -0.22866957475043392 -0.09671262626153077
-0.7829096610629058 0.6496598782727006 0.665939770894231
1.0141342506686613 0.8227465907611489 0.0014919864704028285
0.24705199405568123 -0.24706074768234032 0.5768525230457202
2.0953460934456167 0.043205253144435574 -0.08178762320977295
2.0415397108901523 -0.24515644495460975 -0.7500298393200024
-0.9449205112969956 0.7081077395962367 0.6634184944202319
0.8625337329290694 0.886344771130176 -0.000821627421198734
0.2267832314959506 0.011111286224696926 0.5872850048114673
2.0793864172445495 0.31055103302355036 -0.06720165137749756
2.1362533939039103 0.193203785112118 -0.7156887424419507
-1.178973985866154 0.6715062017481088 0.6548475849201099
0.6706705718316996 0.893553433722424 -0.007761992258845218
0.05200587955590663 0.04900463657191523 0.5836336242725269
1.9516128095222847 0.4073022173549887 -0.06652335051995362
-1.3472233196344092 0.7235879548885933 0.6518222915698901
0.49013485805732415 0.917889071801234 -0.01338056449395264
0.28062663842397484 0.6523931540938719 0.6162347423602954
1.8297673911736965 0.5127661960714605 -0.06516651038628662
-1.5821717969691385 0.689100722733528 0.643251143651189
0.3822627167734538 1.044285305349824 -0.010736502451716312
0.09310653484418552 0.6701135249406249 0.6112794506122485
1.708342598324382 0.6186135661133676 -0.06380967025261963
-1.8573113083078425 0.6043581241613438 0.6314026939441577
-0.2001293662586825 0.5431543818743307 0.5969347583820239
1.6126290762132598 0.7619540025710592 -0.059400118632136234
-1.971201947620191 0.7302256783049828 0.632915221409978
-0.3414417283760365 0.6274624736750027 0.5961522686054126
1.483725265323244 0.8561416711881478 -0.05906084899407471
0.527299192331327 -0.7870355678650895 0.4786951171924487
-0.4617879210012781 0.740447574771828 0.597195588307561
1.315447746190653 0.8933256856002103 -0.06347040061455811
0.5089229694466795 -0.5203340994764716 0.4900149929096118
2.1097718327690664 -0.16814107989016236 -0.17426017646294678
-0.861152024582875 0.4767176634843935 0.573722802357854
1.1300066586254047 0.9066691463225212 -0.06991533164483155
0.6597423816373862 -0.011781382531957263 0.5172369110156909
2.1144684482387888 0.13281153144552604 -0.1565168273876294
-0.8684028672662443 0.7434794078603986 0.5846767055560962
1.4313889880357742 -0.8320517541015633 -0.9005229843090161
0.9271431122827956 0.8963440696118568 -0.07839564208489502
0.5653085868295946 0.13895613257464845 0.5210103618671313
2.0824128863509657 0.3750317156855303 -0.14364413146477784
0.7469325664935837 0.919566083935095 -0.08416203383904541
-0.016351745228799786 -0.40459272873540186 0.4789647686054126
1.9825483315354084 0.51326616209316 -0.13946894530755127
-1.3637514342953807 0.6349292069672146 0.5645944702197925
0.4911126348672461 0.5999256973809253 0.5390681850482837
1.849950823574023 0.6020489726459104 -0.13946894530755127
-1.5080157528591442 0.719518353159387 0.563551150517644
0.24287944681660534 0.5313159473164077 0.5282876121570483
1.7400360418904768 0.7243322274590085 -0.13668588523369873
-1.652041380285894 0.8046486194190621 0.5625080692340747
-0.05859142745970658 0.39098726181889987 0.5126552211810962
1.6081820131402011 0.8139642647667031 -0.13668588523369873
0.4955922354036666 -0.802115841838507 0.39372488136786377
-1.8752894723056492 0.7876685056396084 0.5546838867236987
-0.18867561598024452 0.4909454992193929 0.512924634175481
1.4625117280429905 0.8835036874709772 -0.13842538718682373
0.46307043700498696 -0.5559271860254924 0.40401979561346923
-2.083658382839886 0.7914696655979654 0.5481636154224292
-0.3242741003142129 0.5832734348401871 0.5126552211810962
2.327572336471267 -0.40914020004700546 -0.2612698448131665
1.1863846210637625 0.7649683163249463 -0.15616897468072022
0.6167241904115386 -0.04325455362751285 0.4323999511768237
-2.295437516565677 0.7923456379147353 0.5413825141956226
-0.47434288717195017 0.6559672450111904 0.5110380279590503
2.329956786704429 -0.10803032784134103 -0.24308256034356202
1.0546752207393695 0.8565312869899344 -0.15616897468072022
0.6336262113968942 0.26727176639219863 0.44714637871283447
-0.719256099771588 0.6008020499952238 0.5007960426380054
2.268752769113192 0.09233746078953686 -0.2334537876079663
1.0064620499338517 1.066894148115722 -0.1460793388317212
-0.12292522850154697 -0.5254104503700461 0.3867690193225757
-0.8962819071815993 0.6389656350131148 0.4967531787921802
2.2278130453860214 0.32183062385556127 -0.22132901076775635
0.5055819718162162 0.6502686800449311 0.4605018722583667
-1.091363608519778 0.6539436146985196 0.4910931217243091
2.1386054879263128 0.476292103538853 -0.21562293891411866
0.2980726440639465 0.6385526977778042 0.453267537312688
-1.2385034135029578 0.7335475318926399 0.48974557991522705
2.028024324958025 0.5977187196605698 -0.21277026061516846
0.03187777013081927 0.5467585721847357 0.4404687511493579
1.8456408690553836 0.6118504043634871 -0.21918896560174073
-0.23821632030309914 0.45231682221001535 0.4273914920856372
1.7497486913056903 0.7547897553268896 -0.21455315474968994
0.7804785481384826 -0.6761372682940205 0.3255707847644702
-0.3739540346730088 0.5448206531346926 0.4271132576038257
1.4577477161119994 0.6095807735518264 -0.23488024596673096
0.9279421754578756 -0.16671948179867968 0.35455247040289795
-0.5093811956308478 0.6378096216020879 0.42683526154059326
-2.1469309883771928 0.6439011692848737 0.45605512733954345
1.2011605525374804 0.5193767123647532 -0.2505715263317212
-0.5821185156236375 0.8155386497370287 0.4323999511768237
-0.9255344116168125 0.6291337869566505 0.41264506454962646
0.7268666274201436 0.4027302453100461 0.37492605324286377
-0.9647566608974074 0.8518076964891108 0.4212703334857837
0.7058642139088924 0.6551468855502804 0.3861169445087329
0.6285994026484865 0.8257839862168836 0.39156910057562744
0.5116029435180565 0.9396100128350042 0.39300390358466064
0.016279887916002878 0.5268921621738869 0.3571352588703052
-0.11333367106423609 0.6265803584947349 0.35742207642096435
-0.24257506460715206 0.7267137949278322 0.35770889397162353
-0.5695120955206541 0.5577920058320132 0.33877035255927
