-0.5349705220176091 -0.34989204433004417 0.9152514342533253
-0.21394207125796783 -0.7020529447237145 0.7573582534061574
0.19873037723333908 -0.5080320952647455 0.7533795241581105
0.2679632487101884 -0.19370132210966773 0.7492816452251576
0.29602368267373436 0.13580781430621158 0.7451551560627125
0.23754051744737836 -0.8948534424406311 0.598604321883788
0.4091088062262216 -0.6174236202644785 0.5946813825832509
0.336685585698838 -0.25343566786579075 0.5902049545513295
0.35513104102073356 0.07919301074447205 0.5859131817089223
0.32785611425752137 0.4291924520897261 0.5814966563450001
-0.0231158748224658 0.2826217887421514 0.42374014894830214
-0.1106688004043832 0.6563448274374153 0.41879069845544326
0.6049597011401886 -0.8908595852256802 0.29614567797051894
-0.03883866032256833 0.3555406845981537 0.2783137563930653
1.5485766501435094 0.1817206509449214 0.10843265097009169
1.6946384793173266 -0.20839944531936538 -0.04282462556494249
-1.0632499539772482 -0.3494015112946194 0.7295389179454945
-0.9568716090796059 -0.04121531045996818 0.7323086265789174
-0.9754082030780111 0.2055577375677835 0.7333925370441579
-1.0833229609678199 0.4093550880838137 0.7332720760570668
-1.4648344806621054 0.7402165071918922 0.7308033112751149
-0.03977468110037563 -0.6135866315207075 0.6248896126018666
-0.10118969296048164 -0.38882727901619774 0.6255101565586232
-0.054019966715181056 -0.11117195800230917 0.6277850274311207
-0.2886802275065037 0.5345926828808594 0.6287502054439686
-0.7163226732928223 0.5841769563219898 0.6237176660762929
0.27207345655256177 -0.4059476276614511 0.5163562301860951
0.3279505366028772 -0.12475074284434484 0.5190745596157216
0.34465173107517444 0.13591277060839957 0.5210937265621327
0.3444749915500225 0.3873828835178337 0.5228024725185536
0.30028317606272736 0.6168396961543117 0.5237343315349721
