-1.7721970424982487 0.5317826663492591 -0.30453999468408544
-1.8005309698530425 0.17114717320597528 -0.3038514418276401
-1.7911769770236106 -0.19837207406201207 -0.3045228285463901
-1.8221284136389215 -0.5592770503396935 -0.30385811754785497
-1.8543777313575163 -0.9202166460025842 -0.3032058043154331
-1.8116130899043128 0.6846527244962388 -0.48227866121850926
-1.8247603905583674 0.3209996790051184 -0.4822057051333042
-1.8343299181376835 -0.043916296753890194 -0.48232157656274754
-1.8355115630194234 -0.41127395561713476 -0.4828027052553745
-1.9548616423191163 -0.751790197346156 -0.4790499968203159
-1.9440322354073203 -1.122691419632254 -0.4800852102907749
-1.7892377745039028 -0.5162016812783512 -0.6643446249636265
-1.6360993566686375 0.21099880046022612 0.6066028313962368
-1.6168546423225791 -0.16126719545411294 0.6064912515012173
-1.438169956891869 -0.5707672640763892 0.6022860246030239
-1.5822115593097124 1.0524805390551162 -0.13132603594385106
-1.6575069122436332 0.7020391091388021 -0.12892992922388036
-1.734027600859207 0.35185632895275987 -0.12654812761865575
-1.8117815081454864 0.001945263301918132 -0.12418063112817723
-1.9700608366548522 0.04865658620196189 0.9638954835263638
-2.056285497021406 -0.5129579156681445 0.9657978253690152
-2.0028953682641486 0.662335603896266 0.6844171719876675
-2.147985687180096 -0.46021978202995717 0.6880513863889126
-2.259189238798342 -0.04488824055388463 0.41083709767736476
-2.1508029011068857 -0.6011032784056463 0.40869848302282374
-2.223560463340789 -0.12886553111604115 0.1306907372800259
-2.190454371873386 -0.6868765347281527 0.1302055554715542
-2.237239292271653 1.127162247822052 -0.1493233008059116
-2.2297309894083526 0.5684532062256986 -0.1490634245546909
-2.2041898623466523 0.010279524124735318 -0.1493233008059116
-2.2005766636451085 -0.5484718828319828 -0.1490634245546909
-2.2556322828310726 0.5107223779142576 -0.4277647299440952
-2.200287188328616 -0.04657666949732331 -0.4288748068483921
-2.26683489866096 -0.6068954616258568 -0.42665512987695653
-2.2354025082669295 -1.1648203317418133 -0.42720969149194676
-2.1261190923694926 1.072749041008854 -0.7115443510683628
-2.128765231649396 0.5133841649887243 -0.7109549803408237
-2.1334042501972874 -0.04592677108342347 -0.7103646559389682
