-1.8101654958547009 0.8347572230609188 0.24577168527816795
-2.0369596006558446 0.5622723957008091 0.25776413980697654
-2.0954759380257393 0.2800243034934269 0.25761441293930076
-2.1390252498025504 0.01130863814919536 0.2565548807737734
-2.114881873644574 -0.2765214949498329 0.2503440767881777
-2.0358747869034737 0.6627770677403291 0.11587504450058006
-2.0691654378431217 0.37883916286718033 0.11395720545028709
-2.123327948597346 0.09644915998004677 0.11351899210189842
-2.083978775296046 -0.19246881840598462 0.10612515512680076
0.9105448049467277 0.9992913111921311 -0.24175187047744728
-2.0010955788253852 0.5895214008609457 -0.031202515924224627
-2.104292790572771 0.3100931473721005 -0.02783842977310158
-2.11393833625905 0.024730776798016052 -0.031588277185210956
-2.0649146231817284 -0.2650139476628439 -0.03983756002212502
-1.862817478180176 -0.5670134179879298 -0.05972929891372658
-1.661811727629324 -0.870489631263581 -0.07962580617691017
1.030472671818245 1.0227759364349538 -0.3990742772462461
-2.216496045882341 0.9174117258279821 -0.15324564870620705
-2.074767422444399 0.623186621636286 -0.16854830678726174
-2.1280785180804855 0.34069614495717104 -0.16887541707778908
-2.1823928490829942 0.05851661030015265 -0.16918726857925392
-2.1282770955295263 -0.23133062909806767 -0.17793961461807228
-2.0702361581589237 -0.5220064866813345 -0.18706961568618752
-2.0208747234518967 -0.7838567207460443 -0.19512720998550392
1.4699249197457256 0.7902335062945554 -0.585639676416168
-1.9867976985693652 0.6897030496642103 -0.317756375634918
-1.7452857484690405 0.0739613844194551 0.8049214274046328
-2.1529677874495086 -0.14328621668374097 -0.3179847806336973
-1.6611687357838676 -0.21949614746357327 0.7951243311521914
-2.0946191908531766 -0.43379048017069266 -0.32725592550064064
-1.5333138281769436 -0.5170068571623645 0.7824204355833437
-2.067143264624111 -0.7224314590261045 -0.3341600507142637
-1.9959640924989408 -1.0150200720137406 -0.3445970624330137
1.5429138929281194 0.8760715519607558 -0.7397663205506895
-1.5740969505786389 0.7654473639127275 -0.49304076131607033
-1.3434234303692278 0.4630422834017054 -0.5161454289796445
-1.9641961000506143 0.2161770122607649 -0.4706031888368223
-1.8699774498022528 0.44146166019665856 0.6748383432981875
-1.989115241853277 -0.06865031672046484 -0.4732033818605039
-1.6800334054534396 0.14178439026034084 0.6578839213011172
-1.9702731361276307 -0.35669479952439787 -0.4794075101258848
-1.6753129087016525 -0.1461195198521068 0.6532137781736758
-1.8828915843845415 -0.6503595486219709 -0.49123068746353127
-1.9654672890246765 -0.9309662116212678 -0.4893734067323301
0.17415113821258643 0.8955404042918502 -0.7777535527589414
-1.4201725541285803 0.699000027977263 -0.6509468167665098
0.19761566170984324 0.30643459241310467 -0.7888896077516172
0.6801055274950372 -0.02043370624627272 -0.8334123700502012
-1.6768001815487956 -0.1478552777664035 -0.643623074853668
-1.2731325882977274 -0.7552661054166592 -0.6865756123902891
-1.4454542925501812 -1.0306316795148476 -0.6772372334840391
-1.5003031633207229 0.9778283736876148 -0.7845666020753477
-1.6567918434004127 0.9745583202835917 0.38090066019271873
-1.0202895791070823 0.6606130073809169 -0.8294741719606016
-1.8731908501978936 0.7005369203284317 0.39181355539535545
-2.0855248773366277 0.42764320236819486 0.40240410867904686
-2.089758862190294 0.1418971603477246 0.3983505159971621
-1.3235303548881632 -0.4761427374663114 -0.822761258447418
-1.985008474135455 -1.0003073477376248 -0.7767111867311094
0.7646090447298874 0.826694581776465 0.44578436914657615
2.1301225007594056 1.0426567138342264 -0.34890767034316994
1.9122254999556887 1.0727582361122643 -0.32321616109634377
1.734118717049519 1.053214078041826 -0.3079616635682676
1.5351622516502417 1.061893996551639 -0.2870876401307676
1.3365950517302991 1.07153806169665 -0.2662131398561094
1.153310591123386 1.0624706168586115 -0.2493531316163633
0.940640986360826 1.0937133035242468 -0.2244650929811094
0.7698195678320268 1.0706361358451844 -0.21081658300186135
-0.814197578131715 0.7178267441333759 0.5677688509580996
-0.9866216922302158 0.7069988386638926 0.5808389574644472
-1.1588230205263983 0.6969439463102063 0.5939085871336367
-1.3474560132171511 0.7122453821790984 0.6113350779173281
-1.5246455947434185 0.7120122109244562 0.6258571535704043
-1.6164162863726546 0.5850363157628067 0.6178701311705019
-1.8317171717024294 0.6438621254503971 0.6425574213621523
-1.9158853110581227 0.5053430822250959 0.6323917299864199
-1.9520853919694012 0.29240873979864546 0.6091568857786562
-2.002937683735869 0.10006921476287545 0.589552202856293
-2.0067178515569104 -0.1672650101305706 0.556877413427582
-1.0423112668556023 0.7860754616721763 -0.07674046453262306
-1.9854918476380945 -0.4767151920184389 0.5169423014280703
-1.292027211347829 0.8901666299380011 -0.03980894979263283
-1.582250048155661 1.0568636607112722 0.009165087377777326
-1.730560913353738 1.0162951667335207 0.01719359461044334
-1.8679147461954173 0.9599270258256638 0.02201060358261131
-1.9508703914780732 0.8218055938319893 0.010770598089447248
-2.0074002609029264 0.6426037954035806 -0.00849791463638283
-2.078383172764113 0.48403960514588107 -0.0237519353273008
-2.0455922208732424 0.16398003802414962 -0.07031746801162697
-2.068111489875495 -0.07369085258068253 -0.10082598623062111
-1.9646618828415292 -0.5113806101147915 -0.1698710530641172
