0.33591635959056987 -0.4804706046688736 0.3613775079704462
0.32442304836117586 -0.21866774484498208 0.3898985689140497
0.31209084727195346 0.038474042526580376 0.4177887742973505
0.28907067834406774 0.2737214439424669 0.44248655490648137
0.2206370081416793 0.4269743979055214 0.45502641849290715
0.14064686717281916 0.5588254177963883 0.4643724267936884
0.6489776990414811 -0.7839256542988693 0.20713737659227238
0.03889184981032656 0.6522647714476157 0.4679611032463251
0.65325345109094 -0.4873405240733071 0.2416713541008173
-0.06745962725015175 0.7374567767318219 0.4702761476494013
1.7543704358197516 -0.6843330026287653 0.08191993884813176
0.656984168346213 -0.1955501450839776 0.275559217259997
-0.20627185508409696 0.7675044546173488 0.46427133731614934
1.6310237410944666 -0.6266193144106573 0.08089521579515324
0.7057605347138747 0.17380318149956153 0.3212907617546259
-0.3552737070073917 0.7810871513859752 0.455709249303454
1.5489258093108518 -0.4893487033028663 0.09217193774949894
0.6819509823920669 0.4082830880321282 0.3466508691765009
-0.5273966289032259 0.7570584590789053 0.44138839893113957
1.511199435776625 -0.2685713492773978 0.11643531970750676
0.5306494369413457 0.4136823248047605 0.33716943912278996
-0.6768184795159016 0.7719942228909957 0.43283727817308293
1.4516767239934794 -0.09174762366415479 0.13387611560594426
0.5088602153437023 0.6481096186879576 0.36254432849656926
-0.8496285557277901 0.7494898492682935 0.41852596454393254
1.379210017113536 0.058848733205831394 0.14722469501268254
0.39983302423942746 0.7274585752747527 0.36425474338304387
-1.0176435754238682 0.7362350057243248 0.4055002038932978
1.2864900933481422 0.17026171209327146 0.15443208865892277
2.318500215030504 -0.27201963943958063 -0.1721636945747198
0.2886529119779979 0.8028741730218094 0.3653133218742548
-1.172934117533913 0.74480927670513 0.39568260364305363
1.2014067343276196 0.2949709035042041 0.16369608096849309
2.3346608883640414 0.057532110320327234 -0.1282183820747198
0.06312048487325228 0.6816297486567038 0.3361232583976923
-1.3468138345555047 0.7246393634325052 0.38138511829149113
1.1335765807147382 0.4502907481324385 0.17774942569505559
2.272208696741849 0.22784473673493721 -0.11040469951856746
-0.16600364665248435 0.5572880805945992 0.3062799280143915
-1.523725314488665 0.7010843023457483 0.3664529626823603
1.057060393163745 0.5883118567652446 0.18907716922532902
2.224276417151252 0.42457685236005815 -0.08822604961622371
-0.24237567570777685 0.6943473339485102 0.3165605371452509
0.9548456647051395 0.6788369684068805 0.19289472751390324
2.109326260974022 0.4894457935188612 -0.0878274137519659
-0.3383252340299592 0.7974688853253618 0.32158687762987004
0.843368247184344 0.7523724201055977 0.19398430042039738
2.0014908354806664 0.5678636387255196 -0.08524391002882137
-0.6379615585046494 0.5610328373535758 0.27399566821824894
0.72731331274057 0.8176582942769279 0.1937125032402216
1.9653879559412673 0.7823046943842868 -0.06013700313795223
-0.9009853027130248 0.38986988231985364 0.23627308063279973
0.6188285323799292 0.8962635601690359 0.1954968278862177
1.8517414069228408 0.848054615465955 -0.05971977062452449
-1.0157155210493372 0.46547279059244673 0.23670890979539738
0.5155872317602999 0.9838097743695258 0.1986544435478388
1.7360011707337648 0.9098261810345889 -0.06002303905714168
-1.0055359119280993 0.7440685865422587 0.26872900180589543
0.4201712074549846 1.084532431863174 0.20386913470994816
1.6063798420952935 0.9458935638608885 -0.0646798307441534
-1.1189991328382547 0.8200194242350349 0.269178659246081
0.19806185599693293 0.967328476391959 0.1742255990959345
1.3704015129487672 0.7869773176829362 -0.10202524013746395
-1.373970769565183 0.6694178513459974 0.23410490207445012
-0.02761535498953549 0.8470014250692479 0.14390066318284855
1.2615876844923832 0.8634457518304721 -0.10013410396803035
-1.4903081792251527 0.7424412845788204 0.23390701465379582
1.877593934380954 -0.3273656692994571 -0.6912920171760382
-0.15595865856539604 0.8940204955993423 0.14024236850511418
1.1506941641254826 0.9359307266036261 -0.09896346874464168
-1.6090371405572341 0.8116838897362442 0.23305633716356144
-0.30705425323261437 0.9032718536640196 0.13043668918382512
1.006344548631695 0.9483252723069633 -0.10796043224561824
-1.7969622449190723 0.7728086450215663 0.21510294132005559
-0.4634249389786973 0.9046845150974683 0.11926916293870793
0.8594362856285613 0.9570139642357454 -0.11767885036695613
-2.0444598514738246 0.6432090605718486 0.1826789682365595
-0.6174691116198261 0.9110226001541903 0.10878923587571965
0.7026037284900042 0.9491227171402912 -0.13029977627027645
1.9400400343263797 0.9428254994381611 -0.508496015741712
-0.7665374947380741 0.9264813983140243 0.09968259982835637
0.5479434692991489 0.9462172927200747 -0.14218923397291316
1.8129851955677765 0.9825282906988093 -0.5127341444038214
-0.9287360007812993 0.9215077839445804 0.08716180972825871
0.4004401938683131 0.9568412041866914 -0.15189334697950496
1.662588402319308 0.9792632650625741 -0.5248362714790167
-1.0781574373357472 0.9382879567967848 0.07806471042405949
0.25526779906856234 0.9723754294362656 -0.16086599178541316
1.476619530081777 0.9115767843455949 -0.5487358266853155
-1.2224543967136583 0.9641075844577784 0.07034090213548527
0.09996920519096619 0.9714418190225693 -0.1727411443733038
1.3492258249122457 0.9530283227136458 -0.5529591733955206
-1.361534706893373 0.9989143372325628 0.06399038486253605
-0.053055558278991555 0.9754559641449561 -0.18388482876051082
1.219524226938418 0.9906461687198451 -0.5579640562080206
-0.2088144874547524 0.9758916905925048 -0.19574949093092098
1.0298276519357188 0.9209393381106921 -0.5826399023078741
-0.35208828574003803 0.99821158470235 -0.2039758855842413
0.9143298850735917 0.9856003930479496 -0.5829131299995245
-1.888929789391291 0.9361543223211548 0.016928941533678632
-0.5133643960900542 0.9915062090265465 -0.2172848875068487
0.7990582414007363 1.050661959526792 -0.5831811124824346
-2.028265920393366 0.9615607076378261 0.009239942357653241
-2.2117628169253862 0.9453986868661168 -0.006668775751477618
-0.30080986612733795 0.014543150156441698 0.5558059518791376
-0.41942454542338226 0.08381686258825027 0.55555322818529
-0.5327550956766132 0.1620374946289047 0.5565412347770868
0.2188940808400588 -0.5328073737347019 0.4530203645683466
0.1760449634288932 -0.3269495117850276 0.4728071992851435
0.1588186549506574 -0.07805154236282164 0.4988744562126337
0.09394648124322913 0.084387153883835 0.512403756902331
0.007718143144565204 0.2081663541747858 0.5202944581962763
-0.07787941459552883 0.3321355872498195 0.5281923120475946
-0.19539405141745192 0.4006322522002357 0.5279405420280634
-0.3000673464546466 0.49089357779033804 0.5308320825554071
-0.4018273563346426 0.5857462460811682 0.5343563859916864
-0.5515597556702758 0.6000471445682649 0.525965482518786
-0.711686135096457 0.5980069767964942 0.5150692766166864
-0.9261954923744753 0.5076930659032648 0.4909994905449091
-1.481397998229582 -0.8591287581652516 0.06521156482469426
-1.1916303355411273 -0.80778320347153 0.09184673480760441
0.34397448134139097 -0.8375278966182229 0.24934032611619816
0.5072683342358957 -0.7237207439842379 0.2591836755729853
0.20460764977594437 0.08479712677666029 0.181015760228747
0.44720260083374086 0.1521199673703144 0.2012813394523798
-0.6404356183010691 -0.9144511828320461 -0.03168174572218074
-0.27395874002817777 -0.9113782867703151 0.006484777257555585
0.15233912107690628 -0.9450107769799416 0.05300071887742863
0.7638833551550874 0.5978194048079644 0.20591381244432316
0.4487652010458305 -0.907011599754842 0.08162525348436223
0.584608939868744 0.9223171887508492 0.1682770555473505
0.744910381765024 -0.8707727388838151 0.11025026492845402
1.015266392048666 -0.8110379299119366 0.13470056705247746
1.1911515191691109 -0.7076328862027665 0.14662769489061223
1.2522892912883634 -0.5264465957141944 0.14185693912278996
1.3302263085298236 -0.3861697957733945 0.14126041583787785
1.4132144320266775 -0.23848886335827402 0.14066389255296574
-0.062388640188189015 -0.9882664656598266 -0.242809980585462
1.4890063553025072 -0.06552221840663464 0.1376827066398798
0.2511421104417053 -0.9690104736025233 -0.20982620067823543
1.534551867191233 0.09480697086281609 0.13231495074998723
0.6893119122793294 -1.002896566242125 -0.16003915615308895
1.574115816893908 0.30117523636879895 0.1233699624992548
1.066401572282608 -1.0149225177285217 -0.11834260769117488
1.6093658169414482 0.4898159196098817 0.11502102069627629
1.4557037116730243 -1.0367897689938737 -0.07477924175489559
1.700068745720671 0.6442118722226589 0.11442497424852238
1.728967287408004 -0.992951328593012 -0.04801866359937801
1.8442692259701516 -0.8568176910551166 -0.04428455181348934
1.9812645425259916 -0.7339418236590092 -0.037439077570325274
2.088873718140114 -0.5937409844977424 -0.03494951076734676
2.175756378820921 -0.44106180309493936 -0.03557178325880184
2.2251310993533195 -0.2653029172019856 -0.041795461847669024
0.48119485683389485 -0.9543205149129896 -0.6424224073432745
2.27521174087029 -0.08957064015073968 -0.04801866359937801
0.9483707304932025 -1.017254201922615 -0.583848684503919
2.2628616042587524 0.12552868559294694 -0.06357690639722957
1.2904726906120274 -1.01064801764079 -0.5445782835029425
2.2472911008033662 0.34367610452991926 -0.07975789852369441
1.7302908061734925 -1.0639504658215557 -0.48999854870069637
2.098624861446254 0.6472309067512754 -0.11585304088819637
1.8453374409153227 -0.9277798706366944 -0.486004560663587
2.0416049246383707 -0.8404370554755403 -0.46936437435377254
2.136098888031775 -0.6927327251219317 -0.468698709680921
2.214166729158613 -0.5350764934455547 -0.47069570369947566
2.229426560388525 -0.3388238853754224 -0.4826767141364874
2.2455330318702735 -0.1423617066908207 -0.4946577245734991
2.266696588321281 0.05169163141161803 -0.5059725935005011
-0.4044819105008344 -0.07255836663563642 0.5574162309623896
2.2299176337715068 0.2827785655887425 -0.5266062910102667
-0.33295649987354636 0.0988292912083466 0.5547206705070673
2.0224778825055623 0.6229900048947385 -0.5745303327583136
-0.2565175780906088 0.2675085040024854 0.5525644128776728
-0.2093286220094157 0.45382122982552175 0.5466339891411005
-1.5232105718629185 -0.7021699872700253 0.39153412036668644
-1.094232149775074 -0.7288933479315318 0.4342630212761103
-0.7049615172000898 -0.7362946833116553 0.472061902806872
-0.32926240862813216 -0.7387253721555957 0.5082171266533075
-0.21708978258308065 -0.5925552500759288 0.5109556024528681
-0.08723752295396991 -0.45680872293073094 0.5158860986686884
0.012957188420493537 -0.304124340445199 0.5169818704582392
0.07510577984253786 -0.12915385273640112 0.5131471460319696
-1.756226018658758 -0.5393749836668356 0.26562050037156926
0.07807169807379921 0.08117668053359495 0.5016434495903193
-1.3961896259458584 -0.526535067679653 0.30012205295335637
0.022222587458003318 0.32749118063182436 0.4824703042961298
-0.8376603564580165 -0.6283810737254747 0.36022165469896184
-0.48762886609569733 -0.6157027737946237 0.39361026935350285
-0.013132577517907862 -0.6769374935330994 0.44313696079027043
0.0734077333101979 -0.5170099668756514 0.4425804918266474
0.16051181858242813 -0.3573769410218297 0.44202402286302434
0.1967994704488376 -0.16778480218704317 0.4347899263359247
0.31077685927117926 -0.023760247496188214 0.43757227115403996
0.17787572648281724 0.26771147028662057 0.4080789392448603
0.21669184060992563 0.4578153659715447 0.40084484271776066
0.2562851481916226 0.6479825956760656 0.39361026935350285
-0.45169055908881717 -0.8978339619408047 0.31098535709153996
-0.106851103603681 -0.8837826119579439 0.3443801706291376
0.15564943928220032 -0.8248752713058636 0.3670213525749384
0.18145863078289182 -0.6307344729154956 0.35853079013597355
0.20378095024437926 -0.433956320750827 0.3494742219902216
0.2783331488551397 -0.26721603871203214 0.34721067600023137
-0.04403715599502078 0.13472123295674976 0.29230716876756535
-0.347085907450861 0.5290507457761535 0.23966720752488957
0.49717027193018026 0.23691057100868562 0.33928611926805363
0.38304988986553923 0.518770549851638 0.31155136279832707
