-2.191026367937255 -0.8289046311652495 0.10722447416402314
-1.8252854705239514 0.030317316702824115 0.750325689526572
-1.752021881711471 0.036639056053315855 0.7613005735597751
-1.7105160308294671 0.07295889350542595 0.7622857191286228
-1.647861989011858 0.08879406644621568 0.7699270345888278
-1.5798346417159337 0.10288097993815981 0.7786707975587985
-1.2030188914514781 -0.8459663953094374 0.31191969892598603
-1.5226402129418801 0.11955291231637233 0.785204897137656
-1.4774238930485524 0.1515975307295836 0.7872915365419528
-1.421745609224331 0.1731561529857828 0.7927055456361911
-1.3901715627666675 0.21859898571527303 0.7903466322145603
-1.3378169783658933 0.24319077860165628 0.7946462728700778
-1.2956828201853483 0.27796851621280005 0.7956132986269138
-1.253445244059776 0.3125880806068899 0.7965779401979587
-1.2076986004028072 0.3435519921340138 0.7986507513246677
-1.1584848181370404 0.3708263045351785 0.8018317320070407
-1.1159655188033923 0.40492985621185085 0.8027892210207126
-1.0699695964632383 0.43534281092961713 0.8048553564272067
-1.023891559703145 0.4655737506211839 0.8069191076479099
0.6450214409932613 0.5285379169773439 0.3736639120302341
0.6966397431511808 0.5446948738729152 0.3787479498109958
0.7304319958327596 0.5834219147134991 0.3758983709535739
1.7749786042533913 -0.839066569652962 0.012868890973105174
2.048033173660656 -0.5229094016044247 0.03771067640401338
2.066480499459118 -0.6049959208109552 -0.0846757791318753
2.141470755203727 -0.33734661058110404 -0.07457732179544951
-0.40728512656824023 -0.6641470535828429 0.7453222372255466
-0.41974258299767087 -0.40868110363891574 0.7480616666994235
-0.43127877402965 -0.15332895533734536 0.7508006193361423
-0.5783621106606347 0.071899572548066 0.7450175382814548
1.9883019473853807 -0.559920097459985 -0.2120571038999417
0.03326760658549688 -0.49710154948067675 0.6482577421388767
0.10900343886740416 -0.2233827380179889 0.6567111112795017
-0.09622656688853226 -0.8090210050555111 0.5100107290468356
0.31237811323431686 -0.7891568026811608 0.41072464964009736
-0.235239320588164 -0.6598038740075456 0.3773436643800876
0.4297160656783916 -0.8372493397716294 0.2924757101259372
-0.3559639259488989 -0.7641790264177768 0.24159432432271455
1.6099634417578415 -0.7450612391988916 0.12584258100606416
