0.1385690445165153 0.14580636970870842 0.558037237562302
0.17415097037122962 0.5596461459583999 0.5580734771863254
-0.5444000774669462 0.8569785850402933 0.530367330946091
0.5346150483608625 0.24892741359779613 0.371337847150925
-0.5959718644156027 -0.5322658092045387 0.5710734886304172
1.299967727078979 -0.7360506489842873 -0.05986647184931915
0.12275350898336512 -0.4777919687711183 0.6314053100720676
1.875530454282739 -0.660004502800847 -0.004381223283645319
0.24211869113551643 -0.29966236567875093 0.6383499664441379
1.9552106105934683 -0.47974879400648085 -0.0003457504137722722
0.2939071118897161 -0.1073477243562202 0.6392178100720676
0.2782919954206804 0.0998554743328377 0.634009794630173
0.24885866890105746 0.31060198847945486 0.6274990600720676
0.19109391341802962 0.5283767888440245 0.6183838409558566
-1.1433166247962845 -0.6462427326960896 0.4136781257764133
-0.29775514109496726 -0.6134644352823955 0.48687262956059296
1.332164817157647 -0.7517027498399429 -0.15473227079951446
0.3523861202913281 -0.5454087077809362 0.542323069013718
1.873562055363955 -0.6683648197390433 -0.10188345488154571
0.4228135575896559 -0.35761528696463785 0.5449847740308078
2.055254390894696 -0.5103236899319619 -0.0870037513598172
0.4598065404689393 -0.1627492370897805 0.5445408386365207
0.4828926929054944 0.03523477142494613 0.5427665275708469
0.43380371331953427 0.24961340335494775 0.5343379539624484
0.39039608599362907 0.46337472601036467 0.5263533157483371
-1.6595219152849197 -0.7076916154961062 0.266357378400925
0.37691410079087007 0.6708239141077712 0.5210303825513156
-0.7747998741774893 -0.6788040316973465 0.344604448713425
0.03139373580776805 -0.6397512425258007 0.41561503831303437
1.5059709058607993 -0.7474929010060265 -0.23540548857295196
0.6325412892499713 -0.5629558133598938 0.46762843552983124
0.6542079239004508 -0.3656913394867978 0.4658193153516086
2.1900093101925293 -0.49925422743767456 -0.17070488508784454
0.744685967949728 -0.18333060814526192 0.47034259263432343
-0.967637488954388 0.3993439542098596 0.30706401292240937
0.12600217693365323 0.36098520814015167 0.404759363569382
0.21890364813254592 0.5446801871599583 0.40928216401493867
0.5742652463795395 0.6667998698594673 0.4382295173779758
-0.7141958975497218 -0.7518857364666225 0.24959989015019257
0.21856002308309996 -0.7383996644937838 0.33396048966801484
1.3590997219284873 -0.7949894499808838 -0.34786276396357696
0.49783201348535755 -0.5940576055945623 0.35654874268925507
1.9731626979727466 -0.7269246960671936 -0.28526978071772735
-0.02590487049996426 -0.27974668504059785 0.3030743164197238
2.0963185510781344 -0.5564607686920695 -0.27625183638178985
-1.0832551689998624 0.15474605533532682 0.19889207307255585
-1.03474052505765 0.352731768760842 0.19935269776738007
-0.06746885032074346 0.3441371519323724 0.2869395774976047
-0.10082061456527214 0.5573925381448799 0.27956433717167695
-0.13336121954601765 0.7710391308760105 0.2721881431714328
0.48516931881061254 -0.6509550366232588 0.2567567390576633
1.2392872078603858 -0.6190888187693453 -0.46296171721064727
0.8181386901097909 -0.5195144952938389 0.28493733827030976
1.8389602200745827 -0.5489384851314263 -0.40096191938960235
0.8351040698855954 -0.32182178791678595 0.28258891526615937
2.0674172655212644 -0.41110945186187564 -0.37993578489863555
-0.4279869953356368 0.14740263265971798 0.15671630326664765
-0.9430330241100009 0.46905405836510283 0.10270352784550507
0.1696401058170096 0.42499260659178795 0.20603223267948945
-0.3216834110438498 -0.8906933613118557 0.08567138139164765
0.5276081082734692 -0.8605605627324575 0.16507907334721406
1.4043043153333201 -0.8519844070784881 -0.5386252838000027
0.9135984015184349 -0.7394400873809115 0.19904227677738984
1.847913267626403 -0.7473621754143913 -0.49315790709101837
1.1537156463678997 -0.589806008379604 0.21865554276860077
2.228437977031575 -0.6320495739539922 -0.45481113966548126
1.2142166808399466 -0.40276197209479214 0.22056909028446992
1.2559151064493221 -0.2117211619408348 0.22056909028446992
0.607787598233557 -0.6441485996704994 0.06880803529179413
1.4905096396245696 -0.640484813088829 -0.6324968772753445
1.1450512531291182 -0.5568643087275298 0.1184863609448703
1.715904295568727 -0.49040469738235437 -0.6113505798205106
1.439093172593374 -0.4204429383317514 0.1438130897656711
1.5244596882493653 -0.23982762413332281 0.1481961769238742
1.561864507024353 -0.048780969428699805 0.14770932618534882
0.5557826059813564 -0.8943999440219006 -0.030829949937698053
1.2581671140235073 -0.8391977496178651 0.03658957902348359
-0.39549349713426807 -0.484064337689567 0.6783780616894992
1.589712798022454 -0.7101330588521044 -0.7280283408983914
1.6341590440822955 -0.7195617099857792 0.07079501573002656
1.4749394101362157 -0.4868574405056574 -0.7461410003527371
1.801192604872135 -0.5572759378158239 0.08368440095341523
-0.2681379398203063 -0.10035608973499244 0.6822142166272434
