1.279608771332029 0.7566574935181087 -0.8697534051815996
1.0708795703457383 0.7115827767201015 0.17569251385526563
1.247733471449136 1.0074814051329657 -0.8699908700863848
0.5714078745269031 0.8367364315259156 0.14687056866483594
-0.2545992069639862 0.8918094589125651 0.0984630140383711
-1.4707999739888429 0.8641178016753699 0.026658013733195318
1.7155554381107763 -0.4772097393139969 0.07553096142606641
1.8520287814262826 -0.17737984990648314 0.08552689877347852
1.784525416352789 0.07638901780963536 0.08290524807767774
1.7131075276868941 0.3290236579569683 0.07999463406400587
1.5367717416454916 0.5525203507773195 0.0705389532168379
1.1926320066528078 0.7308371477226423 0.050649121673869146
0.37185080670089654 0.7824044527924681 0.0012154134829511776
-0.7388104113793403 0.7623471443963741 -0.0661788431088457
1.8683774935821766 -0.24139524341932983 -0.04550699862642382
1.9685735041360246 0.06039834459708082 -0.03740553530855273
1.8875042122367027 0.3096848548053117 -0.04092411669893359
1.8409387863594358 0.5686610195146269 -0.04228977832002734
1.5017696594986951 0.7470072796610463 -0.06235651644868945
1.389354940109003 0.9888781454324018 -0.0680103746335039
0.4002775305877684 0.9966006665769136 -0.12955956134004687
-0.7053910968230532 0.9804722999993256 -0.1985478845517168
1.9425378858438531 -0.28858754538913445 -0.17278437289400195
2.104863372799935 0.03100782315274131 -0.16027788790865038
-0.2971745557561132 -0.6463806381083081 0.7655024084170332
2.0092865997477016 0.2757269545814456 -0.16475729617281054
-0.39995539200164565 -0.39467352200364303 0.7610311063845625
1.7991883630750625 0.488604034762929 -0.17679457339449023
-0.4586088795926102 -0.13041311322763782 0.7587747129519453
1.623399948849812 0.7120049375210158 -0.18662743243379687
-0.6414822223820558 0.0994928772204684 0.7501401456912031
0.6779029134672729 0.726707685323916 -0.24695830020113085
-0.7417336849543723 0.3527057191906042 0.7456860097964277
-0.3888591521872513 0.7154424713649252 -0.315245195953084
2.110664409730582 0.05947718010941472 -0.29087261828584765
0.10045471873373124 -0.5047254044525129 0.6512898954470625
1.971984224128338 0.2919583122650593 -0.2983069864193926
0.0366181256665552 -0.2435110450734772 0.6488155874331465
1.9013226371970067 0.5439510170935211 -0.30120377215547656
0.14683624065062162 0.06622137673254791 0.6555037054141035
1.8122964112152378 0.7908857501521354 -0.3053884950558672
0.13315678688461752 0.3404575650578643 0.6556000265200606
1.6326511073659127 1.0133378991345872 -0.31572870883150195
0.05782448549038577 0.5975183840585512 0.6523980650027266
0.7114897739561759 1.0378532678233192 -0.37604717883272265
-0.36870989310975943 0.7605320339576185 0.6306018385012617
-0.3840134107979427 1.0226695356076512 -0.44811443957491015
-1.5626433089105873 0.7235124744145534 0.5682358297427168
-1.649486362273766 0.970867595884469 -0.5316262689511309
2.10672625547595 -0.4872315065642834 -0.42660050067110156
2.0668899509190695 -0.2259493374602375 -0.4272003618161211
0.23069140514184916 -0.7331960056965237 0.5227689298708906
2.0771580861489216 0.06306648726812192 -0.42428021105928515
0.3159669962182363 -0.4155101904069163 0.5285601171572676
1.9660465348674112 0.2898748324486 -0.43002991351289843
0.3281392504126348 -0.1475604278308893 0.5302032980044356
1.832919846451773 0.5244460640819533 -0.43725113543672656
0.29922173662843754 0.1222147522765038 0.5296091589053145
1.4841222069146536 0.7000571746270126 -0.459447905151082
0.22795677410421433 0.3800125667102261 0.5266580137331953
0.4424243095698941 0.6894131879430052 -0.5296164003293047
-0.15560920858537486 0.5530370458625935 0.5065960439761152
-0.9147422991287115 0.5874538073734321 -0.6217008081357012
-1.6547361038715138 0.6721985667969701 -0.6710124460141191
2.090601812754157 -0.07850428018101319 -0.5557747331540117
2.0906210557883877 0.1935854930153642 -0.5535669771115312
2.0436500253387084 0.45192622017758666 -0.5547576394955644
-1.1864787668574657 0.6742252297467548 -0.7759356943051348
-1.5356195715159835 0.863853021528481 -0.7987561670224199
0.7019302171316184 -0.5769274219076284 -0.789272352782918
0.41247123673823616 -0.38223007466341663 -0.8079791513363848
0.21948064431233227 -0.15865701241818542 -0.8196955171505937
1.6703740250075665 0.5238602650079631 -0.711673304168416
1.528392292262616 0.7570894186353208 -0.7198243585507402
-1.0871705626749275 0.32023375407684185 -0.9081273523251543
0.5827335395893982 0.7851141691293044 0.2805780920107832
-1.0806069970142786 0.6035420274785679 -0.9054990259091387
0.41732288218373803 1.016152188248327 0.27204175320463087
-1.0874349549984714 0.8827471518369432 -0.9039078203122148
-1.557614445616288 0.7711596310198505 0.15805287686185743
1.3727210199724205 -0.5771228846841705 0.18688149777250196
1.4716543943707592 -0.2731836829986367 0.19432301846341993
1.9907558571099013 0.13710682399334218 -0.823729082671834
1.4710202425885033 0.0010679096383192643 0.1957215818484297
1.8187630085585234 0.3606839630371734 -0.8341641870419512
1.399334791758692 0.25479172038417985 0.19279904690580274
1.5753634200785491 0.5651926206683715 -0.8499808755795488
1.3141120827592054 0.50475892687016 0.18901725140409376
-1.7703850157779932 -0.6976666987106057 0.7269882711489668
-1.648639607290999 -0.6837135953638178 0.7516068967898359
-1.5140555886131501 -0.6772115010870223 0.7797426733096113
-1.3667133930263127 -0.6782874934585212 0.8113951238711348
-1.2625958485383002 -0.6576376804733144 0.8313245328982344
-1.1413707976058447 -0.6467230685160796 0.8559431585391035
-1.0331284572538202 -0.629662599737264 0.8770451101382246
-0.9762947473190025 -0.5855298772812905 0.8840789350588789
-0.9364300190277746 -0.5323884667091114 0.8864240202029219
-0.8154476224857454 -0.5238676455786884 0.9110421690066328
-0.805167008968855 -0.45486749506405744 0.905180886658
-0.7861176356399966 -0.39056624452614663 0.9016637357790938
-0.7837606976990301 -0.3167512934615573 0.893457368286418
-0.7557238834553317 -0.25723466643190385 0.8922853025515547
-0.7148135076420452 -0.20504315682366148 0.8946299108584395
-0.699002758862548 -0.13845288676647272 0.8899406942446699
-0.6745194898163511 -0.07674807709771336 0.8875960859377852
-0.6498070338110047 -0.015096302132258543 0.8852510007937422
-0.6123046876076295 0.03908021702276088 0.8864240202029219
0.9878410839447316 0.5246749684746561 0.32921214428739454
0.967755835993577 0.6139523753844234 0.3098706754763594
