1.8928241815187228 0.2643228514433229 -0.5101010432259425
1.807992705374918 0.5695460038859537 -0.5152828326241359
1.5078311388524632 0.8376331889808029 -0.5333778491036281
2.0718270541794723 0.1680486513688244 -0.6571690669075831
1.9817624886029854 0.47174151259213026 -0.6627046694771632
-1.6631175188223715 -0.09920306706317028 0.11492899751502428
-0.0568441022367594 0.5131162187135896 0.1956518063529149
0.09274253330268678 0.14662544783791098 0.026856697557748888
-0.1702475549420619 0.7540859126322932 0.011884487627328966
-1.5084563435348066 -0.23955505942460142 -0.22120925092857924
0.29318679271834114 0.4097629948463375 -0.12363501691979017
1.4953322750400204 0.652086808597014 -0.37541314268272963
-1.4837608612791051 -0.5358036708772769 0.43151501512366686
-1.254916251194306 -0.4894953919535112 0.4605591664298192
-0.827454702737068 -0.5205804254583235 0.5208256611807958
-0.534451320512229 -0.5028017911691105 0.5600350270255223
-0.3753663497973285 -0.434768276784526 0.5781872639639989
0.009302084742973449 -0.4565973592070165 0.6319187054618016
-2.0896543550082676 -0.845534041703127 -0.2093798747078761
0.08550177695529726 -0.3583152782855237 0.6370013127310887
-1.8242513812832009 -0.8078075248364627 -0.17084237241905775
0.13445805719754844 -0.24933233703534263 0.6377275357230321
0.17462485365738445 -0.136811926110326 0.6370013127310887
0.13281244913829227 0.009398635466347116 0.6232054600699559
-0.6546221758353603 -0.8449431753944694 0.0097992787345067
0.1419045820023186 0.135214610873021 0.6173961529715672
-0.367297261401621 -0.8240543602284554 0.05235031938392076
-0.015692715042249006 -0.8296892239360556 0.10614136552649889
-0.21206825757125003 0.5450955992999411 0.5462386975272313
0.28483974225145303 -0.8180691156304469 0.15110091066199693
-0.4147813265503224 0.7637798587412767 0.5063031086905614
0.5850630214154968 -0.808399404545133 0.19606093263465318
-0.2756295978372272 0.8371862696631833 0.5208256611807958
0.7747741497287066 -0.7572358749417045 0.22175196504432115
0.01786107041981566 0.8426782124993029 0.5600350270255223
1.1203472624291528 -0.7693317716367272 0.2747400174124852
1.1358055505027735 -0.6510591097351011 0.26992300844031725
1.2065752733641233 -0.5550436684296525 0.2747400174124852
1.2502507881437168 -0.44812477689218255 0.2747400174124852
1.2669485099695663 -0.33002313569808095 0.26992300844031725
1.2977508772977338 -0.21760102421410643 0.26751450395423326
1.3107849618808523 -0.09755167058600378 0.26189450120765123
1.319744380541895 0.024501520445815217 0.25547198152381334
1.9149663774121066 -0.33949327427044906 -0.2743942370430812
