-1.7112817735317236 -0.7974221508490729 -0.41433103699978346
-1.1223251416189868 -0.8229943738391867 -0.3860040487795686
-0.46435333933607126 -0.8795397987651299 -0.35348017831142897
0.0392403190556152 -0.8802945332742951 -0.33002455849941725
-0.4282189949985664 -0.6761164853540151 0.3763744054288054
0.5329467166022965 -0.8806418372462801 -0.3070796312838411
0.010677561424419224 -0.6529799438029826 0.3903958020657683
0.8870027391120203 -0.8285324207123423 -0.2924044909029817
0.12452187971864248 -0.5025783454124451 0.3899387536496306
1.4028304248041934 -0.844167429217137 -0.26799591203030104
-1.2753816500376551 0.260239316451333 0.32160178999606615
1.6129318876495269 -0.7385829494052842 -0.26186044831570143
0.15939500971245124 -0.12404635181849244 0.38030330519382005
1.6801320953580294 -0.5752098756719022 -0.2643237890749788
-0.0021526589225793202 0.13975441569910174 0.367359083697238
-1.8745719116721489 -0.8059416849475767 -0.5158944906740999
1.747903504584766 -0.4120724445183157 -0.26678927560146803
-0.10250075641668488 0.37993016517139466 0.35709635595981126
-1.3460394583061976 -0.8070760054152757 -0.4903083624392366
1.8162397460463708 -0.24917485593146438 -0.2692569078951692
-0.2017659822363349 0.6210484442923132 0.34681336264316087
-0.7529588209534239 -0.8368788703127663 -0.46068843026455397
1.8851387197493708 -0.08651392526966362 -0.2717266859560823
-0.20719290603777551 -0.8524160962888274 -0.4338675322085237
-0.5213519194243013 -0.7186715959404566 0.2825195012540007
1.8674365630241283 0.11329878278520056 -0.2794950785189485
0.32392387923572485 -0.8660205672014172 -0.40785630364712233
-0.29148894078462817 -0.6120736529504001 0.2875200925320769
2.0246533870488115 0.23808935439601697 -0.2766726793795442
0.7616149437494037 -0.8461144349010894 -0.3875122847109651
-0.06611375043703305 -0.5049896841759036 0.29231945852939134
1.6515701738231918 0.594010270406983 -0.30623610635097975
1.3609160379569722 -0.8943243362760072 -0.35712464471157546
1.6217548385879645 -0.8091105888046215 -0.34757407326992507
1.7256445895669081 -0.6609505030442904 -0.3477435888796663
-0.2345508852095186 0.15594613080519792 0.26714603285495286
-1.740954087838027 -0.8066890173607391 -0.6034189047365999
1.7931189503777283 -0.49797239418262507 -0.3502047838717317
-0.3072498221316273 0.38518758320416424 0.2578560529202605
-1.3058169784933362 -0.7729036049149371 -0.5828295530825471
1.8565538467337959 -0.33330331761754906 -0.35295494218166823
-0.3835410085184492 0.6171048826336616 0.24833170752231126
-0.7872994521458523 -0.774400090190376 -0.5569172682314729
-1.1033043520652264 -0.6407944116361151 0.1669029412717009
1.8562163543377501 -0.14159260850617272 -0.3597276987582063
-0.176457566286075 -0.8156989647467796 -0.5250807585268831
1.870416187043464 0.044474374418207674 -0.3656478704958772
0.3592318980738618 -0.8316297861296746 -0.49789817948635573
1.9220247101230825 0.21484757868305593 -0.3692749323397493
0.8803067336255985 -0.8455000058601456 -0.47155149598415846
-0.07803384282867754 -0.4513229174427238 0.19894878248874193
1.8781457610270742 0.4269858674311422 -0.3789516272097444
1.428454546145872 -0.8739972835815166 -0.4433918776064729
-1.0888693224437098 0.1540540309867353 0.14398567061130052
1.8123409387241693 0.6497291371524838 -0.39008291383083815
1.7216415776621758 -0.8023675166395279 -0.43140657563503737
-1.0231884936462414 0.32875345948082924 0.1411613641232634
-2.1686116748327855 -0.8666462717732344 -0.7174917044192171
1.8486108495738662 -0.6641019452289925 -0.4300261320620393
-0.22264682584290085 0.2005155523661344 0.17418543677035814
-1.700509925513387 -0.8423280155698762 -0.6941366972475862
-1.5908764202965777 -0.8628251715891082 0.06176392416659837
1.9160766927096802 -0.5015544076260099 -0.4324823202639436
-0.24440131215738603 0.40870492190935437 0.16710535864535814
-1.3633468378458993 -0.7710171722105486 -0.6792035879641389
-1.099776487638529 -0.8511053192479352 0.08033124785129075
1.979503071390745 -0.3373159023196024 -0.43523605485256667
-0.33435559604710363 0.646326081709681 0.15662447790805345
-1.3846526152929854 -0.5630162751493941 -0.6875325026064729
-0.6604291862080665 -0.8227137470661106 0.09638039450351243
2.0251337502680364 -0.16547895978008142 -0.4391763987093782
-1.409758291839914 -0.35281459379792324 -0.6961746992617464
0.3039986598193991 -1.0030406302987416 0.13879100660983568
2.020936540315425 0.02789959290745969 -0.4463787855654573
0.4085533157310266 -0.8707457320658776 -0.5845766844302034
2.022099101065791 0.21956677089580978 -0.4532945932894563
0.994395489195405 -0.9105262840953543 -0.5531318964510774
-0.2538778282004479 -0.3910576164239217 0.09898797850314622
1.9782960740504159 0.4314444041465322 -0.46318634171780104
1.468293976359707 -0.9093359310319258 -0.5289169134646272
-0.3012444781263781 -0.1743924722823138 0.09059659819308763
1.9354099466280843 0.6438718198687496 -0.47309263367947096
1.692048705571061 -0.8095166272192884 -0.5210572065859651
-0.3060714936664475 0.025858978314225567 0.08429614882174974
1.7543912522191683 -0.6445214664549823 -0.5238192858248567
-0.0653500682075574 0.12552507736734952 0.09039751867953782
1.8587931485921452 -0.49697867095669324 -0.5238467039614534
0.2723042827431499 0.1834653614979871 0.10143701414767747
-1.2662171702853868 -0.8681863473258957 -0.7640710653811311
-1.480827435482663 -0.7550913279681524 -0.030699569180569597
1.9360408415150268 -0.3383305570707762 -0.5256985010653352
0.38415756194233097 0.33410764067932064 0.10100404600802904
-1.1994435583517244 -0.6947768615186476 -0.7666464628725862
-0.9339106009945546 -0.7664699860948758 -0.008424359753689714
2.036814802850486 -0.1897347375510492 -0.5260287107973909
0.49187581323717566 0.4861631098032362 0.10033814291659837
-1.136699396026156 -0.5197886086003365 -0.7695356192141389
-0.4435058893258912 -0.759599768848382 0.010998171374239973
2.0875832493561184 -0.019993170399168037 -0.5297106089144563
-1.1337054980531676 -0.32121120691930827 -0.7764778914004182
0.03239757227718698 -0.7504251185989403 0.02973691801730638
2.207683743020887 0.11993001410438353 -0.5288205923586702
-0.9954648815791671 -0.17596553771939938 -0.7743874372988557
0.46138781169752363 -0.7258336105999916 0.04609481672946458
1.8524895687654528 0.46682898554303875 -0.5596819700747346
0.9765535046884821 -0.7689103246505908 -0.6487303556948518
0.565676979408849 -0.5733662215791995 0.04552356581393724
1.4643774708383503 -0.7742652219938506 -0.6228018583803987
0.684328545743 -0.42703259865173493 0.045681637331881575
-0.30341331421087503 -0.004081571988777455 0.7295512376279021
1.70228030583651 -0.6804833826915129 -0.6137071432619905
0.7387485079016969 -0.254714107403764 0.04244295935336595
-0.29375806540101834 0.19072745367729738 0.7247380433529997
1.838843211360242 -0.546095126216045 -0.6114774527102327
0.9321708844134449 -0.13998152719497625 0.046493214175143294
-0.2002690925267956 0.351188645288218 0.723036688372531
-1.704492575001023 -0.9202808545779817 -0.1285088839083528
1.9205379544752041 -0.38929873678274163 -0.6129985632449007
0.9599885288813148 0.043152778164042616 0.0417946992367888
-0.4829997946235025 -1.0304940817643526 -0.8085633101015901
-1.1107297390260165 -0.9465586599189209 -0.1028734030276155
1.929210706735578 -0.2017586486627181 -0.6195321859865999
1.0161088026043323 0.21464591040281533 0.03855077604953294
-0.4121312790417804 -0.8616314392343725 -0.8107820333987092
-0.5876397382066685 -0.9497921774425038 -0.08093603272732253
2.0074661952039605 -0.04341926460461565 -0.6213718237429475
0.9901918575920909 0.42132424057255236 0.0309147057980681
-0.34533354410707773 -0.6912035755964538 -0.8133230986147737
-0.06053973771079768 -0.9582545333900327 -0.05870421548183913
2.0083639004700267 0.1481783605864706 -0.6285458387881135
-0.28257358945139543 -0.5191704523687548 -0.8161874594240999
0.36367235216728844 -0.929909428516261 -0.04193790574367995
1.945970724899091 0.36788908250394314 -0.6401253523379182
0.9015486827501462 -0.7967698899792737 -0.7414546789675569
0.7039625435933594 -0.8710672384301645 -0.029651004269680925
-0.6953498026471046 -0.30336627262740024 0.6343285260647917
1.884545888308832 0.5882794641723805 -0.6517206015139436
1.3616673011183877 -0.7901628696249787 -0.7166677298098421
0.9513999791394205 -0.7771303020381879 -0.022357779934964128
-0.3670319797170549 -0.2362979573246875 0.6419102368802214
1.6919317784639247 -0.7336136766605819 -0.7008343519717073
1.0647400229279498 -0.6302186870418112 -0.022333938077053972
-0.3490217568107816 -0.04531027831481538 0.6373552499264861
1.8052794918205137 -0.5895894371401198 -0.7000804724245882
1.1692639642073388 -0.4800822412359409 -0.022810775235257097
-0.33953005447887463 0.14958738709383113 0.6324292836636687
-1.8273718400868546 -0.6531432576267662 -0.23604162354763503
1.8776222875766102 -0.42882490282796226 -0.7022190870791292
1.22351686304782 -0.3094229417165266 -0.026054698422512956
-0.393899034126882 0.37143190813078775 0.6249469933957243
1.9505160230496692 -0.26832764960357736 -0.7043586554079866
1.2829954762296616 -0.14083301022672856 -0.02905066628750319
-0.49154783298483196 -0.7708128795301334 -0.17442639489468093
1.9826362142121319 -0.09052628469789425 -0.70939977784451
1.3016698526352428 0.04505907155681399 -0.03431971688564772
0.012221438326768919 -0.7722011949293304 -0.1526029886751985
1.9879328535302427 0.09911934657855426 -0.7163806738406038
1.270531733194776 0.25260801011648226 -0.0423732580691194
0.47827523435272923 -0.7620871194708556 -0.1328125776797151
-0.23974187072191455 -0.46522833957575216 0.5599753079861784
1.6277909264040566 0.44781860637650084 -0.7491794409304475
1.2494494362282076 0.45666665626625047 -0.04993422646816725
0.9762130076296671 -0.7680336263443834 -0.11116488595303053
-0.16697642742696317 -0.2972259034036995 0.5576187787503386
1.6625806998376191 0.6271290107528245 -0.75426061768826
1.2098454822762648 -0.6700902370103279 -0.1042934240847444
-0.10289460004844386 -0.1257422051108179 0.5548807797879363
1.3881431251591785 -0.5508049635663284 -0.10052927155788893
-0.1352641374151311 0.08539962640594467 0.5481390176266814
-2.10089648899843 -0.9523591150033042 -0.33304293771084303
1.4882837717945243 -0.40002219944270934 -0.10118396897610182
-0.1252122428521183 0.2797665171025656 0.5431007562131072
-1.6981607935224865 -0.9031559052315146 -0.3164246859103059
1.5612638456964092 -0.23813831691838772 -0.10340173859890456
-0.09134545233927938 0.46466897629307624 0.5390085397214079
1.6256043584408673 -0.0726390257038716 -0.10614331383999343
-0.4370805706004752 -0.9886903204479154 -0.2568782152682161
1.6951161001032808 0.09068642803207183 -0.108625966504178
0.0897570176250504 -0.9977872242325745 -0.2329109491854524
-0.5351118155463084 -0.7332283325812696 0.46633355002109056
1.6918291014389517 0.2853871515590569 -0.1152940573244905
0.5601801464741953 -0.9883606595248722 -0.21211417336758132
-0.10540247855969653 -0.7053478894319554 0.4792470155209685
1.638973441573384 0.5022619330776976 -0.12485058923061843
1.016162211134045 -0.9764437535415382 -0.19208248277004714
-0.061322448542821206 -0.5267106445221685 0.4757212815732146
1.6144892047220054 0.7077099729180247 -0.13285072465237135
1.3372977936225716 -0.9134443664555434 -0.17979748864468093
0.006600331762641076 -0.35746920016444506 0.47318426947299486
1.524146219314428 -0.7979655560036747 -0.17528017182644362
0.06585027333084881 -0.18470740124633522 0.4702467141598845
1.6280906878247272 -0.6494449611017004 -0.17559369225796218
0.05640379363667236 0.016354492768627438 0.46431772093478685
1.6955953736816447 -0.4861178584110135 -0.17805917878445143
-0.0030005456689110588 0.2387809044505289 0.45618383269015794
1.7360336883946559 -0.31147215984191945 -0.1821432890444612
0.03072337269069081 0.42325558540539276 0.4520281968564177
1.7863235684969965 -0.14074845469350095 -0.18569334168728346
1.763765299575475 0.06120370441281153 -0.19356592316921706
1.7145315662950331 0.2754130695653316 -0.20307119508083815
1.6204469165485413 0.5101232677018643 -0.21529539246853346
2.067730248455746 -0.07107908949041075 -0.314805108502469
2.05704617277798 0.27177325498752225 -0.28789432664211745
1.933673936167061 0.3600248858163866 -0.2852903189211702
1.8479115087727216 0.5302401531289149 -0.2748730959444856
1.8006159926360787 0.7820200966810233 -0.25664337296780104
1.660421232014329 0.830375500290657 -0.2579453768282747
0.556610034962862 -0.45425307013263705 0.20862237791720872
2.0974797744294484 -0.038299702520461665 -0.394040423825345
0.6001727469020928 -0.010616216267528955 0.23930923323337083
2.066454174312902 0.258981998118081 -0.3709729494601106
1.9983587553991882 0.4697600222154179 -0.3563338102846956
0.5005130198026286 0.47578114547995654 0.268169802233615
1.9088019765585535 0.6306785415268266 -0.3465748610049104
0.4517802661671517 0.7165538127915525 0.28241721968356615
1.79934412407286 0.7465087708656384 -0.34125145097073073
-0.14767487756170183 -0.1493855003528637 0.20606510023776536
1.6737051833299823 0.8264869967919921 -0.3394771399050569
2.202730202592754 -0.09380317336309929 -0.47017939706142897
0.6428902736209174 -0.3952979755799717 0.138413828417697
2.170834366955411 0.2033707620722751 -0.44665988107021803
0.6991247252497779 0.0751825951344216 0.17207614760104661
2.1143315375117133 0.4412084866192387 -0.42902048249538893
0.6366769190609425 0.29350017986268284 0.18479267935458665
2.053120310041283 0.6653564083342758 -0.4127376856356477
0.610557458114819 0.583452588824322 0.20349399428073411
1.9518971856521397 0.7988558720055892 -0.4055012049227571
0.5311023356478657 0.7613157138426558 0.2128445325345183
1.7888867640467758 0.7969248066186339 -0.4118333639651155
-0.0447873613759846 -0.06070595718403382 0.138413828417697
1.6802345324049845 0.9130578024367466 -0.4064055265932893
0.7799829824421316 -0.3711993450207771 0.06774560789767747
2.1956318942614885 -0.21916870891428175 -0.5565002741366243
0.8180442776268251 0.06325569339138326 0.09912912230197435
2.189236814149602 0.1372887940253804 -0.526536065533719
0.7681152097208965 0.3082886874583721 0.11443821768466478
2.122148188043795 0.35238851827941176 -0.5108629049807405
0.7283788877337649 0.5711259985866448 0.13127796034518724
2.0911501040483493 0.6446323176029409 -0.4873524488955354
0.6617401965970267 0.7755718384421257 0.1431426225155974
1.9443937853509397 0.6783455157855656 -0.49011834283169264
0.5764172514635533 0.9397779822281862 0.15156237463656907
1.8329942414614848 0.7895117251272197 -0.4850474180727815
1.6991232930478368 0.8513107373291859 -0.4850474180727815
-0.19307026417968132 0.08936117054144432 0.6801182446927214
1.036220651539086 -0.19943647232261696 0.01941267828647142
-0.21645714305059371 0.38072707972320785 0.6957723317593718
0.9968548441041136 0.07247096514129936 0.03737823347751146
0.9334146876156026 0.2901730213219338 0.050657433077731184
0.8431820200160303 0.4494486670261608 0.058859032198824934
2.0410540162261164 0.06365135219599694 -0.61365421433743
0.8104178119861132 0.7254671051734505 0.07721511702243333
1.9189386135462847 0.15650379860333175 -0.6103664221316194
0.7070162447661161 0.8535112847375075 0.08268300871554857
1.9783513010925837 0.648600633679429 -0.5657475771456575
1.8709411654818204 0.7687192806536629 -0.5596419157534456
1.7369975698369693 0.8303790002570182 -0.5596419157534456
1.3005902449997038 -0.09528925985947012 -0.04796870370205397
-0.21183671851763108 0.02041939060010378 0.5989998994321013
1.6011641170889384 0.8880029026160585 -0.5601113619356966
1.2585138058998382 0.17158190598653533 -0.029963332608303972
-0.25360263294815866 0.27626600945334445 0.6125151334256316
1.1883422239725157 0.3751557524092206 -0.01755912919338698
1.0936899651599319 0.5247246437129718 -0.009956914380154558
-0.5864334707361287 0.29517663155727547 0.6038269219845915
0.997699838957864 0.6699888443638073 -0.002754765942654558
2.1767644833522404 0.02214488959361205 -0.687356549695096
-0.7243205174864364 0.360994137927932 0.6035050569028044
0.8807844940866865 0.7705883624312762 0.0004464803189421218
2.147619210612909 0.32367088545276346 -0.662003594830594
0.7752854998837329 0.8939275149220975 0.005647820040621809
2.079522267034161 0.53414632348629 -0.6462174238711214
1.7900036202509533 -0.10920096822982828 -0.10828884263332839
1.9879806880730655 0.6902444530423608 -0.6361718954592561
1.7292442015314258 0.12062307075257195 -0.09316261430080885
-0.04603387221538924 -0.09034487025169113 0.5206038175076628
1.8662057522338813 0.7786446223953831 -0.6333018126040315
1.657417160352292 0.3232149518665963 -0.080488759472928
-0.0689200946505224 0.20547278081838272 0.537459295794406
1.5742268343567574 0.4986904310601403 -0.07026823182400221
-0.1620398588056453 0.3584968499771364 0.5437387643307829
1.4562053517836588 0.5975095847986722 -0.06699784417446608
-0.23392693781902096 0.5516932861831023 0.552992743060031
1.3386554387400764 0.6966876762627905 -0.06372721810635085
-0.35263512870932345 0.6517617187528728 0.5553063569516326
1.251537080083807 0.8592232598493368 -0.0547331156283235
-0.5398342375758425 0.6193381945061844 0.5477048573941374
-0.7043636751059879 0.631955153230578 0.5434083161801482
1.8263165856426795 0.028883414377283145 -0.17213018555935378
-0.8597303612525771 0.6628989907584852 0.5404338059872771
1.9183351110907658 0.5931670727138254 -0.7220478834658479
1.7640542388430838 0.2539809153848225 -0.15709956307705397
0.17545165438362886 -0.08832438684336097 0.450592201754489
-1.0127896177748852 0.6988599711494032 0.5377897439450408
1.821149178352254 0.7360731528771893 -0.7132807554751253
1.6844389953916767 0.4382818414565435 -0.1458266558199739
0.1559534280696866 0.21614508047733239 0.4685701547116423
1.6912703272858955 0.8069383263219692 -0.7123070539980745
1.5786647040181236 0.563888660146354 -0.13998134751614089
0.10264337193824957 0.4488776406957413 0.48112074713412767
1.488322445708949 0.7213625208277534 -0.13121302743252272
0.023755662956517654 0.6280630768065834 0.48960081915561204
1.358466285341617 0.7933712996583395 -0.13037832398708815
-0.1265052324101248 0.6650536936879305 0.4872264085263396
1.3038543697091924 1.0232759838361645 -0.11492975373562331
-0.28130240064470513 0.6937479558745494 0.4841736970395232
-0.45677006961469857 0.6831843217092413 0.47806779722873216
2.0916663082279534 -0.2024301621346467 -0.25637562890347
2.0901365619160472 0.16337688346521162 -0.22781928201015944
0.2187281795951499 -0.27576703819577375 0.3635243592709685
2.021489163741027 0.3742158799704427 -0.21375401635464186
0.2529715856665966 0.1407304183446314 0.39066163878146654
1.9273405040150706 0.5260908335888672 -0.2052295984774446
0.039194303059392865 0.051682798868903035 0.37848464827243333
1.842331149229711 0.6962589275093691 -0.19500048775967116
0.13509957015187624 0.5835460654714097 0.41466776709262376
1.6997724566164507 0.7399323363181338 -0.19670541901882643
-0.10071673839441786 0.4509407745592853 0.39901177267734056
1.584682136379815 0.8428296712956609 -0.1928695024996614
-0.30144675046987146 0.39061349438808435 0.38892213682834154
0.5106648105285103 -0.3554939701473785 0.29054777006808763
0.5118198525902429 -0.0017481273950537002 0.3133715806454802
0.4648864989833008 0.2484154526390867 0.32799283842746263
0.33574349532428016 0.3284134508127039 0.32906262259189134
0.24686545768569346 0.48923121224711963 0.3365515885800505
-0.015412080620237134 0.3024230448410279 0.3162242589444304
