1.386149139569632 0.6266107483195906 0.17927611542239408
1.312774990775683 0.8917943847939451 0.17506135178103666
0.6379233906952386 1.0658059503676647 0.1374994583179019
-0.9641206443645345 1.0992888504458893 0.04854787064089994
1.6854573426102242 -0.6080970138756605 0.05160344315066556
1.9139656647683445 -0.26975311685914605 0.06479418945803861
1.9575492493481335 0.031034589549701508 0.06737292480960111
1.9090420125682535 0.3137735808328994 0.06464255524173002
1.8614926891992702 0.5966496964766304 0.06192219925418119
1.5546340432825758 0.8325380275114913 0.04433787537112455
1.8068127129157148 -0.5110423577552563 -0.0856279067944028
2.133551865160598 0.13721949884026863 -0.06598316955075045
2.0412478626159434 0.41106102880281803 -0.07129656600460788
1.8271534734528458 0.6628051227537739 -0.08383356856808444
1.5696241510709399 0.90789109332942 -0.09897839354977389
-0.5171806778671737 1.1305820089034029 -0.22200524138912936
1.840018359375513 -0.8130024886570606 -0.22823941039547702
1.9256415416567592 -0.5025774759345776 -0.2226670913647153
2.1298208122002613 0.12149626536196934 -0.20967804717526217
2.042380909796627 0.3962723462449578 -0.2147639923046567
1.9755136006221576 0.6750861115504545 -0.21865212249264498
1.8064798569027403 0.93557699504818 -0.22879111098751803
0.6307168788496362 1.0189032801538485 -0.3000758819530942
1.8552049776051192 -0.5903319647409333 -0.3712404899548032
1.8878047895387446 -0.2908702330272597 -0.3687690429638364
2.112614805108219 0.04489018351642393 -0.35434042739376803
2.0837717756550376 0.33079704051585956 -0.3558133773754575
2.041234751498184 0.6140030719489911 -0.3581947021435239
0.12854216975212296 0.287606879207031 0.6966682739306949
2.0144027930411283 0.8999821565996573 -0.3596476249645688
0.095669097310914 0.5793336679923335 0.6945611305285952
1.9492938882813604 1.17899033431714 -0.36354338454708834
-0.02469062562086677 0.8554070033194083 0.6881944007922671
-0.9609431775975494 0.9901652580199869 0.6424199409533999
2.0298142227922646 -0.6291391587147679 -0.5044020347546079
2.056569984484632 -0.03927613194283097 -0.5016435317944028
2.1500024602956174 0.2700779744005306 -0.4952019386242368
2.063089493704215 0.5448559902918397 -0.5004037551830747
0.2939553578655456 0.22848089155368712 0.5583630867053531
1.9721995794743172 0.8191547334775553 -0.5059150390575864
0.2068226604364085 0.5098137774826856 0.553590423588898
-0.014420192304548607 0.7525729561429007 0.5420919723559878
1.6839742602657388 -0.37573717526601236 -0.6705278091381528
0.5039680158516298 -0.5948873437997584 0.42347300720706205
2.120993904623134 0.5842675346432191 -0.6400793724010923
-1.4885074126411197 1.1394541801433107 0.31797564697756986
1.3855823439557255 -1.0249298006734904 -0.8368557624767758
1.455697361034229 -0.7156377708301402 -0.8312934570263364
0.41875757747614983 0.29526611626645405 0.27207291794314603
0.7101665159272592 0.6449003077773163 0.287449008946564
0.4990384356519826 0.9173833913941021 0.27584613037600736
1.714068742389177 -0.4844652158598759 0.1976219482471011
1.7427553869761958 0.39985117175134555 0.199131137852814
