-0.8497752942478485 0.46678503803158833 0.7499596462216314
-1.5231844723595174 0.3726428142853493 0.7930671558346685
-0.798544775218403 0.5739675977163117 0.5776364192929204
-1.5549168412145917 0.5127856151168118 0.6285039768185552
-1.8679035095835133 0.2744366773882234 0.6434652194943364
-0.7088326308964668 0.4444052124993405 0.39569824790620167
-1.9676720992589765 0.2227976583253266 0.47874992942475636
-0.8987583372733781 0.538397095374954 0.25735825156831105
-1.927233717890715 0.5890024303439958 0.33351725196503956
-2.041655202723831 0.27041850367192666 0.3323447093930181
-1.0489138481239024 0.34019978639708626 0.07359140967988331
-1.9479500133054444 0.34045333841716996 0.14041250800752003
-2.0402427820749125 0.012361672720672345 0.13721150016450245
-2.005017727482212 -0.3694520885782069 0.12280672645234425
-1.9713542927494387 -0.751967067559697 0.10840242957734425
-1.294742774736406 0.805952648608141 -0.06510621452665966
-1.9069467331391508 0.6879528467827285 -0.02217942619658153
-2.0302300926934294 0.3730844948905627 -0.022588552478319812
-1.9659110676097953 -0.019625300782564636 -0.03975898170805614
-1.6072376291735537 0.5099798210164224 -0.2212112560305659
-2.1090113677459783 0.3494920001093007 -0.18739205742216747
-2.1322641770825044 -0.006720231078652716 -0.196994604114062
-2.1523236376201 -0.36514736218328636 -0.20701581383085887
-1.2770600851356306 0.8331731367169724 -0.40783101463652294
-1.9952449301083277 0.7579997954876418 -0.353275121692187
-2.0722068787970898 0.42455128357261884 -0.35796433830595653
-1.993917227859768 0.02634577680204586 -0.37714463615751903
-1.9908631636395597 -0.3420874706651631 -0.38950425529814403
