-0.7652888580741202 -0.4233028332720039 0.6068757324051468
-0.6035261815240567 -0.3310568437581196 0.606927707655391
1.1653524240302922 -0.7386613651962577 -0.007959529893437178
-1.145268126783476 -0.6544130426121484 0.51956541822668
1.2800241731596316 -0.614760211810939 -0.010554954545536788
-0.9222834071271695 -0.6112261108514936 0.5236061363052933
1.3951209794249593 -0.4912788347376278 -0.013147995011845381
-0.568787593642897 -0.6776201777637638 0.535955741865596
1.49568379822737 -0.3549697291257736 -0.016969367997685225
-0.300538912129646 -0.6756510837907008 0.5429733543228714
1.5148398481517305 -0.14589009919209772 -0.027565166490116866
-0.12446300640280406 -0.5979924034002799 0.5441506652664749
1.5647121885187882 0.0367612605576042 -0.03570906831506804
-0.016886566431344008 -0.46305803225512676 0.5409343986343949
1.9989722379971742 -0.1544480202977745 -0.6849285812545212
1.6154156208366395 0.21946690533687274 -0.043861553208866866
0.09116938299653832 -0.328491940003822 0.5377181320023148
1.6190049817187138 0.44590050429583883 -0.05603711320642546
0.1391095283215673 -0.14220590937580013 0.530577495558223
-1.2873088786567717 -0.7087312114034603 0.43030770109411165
0.15013820861568838 0.0768124955523497 0.5209720878433792
-1.1144845189942547 -0.6236160457672497 0.43131382749792024
0.14340734968120294 0.3125558569485207 0.5101221351456253
-1.1379893035728905 -0.3772342944265894 0.41946203993078157
1.6372990215127654 -0.7828366887357028 -0.07305304719690398
-0.41899796795865996 -0.7462508852404923 0.4563449172806351
1.7256236751651866 -0.6374748721873154 -0.07782761766199187
-0.20089883669365172 -0.7032562309242323 0.46044524000402376
1.7996152580078135 -0.47908422284448093 -0.08386962129358366
-0.024965222618984484 -0.6260013663331989 0.4617775230240433
1.8631228138479567 -0.31082559539260757 -0.09086672975305632
0.20053753259825946 -0.5915934447919895 0.4664171485733597
1.879212432953894 -0.09916594127577483 -0.10199277116540983
-1.9816315095726367 -0.6134958410139149 0.31745035932775423
1.8852665251823897 0.12284157266313755 -0.11408536149744108
-1.594429913133661 -0.6980155372398933 0.3328536300491898
1.840904980274436 0.3923588193873435 -0.1306416244674118
-1.3332052273553963 -0.4563942418058602 0.3293765334915726
-1.2559717434966853 -0.2918887923135429 0.3239897041153519
1.7473889581416913 -0.8243714582032524 -0.15059821321252898
1.9028390439130423 -0.7389056436216137 -0.14956824495081023
-0.3794934885930026 -0.565640467060323 0.36238796995397493
2.0174869750682234 -0.6176215289965761 -0.15210740281824187
-0.1725181861009375 -0.5134883437475963 0.3659499435257523
1.8392147217068775 -0.23346047870894537 -0.18036715699915007
0.3503582544830124 -0.7305070290962128 0.39129240797277376
1.855664066651407 -0.021647688578685376 -0.1917258949447067
2.10559973597365 -0.021153893505619692 -0.18254725648645476
2.1050043359561474 0.2072571988364551 -0.19554726793054655
1.9404728714266817 -0.7949445825127803 -0.22862498475793913
2.0288435629173307 -0.6505618256883352 -0.23349015428308562
2.010089249292527 -0.4098174449319849 -0.24805133058313444
-0.14269949379880842 -0.3694503932826194 0.27330763624425813
2.088844138349298 -0.25550082462937596 -0.2539326400924118
2.0575263360677436 -0.0006343715672159078 -0.2698642463851364
2.0643434130237672 0.22114240828631893 -0.2824656219649704
1.9473402978594798 -0.6455181566388433 -0.32071320726160124
2.0660238824410726 -0.5277363274771005 -0.3228928299117477
2.096170328625824 -0.33023462577971685 -0.33330647660974577
2.1309569384710105 -0.13591350792727042 -0.34338824464563444
2.1114426697093425 0.10904102437469732 -0.3586384506392868
2.1797841388049726 -0.4622043497812953 -0.4059569091964157
0.6585955518179016 0.7240992125723587 0.156864002211055
2.2768946974578697 -0.3251824095760689 -0.41022507859949187
2.230832872357979 -0.05734653363700559 -0.4282390327620895
1.1496592302588162 0.30715524387293414 0.10710223005529329
2.3848062593276236 -0.37852817996455457 -0.4862004966903122
2.268722553631193 -0.04707567912108601 -0.5114456863570602
0.8124026995035951 -0.7575233120500364 0.06569607542272493
1.032758120074071 -0.7237593827636672 0.07141478346105501
1.113600215552708 -0.569893100608315 0.06612046049352571
1.131271785974171 -0.36027281144815504 0.05574877546544954
1.1574412439163684 -0.15699791128034946 0.0459612159561722
2.234815856774185 -0.45667140873918655 -0.5714308471846969
1.574922502807084 -0.6707296473887716 0.1088276653122513
1.5062257042271199 -0.5458616104611806 0.119249895079097
1.4688424199951342 -0.34753835980490067 0.13893659399267122
1.423055300100378 -0.17219723737036574 0.15572817610021517
1.3569625923264539 -0.04716229388364823 0.16615064428563997
1.3013902823797139 0.10079217659295381 0.17946799085851595
1.2308966448117573 0.21233187132908782 0.18815334127660677
1.8934060236131405 -0.4856350169019983 0.031210020048579423
1.1451002247683562 0.2876178243133083 0.19220669553991243
1.8564053539166192 -0.28344223741079233 0.05208237455602571
1.0917964240492672 0.4358361882111268 0.2055240421127884
1.822547030252684 -0.07675409069921102 0.07355101392980501
1.0292575283155223 0.5613962607653171 0.2159465102982132
1.7540003930230963 0.042629324545952585 0.08368904875036165
0.9572465877030556 0.6644054633779639 0.22347362325902864
0.4269327151279132 -0.49967231387146427 0.5619669704269974
1.6956907677826738 0.18504908675996035 0.09680874632116243
0.8652544208923221 0.722361217466652 0.22521074102636263
0.42560852772182045 -0.23152979557869102 0.5866835861038773
1.6285993552116036 0.3046453221332328 0.10694678114171907
0.7962865395179914 0.8302701600095119 0.23331697271581575
0.4176931462606568 0.018168677959252477 0.6093819885086624
1.5602587541763508 0.4197940663670181 0.1164885310959427
0.7028816136896552 0.8842367805116282 0.23447497175451204
0.37372660166668226 0.18632108368149858 0.623001173002681
2.1894070310940634 -0.27180948049515763 -0.09767167283777312
1.480820985239161 0.507697682631207 0.12245185659643099
0.6096957783650563 0.9385144256719471 0.23563320921178743
0.3076051360151464 0.304858514313576 0.631071880323848
2.181405830882925 0.003419313304409144 -0.06593243791345671
1.393958385104865 0.5775928207253855 0.12603028105016634
0.39601812048514695 0.7370434854901404 0.20378692434545442
0.24851461570022693 0.43700271298021676 0.6406555919479935
2.1493134445534654 0.21389184769749647 -0.0429059715438278
1.3173827563217166 0.6704885756026684 0.13259012983556673
0.29598299752336743 0.7789091626443074 0.20320780561681673
0.17094514984303721 0.5287857906364799 0.6456998138260452
2.090587000852251 0.3552686819272708 -0.029214307801762374
1.2112206315330383 0.6954550554175434 0.1302045135330765
0.1874829750617799 0.8032216949374664 0.20031292722936556
0.07447034526821383 0.5804072557157767 0.646204069120845
2.0270663124903123 0.4829353004432839 -0.017390176789799483
1.0969963928684727 0.7026842365104677 0.12543375776525423
0.5276519190771083 -0.5604355996372945 0.5038848666977493
0.0724955349081835 0.8145397030632857 0.1956806926560013
-0.026145550649927074 0.6234031547405436 0.6456998138260452
1.9586077892305145 0.596943642151718 -0.007432624833622725
1.0010077436619298 0.7511174963646745 0.12603028105016634
0.5395735498330332 -0.2605718451082275 0.5326185970139115
-0.029493462420184358 0.8530921162279874 0.1945224551987259
-0.1419175747102397 0.6354726337384804 0.6416643409561722
1.885066770256909 0.6973515817526419 0.0006578712296096967
0.8908323475857021 0.7682347034881083 0.12245185659643099
0.50610101914803 -0.06529964415746292 0.5495506076645462
-0.1774904473469796 0.7984725343963319 0.18120510862584993
-0.2599727639177676 0.6435467633711482 0.6371246127914993
1.7985861473818137 0.7659274211338776 0.004391744596919267
2.3490904528837504 -0.2643350668525315 -0.3658878059554489
0.7806224909704156 0.7857808460292155 0.11887367056127474
0.48419669969118395 0.1524583726937756 0.5690482406448929
-0.2574851850190427 0.8823961127358437 0.1858373431992142
-0.3825698649623597 0.6431957703374032 0.6315761356186478
1.700777633984492 0.8073819993005351 0.004391744596919267
2.2983120522444143 -0.09561058046357829 -0.34725062562707976
0.6724668226324582 0.8082622739222067 0.1158920078110306
0.42186443407574004 0.2797442203739635 0.5782838611435501
-0.3838244672259936 0.8733180536253649 0.17830999181981966
-0.498644349160541 0.6566975647646309 0.6275409011673538
1.6011533162727378 0.8446184641720293 0.003769472105464189
2.2613439213090807 0.10536535549329429 -0.3239542694259079
0.5601088351028931 0.8221585753357061 0.11171753690954134
0.38131015689103265 0.4521765214216309 0.5926504878830521
-0.5014278869159163 0.8825063811722558 0.1730988769363968
-0.6170420514103192 0.6662255916428101 0.623001173002681
1.499670552908853 0.8776591564918199 0.002524688703974931
0.449807624283979 0.8409894031738467 0.10813958929296419
0.3099859819951476 0.5570630625018183 0.5993209628891556
-0.6236513591214994 0.8833290392123452 0.16672952459569856
-0.7966292260923904 0.5566211545320563 0.6048422603439896
1.3783496659047945 0.865631146723608 -0.004943296449223311
0.32881869369029104 0.837835212095559 0.1015797405075638
0.20718516608370052 0.5947305257601627 0.5982945709061234
-0.775594573454871 0.8272677660842405 0.1528330592941849
-0.87465031426777 0.6469358113677401 0.6093819885086624
1.264830427632921 0.8722544671291068 -0.00992219163660124
0.6452899675346835 -0.5138859069577109 0.4567013530563919
2.12431652489143 0.6251024976916177 -0.2660466880965622
0.2076466710778817 0.8351830500833444 0.09501989172216341
0.08726475296769642 0.5969032178678759 0.5931635646652786
-0.8983493469338715 0.8292216011513318 0.14646394537206575
-0.982032708580709 0.6800646772703303 0.6073642520737259
1.1471589651555245 0.8702765677570916 -0.016145393388310225
0.662733971842794 -0.20054650583986344 0.4874859599899857
2.0316788747322736 0.6791646017255673 -0.2640496940780075
0.09062250660005056 0.8419752676163554 0.08965261266942903
-0.06315411623049805 0.5368995907761587 0.580849483473262
-1.0097452404302665 0.8536903019975206 0.14298970983739778
-1.0985929931432974 0.6959745341059325 0.603329017622432
1.031365210012435 0.8732983471307101 -0.02174632264856413
0.6453981666391879 0.030722275947841382 0.5088787822556107
1.9373734284352082 0.7289525472703531 -0.26271836473230437
-0.04176998273469579 0.8180185300499971 0.0801108627152054
-0.15301603201963765 0.6027296648839915 0.5829017906021683
-1.1420200419956128 0.8390749834250961 0.13430459783788606
0.911330756453637 0.8677574965940877 -0.028592273728886397
0.6089088365854654 0.21650097204794605 0.525053813917598
1.8413573888367427 0.7744929371830409 -0.2620527000594528
-0.14596645734089186 0.8525365365048003 0.07832200811620638
-0.2513816536066855 0.6509940790382274 0.5829017906021683
-1.2232120958388233 0.9214747103165699 0.13835771368261263
-1.4044312917453503 0.5931143281511702 0.579621627790889
0.7993881880119549 0.8807505531507545 -0.032948419587651046
0.5548718948911109 0.3615189877744669 0.5365329532456009
1.7242116988214171 0.7701809895917471 -0.2687088699508102
-0.2633488010849945 0.8607675679590905 0.072954729063472
-0.36065409704755247 0.6773363094119169 0.5803361682724564
-1.351012616796865 0.9165973810242036 0.1308303623032181
-1.582881902992872 0.4967577580052023 0.5624714641403763
0.6915534450021497 0.9031856720675364 -0.03606025888208464
0.5372523411010519 0.5832490813519513 0.5568819789719193
1.6186113045764614 0.7936742729142949 -0.2713715286422165
-0.383070360957964 0.8650421717686356 0.06699116514440462
-1.4719289741902024 0.9253726670529083 0.12503989027257845
0.579514241643091 0.9170475360925927 -0.04041640474084929
0.44935362618525154 0.6516237009446364 0.5594909934830277
1.4874394342026438 0.7584405137872743 -0.28268687440637663
-0.5029235558348564 0.8698121503264815 0.061027601225337236
-1.0462484120950997 -0.191770995065351 0.4684816150498001
-1.62867220857723 0.869276739664631 0.11056478307958528
0.4589409898101895 0.913403233727017 -0.04726235582117155
0.31717716008870767 0.6258439705453469 0.5511425285172074
1.383655955144075 0.7873588878850768 -0.2846833915877731
-0.6296872344202313 0.8618128416577768 0.05327494428869173
-1.1112028928965625 -0.06950265666306876 0.4766908435654251
-1.769220475872931 0.8443859174885233 0.10014231489416048
0.34245347371222046 0.919221525160637 -0.05286328508142546
0.12047936965404027 0.46597761206911414 0.5271409301590531
1.2699248173950028 0.7939881180951289 -0.2900082321334274
0.7438169291690979 -0.39879567500538826 0.41565759466405794
-0.747592303342099 0.8720144152705309 0.047907903654536454
-1.893253508668007 0.8505318081083963 0.09377296255346224
0.22154768747501663 0.9165714148729762 -0.059708997743168624
-0.008536715573249865 0.45055019809819186 0.5198360233139603
1.1560934376950858 0.8010711926979575 -0.2953330726790817
0.7450867810893911 -0.12201672052796297 0.44271071241613313
-0.8633108622358137 0.8871040447182743 0.04313714788671419
-1.0328131252298505 0.572585770655877 0.5392885951828568
-2.00530053630583 0.8788723606520463 0.09029896543737337
0.05716607910461491 0.8251481082846546 -0.07900135232690886
-0.09441323847648064 0.5251554941280148 0.5229666976761429
1.0299676256803032 0.7814850526396775 -0.3046519012618454
0.7216321690511016 0.09544391204364544 0.46286804960485384
-0.9837021772662773 0.8938687558858049 0.037173583967646806
-1.126665181079277 0.6327354656011579 0.5403147487473099
-2.1319881239802516 0.8817024161018736 0.08335073278661653
-0.04914709863685296 0.8548531638740684 -0.08149068071130827
-0.18212033736680588 0.5955498188594817 0.5255754737686722
0.9281249314018574 0.8165961308228376 -0.3059827537703903
0.6687308017907778 0.24479515558702047 0.475068405134639
-1.1042243683734139 0.9011314302349582 0.031210020048579423
-1.2225974134965636 0.6888007800605358 0.5408280639481156
-0.16639913479003887 0.862718513494201 -0.08709184839014128
-0.2761074272287143 0.6528325830138186 0.5266190318893997
0.8057405213102786 0.8070190786859506 -0.31397025300745085
0.6332711603171468 0.4303323829854939 0.49151237295385286
-1.236540209776532 0.8869849239571188 0.022264554960688798
-1.3229952667800706 0.736408765055792 0.5403147487473099
-0.2594338428041407 0.9199131844315538 -0.08584706498865202
-0.3720824046103708 0.7059814199802403 0.5271409301590531
0.6935302822843301 0.8204462013359048 -0.3186294288802536
0.5593223434153636 0.5300109817043754 0.4978779105972855
-1.430183946159934 0.7597099703324801 -0.0021855087447555377
-0.3834167219649949 0.9153487038464867 -0.09331528856042937
-1.1109201140514955 -0.5201893456371671 0.37739141271825716
0.5770689709077157 0.8253376287859489 -0.32461993409875944
0.47960900602900836 0.6163467720923812 0.5026520042252152
-1.5398165919840263 0.7906047353473618 -0.00516740991357878
-0.5075999176264485 0.9113137901392818 -0.10078327371362761
-1.1457500447558733 -0.33550997171105834 0.39304478452917024
0.46470620180851974 0.8396682185112141 -0.3292791099715622
0.2902580595408253 0.46896434703579715 0.4798424987625687
-1.649412604444647 0.8219216458380245 -0.008149549500981124
-2.1143690707481326 -0.01780810216861184 0.4330778865646927
-0.6274614982677242 0.9166399846230817 -0.1070067138839157
0.3480325147407566 0.8454890925905012 -0.33526961519006804
0.09758522142975856 0.3180752439045129 0.4565025119614212
-1.7278527185209303 0.9102031619016415 -0.0033785553145797564
-2.195697824539545 0.07215943018477233 0.4371827392410843
0.688650447165605 -0.5906593297615395 0.3379102496933548
-0.7451901670532912 0.9268727608474201 -0.1126076431441696
-0.8838681195372668 0.6699138519601888 0.4994867591690628
0.22695501755485026 0.8428429471788945 -0.342591449754277
-0.001776268754202448 0.3654693182116091 0.4565025119614212
-1.8660906984665413 0.8901767533933764 -0.013516351716557296
-2.315219629204238 0.09277595585301057 0.4330778865646927
-0.8653072524024576 0.9331874280460788 -0.11883108331445769
-0.965930752588612 0.7516117036010641 0.5031390933823197
0.10785343234357292 0.8451719033910585 -0.34924761964563444
-0.10097547834332943 0.4132107504641169 0.4565025119614212
-1.9998072865490837 0.8794402293371384 -0.02246181680444792
-0.9763391117556424 0.957574692831777 -0.12256495668176726
-1.04991593902359 0.8291396064183871 0.5062697677445023
-0.009218019417488676 0.8524403868670412 -0.3552381248641403
-0.18256650308276434 0.49704438565844455 0.46074612425084993
-2.128908520040161 0.8779449577839458 -0.030214235322514327
0.6725642560736755 0.18948449843700388 0.41446669386144563
-1.126804111945674 0.9078445601999086 -0.13687889291528776
-1.2056206603066109 0.770646434993651 0.4932254104446976
-0.12421852589669946 0.8646294042239298 -0.3605629654097946
-0.197884238160972 0.714928835208763 0.48090346143957063
-2.2655726840494523 0.8640628406815978 -0.03975598527673796
0.5665517548243422 0.22130799188791528 0.41284950063939974
-1.2404426877721857 0.9288682322162636 -0.1412350387740524
-1.317441769713719 0.7962629948522952 0.49009473608251497
-0.23929934598913682 0.8772875051236184 -0.3658878059554489
-0.3179673071875886 0.7188189224657471 0.47559864805456087
0.45852456696904476 0.24900682110368422 0.4106930045914261
-1.3682122687404839 0.9241251898048937 -0.14932553483728483
-1.4551782340411759 0.7741457700499801 0.48122461126562044
-0.3633362301947507 0.872682639780912 -0.37387482835535124
-0.9969809207100511 -0.39261734380188074 0.33715040968175813
0.49345368991491334 0.5842946689306636 -0.7460777015853317
0.5161899754549903 0.6331601324912342 0.4511276035141556
-1.4820035708693897 0.9461043890128238 -0.15368191911462858
-1.6003638330415733 0.7395408720091652 0.47078903005834505
-0.4853364420548001 0.8730252228277635 -0.3811966629195602
-1.1436488288969748 -0.4301495262424879 0.3265414981674759
0.41394100372112597 0.6706053599020692 -0.7395426483321579
0.39679958239040936 0.6340966125863865 0.44573648260351106
0.9200706419532008 -0.6035195779922091 0.29013927267309114
-1.600589773180058 0.9598310248633837 -0.1592830867934616
-1.75313441185377 0.6925218618556137 0.458788469297847
-0.6210067014950962 0.8473900432789776 -0.3925120086837204
-1.1440417501999054 -0.17907407769803285 0.35041172788854524
0.31368748279016145 0.7124212277323814 -0.7402688713241012
0.20276058579806922 0.4782939646941564 0.42147548483129427
0.9446255494357043 -0.26743737062939843 0.325198963148555
-1.7527933668343358 0.9132262362211598 -0.173596784608403
-1.961664122311129 0.5460753802668741 0.4347863941025345
-0.7389026632899753 0.8576226780915519 -0.39850251390222624
-0.8178674290376655 0.7039803807035021 0.4501369743179886
0.23277145635732843 0.7947653220898303 -0.7344600410628708
0.005334207620952824 0.3190249224764692 0.39667566107030794
0.9193104598917312 -0.050148039405691236 0.34601552770849153
-1.8548879739728061 0.9584026982355667 -0.17484156800989226
-2.0819682653266565 0.5615453445193914 0.43009074018712923
-0.8569023904237376 0.8683354889057675 -0.4044930191207321
0.14581917875885608 0.8639615283705986 -0.7308294029403122
-0.09402450947585272 0.3667400375341394 0.39667566107030794
-1.947150830154742 1.021264220099706 -0.173596784608403
-1.0255128095818211 0.7829194391934209 -0.4251267166304977
-1.16573970320181 0.5147000433111089 0.41512711332555696
0.05702244805198298 0.9289761306708719 -0.7279249878096969
-0.19321409543090518 0.4148019074357592 0.39667566107030794
0.8605585934400217 0.3566728874360301 0.38436181829687044
-2.1367997960486154 0.9116598023088258 -0.19724576188806608
-1.12555464790732 0.8298482014433439 -0.4257923813033493
-1.220348151069004 0.6500655691944779 0.4252057819199173
-0.03366807182212739 0.9898278107219802 -0.7257467956710251
-0.1848862633099202 0.6818488152066955 0.42309291647191927
0.777724364949794 0.43762297613642787 0.38874419019933626
-2.2881005032397788 0.8720172412646043 -0.2109367103743942
-1.2277771846261096 0.8727571930319264 -0.4271237106490524
-1.288198925928075 0.7591241311346764 0.4321015624832718
-0.12409458307305243 1.0509759399877794 -0.7235686035323532
0.7076989599460344 0.5459277180219608 0.3964136390518753
-1.348611127651937 0.881099321932723 -0.43377940370325163
-1.4165568546009748 0.7543877458797965 0.4252057819199173
-0.39422933790028125 0.7522652969112116 0.41985805319066927
0.6320247752314714 0.640829012415761 0.4024394302200882
-1.4742833913261606 0.8812325387876356 -0.4417669029403122
-1.5522230517671094 0.7370928705197493 0.4167183189224808
-0.5099726642471207 0.7658611406612117 0.415545061094722
0.8726425456189695 -0.668214885731615 0.22483189390417024
-0.03038910137490447 -0.5256722395792082 0.2550798206162064
-1.585903477394318 0.9080044892751218 -0.44576041414026335
-1.6858131671881171 0.7247648091887768 0.40876157568212435
-1.2475986767867209 -0.44302336926294217 0.26243241117711946
0.9070449650618677 -0.3093222551978769 0.2632289676498978
-1.8316504368182596 0.691244862844183 0.3981526641678421
-1.2498027074288256 -0.19631779642306313 0.2861538677048294
0.8976954411733828 -0.05560386991751187 0.28882677839513704
0.112146582472759 0.30239761861541226 0.34437210844274446
-0.16393525732970993 -0.2669363791941244 0.7282005100082962
-2.352110636934931 -0.01664742850806178 -0.6041752548385055
-1.9634437068022628 0.6844939461477679 0.39072616384740755
0.8636951154604837 0.13881254358924267 0.3071907310318558
0.04703724611724702 0.42147736217303233 0.3531370906662552
-0.24385549106650117 -0.17372758866812177 0.7329843787979691
-2.1003250336395354 0.6696410713301937 0.382238700849971
0.8105354445260087 0.2877813367186306 0.31998975561376497
-0.10380264316052568 0.36161966554394454 0.33998949812169954
-0.342770588108257 -0.12065978405926714 0.7334624080490677
-2.2423766642964917 0.6467412736116778 0.37269099043126985
-1.1777401928790283 0.6736964622005779 0.3734930305313675
0.7685180793233624 0.4593987688397476 0.3355711250137894
-0.0790029858711403 0.6644159227348254 0.3712144641708939
-0.41968433252662507 -0.02250820539303433 0.7387245445084183
-1.2805119247370396 0.7167552337054239 0.37241466329809114
0.7151360228339314 0.6038509161781853 0.3478136806320755
1.2575897237098559 -0.6895313472923768 0.1774009017777054
-0.15524059468071627 0.7570312640393304 0.3766926078629105
-0.500473589831957 0.06689777550325715 0.7430299072098343
-1.362057087665713 0.7996379702907355 0.3761885909866898
0.6376046102454715 0.694196279320046 0.353378370268306
1.150830538615013 -0.6553315221270708 0.17626865194555208
-0.5962889101087043 0.12529844255452005 0.7439864425491898
-1.4880536182409987 0.7996287367187485 0.3697191028427689
0.03807714794287698 -0.3228704678382428 0.6750295905899613
1.1066348891613913 -0.4745624550233991 0.19324929998632356
-0.8174120906120095 -0.07960715875072566 0.26165373609777376
-0.707449646013135 0.15286051449666616 0.741594865782222
-1.6213625235973357 0.7870565951022073 0.361632183058223
-0.12092401412568954 -0.4104771045976108 0.2053552417587845
-0.03385773899260336 -0.21222934624452705 0.6818481235336868
1.1245689405414563 -0.15244758989407714 0.22777636335607454
-1.1352245351336503 -0.45946269524762684 0.20851667211767122
-0.8320447204523784 0.15418456945286607 0.7363329677414505
-1.7621156984115487 0.7620037866198714 0.3519278316330521
-0.16316734080112383 -0.23662477247862412 0.22093661115880892
-0.07103465418497201 -0.029519591317932026 0.696459367735347
1.0810978854568525 0.02344425438099762 0.24419100569005892
-0.9432604050928806 0.18264257980287368 0.7339409141373245
-1.8719506288153553 0.7941356495722971 0.3492320327591507
0.06821191836329277 0.5063086150757634 0.3071907310318558
-0.141504992904121 0.0812894524861214 0.7032781390976517
1.06070438212784 0.2493031844332343 0.2668314723801224
-0.9580325451754206 0.38716824369785385 0.30054791258092806
-1.9938511912427401 0.8049900793751377 0.3438406734299271
-0.06940784620325502 0.4732717686296759 0.29717405126806185
-0.2178669969920204 0.1788013996217046 0.7086356429886429
1.007462637415701 0.3977619609781087 0.279849842054805
-1.0502940452265221 0.45148684571591957 0.302191093428096
-0.1943575123054 0.4676485206476073 0.2904964237045853
-0.28717308616315584 0.28991419919963946 0.7154544143509476
0.9429152679057431 0.5190507837543947 0.28947217748876497
-1.0158111778146885 0.7584277971493201 0.33396370695348665
-0.21643752952514106 0.6721186869713094 0.309973075849971
-0.3778415197301701 0.3565120135050748 0.7174025325607865
0.8483463897669399 0.5725420933597078 0.2906041889023392
-1.1390923815643834 0.7613328857190744 0.32793815420385286
-0.29026557576548484 0.7695679290279145 0.31609447286840364
-0.4770664983402817 0.40556528219577714 0.7174025325607865
0.7539929431197336 0.6263511223443601 0.2917364387344925
0.3233421431301178 -0.3168308547638432 0.6308952121567337
-1.2485518994834468 0.791087646454546 0.325198963148555
-0.6638475931145891 0.26734078903783853 0.24709112928625032
-0.5761179278692534 0.45496119944260727 0.7174025325607865
0.14631303660146067 -0.4339512736322959 0.1530621795487015
0.29047705737973395 -0.12110710345478637 0.6472545413803665
-1.3603268903558323 0.8168902618605571 0.32191212461706087
-0.7521867488975484 0.3395676494295934 0.24987323568578645
-0.6839738293418076 0.4869400766401917 0.7154544143509476
0.03594642437193585 -0.40474010704435415 0.15079815672155306
0.24832651038039266 0.05193517603320785 0.6611350326370804
-1.4862690840331059 0.8168889898176737 0.3153384475540726
-0.8008183133768192 0.5015882208517404 0.7115579395126908
0.19242419451897952 0.19339050900461885 0.671545341474971
-1.61476950069755 0.8130615601563136 0.308217123014888
-0.9245549860596185 0.5034336042310663 0.7062004356216995
0.19380823901448707 0.4541121596536293 0.24702103422399446
0.1266961331672274 0.31239727138731155 0.6794768123459427
-1.7434789341172632 0.8097915468361805 0.30109579847570345
-0.8963362116686966 0.7872794599765562 0.2871573715042679
0.09920586684787658 0.5101304957528612 0.24815304563756868
0.03589534334391331 0.3776424720386231 0.6814599780869095
-1.8748058330405826 0.8027282059984309 0.2934261112045853
-1.0101655985126463 0.8073119986643853 0.28326208875890657
-0.0037998855203600357 0.5485706221901907 0.24702103422399446
-0.05029071519107653 0.45214597364739717 0.6844342498612015
-2.006367341602468 0.7962452455485227 0.2857569007706253
-1.1124445411067345 0.8497793435135605 0.2821491508316605
-0.045854105643597265 0.712464530190303 0.2617374210190384
-0.1448322953199881 0.508999608993637 0.6854255943131058
-1.2565871773969715 0.8136360476296893 0.27101953314062044
-0.13727108651653985 0.7737386240164668 0.26343543813939974
-0.24571737105052627 0.5527743580378157 0.6849299220871536
-1.3542119908784844 0.8657549188699285 0.27101953314062044
-0.2592922827687776 0.7729742233262549 0.25720937536474153
-0.35529878742504906 0.5790694425400353 0.6824513225388138
-1.4776423947038229 0.8701260937121944 0.2648983745407669
-0.37482054114403596 0.7860572572029092 0.25268109129186556
-0.46930836019472366 0.5968863746891593 0.6789813785385697
-1.6035999603165099 0.8706620038089987 0.25822050855871126
-0.4814871541467891 0.8173515270942922 0.250416830046138
-0.5967952244884902 0.5884961548230194 0.6725366859268753
-1.7417075258751478 0.849963488562878 0.24876053617711946
-0.6061132691432736 0.8136179450695842 0.2436247615646927
-0.7109888762102745 0.6072623465165847 0.6690665035080521
-1.8729158647465294 0.8429258214151432 0.2409699706863968
-0.7150724026280422 0.8413595223088883 0.24079473303075716
-0.8365743823762148 0.6043455435107639 0.6631179599594681
-2.001942734832289 0.8407973648446188 0.233735397322139
-0.8331381766341455 0.8518710384257169 0.23570068166967317
-2.131167061737118 0.8392369900001704 0.22650130079503938
-0.9742748890325537 0.818818280166056 0.224946334822139
-1.0768202548634136 0.6221743506391135 0.6536989955734818
-2.2679553695373027 0.8252718063991189 0.21759803579564974
-1.0880690795608121 0.8391721914577133 0.22098429487462923
-1.3071218700968519 0.42266399569551183 0.6254421024155228
-1.2135378120490348 0.8380342134662584 0.2141919879746048
-1.3227926994854524 0.8680986166295455 0.21136195944066927
-1.4461692685058445 0.8723514074473364 0.20513565824743196
-1.5696954559392822 0.8771245223919024 0.19890935705419466
-1.7053171303931975 0.8606430124077136 0.1898532657456009
-1.8412382811444292 0.8447651181061886 0.18079693601842806
-1.9726158147115456 0.8381762137053386 0.17287261770482942
-2.096929492034473 0.8451577238501606 0.16664655493017122
