-0.8445699988294741 -0.8730733208718036 -0.038515892146102626
-1.0651287568963639 -0.6145453305978563 -0.7625926400403897
-0.33955977146594307 -0.888880280671394 -0.013647403834335048
-0.8418662495815674 -0.5158663935597261 -0.752564754603378
0.10930591401238843 -0.8853259385572656 0.007869872929580968
-0.4785891551586019 -0.6263054972148367 0.6679774855394442
-0.7291693081340611 -0.3729002202330918 -0.7509745026807706
0.5299411969118886 -0.8732517289512813 0.027722988011368077
-0.3985960503899868 -0.47127513363188456 0.6666995619554599
0.9405617733103888 -0.8783595099612924 -0.6303256417493741
0.8947981489918586 -0.8408467363545 0.044212970616348546
-0.3503555809157817 -0.30311849852445505 0.6639310454149325
1.3645534107062964 -0.8733697140660013 -0.6047004128675382
1.208698330955631 -0.7894638213270042 0.05761590945912198
-0.2738837822877649 -0.14669701371411037 0.6624380682725985
1.7696569329894558 -0.8633034874479009 -0.5804570580701749
1.4305178541631296 -0.7009928445974225 0.06537834155751066
-0.20606355127210563 0.013335726613689758 0.6605173681993564
1.9129430014487152 -0.7438426786449668 -0.576297607539169
1.4826436654499844 -0.5410215080525091 0.06267610538197355
-0.14228655383686828 0.17510823662868802 0.6583816145677646
2.0748370633996647 -0.6330769500413922 -0.5707209969739835
1.5445038472240569 -0.3851492016759437 0.06053749072743253
-0.07793272977817978 0.33665593696915863 0.6562444304246982
-0.9046336186259971 -0.9149732826273436 -0.12775072109507724
2.1318400138568894 -0.47728859054826245 -0.5732611085157315
1.5977725995401268 -0.2254878376751961 0.05783048618031339
-0.008434903182639175 0.495997270115339 0.6543189619798739
-0.46904317923001315 -0.9020194712735332 -0.10642131817149325
-1.0720235294401945 -0.6494798445850023 0.5597087477464755
1.6196465687019082 -0.05184181973199742 0.053134593846329015
0.03542538949597329 -0.9201058910070756 -0.08070072185801669
-0.6265670282019258 -0.6411518263343794 0.5759069060106357
0.47455269020156976 -0.914918737154018 -0.0590194131116788
-0.20472727844773786 -0.6262039875832954 0.5910283659715732
0.8901170856064198 -0.9029932150473456 -0.03876527797984286
0.1566729091491652 -0.5890571040887593 0.6032978628892978
1.5984089158085446 0.5108328297854499 0.03332820880604581
1.2688979543132213 -0.8968771037566086 -0.6939142609815518
1.2775713156951145 -0.8821509589940391 -0.020231094477645595
0.2643978825375193 -0.44791223393477964 0.6033965681810458
1.729185186395819 -0.9093555737386652 -0.6646994019727628
1.5497003379844667 -0.8151363699103626 -0.008962478754989345
0.31276423420628596 -0.2819698886390185 0.600612792851456
1.899871839905238 -0.8014095778663375 -0.6582244302015225
1.7483120512634809 -0.7183915205517266 -0.0023468400220791885
0.3387635802579094 -0.1063065793167084 0.5967156027574618
2.0341267908543816 -0.6786277666650236 -0.6546352769117276
1.804969029451236 -0.5614809428788234 -0.0047729874830166885
0.3379195110490265 0.0812942150269933 0.5914794539232333
-0.9023729306151402 -0.868844148307339 -0.21679052364634677
-1.233696406262716 -0.7267689601376546 0.46761146533680753
2.136707301852466 -0.5426169832517331 -0.6535747910718839
1.8759202090683047 -0.4107154982796857 -0.00632509243296786
0.3012084740589813 0.2851035943560021 0.5844565962572177
-0.36495346060366174 -0.8973387433368458 -0.18817457210826083
1.9199794443043388 -0.2481596775734829 -0.009632434962264735
0.31566092435278925 0.46727012689658665 0.5798722838182528
0.07463073810285437 -0.8897452489018178 -0.16581281673716708
0.5321622813885885 -0.8926048096820125 -0.14222272884654208
0.9891104885471318 -0.8984231104155498 -0.11860164654063388
0.3840694086683598 -0.637222471356381 0.5273210142870028
1.9284124957595683 0.2966764825463031 -0.027777042506210048
1.4270682443350982 -0.8994718993350688 -0.09614929210948153
1.938745680162432 0.47595816364018617 -0.03344854366587802
1.4891366692122734 -0.7624118207603985 -0.7693618203382413
1.6760638292558276 -0.8233951519290699 -0.0859826470594327
1.8470562055049484 -0.7154054884619256 -0.08091243755625888
-1.6375663451200886 -0.7658488070874867 0.3642479513902743
1.9953564450977108 -0.5984717458731836 -0.07733806621836825
-1.2889987046922364 -0.7141897449574515 0.3768292998094638
2.0433072558424374 -0.43839009531808415 -0.08037933361338778
-0.292702377895143 -0.9451779939373779 -0.26955446255015536
2.059873852481763 -0.26431214274066406 -0.08553108227061434
0.409593838405522 0.47300136670178716 0.49676147449208097
0.15598222933748573 -0.9414556000413441 -0.24586900722788974
-0.1901563996828628 -0.7816188534315387 0.42281499850941495
0.548012136846058 0.600160919130694 0.498322639348038
0.622593069082253 -0.948237065681127 -0.22091945659922763
0.13868083076974003 -0.7303455904624911 0.4345227812547763
1.0378914706633466 -0.9369709337265348 -0.19933303844737216
0.46270003820760763 -0.6792218337168094 0.4460121725816806
1.512544974261644 -0.9534911503996071 -0.1737039948682706
1.7016314879078447 -0.8523148586961398 -0.1672037507276456
1.7715867182719105 -0.7011641839494729 -0.16873487484263583
-1.9055795912058713 -0.7077766079667782 0.2625171278734286
1.837483920990179 -0.5482927976434979 -0.1705768967847745
-1.4453756478495166 -0.6993224856061531 0.2815419768114169
2.0365651602290598 -0.45354184742596715 -0.16344102871226474
-0.981067341106673 -0.6957143840333941 0.300845775486954
0.5024028270389049 0.6110035949148696 0.4099570845384677
0.19705103434982085 -0.8286818448313724 -0.3334530259351651
-0.15114437513032897 -0.6576490970193376 0.334349307896622
0.6175051361235742 -0.8174489223472321 -0.3109081650953214
0.9914409824295785 -0.7896588296638285 -0.29151090633677645
0.6677944441448513 -0.6263802619523204 0.3674666022081454
1.5488877850178202 -0.8419660837399761 -0.2593806649427335
1.8070819039640735 -0.7705940536398757 -0.24787458431529208
1.9323206994252473 -0.6435316134106941 -0.24557861339854403
-1.4857848510586322 -0.9210375532837531 0.1976334189195712
2.05790077358696 -0.5171036545137255 -0.24327930462168856
-1.0308557803847016 -0.9118361794085317 0.21715847003651456
-0.608886827691915 -0.8925493311350579 0.2349235152025302
0.03471177976623352 -0.8178205525303355 -0.42894777309703036
-0.14571214920433562 -0.8928823208723529 0.2550198172350009
0.6682791075496812 0.678292172640738 0.32836547839833097
0.5429471791123 -0.8418409437899044 -0.3995488549451749
0.5617960311863577 -0.9966137831335686 0.28872171390248136
0.7480798268771576 0.8309048078687695 0.3269545172472079
0.9721713987370197 -0.8365118661010058 -0.37565979015635653
0.6497185666327052 -0.8490581424672641 0.2881299589891513
1.359489934957752 -0.8165034480754869 -0.35467895519541903
1.7785449247364031 -0.8126461592848528 -0.331386890528671
1.990761771297196 -0.7228416584162218 -0.3227699662427823
2.116098640196393 -0.5965578186322062 -0.3203538323621671
-0.8901695802917793 -0.7607053292532413 0.13117042529774503
2.12750593387773 -0.42087551939872725 -0.3261130715589444
-0.4312401056792474 -0.7582957496621674 0.15174070346546964
0.00676191333584697 -0.7692241673186828 -0.518576946375839
-0.037540033765324665 -0.732313074608399 0.16863456714344816
0.49656401560021024 -0.7857998774985688 -0.48967918407725497
0.6786860569838389 -0.8426805720054134 0.20410743701649503
0.7730758278382979 0.5843165203192058 0.24962583530140714
0.9350505597460792 -0.7843851254217213 -0.4644325638990323
0.8085701796848497 -0.7129782401782663 0.2059470747728427
1.3545951686265578 -0.7780399985361086 -0.44049629223155184
1.7965961487077582 -0.784172917704069 -0.4148553277234952
1.9905275477331479 -0.6866368759137629 -0.4073007966260831
-1.2710519531176416 -0.9867598363010828 0.03257146823597745
2.093080381370873 -0.5504473154855276 -0.4064505959730069
-0.8211070346973379 -0.9765665361574065 0.05329719531727628
2.1960632320706797 -0.41475037946126037 -0.40559848797129794
1.1066583886644228 0.08197299644087508 0.19443908679676847
-0.33461227872649957 -0.9841808815938577 0.07623830783558683
1.138759078152411 0.25335820851414326 0.19042650211048917
0.09813350983116464 -0.9827567498354668 -0.5917805100660245
0.08186422192796172 -0.9667740194141103 0.09511247623158292
0.532343347472704 -0.9754963233151059 -0.5662101174573819
0.4840547796840493 -0.9463590074996944 0.11319318759632901
0.975246746312699 -0.9748560848648822 -0.5399235154371183
0.8535268250767025 -0.9151420217279735 0.12938371646595792
1.3853873807465966 -0.9636085877453695 -0.5160125161390225
1.0982985109342192 -0.8342394687850643 0.1382018660326083
1.6755660944029067 -0.9045151459541074 -0.5010136033277433
1.1499186180492114 -0.6731746314056721 0.13551870334339933
1.8095999778834937 -0.7806744788049542 -0.4976938630323331
1.2113153718469665 -0.5161622318751711 0.13338151920033292
2.0081091869479017 -0.6851771168566998 -0.4895504380445401
1.2686773290819264 -0.35738148848096785 0.1309687231798251
2.1015203107721714 -0.5450752326942094 -0.4893191720228116
1.2762458249368382 -0.1768592652004557 0.12553087222767667
1.3028140316321704 -0.004183229719224357 0.121186408879288
2.078813172393211 0.24223780410622453 -0.005706873057357509
2.1072318951573035 0.7245509007151938 -0.5516804124097745
2.000076790845796 0.4507763824404307 0.009050760151871007
1.998047978580587 0.8438622013548311 -0.5441139603834073
1.9191897975210228 0.6500357901130016 0.02293983447743253
1.8082978314191092 0.7653250473313662 0.029016408802994054
1.5318768045854014 0.8477811157396076 0.027280244709976476
1.358171775757171 0.7967303002973622 0.017731342198379796
1.2145191357204723 0.8253827374047873 0.015561017872818272
1.0599980269184464 0.8267383567865494 0.010786447407730382
0.5525762342505445 -0.46966724224847667 0.48307028758717374
2.149375779698417 0.39889333572521224 -0.07087453853892489
0.9506004464799336 0.9236318710669025 -0.5743788148145597
0.9053007079041002 0.8287079825640262 0.006012353779800694
0.6078797842877979 0.07657810014864452 0.5217942332048495
2.1052638590449604 0.7012226260827674 -0.626501407740585
2.0694157259773824 0.6024925078102257 -0.056235637782088954
0.7997937143961664 0.935352598198044 -0.5789187813978116
0.7596723845848867 0.8544120002327134 0.0034078692216952255
0.5576642119377873 0.3487288382150595 0.5389644240160067
1.9891285235444691 0.8018566967615399 -0.6208575631360929
1.9563924810850626 0.7126695737611684 -0.05046876919078036
0.18928040289036474 -0.1918440215811401 -0.7080486680250089
0.5972637451647653 0.8390891373050664 -0.003102865336410243
0.527816080527483 0.6669888145869862 0.5597876642961581
1.83530150557071 0.7998178280594459 -0.0469199086408536
0.034295085779440626 -0.17734310282761356 -0.7125886346082608
0.443965363681075 0.8475007053146726 -0.007443037150375087
0.3701312949273081 0.6663571478328052 0.5554041003007968
-0.13024929237835536 -0.18523866068387207 -0.7196501160840909
0.2848456408249316 0.8426922555373579 -0.013085451243392665
0.21224806897071602 0.6663521625237934 0.5510200594682773
0.13505739180753196 0.8615205803716819 -0.016558017848006923
0.027372004498321445 0.6025148108909022 0.5415217016954501
1.4140809391751112 0.9053569567264432 -0.051355924723617274
-0.02828896545938875 0.848775722481804 -0.02306851398753329
-0.12146713458302116 0.6268514899973923 0.5389644240160067
0.7254206542587607 -0.5791423156807838 0.40505186069203214
1.2456585856626674 0.8687926128806112 -0.05978449833201571
-0.17441680758765088 0.8779812710764503 -0.025672760127059657
-0.29368530938310755 0.5966696852690916 0.532023343922623
0.6548110962378448 -0.3485286632067357 0.4192647074480136
0.8561118630923978 0.2685365885016111 -0.7137282754163663
1.0913026299486077 0.8700383558030609 -0.06466421139048739
-0.3440655683935958 0.8527845823587228 -0.03348549854563876
-0.4388428904621904 0.6313931302151943 0.5301968191881259
2.1755980668402195 0.5603372401254489 -0.12910636913584872
0.7172250564692781 0.21608723753402614 0.4604071711320956
0.5862238203550483 -0.015508586510378564 -0.7511838341932218
0.9459299343848411 0.8950575557500215 -0.06732567798899813
-0.5002482952623097 0.8603083979736823 -0.03825983059214755
-0.6967259738179266 0.4057486131175665 0.5075468157548984
2.002660689183731 0.5064204807724764 -0.13905700695323153
0.6543105131777835 0.45550920407098516 0.47536841380787687
0.4800781427345502 0.11759724118673631 -0.742461052058212
0.7931586619853768 0.9021169604359898 -0.07176193249034091
-0.6645567520744002 0.8501917773883036 -0.04477056515025302
1.8841795597022113 0.602785388876562 -0.1345337296705167
0.6151983715313758 0.7503953844443316 0.4948174093980868
0.354218776850864 0.20022276373766346 -0.7393825913648526
0.6458446624538627 0.9236349647491835 -0.07486709606455966
-0.8150753039131438 0.8726679487481874 -0.04824265491770907
-0.9102322666928409 0.6566725027445344 0.5181411837358554
0.43535666924361394 0.6939995289259855 0.485840949894913
0.4834672876586481 0.9088146847958711 -0.08152088177012606
-0.9454020263186038 0.9412346771093496 -0.047374811289779384
-1.077780690141001 0.6435702940994261 0.5122961138506015
0.3283731582731573 0.9130813975685186 -0.08640059482859774
-1.1223783075340243 0.9057250069358673 -0.05648955356883212
-1.206826046618044 0.7176012548435509 0.5133918856401523
0.07965298597961734 0.5973906289611151 0.4690100287218173
0.1712048776845183 0.9133590477063649 -0.09172400486277743
-1.3553127088970456 0.7484767515870274 -0.07732376110362216
-1.378785302677496 0.6966735545301361 0.5068163012285312
1.3813691944973723 0.903416828062447 -0.12503561031626864
-0.04414027928041264 0.6813321515031134 0.4712540243883212
0.013850844804267126 0.9142718553530429 -0.09704741489695712
1.2416869949484592 0.9412887935030056 -0.12639245044993563
-0.19471364972526928 0.7013632165006527 0.4682618712205966
-0.1436889338599272 0.9158129434683318 -0.1023703480939786
0.970244308248045 0.643164833417984 -0.7468083764295499
1.0548593274140163 0.8591185634741052 -0.1395090485792081
-0.3590377376070961 0.6898759328808879 0.4626514052171786
-0.2955481112456084 0.9317186799092596 -0.10636290561961337
0.788472971691899 0.4993799946174846 0.40878954875660733
-1.7864213971972944 0.8752454874487512 -0.08296617519663974
0.8497026995295016 0.733391350330983 -0.7426341439466397
0.8984343943908133 0.8564979774853683 -0.14493664753245517
-0.6873747900974401 0.29898708504882165 0.4259971712846835
2.0582112231740854 0.5356280212794218 -0.2075320149640958
-0.45933525760407434 0.9207873581374315 -0.11301692974375888
0.7507162196048736 0.798651310144308 0.42907396304798917
-1.9546875980938196 0.8659715273982798 -0.08991083156871005
0.7277537333002595 0.8193654628091522 -0.7389815713148038
0.75104565786976 0.8776128103574337 -0.1481026078443448
-0.8197748291871214 0.36715509877613073 0.4267450903673251
1.9792001164032111 0.7393174929461068 -0.1923194791059415
-0.6273781709669599 0.9014001191820782 -0.1205581094007413
0.584389042571555 0.7740449585670532 0.42256752002430753
-2.1424458933180404 0.8169006989352638 -0.10076197635935946
0.5887025517588764 0.8623566638927755 -0.15488704693125888
-0.8476709855829867 0.6731673156777234 0.4469424818773349
-0.7817179548862754 0.9146256921927431 -0.12499412548350497
0.3838572489709584 0.667023455968426 0.40917221057606534
0.4354739546316022 0.8708148502525219 -0.15941008579539462
-0.9827417702575829 0.732745487197846 0.4469424818773349
-0.9402171882009434 0.919354176886003 -0.13031753551768466
0.1823871803491368 0.5609326407717532 0.39577690112782316
0.27452394961745696 0.8614599988512595 -0.16574200641917392
-1.1501878834786048 0.7199777056223908 0.44095817554188566
0.07369099286960079 0.6813748835677629 0.40113512027455167
0.11714385854466514 0.8619585720461416 -0.1711698437910001
-1.2830389763848942 0.7851537773490165 0.4413320158739169
-0.07678355699757233 0.7009558600424413 0.3980731104631503
-0.03850074116150637 0.8676673566423716 -0.1761451626996915
-1.4652863313385893 0.741904558054884 0.43272963512135343
1.2007518357559341 0.7185892814834673 -0.21951779377268954
-0.2448163413478852 0.6798091648072386 0.39156690585804776
-0.19623962272202533 0.8694172127577033 -0.18157228481578036
-1.6605465511251438 0.6722817190542116 0.42188278186512784
1.0857533212926498 0.822026559820344 -0.2144468690137784
0.9301747527326167 0.44378197273898223 0.34276405322743253
-0.6739296982309888 0.049726450044978776 0.33415809619618253
-0.3659329284159121 0.844335275661706 -0.18971356403636142
-1.8649052320404316 0.585465060385566 0.40954009044361905
0.9566736137228862 0.8887540648082677 -0.21306404125498934
0.8839906896219709 0.7243466244942667 0.36190143573475675
-1.783559823563614 0.8487668057512963 -0.16713627826975985
-0.7854859327542023 0.16820073815519976 0.33913341510487394
-0.5162271626778256 0.8656721856070533 -0.19333204281138583
-2.0235502709039643 0.5989272560006071 0.4054257010240634
0.8020636937321939 0.8911628462514045 -0.21813448917674227
0.7361596970034565 0.7454710899316837 0.35916748988819913
-1.975171629447555 0.7898962426913272 -0.17911371242808505
2.014153515657009 0.7124655496933627 -0.2659936810712735
-0.8784879522456208 0.3281024541739086 0.3475534056444247
-0.6785340419494048 0.860209516464856 -0.19966420185374423
0.6565820498208907 0.9172722194538636 -0.2209006215314786
0.633001203359342 0.8781226852883179 0.36580697047901944
-2.146083562692276 0.7769051159618172 -0.18665489208506747
1.9016274260457706 0.8227568218642318 -0.2598882580976407
-0.86815789738829 0.7208862690425377 0.3754924868364413
-0.8330443545885551 0.8736354204579442 -0.20418700229930087
0.4923374532579512 0.8978097532753466 -0.22827633869456454
-1.0233068200037572 0.7349797002310225 0.37166491496754483
-0.9653918493235487 0.9377074092858564 -0.2037349606733243
0.33723064882300413 0.902054235903897 -0.23334726345347567
0.15220371660058163 0.4710422424917482 0.3220645521898349
-1.1173564669278164 0.8861486920087955 0.3793198202867587
0.18005180569315016 0.9023133609216671 -0.23887905132579013
0.018330595188931653 0.5317393318860724 0.32245532024098233
0.894643687574078 -0.5881736186358921 0.18372050273609952
-1.3442041305578094 0.7422931607516716 0.36209693896962003
0.026532843573647824 0.912387378410088 -0.24348887455271884
-0.03821794059906125 0.7767742313206298 0.3384682272691806
0.9757003262733903 0.03730908781288633 0.23293558108998136
-1.4624547115459734 0.8398786982511979 0.3651587103624423
-0.13293025221097565 0.909308445367536 -0.2494815255384366
-0.19237137878581834 0.7876194646155241 0.3345624541063388
0.932484340317524 0.3320205166080754 0.2537423704881747
-1.6303418481347656 0.8291720262416007 0.35903540599537687
-0.3063102780284943 0.8748226261750958 -0.25870141041087313
-0.3642693491491329 0.7578304835403387 0.32714191425038175
0.9930105289258524 0.8656339639191017 -0.28665956508921786
0.8728762786812965 0.5801657068381516 0.27054754245472745
-1.8006206954687833 0.8146426272175447 0.3525287245531161
-1.8023363569790725 0.8812758800520584 -0.23991831791209384
-0.45842821613978657 0.8913697990805289 -0.2628501321058194
-0.5069536776589949 0.7974151666656937 0.3255797957201083
0.8457310909239517 0.8864066349111894 -0.2899471188764493
0.8534926649171641 0.9255031112040584 0.29575530040455655
2.157387738605941 0.7100613446478476 -0.3339849377851407
-1.9712229139908217 0.8008307800314611 0.3460225199480136
-1.962112267330017 0.890119862399601 -0.24534615528392
-0.610634529425667 0.9085093723528104 -0.2669990922193448
-0.6674809619550537 0.7963962244906284 0.32050219524098233
0.6984088040512901 0.9077378931228992 -0.29323491108225985
0.7211538346742632 0.983772997104964 0.2961556051988681
2.0138828216902454 0.7357800677599187 -0.3363769913892667
1.547921379964082 -0.5385025148484175 0.1311678026933749
-2.158354697789928 0.8231347637366895 -0.25846251499461337
-0.7789510301178986 0.8897788969351481 -0.2748359109144132
-0.8161723971443244 0.8234098014183218 0.3177684878130038
0.5342162014703611 0.888115188064873 -0.300749626276962
0.5890293556874457 1.0424911518657822 0.2965556715746005
-0.9294255772055493 0.9127111110112835 -0.27852376949595614
-0.9770172227021625 0.8236559352901764 0.31269136417103605
0.3791317703483088 0.8921957007591956 -0.30591591846751376
0.35128252212164135 0.843407385477505 0.2745486830492099
-1.1421516804730274 0.8154556419964223 0.30683294284535245
0.22197741303959972 0.8922945608667519 -0.3115521336774747
0.15008407024700787 0.73762417838158 0.2605444525499423
1.3487898407304328 0.19471589168742298 0.18186179149342374
-1.3054924715546932 0.812481485261749 0.3013650511522372
0.06271819831998116 0.8884297214537753 -0.3176577950696866
0.0190780325042752 0.8029157318320159 0.26134458530140714
1.2635565781662716 0.38165122245105465 0.19371763217640714
-1.4587132948588142 0.8328496652919171 0.297850284459122
-0.08902385400745416 0.903548940424379 -0.3218849564771573
-0.134928147091685 0.8135542640813895 0.2573434447069247
1.2804058813673347 0.8305404477189242 -0.352641191599838
1.2170956413514826 0.6663455430534739 0.2141589258928378
-1.6391279700513763 0.7949673344234398 0.2892579172868808
-0.23109679436425523 0.9421634805541004 -0.3237636948804776
-0.302735854952882 0.792702436820754 0.25054136264515714
1.1440620971461843 0.8780492562318329 -0.3531194592695157
1.0856042433044912 0.72800291170865 0.21497646320057706
-1.791598140452951 0.8013631245621937 -0.3209343816022794
-1.7863808779406192 0.8301902919650033 0.2869147394914706
-0.4124447224854677 0.8898421721956709 -0.3350358868818204
-0.43148249277709994 0.8641161705882965 0.2517415617723544
1.6794694595096988 -0.5426624321369289 0.059941444279678624
0.987818392045158 0.8751024465362036 -0.35886010181712313
0.9525393207045862 0.7854711991149017 0.21538535106373624
-1.9663974625813552 0.7785955073340602 -0.3296931649427335
-1.9738526765098072 0.7802373566605922 0.2771507834215243
-0.5784900425404302 0.8748470241474493 -0.34255036365794345
-0.581780107300748 0.8856710268046726 0.24854055392933683
1.9916281744412174 0.7408072894574218 -0.4091308976392667
1.6035423903724872 -0.3187917300059695 0.07538953769398526
0.8332106951931486 0.8773980233196639 -0.3641219998578946
0.8178458442146894 0.8387641072912757 0.21538535106373624
-0.7368467486365518 0.8787784353368409 -0.3481865788679044
-0.7401367678431612 0.8895542987125467 0.24373928058338956
1.777298756002784 0.5758092804351236 -0.4315350915174405
1.5618667699572644 -0.00609325129407523 0.0987710093278964
0.6877132823082608 0.9034005228795152 -0.3669920827131192
0.6814878165949221 0.8879080523523157 0.21497646320057706
-0.8994073709238855 0.8742449853479641 -0.3547619248609464
-0.9208689353097093 0.8439408092718921 0.23453608501149015
1.4960038255073282 0.23640313895197096 0.11588898647023038
0.5253646053353282 0.8884411421444582 -0.37416752826975985
0.49094432018253364 0.8036156467855022 0.20271197307301358
-1.0418999700248506 0.9158226063429069 -0.3566406632642667
-1.0858540089661943 0.8355237658762036 0.2285341357011874
1.39287862995565 0.37635289903267477 0.12382212627125577
0.36838641919290005 0.8879672580976106 -0.37990769398020907
0.3374212774580698 0.8124115877939033 0.1986233328600009
-1.2347067118686539 0.8641316069497478 0.22573343265248136
1.3225716040838513 0.6003193789631425 0.1392699812669833
0.2150226202953629 0.8973076944675569 -0.3846915627698819
0.18758351139658203 0.8310187422796247 0.19535318362904386
-1.4124903186249398 0.8298098438280803 0.217330846669205
1.2231330490269343 0.7452849364742065 0.14762059200001554
0.05385483696697335 0.888890031306147 -0.3913887406568448
0.02999682928735936 0.8318128329736396 0.1904470061082919
-1.567824332234828 0.846075717517742 0.21332970607472257
1.0883029232838854 0.7976355599874339 0.14762059200001554
2.0412065960797285 -0.5172273687709819 -0.0022018815259854385
-0.0978893734224151 0.9040536845342544 -0.3956936265211026
-0.12584590491460546 0.8378250781248511 0.18594995486927823
-1.731651367127462 0.8448732626059652 0.20772782314015226
0.9564713866218266 0.857604556389667 -0.43445762646006747
0.9463420028962126 0.8319139638793729 0.1459504698534091
-0.6136323362863791 0.3309727100012694 0.728453311802872
1.9874648451730295 -0.2284740165102619 0.019534978749283116
-0.2868021417939133 0.8328196881567536 -0.4090875054578702
-0.28574964537925496 0.8352890147683567 0.1806353663225253
-1.8935852457056157 0.8488578921353067 0.20252600658131437
0.8054636734097098 0.8692827730490365 -0.4388411904554288
0.8118156683567399 0.8852313643845591 0.1459504698534091
2.1618715664746055 0.6653457420832822 -0.48289951336192294
1.9558839105867598 0.11639478657347979 0.04638687122059659
-0.43902792845603145 0.8492948145210519 -0.4133933449964444
-0.43799019356838187 0.8517106978036821 0.1769558523912509
0.26538273642652754 -0.185009225116481 0.6442321871538241
-2.033203260570371 0.8837495122150187 -0.39844163906382724
-2.0535846862049745 0.8580090140311469 0.1977247332353671
0.6710670075817671 0.9230927985795532 -0.4388411904554288
0.6421393052089126 0.85118970990181 0.1380175684709628
-0.9199466206788038 0.37128492972220073 0.7226869200487216
2.036988668423211 0.742457855470235 -0.47992500316905184
1.8667090122593741 0.2972126931802279 0.0583206747789462
-0.5893573542491062 0.8709247591412961 -0.4172199631910245
-0.5942864569880761 0.8595830193310121 0.17245880115223722
0.1816449474834485 0.0047418197765694 0.654321346165665
0.49564008184913 0.8759449290540857 -0.4495561982374112
0.48892045840646325 0.8594066798615074 0.13384238231373624
1.7786216091330562 0.4781744598357278 0.07025471675587491
-0.7597251838021606 0.8475667353796581 -0.42583021175669833
-0.7507282569506977 0.8680783693408785 0.16796174991322355
0.13306324981439843 0.27768126127003256 0.6706732844133456
0.3480435698951787 0.8986069007447242 -0.45296558391856356
0.33368460875385964 0.8636177131511502 0.12924972522450284
-0.9244208751250191 0.8385722939280242 -0.43300565731333895
-0.9133692716893727 0.8635279151632957 0.16223827350331144
0.055691152278367184 0.47673345163277503 0.6814588640947421
0.19088167238497888 0.8988475266731086 -0.45881017696665927
0.16682882711427638 0.8408258726001492 0.12215200412464933
1.5723156560120835 0.7519422470708363 0.08602491367054776
-1.0742092096908067 0.8641993725282973 0.1569234465379794
-0.08007281895204343 0.5331602219507232 0.6814588640947421
0.031611738939997025 0.8951292111052425 -0.46514162075328036
0.01887145121039069 0.8646941599459268 0.11922923076344327
1.4321813016071303 0.7891038618545636 0.08474627483082608
-1.2373085370808496 0.8609736385902167 0.1511999701280673
-0.2175743692693466 0.5854649392296594 0.6811107729692538
-0.11624988552235749 0.9195546298159982 -0.4685510064344327
-0.14075666100107398 0.8615806855181489 0.1138013933916171
1.268849710544016 0.7663449804088529 0.07792678821278409
-1.402704317114999 0.8538855925119009 0.145067605854996
-0.37640776035364 0.587775032406725 0.6769358252306064
-0.2778178322102143 0.9125051202126855 -0.4753693009595792
-0.29473700366537514 0.872867271586685 0.10962620723439054
1.1511801202076963 0.8425344604074212 -0.5017374421338956
1.1286709336541865 0.8046100545974184 0.07664814937306241
-1.5725231102267578 0.8384271695647101 0.13811770427418546
-0.5373925816452783 0.5861430711381459 0.6724130247850497
-0.44553844040071056 0.8924087924676769 -0.48364910137461825
-0.45080844315247504 0.8801832941098127 0.10503355014515714
1.0075923171592382 0.8719894572810105 -0.5042155648450772
0.9867545841851459 0.8387461987067653 0.07494321811390714
0.5069273737485318 -0.361126109067996 0.5641509627122958
-1.7279825752820805 0.8553340768645157 0.13402954089833097
-0.6946148798081069 0.5943097003588207 0.6685859297533114
-0.5977203850035586 0.9095118875536556 -0.4880326653699796
-0.6050417426468329 0.8926863490126706 0.10085836398793058
0.8566747206925953 0.8834709698899061 -0.5086773301343839
0.8338575817530316 0.8456229781849629 0.0706810091753085
0.6905979607134078 0.5047895425985018 0.6265589331407626
-1.9004413098618258 0.8367472736885446 0.12667075145436124
-0.8479846877731312 0.6122363879432555 0.6654545401353915
-0.7599905979876738 0.9044338387018129 -0.49485143673228427
-0.7633974478040528 0.8966780675559107 0.09584799754811124
0.6982484431623863 0.8770682305574056 -0.5151217843274991
0.6900994244491923 0.8762119975023523 0.06854978549671964
0.46945217289314733 0.3461082629554326 0.6101545428056796
-1.003448777592503 0.626204147046785 0.6619755362291415
-0.9184612245874781 0.9091195011763702 -0.50069602978038
-0.9279841269453684 0.8876440539938457 0.0895854567308505
0.5414602863894356 0.8759115827280297 -0.5210708047132413
0.5220401155452521 0.8473174909206023 0.06087795245838956
0.38384163657992687 0.5258757673754602 0.6197830771226962
-1.167159244601315 0.6225678570288764 0.6571046446580966
-1.0806312032921 0.9065696552233149 0.08582750308705167
0.37505381421605577 0.8523647502598877 -0.5294979478101651
0.37058226639248204 0.860624083604641 0.057042274357803624
0.2369038330092117 0.5534644436137839 0.6176435087938388
-1.2436057365116646 0.9033974687369764 0.07998219478321866
0.23299623533488578 0.8892806744714221 -0.5314811135511319
0.21140620089205875 0.8560991264229187 0.05150118816090421
0.0842494752311076 0.5677861199067138 0.6144341563005526
-1.4233583103379885 0.864620161368812 0.07079688060475187
0.06226573861835405 0.8578539451131348 -0.54089960109996
0.05969117640041688 0.870607900853031 0.04766551006031827
-0.07042399139772115 0.5780912774653615 0.6108676527757724
-1.5723402614386828 0.8945271128973928 0.06787410724354581
-0.08956414223914066 0.8729878930723842 -0.5453613663892667
-0.09985850619147385 0.8673495536649583 0.04212466228199796
-0.22522076442537653 0.589006788457084 0.6073016260881503
-1.7360223910326589 0.8933687024041035 0.062028798939712804
-0.25768434549661023 0.8693119869271229 0.03701010692311124
-0.38599658932705694 0.5867735479036327 0.6026655768175204
-1.9210723062780417 0.8477770482976581 0.052008542897232335
-0.421591911332591 0.8581763558266005 0.03061667430592374
-0.5450231817970348 0.5897642858473162 0.5983862017412265
-2.0853588499911275 0.8480453174780322 0.04616323459339933
-1.1119622099244708 -0.3834145607032653 -0.70052513134288
-0.5679211067692727 0.8888507567890542 0.028059396626480382
-0.7082007475986956 0.5842452474087807 0.5933934782762607
-1.2307593560414354 -0.27733321411837153 -0.6955679322462003
-0.734236777060655 0.8744457208922682 0.02123991000843839
-0.8616065853419599 0.6022327363088422 0.5901841257829745
-0.8867445502664282 0.892627145923683 0.017404231907852452
-1.0272070756950882 0.5934527431070293 0.5848347281236728
-1.0494898002606874 0.8886584970333686 0.011437091710098546
-1.1849369444891735 0.6035672121571594 0.5809120272417148
-1.2206635066289913 0.8671935434496518 0.0037652586717684677
-1.371560720542469 0.8917954218224509 0.00035539615345792086
-1.5516037427180507 0.8536039755585563 -0.00902136814402743
-1.7279382246092858 0.8252369898752931 -0.017545547602645595
-1.8877973935671477 0.8337386281280246 -0.022660341380111415
-2.258842509019132 0.7285326568468591 -0.6469863320569913
