1.6097475124271199 -0.8966590073308591 -0.7468660288770455
1.892663558916734 -0.793303004130153 -0.12305144605233842
1.5646895224914736 -0.7682119776083098 -0.7491362505872505
1.8811835403857025 -0.6555730975932725 -0.1215069704969185
1.4394117692665631 -0.6642777718210313 -0.7617280894239205
2.027109576393279 -0.46994845581393463 -0.10237578687265092
0.44754609724175864 -0.9381563801362907 0.2925741261522514
1.3524088741494218 -0.548124712158546 -0.7694652491529244
2.183407971297399 -0.2826053008035494 -0.08215932187631303
1.3038016567421664 -0.4201498926369611 -0.7723420077283638
2.169034840429834 -0.14761526702344252 -0.0811174326856392
0.4815632624141557 -0.6360419544698228 0.3002750462572319
1.2508851773139078 -0.2933703927354072 -0.7758248263318794
2.1551595898118094 -0.012658650552802797 -0.08007077512338334
-0.24090200900605652 -0.7029397912816444 0.23236199083731002
1.3270501085817017 -0.12893904797240285 -0.7628863268811958
2.1226935081580116 0.11672015415341352 -0.08115319547250444
-0.18015637020981146 -0.5374688143819473 0.2403685635606987
1.3609786727567013 0.022501901082413234 -0.755409997077729
2.138452288348109 0.25988941724906844 -0.07689551648690873
-0.2240174031943134 -0.4027061034887529 0.23819084825918502
1.744076236652493 0.2723168354986889 -0.7035000735242622
2.116511097794266 0.39199512433053574 -0.07690123853280717
-0.26741255027288346 -0.26777204846024283 0.23601551714346236
2.0010525788483733 -0.7661451447025209 -0.17899636563852006
2.104551305005316 0.5126419059150695 -0.6545937472303169
1.9944834536481153 0.4960591344472469 -0.08812217053964311
-1.07285119611484 -0.34522184618850904 0.16008110704824752
-0.19536834347767496 -0.09360068191724125 0.8064729756395561
2.1321090508803913 -0.5846741664497506 -0.16115884122445756
1.9830428443639967 0.6170758694317078 -0.6671574526746529
1.8679402555828588 0.5995289952434417 -0.09988288220956498
-1.1784513366419844 -0.22445049394509464 0.15184374514028853
-0.13198848166857147 0.07030083738470694 0.8130766934435112
2.0976161342951762 -0.45514649859217116 -0.16225270566537553
0.5821554714604602 -0.9115110933553332 0.22815771761343306
1.622374570337037 0.6571097454425159 -0.7101848536451119
1.7800665048505877 0.7141867044728025 -0.10737160977914506
-0.8416522395402737 0.01681951225859457 0.1863219327013237
-0.1978356353560713 0.19841886216639448 0.8090087956468803
2.0968932700975316 -0.3154516166816377 -0.15955190000131303
0.7037916096448278 -0.7291239995091567 0.24251242342397994
1.5683106422063204 0.7818298374641239 -0.7142360621412056
1.5820851073224063 0.7997466999858176 -0.12716273603036576
-0.041980999729744894 0.3790995551894021 0.26543112459585494
2.1919556756677103 -0.1474780680569756 -0.14600877103402787
0.11068308203071098 -0.7610121947949038 0.18602486315176314
0.6366939296245313 0.6745784689295897 -0.8298433237989205
1.268896332417345 0.8561011605975013 -0.1598070078809517
-0.23670850185281367 0.4728479235736218 0.24841423693106002
2.1637818364149517 -0.016804059116783066 -0.14654378232553178
-0.21090473911342045 -0.7087968649890728 0.1564299649278862
0.7199295539711343 0.8531439613011473 -0.21870068845346147
-0.43126454845571516 0.5678261154144977 0.23138590517446822
2.297860413229639 0.1459176292181006 -0.7736795359571236
2.155153142001783 0.11947988637356755 -0.14490632352426225
-0.18844068037964945 -0.5545017262930703 0.1608554905931694
0.1849381261852976 0.8576110642955399 -0.2760293894727486
-1.1416241368895754 0.5317957809276272 0.16457529726431197
2.213511750417066 0.25973260525954167 -0.7815421038587349
2.123149442456718 0.24884090750338927 -0.14597634610727006
-0.12709238832772485 -0.38953156878986395 0.16907377901480025
-0.9935431370847105 0.7176074889621731 0.18054505052969283
2.1438301683457617 0.3780662039356244 -0.7875297480542915
2.1489851331985896 0.39454272680452984 -0.14053086576059037
-0.007597464507846041 -0.20886532025900273 0.1829826420824272
-1.2866632814399104 0.7776208936631432 -0.4352853709180611
2.0378933771797954 -0.7261710881482699 -0.24212102231576615
-0.12882663411432915 -0.12609175813985196 0.7405702656786186
2.064968609843042 0.49408574606088695 -0.7947686129529732
2.0509259762172256 0.5051692354703743 -0.14919213590219194
-1.0571148864606172 -0.3557179863487612 0.08138771715566939
2.1833410775499438 -0.5405498197023277 -0.22231702146127397
-0.13285347228493904 0.019131746519525983 0.7416989392320854
1.9388160000268755 0.6123928811708561 -0.1594856196363228
-0.9371851339677413 -0.17291030301498989 0.09527941408560103
2.2203092195485006 -0.38944411349620633 -0.21514729795053178
-0.1315475804244528 0.16555582631428312 0.7432376927416069
1.9227089528529255 0.731309408605263 -0.8073704653699654
1.817414603773802 0.7176673033060093 -0.1708696299512642
0.2402905196923335 0.2959806526537401 0.2134372777025444
2.2198112374505286 -0.2502071696109578 -0.21237067517831498
0.8783547781931631 -0.6473243370758608 0.19062920275137252
-0.1729968213006643 0.3002083818632624 0.7411429471056206
1.8545488037869902 0.8511254683113405 -0.813358109565522
1.643501275232719 0.8095125340484772 -0.18823651609018022
0.08392042820090495 0.398442754081926 0.19991179171011275
2.1912581142275513 -0.11960516334922744 -0.2128913813550728
0.848430478289032 -0.5120462634380996 0.1899106091539604
1.7915656382452845 0.9725633416754764 -0.818719666572358
1.1093779622864481 0.807186805036431 -0.24639205274179155
-0.8518087061119459 0.2959347476065304 0.10954590502188033
2.2013192672174817 0.022267046237858246 -0.2090018206556099
0.818978344033436 -0.376700711440221 0.18919487657949752
0.6565534111963451 0.8297798014205844 -0.29534177121713334
-0.3725758197954008 0.5686304527338066 0.15860481920645064
2.168971117539666 0.1514827690215217 -0.21006469068124467
0.7804580081659012 -0.24405458908225874 0.18752070131704635
0.04539275928619446 0.8217575479612966 0.20153971376821822
2.1800783735989206 0.2930988218001902 -0.2061636858899849
0.8524514171729756 -0.07980447992565232 0.1969291752855522
-0.84786047126331 0.7398146183555756 0.11534329119131392
2.115203958192687 0.4129003794445474 -0.2110779696424263
0.8245478566651947 0.0554281565163679 0.19622917833731002
2.0562062214926335 -0.7765213050608795 -0.3091323786695259
-1.3594564256836534 0.7522419892976462 -0.5164463931043404
-0.17604908993517654 -0.10243128124743883 0.6659905499498588
2.017216169762051 0.5236922252887517 -0.21985320386483842
0.82109476973746 0.19739569226859643 0.19794388475820845
2.177633381616829 -0.5980788521974825 -0.29178695020272905
-0.17037621361991384 0.04557365604578578 0.6680056637804253
1.886005940760196 0.6258236444315761 -0.23249415692880326
0.7029953598450156 0.3076232667559129 0.18808718386099166
2.1763488769681985 -0.4585044320617948 -0.28895119962289506
-0.1256905290544772 0.2038478759401272 0.673331458000396
1.8605800884390788 0.7573523556215003 -0.23299531278207475
0.45551049801968446 0.38341335251242636 0.16519613924429244
2.294482028809689 -0.2830493707235391 -0.27213601407602006
-0.17663669565887474 0.3359062920301046 0.6704022473375542
1.581185735186132 0.8209126912405518 -0.2627618723829048
0.38599015990595476 0.5083334802002009 0.1601535862962944
2.2182121535983086 -0.16692764383686232 -0.2782295161206978
1.2813947315766754 -0.4258293517651035 0.16403456392690963
-0.2126835311209625 0.47200779994638875 0.6687156743089897
1.0134791280869884 0.8103042616001765 -0.32569245633676225
0.3168703698637998 0.6336105786695532 0.15511055651113814
2.1899511784006833 -0.036341826662565246 -0.2787297182996529
0.5660711100240547 0.8418073566106115 0.1819603032152397
2.2098710041463363 0.1082186474572806 -0.27363137540414506
0.4691285101496412 0.9592871251885597 0.17403097811147994
2.1826045558354075 0.23877019944635336 -0.2741220408399361
1.224068358111083 -0.01585127215282167 0.1649472302477104
0.1086023702243395 -0.3216079280938473 0.6236660069505913
2.165351818205508 0.3720940776651851 -0.27348927793100053
1.1437212473481857 0.10317211316545194 0.15888329210684127
0.07026156421943952 -0.18649717719348669 0.6219684666673881
-1.3298556852896652 0.7895854128868622 -0.5855930262525337
-1.2691551750394225 0.811803618817927 0.0033366269151908767
2.108535011131547 0.5010961037085027 -0.27741460141732865
1.0349924924230436 0.2145869964137681 0.14987297716543502
0.032389904015733606 -0.0512524896068598 0.6202737874071342
2.244875741764094 -0.6049196000396675 -0.35203198728158647
2.0042711929076162 0.6171561118695283 -0.2869422846753853
0.9679420129586234 0.3451436331716282 0.14519663515493697
-0.040490104178502406 0.08163991635234513 0.6155535763780815
2.251101850459257 -0.4562507678652654 -0.3480718546827095
1.8750958422605493 0.7131255358447408 -0.29967717465951615
0.9463470780861059 0.4811822025414685 0.14502354326650924
-0.07741973086175236 0.21727191375847976 0.6138631886522514
2.2284994182751667 -0.33064374348998005 -0.3479149752576607
1.6292650062085627 0.7853712804251982 -0.3259566241224068
0.8435335193863551 0.5953397249830976 0.13650055590078658
-0.1138767118006605 0.3530294912789307 0.6121761387865288
2.2329710238283553 -0.19006002577394288 -0.34442929563119584
0.9866044637864526 0.7469988665218459 -0.39873627957894975
0.7445588321719327 0.6968061810454715 0.12813873949453658
-0.16555102472727512 0.47022712445537973 0.6089756077806694
2.2112816949466882 -0.06449035061481467 -0.34426335630014115
0.5719011725961387 0.7865914319934681 0.11231489839956588
-0.20900183598416078 0.5969697345660503 0.6065346783678276
2.2186359141471286 0.0694773662805197 -0.3406851702649849
1.5107456972849178 -0.12368942709291453 0.12300368013784713
0.3586588616475517 -0.44599921521983443 0.5659873074571831
0.0634941948343517 0.8052687468547424 0.06236715975210494
2.210314487536543 0.2055214034267463 -0.3388865405042427
1.4826685798634784 0.009301311792821565 0.1223589962999565
0.29116818192947136 -0.3200299818106691 0.5617177075426323
-0.8747285040059012 0.6821614526052278 -0.6090209895093697
-0.5172596605045783 0.7873998455343401 0.00475617113516158
2.18997822466018 0.33102035233647786 -0.33870868024423295
1.4521250613413343 0.13447485791628733 0.12130089464590377
0.31702267659926164 -0.1745606781577438 0.5656969136278374
-1.2871619858426193 0.733536234039522 -0.6546304636914986
-1.1102565005486014 0.7997402638996158 -0.0537279063184517
2.1330185373581934 0.45990928859076075 -0.3426678591687935
1.4327166553166926 0.27681654863233707 0.1215803212206108
0.28691226366692035 -0.03076075176282078 0.5647871083299858
2.1423283430702647 -0.7840927899058796 -0.43543652829721147
2.0447666964573514 0.5733664319156055 -0.3505289965589302
1.4108571374167092 0.4113045415612824 0.12144680681631392
0.28799493383601416 0.11435960959256342 0.5665456837694389
2.220944243613559 -0.6191146658511126 -0.4226830416639107
1.9054617952151034 0.6870831948886371 -0.3642456942518013
1.3139424473909074 0.539224325165554 0.11365671816274947
0.2571336589773452 0.2649192781881853 0.5655614918749077
2.322051767034541 -0.44115455707472684 -0.4071171694715279
1.9964791193889795 -0.5273080550188851 0.09670515718862838
1.9059640657235448 0.8185600820673384 -0.36178235349252397
1.2179284343703216 0.6467649759126894 0.10560913744375533
0.22745811553886242 0.3940735956359429 0.5644018239061577
2.359356110250964 -0.2906442070794695 -0.3995216303785103
1.9717106685017711 -0.3944359468030312 0.0965873784105522
1.6460163319440255 0.8873928653233438 -0.3901541644056099
1.1012486356083606 0.7562988292710981 0.09547682466909713
0.16272894821031159 0.5211022296783296 0.5601460522691948
2.221240151621796 -0.19331425318604722 -0.41324500379159623
1.8950022696046993 -0.2772276885762839 0.0908958500902397
0.4127708927122029 -0.7139873123998006 0.49689551058218306
1.0113133032200032 0.8595954963897032 -0.46299199399545365
0.8549273088488363 0.8324805933544521 0.07182760897085494
0.07913912688899316 0.6434145323836802 0.554167467979644
2.1976563407021885 -0.06131544229324959 -0.4131348544080513
1.8711328535745508 -0.14410259779220436 0.09078379335806197
0.28230512540840635 -0.6067507449334526 0.48687859239981
-0.30312881948718484 0.689063716475431 0.521455008415435
2.274664662619113 0.0999764841408588 -0.40090588864877397
1.8238695315632505 -0.017914551165220338 0.08813830080435103
0.4533566716075299 -0.41086811139636126 0.504449564842437
-0.12518010444366467 0.8513162735837652 -0.5928461962659615
0.04434029692646391 0.9086594059117319 -0.008574288459564983
-0.9365880594516263 0.6734542642627215 0.46628399553701705
2.2521320753528826 0.23168716281265223 -0.40078429517343217
1.7770364317230047 0.10847074338195029 0.08549471559927291
0.41949751570027516 -0.2755759950825878 0.5031992978136284
-1.0747509052028619 0.7573579888461568 -0.702905457587983
-0.4770429911743328 0.92177318901863 -0.060843747230316936
2.191860320291809 0.3525463696462925 -0.4052761012037056
1.7258554588063184 0.2336936592071881 0.08234568300649947
0.37652977950412136 -0.142906648385968 0.5010754651109917
-1.2249925195031501 0.8679980471920636 -0.7183063441236275
-1.0615865935378181 0.922896601289068 -0.11966971692636186
2.0213052061672556 -0.6529018960731472 -0.5143082552869576
1.7136019808229044 -0.7344212866214725 -0.004006188483979045
2.131994730668602 0.47369976169351435 -0.40976695355966264
1.6750892160143387 0.35914093756480003 0.07919760408804244
-1.2102275407033432 -0.4430434387350104 0.35772104921743697
2.166973425423638 -0.4675997771441516 -0.49314526853158647
1.9163320208445107 -0.5305465829867329 0.020621497062895955
2.0485857368541467 0.5885100482921555 -0.417146008582856
1.6295440568011443 0.48614423363063164 0.07655926409170455
2.0853870695981342 -0.3525989269092902 -0.5000398570020455
1.9486745567910013 -0.3801080011684661 0.02671356859609908
1.9224263348801855 0.6919917651162786 -0.42972735700204545
1.4260946515820407 0.5701057958877911 0.057141978172515095
0.38491849489991026 0.29280016427361755 0.5070125645677788
2.2372395140528205 -0.16739856300486888 -0.47826413449838334
2.005444116120291 -0.22290815365047667 0.035393435386870564
1.542399275657658 0.7276988145575078 -0.47295407590463334
1.2371821912257062 0.6592423108066505 0.039238650230620564
0.2765792375646541 0.40753118103627894 0.49875517549917525
2.2089930540235017 -0.036867152041551776 -0.4787114077527779
2.024692730034591 -0.07750542343254985 0.039957243828032674
0.3444292823151187 -0.5662863955238908 0.42244644823477095
1.0037891278244295 0.7238216450945787 -0.5352929049451607
0.9619134688630098 0.7265989630513134 0.01216431322500533
0.0049041450976048395 0.4794606381337623 0.4755537098924858
2.1907419397621304 0.09651005780583244 -0.4779847079236763
2.0158581102113686 0.05928007057632989 0.04143114748403853
-0.2876590963867862 -0.604622066602877 0.3653571194689018
-1.053370108739621 0.3255805996980472 -0.7804887705762642
0.5038100135687813 0.7478826174482576 -0.03427533444955522
-0.31010720223421373 0.5418157993477735 0.4483773297350151
2.22069300927744 0.24362325147648534 -0.47139577207162553
1.9884152880037753 0.19049960516427955 0.04084511461660689
-0.6428649383080121 -0.5588982044176882 0.33414097490713424
-1.0653533109114868 0.4709995839814116 -0.7793128901441353
0.0261299666330288 0.7672751734580388 -0.08278588590219194
-0.986857838411364 0.5129601879369083 0.38819046678945845
2.1986763770666293 0.37546472503621864 -0.47124413785531694
1.8418337515428789 0.28783864954052785 0.027347285179351033
0.02225500981112205 -0.22141731836556566 0.39813728990957564
-1.1682491884383701 0.5930855233525572 -0.7891309672315376
-0.5338139002208706 0.7690399169040028 -0.13999490079477006
2.1341109842521178 0.4952690514050504 -0.4763639384229439
1.7816890246133106 0.4102115001679181 0.023145396141265095
0.3487461634993956 0.01599556468656438 0.4304372853319389
1.8476783924378601 -0.883704511980488 -0.6151545458753365
1.8248968258041245 -0.883779245979321 -0.06374816236093217
-1.3237653584887532 0.7024651052543502 -0.8053238802869576
-1.3306220732355953 0.7153407736304684 -0.22222499188974076
2.0507799326922367 0.610100608838799 -0.4838288241346138
1.7507081910532314 0.5408234231866951 0.022046286491606892
-1.2677290608952916 -0.2857350753418153 0.28151579561636275
2.148665468384081 -0.6482298607678407 -0.5740421229322212
1.8273341325167678 -0.7413205254015232 -0.060689728828217326
1.9199138579348585 0.7123187847540065 -0.4971616679151314
1.6146252945416748 0.6427591133872026 0.009571272758696736
-1.4933160443912357 -0.19683894444527095 0.2623092717210991
2.1708913042945674 -0.5012064253126454 -0.5679552966077583
2.04418559973022 -0.5332043278164029 -0.03404645261361772
1.7749311498923745 0.811459106879572 -0.5122597628553169
1.4884098350964123 0.7481027427543161 -0.0018747263868110764
-0.6606803995679513 0.1776701464359549 0.3416416234056694
2.1604513298679144 -0.3645871803501741 -0.5660198145826119
2.257267097181 -0.32819318511836837 -0.007901948066498576
1.4622182613566643 0.8669143187382353 -0.5479109698255318
1.2711460413888531 0.8300027449211473 -0.023161690803314983
-0.09552545148467928 0.4748314946931824 0.39595432939932174
2.1742948253143624 -0.22089354093471858 -0.5611060076673287
2.2236694433591566 -0.199134254222737 -0.009000580878998576
0.4478591289185836 -0.7176222081397245 0.3592626637499077
0.8852438692563638 0.8553074505095024 -0.615881245704438
0.9433255311649908 0.8843808544400202 -0.05637196836068803
-1.162197460447846 0.3414366804176172 0.2983214444200737
2.145860248311415 -0.09013021893210738 -0.5615389758069771
2.1857652700888472 -0.07138581261483612 -0.010620396705414592
-0.2364237655978343 -0.7744305525884831 0.2961217946092827
-0.9231112652768587 0.5301569461518962 -0.8342788630445259
0.4854225193763533 0.9074472241677922 -0.10359219846322709
-0.3156556591979367 0.7081307919858126 0.3786918705980522
2.117879691551348 0.0406945325879704 -0.5619681292493599
2.143538385720486 0.05510067406027819 -0.01276234922006303
-0.3719161600264158 -0.666024773248151 0.2852909153978569
-0.0467985982064647 0.9220176728591332 -0.15870312985971147
-1.259618740706479 0.6215399095941692 0.2925526684801323
2.0903650001567406 0.17158205586930908 -0.5623934679944771
2.106522747477772 0.18312716795225725 -0.014377396674897014
-0.10047524084308534 -0.4395551852171602 0.31317682924673385
-0.651792066875732 0.9222883287224262 -0.2216337138135689
-1.3302135316764172 0.7599863224330896 0.2876083439867241
2.185652371345448 0.344321169753397 -0.5474136286695259
1.9629307936180282 0.2877353427191123 -0.027624886604096233
-0.22255156689109867 -0.3200593208774407 0.3036348408739311
-1.5449755330457293 0.8262752861442824 -0.31590966519906694
2.1610034729450653 0.468504482956968 -0.5477459841687935
1.9380971222282142 0.4126461911509747 -0.028106968971039592
-1.169782146120351 -0.44635568317450947 0.2153756207506401
2.058486022339231 0.5778965174726958 -0.5576899462659615
1.8208796594702008 0.5187930666703897 -0.03865365323617631
-1.2229311736349011 -0.31075584193113137 0.21226139727041549
1.9323378011845058 0.6813219146059879 -0.57061652478769
1.689572824215162 0.6216982529610426 -0.050782006355072795
-0.2766002077258136 0.09808971580960524 0.30407829943106
1.562048343505527 0.7194928188680123 -0.6139595919568794
1.438515592741492 0.6930030176841901 -0.0760672503431099
-0.0298108565289823 0.3110071594250128 0.32932015123770064
-0.0652502580078469 0.4253856329678971 -0.8136122637708443
1.1826959025068362 0.7646586389574752 -0.10189561185434037
-0.9272838532731775 0.21767193150865705 0.24586840334341353
0.6239514037717058 0.7584742769281734 -0.1609070712049263
-0.2797913553525966 0.5356325670891398 0.3090483731310112
0.1321045548962232 0.7735065596230113 -0.2125871592481392
-1.2889201919198037 0.4205497682429078 0.21500464144155806
-0.45164348214768424 0.7685139697414423 -0.27431563672616655
-1.107524554052418 0.6158287355378746 0.23386641207144088
-1.3059283934137795 0.6996324573681356 -0.3656046801526802
-1.9951565819481019 -0.5084667363076356 -0.768734257789399
-1.9825690840353865 -0.5900470839928609 -0.7663896494825142
-1.9796564640372303 -0.6741916739936951 -0.7617004328687447
-1.9817484115448174 -0.7595402708026819 -0.7558386736829537
-1.9700639031700753 -0.841067918509756 -0.7534940653760689
-1.9680786885514294 -0.92505707648378 -0.7488048487622994
-0.3588444859431341 0.3516577354844044 0.7779008931200249
-0.33863040918746634 0.265559169422227 0.7787034100572807
-1.3786558515821845 0.5720320854959065 0.44444628420278853
-0.32820599988890464 0.1766668276991039 0.7811123913805229
-1.1887347750780428 0.5426336302472468 0.4130355900804741
-0.32759530547389915 0.08508256272454329 0.7851264065782768
-1.0081337337394949 0.5090732239732922 0.3834197110216362
-0.3510812213084762 -0.013103903780235626 0.7931549138109428
-0.47486669176856466 0.5827883120770743 0.286495406059478
-0.3416710192555925 -0.10180143213330428 0.7955634182970268
-0.4208726571345416 0.507055489584741 0.2811109608690483
-0.4000886672752735 0.421146505326079 0.2820083684007866
-0.374895033194079 0.33657827735345514 0.2820083684007866
-2.2278652113448985 0.49850222130302235 -0.0006902628858345139
-0.35471923534218064 0.25054148315668456 0.28290625276968306
-2.2489601825385037 0.4052223366738481 0.009483534721587361
-2.265771155735113 0.3136720771913506 0.018639761833403767
0.370673444001941 0.27364683968791237 0.1545712536852104
-2.2876163381275845 0.22085033887196648 0.028813559440825642
0.3811421481178847 0.18239731255907365 0.15726347628042525
-2.2818019487172414 0.13703034321357332 0.03288288774893111
-2.2575896346406594 0.05903150566787918 0.03288288774893111
-1.3876246213832744 -0.48923284179171667 0.5009853428880913
-2.2570615382762966 -0.02618881156872721 0.037969309715483845
-1.3561054687286855 -0.5677870815526918 0.4991905278246147
-2.2381039628804515 -0.10568306021441742 0.038986880211089314
-1.3438667251462064 -0.6515415709896502 0.5009853428880913
-2.2194312602758544 -0.18522786371685296 0.04000445070669478
-2.299682359066683 -0.293768470932136 0.06238575640127486
-2.2769737446263036 -0.37170228768566194 0.06238575640127486
-0.3747164698909913 -0.6648042994821974 0.3304707593004448
-2.254534510930828 -0.4497137739081136 0.06238575640127486
-0.18156877159892915 -0.7063305902569645 0.29816265764639205
-2.23708617070395 -0.5291347222904585 0.06340332689688033
0.011583083538248218 -0.7491307643515235 0.2658545559923393
-2.215198713049638 -0.6072852855189765 0.06340332689688033
0.22384750063232417 -0.7885467962111292 0.22995682421133345
-2.188859925393764 -0.684214372059941 0.06238575640127486
0.41222068860747996 -0.8351097146155517 0.198546130089019
-2.1013611192958557 -0.7446141121077545 0.04814310732290572
0.787255286862159 -0.838801648488773 0.13213511171743697
-1.9761794208265542 -0.7954450311450358 0.02576132479116744
1.114663082902407 -0.8561814118075404 0.07469864550039595
-1.803733257369938 -0.8346063981174652 -0.006794255347992717
1.408688809360381 -0.8834599132727758 0.023544032005522908
-1.6360299866015566 -0.8761297871540163 -0.038332264991547405
-1.2027531735206622 -0.8507811072449485 -0.12684182462289506
-1.144020008635291 -0.9229629007860138 -0.1349809580762642
0.9953933841294464 -0.47838504063787113 -0.5887210780103462
0.05405029876285994 -0.8948393947604067 -0.3781288081128853
0.5890546557126761 -0.858861077929193 -0.48800305661752397
1.0721646531268725 -0.8388035796449618 -0.5866864138562935
1.1931374413837297 -0.9054568218012822 -0.6080511027295845
1.7197971265816179 -0.8810102849110484 -0.7158906870801705
1.7308777504553703 -0.9750983675418459 -0.7138555460889595
-2.0826048709651204 0.5017906152058371 -0.8191440516431587
-2.066372299742138 0.4201178943228321 -0.816799443336274
-2.0689675417595126 0.3325296549806218 -0.8097651415784615
-2.0579827078856887 0.2494188664600916 -0.8062484675367134
-2.0473094662023392 0.16631638180526842 -0.8027313166578072
-2.0648184726968104 0.07468495075091308 -0.7921808176954048
-2.036172285019731 -0.00266296047268888 -0.7933528834302681
-2.049706842738363 -0.09265021243960536 -0.7839739733655708
-2.0262956174252267 -0.1714568185741676 -0.7839739733655708
-2.031162399324124 -0.25849954850933443 -0.7769406252820747
-2.016538551608413 -0.3439989162372763 -0.77459601697519
-2.012715500280592 -0.42822384914132616 -0.7699063235242622
