0.5554364856956227 -0.5998838064399976 0.40853789605491286
1.0909218252858253 -0.1488631674886669 0.4326253251015437
1.5868280495210918 0.22189461815095868 0.2771025017678035
1.4710522062611915 0.527646983527136 0.2704081849037898
2.0397885869768793 0.21917255862696194 0.13856652535789138
2.010268995428593 0.5897256345098398 -0.024927107912372293
-1.0148868822524122 -0.5773642533312415 0.6148701027809871
-0.7005921076590269 -0.5343349300652793 0.6541405037819636
0.10745103691147051 -0.5107329004697885 0.7579756096779597
0.13973993259946837 -0.3952812445693201 0.7579756096779597
0.17242789430718375 -0.27994500579311854 0.7579756096779597
0.1960002444124882 -0.16196969590377996 0.7566442803322566
0.22474580413107503 -0.04543816275353407 0.755978615659405
0.23490702682037323 0.07664549876368909 0.7526507691323054
0.28822623293533667 0.18594389262799105 0.7553134278237117
-0.48937352815145374 -0.6282030112614976 0.25060799874656325
0.29449639204269573 0.3094147293367211 0.7513194397866023
-0.17593258790432742 -0.5875628573703793 0.2934475258766902
0.18505252851989695 -0.5622016681060096 0.34354880608909255
0.6077297644438104 -0.5566250890953022 0.40308860101096755
0.8111533500329031 -0.49163622886855407 0.42922833718650466
-0.43915809700186514 0.11827299275180181 0.22809842385642654
-1.0356052127174493 0.42222188422779716 0.13152793206565505
-0.06287109619984932 -0.8663836509323488 -0.22669216833717698
0.3922846633548076 -0.864576353649916 -0.1552385970175969
0.11739112115419914 0.4591293206321314 0.2919955567299617
0.794674937697259 -0.8515303765340949 -0.0926160498679387
0.11054520476767493 0.5877619653129713 0.28546050347678786
0.019261457195533183 0.7433055140237457 0.2658562973915828
-0.07133715563095677 0.8996072660033594 0.2462511376320613
0.9263461548882077 0.7059076888492406 0.39437535561912185
1.9883961275760988 -0.7074497085049085 0.08802560128562575
0.8359001961620294 0.8599311023524763 0.37477114953391677
2.0341998067788047 -0.6027139825659038 0.09043410577170974
2.014094565448403 -0.47859409863192504 0.08160260476462966
2.046481691321315 -0.36979708689535506 0.08160260476462966
2.074526832400199 -0.25968513012446515 0.0807996109902156
2.0746547613428277 -0.14096078732906214 0.07517960824363357
1.3180318470901433 -0.741721386158618 -0.6693482085288274
2.094083271069188 -0.027982140386150434 0.07277110375754958
1.5150772235913337 -0.6776451645756065 -0.6379379912436711
2.090384890739557 0.09238734538417326 0.06634810723655349
1.891776231081117 -0.6666542752979936 -0.5724239035666692
2.0636375523549475 0.22038920055554279 0.05591157235496169
1.899898917493612 -0.5505313828409282 -0.5769114180625188
2.0655856423965773 0.3396124316170983 0.05029156960837966
1.9556199763633089 -0.44832224816742716 -0.5724239035666692
2.049222724485954 0.46506307113715195 0.04146006860129958
2.09647797223181 -0.3718241349622122 -0.5517825766623723
1.8740314063531756 0.6433707058806046 0.0053320244728816135
2.1574761542357557 -0.2718959637359504 -0.5463981314719426
2.0320265336101 0.711987424755872 0.02620557107322341
2.185883651719358 -0.16215482779782775 -0.5472955390036809
2.191196577740513 -0.04518905405969775 -0.5526799841941106
2.1922576149405764 0.07333210216325092 -0.5589623137534367
2.1843953567541554 0.1949583572479181 -0.5670394583762395
2.1582850173176418 0.3228033750606958 -0.5787062331259953
2.1654159578933942 0.440257463150429 -0.584090678316425
2.0328842245622845 0.6041043213557078 -0.6163987799704778
1.9011215205277239 0.7690006227124098 -0.6487068816245305
