1.8765617168391486 -0.8706568066032254 -0.4888079338887037
1.9107215103987585 -0.8017897805924896 -0.48403908546951424
1.9308089626914011 -0.7300492363595161 -0.4826176339009107
1.9416056899207064 -0.656323400175328 -0.48342921074417244
2.078937176072671 -0.000975712882990365 -0.48418070610550057
2.09232509643104 0.0723961918354874 -0.4850223236897291
2.105963886024469 0.14573089316427712 -0.4858668022969068
2.1104369804225342 0.22151222822559546 -0.48894192513015877
2.0916188768307507 0.30357887163468433 -0.49758936699417244
2.0731219400484093 0.3858413957628599 -0.5062387162068189
-1.6957777066632929 -0.3569067414769549 0.6352231330058276
-1.6400620875690066 -0.27931019688382364 0.6415517157694994
-1.5841119547267226 -0.2020410703523723 0.6478755301615893
-1.5327560895491814 -0.1241004844264566 0.6534497565409838
-1.4956657523222532 -0.04337339501124049 0.6567861861369311
-1.487311305361203 0.04340262180992127 0.6556517905375658
-1.3868722304618188 0.11006690312356682 0.6686570471903979
1.1018403110575576 -0.7587507008489105 0.06657670203658927
1.1173275565838878 -0.6831431952550027 0.06689952079269279
1.13307483331198 -0.6075971641126792 0.06721947852584709
1.1874821413512961 -0.5403545226683768 0.07521126929733146
1.194141745716479 -0.4629481516445111 0.07360528174850334
1.2154514842049338 -0.38873724267746823 0.07487414542648185
1.232231548515756 -0.31352726464901437 0.07518027488204826
1.2875464753891492 -0.2471690064705605 0.08315680686447013
1.3095977008162407 -0.17332931740892832 0.08441518012496818
1.3271270107554614 -0.0984507576633824 0.08471177283737052
1.3449175204900428 -0.023635179806920092 0.08500455085250724
1.3677418758622082 0.04995435371618484 0.08625386420699943
1.3765217397851188 0.12699165299363102 0.08462260428878654
1.3760577085445789 0.20642703069868062 0.08107159797164787
1.3949169017772647 0.28107194374318567 0.0813519782206713
1.3997760531952963 0.3593438819051862 0.07875369254562248
1.4191642361148382 0.43390414023152246 0.07902787391158927
1.4150938823006811 0.5147165169183161 0.07450698081466545
1.4397644908070077 0.5879417655878356 0.07573340598556388
1.445751545609042 0.6662530552985295 0.07312272254440177
0.2965303133765076 0.6537531208019729 0.25263903800460685
-0.9035059823449387 0.5490417602410744 0.18345425788375724
1.280713590345968 -0.03159350680380513 0.14832518760177482
1.2621038747572157 0.27016533785314323 0.15349982444259513
1.1693911432059991 0.5450311949824354 0.15380404654952873
0.7385579564337519 0.7012994747363521 0.1321937865397631
0.17112189247430365 0.8128226145329371 0.10175631705734123
1.7802582582243787 0.22729415307846068 0.0376651114604174
1.6685894862416575 0.4936382920061462 0.036725742258757244
1.5531280683670161 0.7587606086195997 0.035473091044157634
0.9251240013654751 0.8448091474257602 9.46349284349779e-05
1.9859602803295218 0.2722011471602137 -0.0935900383808912
1.874459326103846 0.5378307079873714 -0.09455515678909432
1.5945270487066807 0.7439479395022559 -0.10710503395584237
1.740090417273123 0.7049721604700707 -0.2436306649067701
1.6394840244413302 0.9748409136807297 -0.24396111305740487
0.7574753710517683 0.9733535298343092 -0.2991545372822584
-0.4476917428273879 0.19585214869635692 0.6469394988200365
-1.389425959698201 0.18135177487171816 0.598694545664519
-0.0530970984556518 -0.5721831712438323 0.5049745864054858
0.09554934889266065 -0.20492564049486361 0.5197212523600756
0.06233602786483061 0.09574724761626285 0.5236165351054369
-0.030961053538135275 0.3747913302637791 0.5238950080058276
-0.2506208435223698 0.6098899439891738 0.5166604346415697
-1.3005400070523052 0.5606584540233719 0.460457069315642
0.3546051526266325 -1.0498114410533361 0.36941550437423576
0.3322376759794423 -0.7441889874658187 0.37429402533981193
0.30636503228731726 -0.44047050461505677 0.3788850134989916
0.30981371848000094 -0.12680752556672203 0.3851978606364428
0.3144997392121951 0.18649214079310994 0.39151118461105217
-0.24001527869097572 0.30245465707966446 0.36367676917526115
-1.3180572834084927 0.24006403455966563 0.303991062082976
