-1.343246274232456 -0.8330326946298143 -0.6039647297144057
1.2916105620417255 -0.5327592761937439 -0.5465583042383315
0.25749077884890426 -0.2887475657484657 0.5046611591100572
1.8497986931604018 -0.37753052542306165 -0.5363449291467788
2.012229584645091 -0.14150915755720916 -0.5373799041986587
2.1587163886400518 0.36753203919494837 -0.5446054176569106
2.108920115771184 0.6494780730063567 -0.5517985061884048
-0.786378001806078 -1.0263339343250522 -0.7232834533929946
-1.5164379778794483 -0.698570689671385 0.35545905072687844
-0.6896059592325301 -0.7669011076373167 -0.7261823848962905
-0.8418335953431111 -0.45764145070989315 -0.7365955547571303
1.1663260624653446 -0.5897187422830186 -0.6819342808008315
1.641239907645378 -0.41614607407205995 -0.6733500198602798
1.940444288595863 -0.2083487183741326 -0.6700562671899917
-1.127343602270635 -0.8040725262721935 0.22478874166010598
-0.37292188608202537 -0.6747151430493545 0.2328632636785386
1.2200139516712412 -0.3815601714274237 0.11601336438654641
1.3139865261845287 -0.1286695016027224 0.11264331777094583
1.359936711237026 0.13428234914423598 0.10831411321161966
1.799044823267991 -0.1916388857510256 -0.01116458933354636
-1.4198159165873676 -0.9885721978909672 -0.18920294802190085
1.107036726423786 -0.6601557331104146 -0.14757911722661277
1.7580569410723896 -0.5224706032173003 -0.1379403309106948
1.8270835442549114 -0.26628051235947225 -0.14170662920476218
-1.4077746555963273 -0.6831814929100375 -0.3327974514246108
1.2084389595280527 -0.38220658036370025 -0.28464571993352195
1.8403639530090743 -0.2430158480821234 -0.27439538996220847
1.8615027208103356 0.023336412186424127 -0.2793587879419448
2.135421131046755 0.7763656030342645 -0.2891232208490493
-1.2758055327501339 -0.9904983113977437 -0.46154086153508445
-0.12419945816630928 -0.20012978615108779 0.634888724875438
1.3535608386654445 -0.6852633481597294 -0.408723278450978
-0.07852387968573282 0.06779998428649492 0.6305590434789536
1.8331264603196473 -0.513017589196707 -0.4015032486200454
-0.03190035467198982 0.3356004765816323 0.6262250705480454
2.092946186992002 -0.2974149569635145 -0.4001180366754653
1.9746578503229983 0.2688161103400617 -0.4144751266718032
2.100104719184195 0.5121496037402764 -0.4167474941492202
-0.0018095735935617085 0.2197792645817671 0.6977922483205674
-0.13293048554312037 0.36201425828328837 0.6979484124898789
-0.27076069715239726 0.4977595748634087 0.6977922483205674
-0.4117354135474187 0.6305566391301909 0.6974799199819444
-0.6538619890279023 0.6676300280894836 0.6927943988561509
-0.8889346578083916 0.7127790512846488 0.68842132527827
-0.7129265304113304 0.800002116264686 0.5973667665243028
-1.0499157286760052 0.7499866530402244 0.5881322189092515
-1.3291822770153487 0.7563003500159979 0.5815360112905381
0.732287903381831 -0.18974625702043824 0.42573960263727884
-1.0128392873906407 0.8394337861120036 0.49376781423090677
-1.328504870961929 0.8117292034758066 0.48508651692866067
-1.6668983954821286 0.7654491755332629 0.47536333043574075
-1.0381832173180712 0.7905657635792238 0.4043255611181138
-1.3026961738944962 0.8105072159493574 0.3977924152135728
-1.0544141418897794 0.9895967692086458 0.30193384129999856
-1.3589350509313505 0.972677801334143 0.2929538055181382
-1.6088346352651115 1.0080911982337994 0.28683956105707864
-0.6577889296664949 1.0171196115152696 0.2170851989507554
-1.0638005600317015 0.9026624642011214 0.2021010680913804
