-1.6022481649451485 -0.8768202292947507 -0.43984444678399637
0.32480129990815954 -0.7969988641936938 0.01032607018377707
0.5505750832981064 -0.7693886263143579 0.06190745293524191
0.8046611226820772 -0.7499711487120715 0.12052361428167746
0.91679588631456 -0.6983704893986236 0.14397017418768332
1.0762650941530794 -0.658956371921076 0.1791392987909548
1.1555194127181352 -0.6008246837767572 0.19437996804144309
1.173623817892242 -0.5278493921161136 0.19437996804144309
1.215536394643209 -0.4609171581540261 0.2002412503900759
1.2435413025178335 -0.3905762108690558 0.20258585869696066
1.2106487107378854 -0.3043954272310829 0.18969027459051535
1.2203875457820743 -0.22912469841098915 0.18734566628363059
1.2444824069636269 -0.1576399048298871 0.18851773201849387
1.3002714659216181 -0.7965939745909862 -0.7478078180608518
1.2547543364213638 -0.08242417723784268 0.1861736005487673
1.4671371528857442 -0.7603391692632906 -0.7035983377752073
1.2652951966518309 -0.007210400450090582 0.18382899224188254
1.6293352939290422 -0.7240439788458595 -0.6607702547368772
1.285470706712914 0.06537802859268993 0.18382899224188254
1.6330184745162413 -0.6492285913943832 -0.6649149233159788
1.3012234999231147 0.13922092439487166 0.18265644966986105
1.5438142208221102 -0.5507661822763765 -0.6966903978643186
1.3172386060137349 0.2130260355293654 0.18148438393499777
1.5900133080082774 -0.4863286488706571 -0.6884015375432737
1.277514565756782 0.30310523710798254 0.1662437146845095
1.322080539258721 0.3687691557060102 0.1721054738703005
1.2923433951382357 0.4564685161140778 0.1592103666010134
2.2078386179727865 -0.4228638468235477 -0.5212343508062132
1.3187858718183527 0.527551116636805 0.16038243233587668
2.235828788980747 -0.3560859873706814 -0.5184715563115843
1.3408287424384007 0.5999481801252093 0.16038243233587668
2.2455156823008586 -0.2843299521849225 -0.5212343508062132
1.3074159471787397 0.6895578493826369 0.14631478249456809
2.172160772116886 -0.18928154823858545 -0.5488651567754514
1.2732370579308316 0.7758488793721927 0.1322466558161013
2.0648906516895984 -0.0914632201735941 -0.5861671739873655
1.8963906972442395 0.0361679826926542 -0.6428101831731565
1.7967429279176308 0.14143509788672226 -0.6787308031377561
1.7160244512082699 0.242037766092718 -0.7091239267644651
1.6081296165894585 0.35151925718415544 -0.7478078180608518
-2.2215415953212876 -0.6265418510011633 0.22882906853582785
-1.9450294050615007 -0.5972057000628466 0.2837664312067263
-1.367285609474635 -0.6354497904929266 0.40279690682318137
-1.1007629896892794 -0.6087762807088204 0.45569960534002707
-0.9919365397098119 -0.548377474654969 0.47502915322210715
-0.6539263716313499 -0.5411462087659693 0.5431920713129275
-0.2263527204394471 -0.474994064834962 0.6266152089777224
-0.17923917317829918 -0.40405562772228976 0.6327192014398806
-0.12714887044358747 -0.33453946133162127 0.6398407643976443
-0.08909965684559751 -0.2617947140884933 0.6439100927057497
-0.07455637036453666 -0.18328364356036797 0.6428925222101443
-0.0597290287924821 -0.10481081978658757 0.641875428551697
-0.04462828987112388 -0.02636990895733593 0.6408578580560915
-0.0339821148538455 0.05327561383400248 0.6388231939020388
-0.018318159054274474 0.13165778776184478 0.6378061002435915
-0.011829986761782152 0.21255031079343745 0.6347538655939333
-0.047543610251249646 0.30509821854448127 0.6225454038324587
-0.059291026705427186 0.39142586094631415 0.6154243177118532
-0.05656733559319349 0.4739343347959908 0.6113549894037478
-0.06766222536169408 0.5605241088770745 0.6042329496088259
