0.8364719985386415 0.7635460126535545 -0.490076878173185
0.7065486064035014 0.686357358019583 -0.49073920498592916
0.5107576550238235 0.7213233298273813 -0.47994981060726705
0.33303602409347377 0.7270562972240739 -0.4722488905022866
0.16558967765790555 0.716328378911351 -0.4663156057427651
0.17613339674953465 0.6784139517729617 0.14279236544864116
-0.05865504342226302 0.8057204870674539 -0.45024380932552877
0.08308012713354174 0.5386010397920344 0.13654865969912944
0.2591180768176571 0.22670352849194408 0.7121275876929039
-0.2090294120238667 0.7829804591451897 -0.44604621182186666
-0.3903024796494492 0.8005538404771251 -0.4374769712517983
-0.3533929212154021 0.715055368729475 0.1626187776495689
0.29355693417483053 -0.4369440433215406 0.6748329614569419
1.054687634958725 0.7218099286397504 -0.5788668180535561
-0.5419919683908887 0.7667757450226187 -0.43420539150936666
-0.473766749237015 0.6245913461691384 0.16043486346499858
0.07167602418614649 -0.3554331503578574 0.6849812482764
0.8633242881676608 0.7465067487260288 -0.5687421346734292
-0.7025788015465082 0.7343561911832737 -0.430532314879728
-0.6107287705375768 0.5483398271138977 0.1596919511725181
-0.07858371931170893 -0.41624294823765595 0.6854266141821617
0.6848038967591208 0.7215346607942337 -0.5631807828973061
0.6925434120702363 0.704101026157101 0.0435868715216392
-0.9070639623518275 0.7978367454931075 -0.41756043682797017
-0.7414238389034296 0.476185456712404 0.15897717227237163
0.508260601682295 0.7388952764394929 -0.5543778921197182
0.5183814168067471 0.7172200396099999 0.050548217194246625
-1.0941443016276224 0.8316771167191792 -0.4076803709100014
0.3230632399392164 0.7575335205462164 -0.5451630140374428
0.3430829976623926 0.7186820325265799 0.056712767975496625
-1.2594046261171172 0.8269459398659755 -0.40177712689144673
-1.19579389618724 0.6885453843611469 0.18758644809024272
0.14824544934963058 0.7597586201645701 -0.537750103576017
0.1755428708170399 0.707951090399284 0.06173338641421733
-1.4173722089707752 0.8097439588132982 -0.39720187435848775
-1.3472165181508302 0.6579779837522874 0.19019903888003764
-0.7698525444345989 -0.4236104515068906 0.7021090005804771
-0.023817230072140205 0.7584300915406388 -0.530789711577726
-0.004210326065788195 0.719572119130321 0.06864990939395366
-1.568200124958338 0.7800013767848206 -0.3939560438225991
-1.4822111276962886 0.5972029467402518 0.1902085756232017
-0.19809206243479593 0.7621849858266803 -0.5233834768365151
-0.18855466354204964 0.740658210942966 0.07632317294375834
-1.7166641158547833 0.7464501775904449 -0.39115748654110494
-1.6243693685785559 0.5501352378095863 0.19132580508487163
-0.33780989115251714 0.7059720332681216 -0.5222786451409585
-0.3528797767727383 0.7278324823843398 0.08095183123843608
-1.8258506127912 0.6384486245052923 -0.39587579022152486
-1.7041969033439415 0.38430251043273245 0.1824089502264732
-0.5117200324507536 0.7111212520527026 -0.5148809934685952
-0.5194805171992556 0.7200471651940745 0.08595623721377788
-1.9837411568335312 0.623621678232734 -0.3913200880120522
-1.8216780150672491 0.2894051373004114 0.17942585696475444
0.8522615068650481 0.6896696818398524 -0.6491225744317299
0.8300518787045377 0.7226437852851451 -0.036060669524503375
-0.15582407706340007 -0.16862563607778114 0.6246370290686363
-0.6805058656912308 0.7083212317658028 -0.5083869482110268
-0.6423136847449911 0.6344981494877722 0.08410992373721538
-2.0571568772195548 0.4455355318554357 -0.40312562237484517
-1.9144968571424101 0.14608021597161702 0.17234768618838725
0.6663189399316138 0.7067511276634058 -0.6397102857659585
0.6492161770975713 0.7313111606928988 -0.028955795867276812
-0.48190062838756376 0.10725980302916582 0.6487752412726158
-0.9187255534055652 0.8327827239739527 -0.48884616146786275
-0.8640954639207621 0.728445087588014 0.09785523165957866
-2.2040341180769616 0.40951615345074366 -0.4007929349969155
-1.9537067186518016 -0.10368740740078053 0.15633930911319194
0.4958849742237703 0.6989002472474137 -0.6330503011773354
0.47879233355602935 0.7235698463995011 -0.023408272368741656
-1.0364616310572217 0.7398639277462156 -0.4918101812432534
-1.0228361932799004 0.7097058897773376 0.1017061685492271
-2.159799753891619 -0.003786275867556199 -0.4360550428460366
-1.9651792238081498 -0.41149552355221 0.13548340548770366
0.31063244533679324 0.7176084011533881 -0.623645165068937
0.301069550377818 0.7294973599445314 -0.016699173552823687
-1.2447370180022972 0.8137502523620164 -0.47767434368832173
-1.1814505162485318 0.6915988963094346 0.1055523370672935
0.14320221601774108 0.7069629323248439 -0.6174520040581948
0.1261488514232525 0.7318966560208242 -0.01038251171810689
-0.6973251379889689 -0.44766696357243063 0.6226235841681236
-1.416899432505204 0.8228201801674153 -0.47029290447933736
-1.3281537761729254 0.6521952817434666 0.1074906801153892
0.16719530089200418 0.4143936943875737 0.5731834386755699
-0.04383084374723012 0.7316082067359169 -0.6075957799981362
-0.05097729003566087 0.7393830051175918 -0.0036810422967201717
-0.8056713649660168 -0.5679650324180407 0.6184479211737388
-1.5395814073688285 0.7403108561977962 -0.4723733450005776
-1.4819236409964844 0.6265601573530066 0.11056580294864116
-0.21567811872705533 0.7311161628542209 -0.6004932905267006
-0.22286323096028582 0.7389784718032129 0.002238891022371625
-1.71145184604039 0.7507010753189718 -0.4650004888604409
-1.6286350796788014 0.5883101239117536 0.1124946092535728
-0.08071203459230958 0.23900401987509845 0.5698696588446373
-0.38726279782838446 0.7313733680396695 -0.5933946157525307
-0.3944920211721552 0.7393332532107966 0.008155486481356
-1.8575812841334596 0.7132993469860125 -0.46258769283993306
-1.7938840387497947 0.5859791742314435 0.11746468295352397
-0.22713479141512494 0.19111264558860874 0.5710765336920494
-0.546445836531376 0.7106296969429504 -0.5885919118951088
-0.5780173913349813 0.7621765187033294 0.016013286011385297
0.8858481325793548 0.716174771907859 -0.11468396435482564
-1.9142209459193538 0.5040575249185277 -0.47775540600521627
-1.8807783441161803 0.43386713929758614 0.10947527636783061
-0.4002640078394677 0.19178773205782562 0.575791737930941
-0.748976040122372 0.7689570880779559 -0.5755389715264565
-0.7490466252033627 0.7640526784771868 0.021922252075838422
0.7201526056652483 0.6988430953763682 -0.10978684674007955
-1.9857633262334389 0.3213378862834766 -0.4902304197381264
-1.9479653226389928 0.2420059695077157 0.0980445360113853
-0.5490688699895827 0.14948636212898592 0.5773071264197105
-0.9220586886153797 0.7758637554346581 -0.5679925466607338
-0.9078036977248729 0.7448145473550021 0.02588143100039897
0.5066051487984709 0.7638748697155311 -0.09734711895687642
-2.1013689360956818 0.22295752169207184 -0.4941509748528725
-1.9867866943151 -0.007581854204223859 0.08164658297793803
-0.6979149209609687 0.10777424151277515 0.5788175081183189
-1.0757692293953056 0.7485475689969299 -0.5641196752618081
-1.0831487709213974 0.7568815327497092 0.032560965912508344
0.36912601304779 0.7007495842149769 -0.09682784329159322
0.4978258265039841 0.4604685614174109 0.4981144880224937
-2.011357699422291 -0.2884989619543763 0.06256499041812358
-0.7897716937242478 -0.038708094414648286 0.5726493810583824
-1.2720528700208575 0.8006995012973039 -0.5519917989800698
-1.2510498427675998 0.7565508659395377 0.038069388764070844
0.1915291391545395 0.70716590890523 -0.08995661984188619
0.3293340829400506 0.4492358393635172 0.5023340200354331
-0.9107278843991509 -0.13223253865214524 0.5703090642859214
-1.4347842574279497 0.7923357149588401 -0.5462912107537514
-1.3951376530859108 0.7130019563000136 0.039679191010164594
-0.02546184530335438 0.783549997688187 -0.0767296339104897
0.14861221835499805 0.4603545383834913 0.5081838582922691
-1.0344294328280483 -0.2209706792567303 0.5682813142706626
-1.5692681583096544 0.7318673130942166 -0.5461038137505776
-1.5439838151268077 0.6788103059958406 0.04206337680118022
-0.16272666085086485 0.7223535594489743 -0.0762251401971108
-0.016967370092061174 0.4462560001680842 0.5120679353644126
-1.1585004316844447 -0.3093144969471062 0.5662461732794517
-1.7225160850691594 0.7071434182825289 -0.5422490621636635
-1.6904789231652018 0.6407857273211519 0.04405226458804545
-0.2829545601755399 0.6664310711914112 -0.678424217803312
-0.3369394949450566 0.7267795462358873 -0.06976256619198384
-0.1921815428829916 0.4502400511728393 0.5172561620642417
-1.857235054280551 0.6477188695507277 -0.5420735860894448
-1.827773847528647 0.5856579517581704 0.04447712649600444
-0.47651897126036147 0.7060842139400751 -0.6669758344720131
-0.5084198797226094 0.7276136229183461 -0.06370148907406392
-0.36711480354104253 0.45498759679453293 0.5224405740668052
-1.9669236137008852 0.5401483284000204 -0.546956875426603
-1.9147347601549285 0.43365300891679937 0.03632035006778178
-0.7010096643784891 0.8032107582124173 -0.6494554067681557
-0.6723732073697164 0.7161210002526541 -0.05883775006039205
-0.5393290357555571 0.45613597209075607 0.5272942995001548
0.7681763858678039 0.7052185845301313 -0.18719945202572408
-2.121021107983637 0.5123929474373856 0.04842819918887553
-0.8740730100711005 0.8098893272380554 -0.6417497182915932
-0.8409726243733928 0.7140507040191988 -0.05318198452694478
-0.7088882635659388 0.45365921650350316 0.5318161462713951
0.5874158773565483 0.7141478288324468 -0.17974839459164205
-2.0254951960665153 0.0012610674821473822 0.008668563263582563
-1.0109885658680469 0.7517833457711429 -0.6410606885979897
-1.0188901356344076 0.7301995102325165 -0.04593835125668111
-0.8662364394446627 0.4300047522767354 0.5346976732184165
0.3994418498284631 0.736796447628052 -0.17108235607845845
0.5563867936120914 0.4488247018950098 0.41196884860293803
-1.2098009175301314 0.8079843713841086 -0.6282199407647377
-1.1869516554942834 0.7296042256054474 -0.0402906919549233
-1.0021107943150867 0.3675047193063694 0.5346256708075279
0.23189836393230223 0.7257991253075211 -0.16566882382137837
0.4128157970005617 0.3941704843395968 0.4129685377051109
-1.3395521561875938 0.7379496435937725 -0.6289437795708901
-1.3642001412066378 0.7472903050882298 -0.03305373440487447
-1.1169170346959305 0.2659309704149724 0.5315994237829917
0.06205185930966195 0.7198447448969194 -0.15985284100277486
0.2691279817105112 0.3400689400995134 0.4139625047613853
-1.5047114247161204 0.734266330233968 -0.6226571584771401
-1.505913633207868 0.6997692537756119 -0.031792976958585406
-1.2321915669972157 0.16469373756191885 0.5285653089453453
-0.1298044047265563 0.7535823294227502 -0.15038571606381002
0.009137320120331083 0.4901996164219682 0.43077053775088725
-1.6523733213293639 0.6615990262540379 -0.02974114666683736
-1.3572434178650639 0.08146621682666044 0.5268343900610679
-0.2966094408827189 0.7448277497319893 -0.1449836278985268
-1.0432909338330631 -0.7790482132834669 -0.7701252485345131
-1.8011697460619303 0.6284057923573432 -0.027296402556729937
-1.413174508922765 -0.13397601028294126 0.5152598833014244
-0.47053658048564273 0.7498159745509572 -0.13836655865414205
-0.30178871173784216 0.4290261550454204 0.436103484528231
-1.2038550648586295 -0.8010551216551551 -0.7657531286309487
-1.910888340577415 0.5206021483038974 -0.031630852324796344
-1.44277201884303 -0.4026189279108845 0.49973692645327983
-0.6368982153941118 0.7425026359030849 -0.1329725767205483
-0.5178512001084385 0.5083760000750441 0.447183749573397
0.8723937853799413 0.8092092150953434 -0.25970206509335103
-1.945772977120555 0.2668638400821486 -0.0491255308221108
-0.8127005474729572 0.7533464129311405 -0.12595687161190572
-0.6896943172118739 0.5101371600581839 0.4521986459662193
0.7451695537732945 0.72760827889865 -0.26077637921078267
-1.9957944819846603 0.03955140817403091 -0.06424269924862447
-0.9394215805061634 0.6965830206137493 -0.7234557653496987
-0.980987428239203 0.7518528751717657 -0.12016425381405416
-0.849288484604088 0.49076279826671154 0.4555241083075279
0.513908105855478 0.8224989883166849 -0.24485860119564595
-2.0201409623598323 -0.2412355653823539 -0.08415732632381978
-1.093343112122085 0.6693522021169329 -0.7194121862481362
-1.1561713379357315 0.7642152251322898 -0.11315522442562642
-1.0135341865186405 0.48082082856229214 0.45951952685611186
0.38418587644501656 0.7464296998173054 -0.24552855740292134
-1.285005403692125 0.712849102246917 -0.7077530408929116
-1.331016472112026 0.7773463491736639 -0.10614953289730611
-1.1775972680087534 0.47156749561534284 0.4635108922888511
0.2166882640357386 0.7354918902375154 -0.2399843717644936
0.35206796650604133 0.4974062212942201 0.3451336835791343
-1.3845739381718118 0.5860099869839175 -0.7146757627557045
-1.4773500478979713 0.7384940257967649 -0.10402999172909322
-1.3344171114604109 0.4497905561647304 0.4664861177374595
-0.017698240629542283 0.8419158698402018 -0.2232440496514565
0.1117456430527568 0.6121731642517609 0.35963668574588237
-1.628368876090832 0.7090081462218709 -0.10110125790340962
-1.4607950742506262 0.37132341202056374 0.46507086505191264
-0.14735922460660333 0.7677056318258391 -0.2239297414849526
-1.7747155260159815 0.6713024186409093 -0.098991730315519
-1.5318116986697419 0.18727912497527477 0.45555081118838725
-0.314101336292282 0.7590111146602805 -0.21839747677547994
-1.8865410079327773 0.5678584645616684 -0.10299477825863423
-1.5577760321109793 -0.08525779308966541 0.43926825274722514
-0.4903909623486129 0.7683985804189515 -0.21120915661556783
-0.33909184130202163 0.4939100029551504 0.3658374761511558
-2.037737417485488 0.5400156965755709 -0.10008225689632955
-1.6220256574124647 -0.28711868759797454 0.42837371577517924
0.721810721499125 0.7210005391748062 -0.3364375616143471
-0.6445469981562724 0.7393884685104251 -0.20776019345028462
-0.5233645401188909 0.5166916207456271 0.3727311109472984
-2.0457519693713238 0.2332715112109689 -0.12283644924862447
0.5715093869856531 0.6785792290601282 -0.3337186361382729
-0.78901661853169 0.6935468682171209 -0.20597729931576314
-2.1369070762517453 0.08614953352027399 -0.13093981991512837
0.3784695852596087 0.7099026875971504 -0.32380757580502095
-0.9981953388549414 0.7662809449880914 -0.1929868246148354
-0.9002548903578287 0.5822668272623712 0.38789286364810405
-2.0742284386099357 -0.36801467102190344 -0.1671699071954018
0.1984128670715961 0.7205614956679369 -0.3160170103142983
-1.175677710965445 0.7830684964463366 -0.18539653073055806
-1.028459740264978 0.5067278021240842 0.38682498683230815
0.03358093101719817 0.7060910703436605 -0.3107708478997475
0.14857848821893072 0.5012091165119248 0.2758571123053306
-1.3835267026325937 0.8577059378634573 -0.17240844021542134
-1.244466833492396 0.5941529334074804 0.398548028366732
-0.1656346742496595 0.7529356814374051 -0.2995980764458901
-0.006981648496378057 0.4697436294493116 0.27870430697696147
-1.4966884943122238 0.757485847605988 -0.17604480038387837
-1.332705703053719 0.44499139677338206 0.39158835162417827
-0.3372809598717623 0.7529860756818252 -0.29308877239925923
-0.19931698176161206 0.5040461032367869 0.2868582223822349
-1.6453062227858055 0.7236736607052165 -0.1734536672662026
-1.428746245208103 0.3092093787061323 0.3856569742132896
-0.4964835274209918 0.7320540190888423 -0.2887028242181069
-0.3911621140902639 0.5392383008322241 0.2950092767645591
-1.7869527607932554 0.6771993733170643 -0.17211470852596822
-1.502296747104765 0.1294802902744312 0.3762546991278404
-0.655580919458302 0.7117773784743058 -0.28432069073422017
-0.5582557890455178 0.531706775303892 0.2996150468756431
0.9223964765238009 0.766756896727351 -0.41717658291561666
-1.898764106350626 0.5737934262077573 -0.1761873746941811
-1.5445971726234404 -0.11215303789738407 0.3619946454931968
-0.7471894501065321 0.5699832872055737 -0.2918137098382241
0.7670127986041422 0.7320950092152572 -0.4135178114007241
-1.9173095704903034 0.28916186863993687 -0.1973207975457436
-1.5997944172208918 -0.3317739197336014 0.3494528745581382
-1.02366010933315 0.7650092560906607 -0.26666579495174947
-0.8678924822432492 0.4750127515577258 0.30527009715335307
0.5635664709555073 0.7796088498849567 -0.40165505657894673
-1.976214761277717 0.0796182771226821 -0.21139750729305806
-1.1892172897050983 0.7600090631448158 -0.2610233808587319
0.4135551765301102 0.737773814114707 -0.3988688970635659
-2.0160535811019997 -0.16996480157963845 -0.22923121700985494
-1.3663708954387346 0.7776640644749797 -0.25326333294613423
-1.255293898839554 0.5657906623934874 0.3226076578070396
0.23851384775448992 0.7396264356584403 -0.39176736126644673
0.31595622784615784 0.5866411552801143 0.20024480571048198
-1.5196947384453665 0.7521184237438501 -0.2497495199273354
-1.3906239775333376 0.5046736756749812 0.32258286227481303
0.02396779540163152 0.8113306012472066 -0.3777535940240151
0.13562873502171158 0.5977042954084641 0.20681276072757182
-1.6682981648576884 0.7183920415455276 -0.24708972225887837
-1.5144719113372958 0.4220106898024021 0.3207789873053306
-0.1255631261985144 0.7715900233604263 -0.3749812627862221
-1.809955977279273 0.6720027341831241 -0.24570832501156392
-1.645611524556898 0.35300311089516434 0.3200322603155845
-0.2849337410512476 0.749782044082643 -0.37048373471005025
-1.9286941158024007 0.5819464812612019 -0.24857793102963033
-1.7079497826770904 0.1516817695724324 0.3086298917700523
-0.45396957780639013 0.7460010462870201 -0.3642624403069741
-0.4277336591605092 0.6792070993968977 0.2301236604620689
-2.047833441880485 0.4922630454826855 -0.2514546896050698
-1.771451687576814 -0.04965319567397586 0.2972165559698814
-0.620345514776119 0.7386019029367024 -0.35847649822933736
-0.5458426823086882 0.5846206131486085 0.22760452975528178
-2.083426515087041 0.23879206281889154 -0.2700541997979409
-1.8406586655364237 -0.2421256961828515 0.28650107135074077
-0.829905035615198 0.8103883360009085 -0.34490809689266744
-0.6884721307122845 0.5340625213289005 0.22870864619510112
-2.181383831263034 0.10512620860066946 -0.2771976972649819
-0.9764389609467514 0.769597374600087 -0.34259066830380025
-0.8144216504350652 0.45342439675821566 0.22726478328006205
-2.237531562349787 -0.11291403402551126 -0.29242263088924947
-1.1563207834231122 0.7906600804334172 -0.3342202688287026
-1.0240567254572 0.5266012004718554 0.23852600802676616
-1.3027054671460263 0.7511165332460106 -0.33191285382015767
-1.251855351476749 0.635903729353064 0.2526933168341392
-1.4796600642790168 0.7692695301880459 -0.3239820982049233
-1.4034013971975554 0.6055644835867344 0.25523223628299174
-1.6375787910125155 0.7529874210614125 -0.31951890240414205
-1.5292280046221407 0.5273609065369076 0.25376882304446635
-1.7814472277096058 0.7108930114685652 -0.31765828381283345
-1.6530329192193989 0.4451635766853421 0.25193443049685893
-1.8839056538910626 0.5898289385062991 -0.323601105315519
-1.7011062740217682 0.21740872624298646 0.23809351672427592
-1.9663772797337913 0.4291886015311661 -0.33345303784115377
-1.7367904467248536 -0.03704835152413111 0.22205724467532573
-2.1065552800045992 0.3795186100171257 -0.332479336364103
-1.801300890198334 -0.2384431455847995 0.21037282695071635
-2.1588046708434945 0.15714230281868602 -0.34841809521420064
-0.002441040512536574 0.5904292691345585 0.40609564532535014
-1.281860919612626 0.5084468560971498 0.4625815366675132
-1.5565174097841066 0.26304593311390256 0.47297467936770854
-1.5366993236748385 -0.032276261867158595 0.4698115800787681
-1.4441965888552915 -0.34107412577093577 0.46325936068789897
1.7119751451740228 0.8175047281011665 -0.4164064909051186
1.6566779781574894 0.492832951852197 -0.5658253217767006
0.030414010348494003 0.16282162112597476 0.6948794340063804
1.6115051130307876 0.80104720677177 -0.710082867247892
0.12731355080447315 0.7248370402087154 0.548013827698397
-0.5607642241124324 0.541955878078344 0.5762533163000816
-0.7418395670287765 0.2777551188375966 0.58211841334598
-0.7719915697353485 -0.3064515168576065 0.5790773843695396
