-1.8190128065523368 0.7156819667167067 -0.3280008977659392
-0.25713634931450713 -0.3622007379709107 0.26865590155046704
-0.2650691669105498 -0.02115171825074391 0.28873837530534985
-0.29134837556389925 0.3044829340127233 0.3065043741456819
-0.4721793918622552 0.5141778858285146 0.3061839395753694
-0.9050234657222802 0.538798066815497 0.27665436804216625
-1.3384595161466422 0.5658917435280877 0.2471514993898225
-1.7362195196149202 0.621698290013887 0.22184670507829907
0.1103708225731026 0.26321193339283333 0.19410145819109204
-1.6386073197079014 0.3491987281038327 0.07174504339617016
0.05394597554096947 0.617979374919809 0.07345688879411938
-1.79392404635594 0.6363463926327046 -0.0632122701414275
-2.1637451385538498 0.7150797599981704 -0.0861319249876189
0.40458481289113024 0.4545715624763016 -0.04878889978009937
-0.9278188405721153 0.4945124020730294 -0.14710318505841968
-1.3813316630600383 0.5070259610829524 -0.18080317437726734
-1.8677717564427496 0.4987703041787359 -0.2183932012327361
1.316230995549418 -0.22269670889857807 0.14345562994402172
1.257930216769978 0.11916881519122313 0.13564217626970532
1.1066688823694193 0.4707908806661383 0.11958325445574047
1.8947863681832473 -0.3077754560754933 0.009943132995779536
1.8659439883955145 0.029238580463852415 0.004619722961599848
1.6350841722139506 0.38643586175817113 -0.018891209960763433
2.119064403480465 -0.26037745250889976 -0.137843007446115
2.0309201163738066 0.08153890505921702 -0.14869868218976734
1.9043570820652036 0.4280864982785495 -0.1631716436155486
2.174851148191948 -0.3643697036089417 -0.29918085992414234
2.1160927894983956 -0.025568014509200765 -0.3074787801511931
2.1421952802206903 -0.12698009182182268 -0.47159087121564625
2.1784437231716964 0.20307823771244848 -0.47112070977765796
2.0897456515096025 -0.43787410959003026 -0.6413458532102752
0.04607524409045993 -0.2548543267902481 0.528750067352469
2.05057034008631 -0.10070235180115183 -0.6480425542600798
0.0074651141477630745 0.08946014673170843 0.5230265909425569
1.591510670523789 0.27752510426914156 -0.6954001134641814
