-1.4261748474101523 1.4424157496909205 0.3795510605257917
-0.31690643177458355 0.48344959991676895 0.319903977243321
-0.625600035463421 0.3764093890438174 0.3314615562838483
-1.825500106723311 0.6753225719055811 -0.48582827297030207
-0.7608986397155064 0.19406129354212087 0.33464158329190496
-2.041585666494754 0.5341290019953489 -0.4767688438016009
-0.8557609088265963 -0.006072204007751658 0.33582938465298895
-2.171590306040258 0.3549922034431807 -0.4732259437161517
-0.8876046358202672 -0.2347270887922912 0.3339282349032331
-0.8841577900373352 -0.5044394073461955 0.3299142197054792
-1.433445639168923 1.526597143579103 0.2720118835848737
-1.4732144234920952 1.307002436941004 0.27072251590909246
-0.45435135331933907 -1.418018681755731 0.29856694492520575
-0.5457671782827873 -1.623403458388267 0.2992588356417585
-0.8784500785213538 0.5704665769153765 0.23425639423550848
-0.9719866575637326 0.3707250971871181 0.2354651764315534
-2.062509589148874 0.6249307026269442 -0.582559458883388
-1.025194527415124 0.1529654251365713 0.23460400852383856
-2.1194218983944637 0.41295378509546676 -0.5837062522488665
-1.0928752776411272 -0.058571955036827994 0.23441851886929754
-1.0886098722331212 -0.30310516202171023 0.2305661514681745
-1.0808070947445856 -0.550066690059233 0.2264772728365827
-1.5059372105304618 1.4967850737717496 0.16591800007046942
-1.4908140793815932 1.2536352486225386 0.1616870239657331
-0.33109304377005344 -1.3906050742600828 0.1810680702608991
-1.3484999023283422 0.9541752323163326 0.15079606327237371
-0.3998221992666373 -1.6070899369885132 0.18061507496060614
-1.1572986362634197 0.6312968518542048 0.1372896507662702
-1.3738563467928344 0.4872940465195752 0.14490950855435614
-1.5166106375792054 1.5232573296523668 0.05793059620084051
-1.3408937343105123 1.2109296742408082 0.04488576206387762
-1.2811329194557999 0.9469452202474136 0.037995465127842465
-1.2590735447185324 0.6983360453726704 0.033068306772129574
-1.5392942962500626 0.583019825483599 0.04437697681607489
-1.6327749387638733 0.38561701959168637 0.04558003696622137
-1.7178473299429555 0.18443334451333016 0.046279557077305356
-0.9525089606663215 0.7043223741169928 -0.20195662227450129
-1.4201195130893893 0.6702229094411347 -0.17909514156161066
-1.8370865669627392 0.6167277528883393 -0.1591571494656634
-2.0078519096850442 0.45518801283187127 -0.1534670516568255
-2.0881117966863343 0.2532570034305719 -0.15305887904940363
-0.3457514352004125 -1.5606055844585458 0.6305257156771589
-1.379922865703648 0.6029160917271099 -0.29205309596834894
-1.8653610469619935 0.5800380179612015 -0.267406813772304
-2.0180116722587087 0.4104592320861995 -0.26265179363070246
-2.116609491237085 0.2168348708139325 -0.2611745521145892
-1.3454364541826465 1.5304939541489588 0.48635733875455145
-1.4075801596218582 0.8403577180866542 -0.39596640315829035
-1.8653583892995727 0.8041178917475289 -0.372232310445888
-1.9580528387951546 0.6078563660655689 -0.3709968253689837
-2.0605231376438553 0.4160463729493742 -0.369211070211513
-0.409769423981885 -1.3225880043819487 0.41074717792691473
-0.46922935560509416 -1.543049629762426 0.4099780395907331
-1.5442598794126496 1.6191214363905777 0.23355496677579168
-1.3586287367978969 1.224236485209862 0.2284010723513532
-1.0894929271216967 0.8320958578942088 0.22059214863003973
-0.976459040794424 0.43146148688057107 0.21762455257596258
-0.964670202232341 0.026160823595461125 0.2177807167452741
-0.9443333499874598 -0.3788047253589548 0.21762455257596258
-0.7355958167020873 -0.7776682939726558 0.21153343471707586
-0.7030587302252371 -1.1830210925573543 0.21090853962125067
-0.6669457555881309 -1.588438481412485 0.21012771877469305
-1.6942383918016617 -0.28602433134698213 0.03937114032925848
-1.325363730695372 -0.6766783535453484 0.02766288074673895
-0.5516499558871288 -1.4645013434339473 0.0029271915835309414
-2.022573112103416 -0.37968911822280216 -0.15069948879061457
-0.5662854253316141 -1.5473124569068615 -0.20000921932039972
-2.040380268196941 -0.3412184661987352 -0.3310369178372454
-0.4589034287574094 -1.5048816709957302 -0.3871129676419329
-0.5556256660438379 -1.3061503658437053 -0.8113311454373431
-0.45668849459143246 -1.3665951722419885 0.4070230797213483
