1.6952542210641752 -0.011073918194014709 0.18342232094031807
1.3352809896712188 0.45513680943139434 0.16832565651160714
2.0099323915376885 0.09253473035117032 -0.05509162559288505
1.7593764612733906 0.517934675218525 -0.06664682044762138
1.9514113261487722 0.12652682959349804 -0.45131564750450615
1.6805102418192064 0.4734917815297983 -0.47542691840904716
1.6593597321308238 0.07660339553882345 -0.6188066066719866
1.5108436517401884 0.4016028249339545 -0.6341412128426409
1.4731589935195188 0.20077427300031836 0.3972327648184919
1.3494741086518616 0.5221209337582842 0.38596176491004464
1.7594551537659129 -0.1768555908349967 0.27247118339759346
1.7767314857760965 0.11698687973513167 0.2702186046622419
1.6527647936719347 0.43720778060217214 0.2586343227408552
2.073322745530831 0.2716062253767735 0.14097904548865792
1.8323036711868923 0.6132865107567991 0.12114881859046456
2.100677589189047 0.4751021141884184 -0.006012207410512005
2.097796937383279 -0.35193242208667996 -0.1422703327156878
2.1537434649900007 -0.06638229627382586 -0.1419222415901995
2.0193397051042865 0.2540675366625802 -0.15514302863853935
2.101894908685253 0.5352635893744147 -0.15305543555992607
1.86204370325963 0.8777512965168324 -0.17393041267174247
2.1122288431195386 -0.6485840436583601 -0.28374648704308036
2.09540443598803 -0.054798918745071035 -0.29230571403282646
1.9757866715235366 0.26314692934738027 -0.30478692664879325
