-2.0541379183477595 0.5655978655985052 0.13704485070432781
-2.072820791889079 0.2806932561933664 0.13536638390745281
-2.086757411195876 0.009854352370894048 0.1334428228112614
-2.102403411429421 -0.2751862973474246 0.13143057000364422
-2.0100330013193357 0.663614752444623 -0.008472498538836248
-2.0981038030123784 0.3818882151157652 -0.00500589239869953
-2.0875622553679563 0.0955909912202273 -0.008871134403094061
-2.1028973369734736 -0.189440423180109 -0.010887201907976873
-2.0097315779012526 -0.48085793208678496 -0.02097898352418781
-1.937503083981337 -0.771731719479007 -0.029592093112810858
1.5377662200568984 1.0273653463744878 -0.41418653357301594
-2.003917319994045 0.5918052033090859 -0.153118189456805
-2.101854036570362 0.02482489001332766 -0.15191942084108234
-2.0427719026032065 -0.2643466868216535 -0.15957599509034992
1.1440433578309168 1.0721900144823024 -0.5331688486364925
-2.2250755578943 0.9154697740285513 -0.2762070261267269
-2.0781883188329644 0.6237071463010864 -0.29056125510011555
-2.0070505308972564 0.33450547867668234 -0.29913907873903156
-1.055712527206257 -0.023853486534491708 0.7845119870873845
-2.136629510075249 -0.23057957841118082 -0.2954855524328792
-2.0386620669896374 -0.5222327697294276 -0.3063431345251644
-2.0163786734782967 -0.8099484550712006 -0.3114157282141292
1.5126960693777143 0.8494677872832526 -0.7134323679236019
-1.881911057125464 0.6864075230622575 -0.4486842714575374
-0.4350439115953115 0.5994822747125212 0.6059607900353825
-2.0140137872678174 0.4205945245597391 -0.4411893450049007
-1.7194864882120946 0.3696779777002064 0.6864284909936345
-2.0879685762220177 0.1383258531769016 -0.4384995065954769
-1.7189051435436475 0.0826107885424463 0.6834191716882145
-2.138014386538952 -0.14484126005136488 -0.43776327002321125
-1.6595510494888366 -0.20780674895174656 0.6765336431237614
-2.0646468007176857 -0.4349209451781135 -0.4468536936071956
-1.601230695169047 -0.49867799719945083 0.6696576513024723
-1.9823577027674375 -0.7261863365628685 -0.4567251764563167
-1.9757136839310796 -1.0132253197590515 -0.4606781564978206
-1.5353742417255383 0.7717134375079411 -0.6193490587500179
-1.2944897918610536 0.4729091613368368 -0.6419106088903987
-1.8958896206389433 0.21441747517044263 -0.5965138040808284
-1.7803075774824393 0.4442336171374066 0.5474352277490055
-1.8760064290529037 -0.07318458562178165 -0.601355608585223
-1.754560445578612 0.15612746624612583 0.5427359975549138
-1.9616189141981089 -0.35502110238071793 -0.5977368913916195
-1.6999326052722452 -0.133823796615836 0.5360507405969059
-1.6054414759081794 -0.6630904823649004 -0.629924830081805
-1.6284340926647403 -0.9495224206841826 -0.6315193735388362
-1.4052735606342353 0.7084818717274644 -0.7751169763830745
-1.9059751827060758 0.4214821097474726 0.41202921044553875
-1.9102075627332304 0.1353096523976447 0.40931171548093914
-1.8805831481971964 -0.15277390657060153 0.40421671044553875
-1.4400381291363544 -1.0193586867734368 -0.7922278009680355
-1.7759268546529583 0.9886814381418318 0.2652663625451481
-2.1313506742217427 0.7318929000892567 0.2874354757043278
-2.0654261105292946 0.4289963767324707 0.2796935476037419
-2.0895652908853286 0.14438855317453658 0.27836269509519695
-2.0748444825902617 -0.14226126782382664 0.27424377572263836
1.5331658561650165 0.4685668328961228 0.37229723107542156
1.3118038125122489 0.5031446306608771 0.3962587751122868
0.743928912749233 0.9895993906006666 0.5037211812707341
0.7145775238929808 0.7800198388289203 0.4819383062096989
2.24257240127163 1.0563169711092328 -0.3248730264929378
2.0270382923339945 1.078312180390732 -0.2999849878576839
1.8367331522381427 1.0706273550160432 -0.2815189920691097
1.6343969524787774 1.0792817288618792 -0.2598424516943538
-0.02774279843658789 0.7657858151305987 0.5458349622460759
1.4784374333186854 1.030911687436486 -0.2502079569128597
-0.21552027959355868 0.768393824206278 0.5625347532006657
1.0540852346962843 1.0800966089212167 -0.20123391974244953
0.8955966251925709 1.0380325810429838 -0.19079690802369953
0.6949782784486374 1.0514137116282853 -0.16911941397462726
0.5277540555617932 1.022640254745582 -0.15627437460695148
-1.1149897404467097 0.7463569634096316 0.6373233236047184
0.3039630195140042 1.069308455152246 -0.12817436087404133
0.11645006023995919 1.069829662528896 -0.10970884192262531
-0.07074143125213794 1.0712404855283708 -0.0912433229712093
-1.601068543422656 0.6708207189372999 0.6692714132043278
-0.2428978029906581 1.0537301671444794 -0.07679181921754719
-1.7946857843466226 0.6932152312498658 0.6881503499719059
-0.39436717140820576 1.0091993850953003 -0.06796079504762531
-1.8900369775083163 0.5736639170012836 0.6816157735558903
-0.6099567547388389 1.052927608192661 -0.041466292026385076
-1.9553531941888025 0.40935529320574204 0.6670932210656559
-0.711812917308098 0.9420269343029375 -0.046283300998553045
-1.9772717644553168 0.17946035757192647 0.640953961727277
-0.7997037558151341 0.8114038761149303 -0.05511480200563312
-2.039031627713115 0.006848764533373242 0.6249794400903141
-1.0174691547351955 0.8615565813784869 -0.027818258884295233
-2.025062949022633 -0.2811344756533529 0.5886744893762028
-1.1402510803002954 0.7800567632350806 -0.027014788272722967
-1.9910378119707488 -0.6026794964750195 0.5465611852380192
-1.4738005457600352 0.9974337027343196 0.03319877755369305
-1.6385324563461445 0.9781859170663054 0.046044770595685236
-1.8087388812588046 0.9677787506569615 0.06049579751218914
-1.9282864220344074 0.8850171411993486 0.06049579751218914
-1.9979403946097136 0.729375290883354 0.046044770595685236
-2.018466066213783 0.500327436254004 0.01714223992551922
-2.123084721587407 0.3937475802635717 0.012324754116193049
-2.066201956491753 0.04551339940591248 -0.039860781314715155
-2.0333089212076914 -0.2706588664147347 -0.08562332022462726
-1.9941913987629647 -0.5998435746164432 -0.13379436362062336
