1.6108136475362471 0.4633802963426845 0.21168794620040998
0.513804292553246 0.6416261991673871 -0.008473014950713065
1.6121268332802856 0.792542323178278 -0.03383502972122088
1.1124771021311517 0.7764316245175387 -0.07728633892532244
1.729663862255407 0.7796815951829146 -0.150400734066924
1.2935940629414802 0.8021773305590258 -0.18678817760940447
1.706812712589155 0.9728996108150092 -0.26655540478225603
1.7375792100230285 -0.1324593983936495 0.4281977652311717
1.6023858188939357 0.0789266856478612 0.42934694278244123
1.467926132810149 0.29078138345278504 0.43050661075119123
1.3890185762859346 0.5374603830118971 0.43789615619186506
2.090470274751482 0.3177065483282995 0.35546674716476545
1.7592556234238401 0.40280565367401167 0.3337186812162791
1.331012634622624 0.4289050892212387 0.3007859228849803
-2.5065891722790354 -0.9368434517409696 -0.2733093262910451
-2.226114334553486 -0.6465207352395268 -0.25421199810500994
2.4746900538907965 -0.9227475684833877 0.15205039966110334
1.4181759434779622 -0.03833886666276598 0.04614486682418928
-2.4186132482761025 -0.987448559477631 -0.4528003693818654
-2.231151765560341 -0.6789489277540888 -0.4417100907563771
-2.0368178394969902 -0.6474645167008077 -0.5955739976167287
2.403657335491687 -0.872997833963499 -0.19619808208938494
1.8910719453764955 0.018080707678077346 0.23270978915695295
