1.340459024582536 0.17486724251146413 0.06062835416205559
1.239684737750217 0.3088081724697389 0.07106488904364738
1.147440976571687 0.46123146529608405 0.08409255704291496
1.0305346667887463 0.5546352108174268 0.08873981198676262
0.9160611642567318 0.6529418296889773 0.09404128751166496
1.9475672817947967 0.11187630721843433 -0.061237872034233476
0.7881075776997122 0.7198124283346061 0.09483140668280754
1.8958278177793844 0.36808909682197566 -0.03265577593437996
0.6584056538796403 0.7825828549748373 0.09498399457343254
1.7911131238791143 0.4912398847301169 -0.023267329126518632
0.500564144571797 0.7824538772499814 0.08610576352484856
1.7098412028574117 0.6695847945595794 -0.00592237749687996
0.4017626375458505 0.9139779551680789 0.0959548350275341
-0.239972632481809 -0.48172271511365494 0.5459975596369091
1.6066589873751411 0.7931856034067266 0.0034841891229930866
0.2851402418527371 1.005133847753644 0.10000127515204582
-0.39648969490063735 -0.46508430043559557 0.539795338720161
1.467476668798227 0.8303082421874137 0.00031179150946769596
0.0838972146091379 0.9120191033063989 0.07758182248480949
-0.5052813456535219 -0.34406915338673727 0.5467380877435986
1.3283573175128893 0.8679459574280344 -0.002854407221001054
-0.15165529083758855 0.7479181614948125 0.04483264645941887
-0.640678676127699 -0.28132493109826484 0.5462622042597118
1.1716529638177633 0.8651413909836201 -0.011976778894585038
-0.2811612025216732 0.8139226410192251 0.045021473974067305
-0.7758590495754163 -0.2181080194817433 0.54579299649604
1.0127501523174232 0.8584274579455489 -0.02175813952080574
-0.4146580033959779 0.871415454323067 0.043925702184516524
-0.8980537535333966 -0.1274814040458203 0.5487598772943798
0.8595836202835301 0.8659749028220354 -0.02954584398857918
-0.5885857404133645 0.8443771815557035 0.030563771337348555
-1.0391255517548288 -0.07680958332308307 0.5465907450617138
0.7102929760355323 0.8831995657051586 -0.03600174227349129
0.07824087604396368 -0.5171408617060038 0.48298877438910637
-0.7521492617990972 0.8404241213713064 0.020436703771430587
0.5588932323125775 0.8964790198571926 -0.04311615267388191
0.03158420514259319 -0.25701516688669557 0.5079931612909618
-0.887773710140003 0.8951248084044536 0.018713414281684493
-1.3578155072698124 -0.04986047839000918 0.5325569506586376
0.4012582560578224 0.8968109533731763 -0.05221325197808113
0.013141481209139272 0.061781695267622894 0.5405468340814892
-1.0603594172858308 0.8746466650863809 0.006013333410102462
1.6066589930320205 0.8676261615126073 -0.20447307863823738
0.23725058920365427 0.8842676006159635 -0.06329351702324715
-0.05072374778515609 0.2763245837484263 0.5597776766718212
-1.2091180648540458 0.9037926347149785 0.00042623242743644596
-1.6616013422377023 0.010838653407095222 0.522548138707954
1.4426044756323861 0.8455021404403382 -0.2166963223516163
0.08538150022238966 0.8994178677625122 -0.07039171496025887
-0.12161397965584086 0.47279350498197914 0.5766996737421337
-1.393346353654259 0.8625442886842372 -0.015494406610649492
1.2178235246913545 0.6829023556011933 -0.25025850573174324
-0.07076264730651616 0.9061807101307053 -0.07880979815117684
-0.25207187171660195 0.5386953534894481 0.5768136378229443
-1.5624682220390866 0.853126097760164 -0.02688652315728035
1.044729852563826 0.6441768419034162 -0.26522928515068855
-0.2249710371128515 0.9180651742899784 -0.08655935564629402
-0.41814186007005816 0.5286184477741358 0.5670742388666454
-1.7408763455593075 0.826751830267785 -0.04085880556694832
0.9246133223884669 0.7287671899139632 -0.2616029385625538
-0.4005079331513315 0.8857731391810297 -0.10093456545464363
-0.5717507341907009 0.5461696275937804 0.5608205195368114
-1.8654178590162118 0.9070571271869774 -0.039313853174370195
0.8288403562639886 0.8681287904294983 -0.2497048977910694
-0.5551327588372743 0.898972560794757 -0.10867315569512215
-0.727592412989658 0.5598480164078445 0.5539922114313427
-2.0169581264519607 0.9349238001304272 -0.04551750460259285
0.683554622522351 0.8945594205294221 -0.2550168637334522
-0.7141828666142374 0.9038619122983356 -0.11773306170098152
-0.8921872296833868 0.5562652968355124 0.5448498125971142
-2.2327287776281963 0.8402937956296412 -0.0698161725103077
0.5240624139644297 0.8899115066014254 -0.2651439312993702
0.14561395555944046 0.0713556345493771 0.473989903539497
-0.8777489689263049 0.9004992378897541 -0.12811380663506355
-1.0591959092183103 0.5488983689250375 0.5351323481500927
0.36228849696493626 0.8814081373609781 -0.27595478335015144
0.09362891930516781 0.3127348107064165 0.49704021176703606
-1.0437460158347918 0.8933637665049154 -0.1391530636846241
-1.239609585712948 0.5154948516350437 0.5219382639826122
0.20436808232810932 0.8825943848775921 -0.28538233080498543
0.02246722682668434 0.5088509394116052 0.5142163630426708
1.5163574481402762 0.891121443588105 -0.5692239407598194
-1.2034207421435426 0.9002625881849049 -0.14819580355278816
-1.4160756479346475 0.49178538016900575 0.5099095698297802
0.052473420183162034 0.8979167814780205 -0.29273849764458504
-0.09747183986918628 0.596796774582522 0.5172771807611767
1.3599990596781097 0.8876845131734861 -0.5792527798711475
-1.3632712790084653 0.9078087396627552 -0.1572337750493702
-1.5929382294164967 0.46884938414488175 0.4978856440485302
-0.10788940647326228 0.8958728847821327 -0.30284410753838387
-0.25684868882780165 0.5996068342893146 0.5091609354914013
1.2014675609995606 0.8803417284188093 -0.5900068883001026
-1.7590031191791837 0.46886576891474263 0.48876947125800285
-0.268472814532295 0.8945011153849656 -0.31294590273491707
-0.42486144489704714 0.5850928044690171 0.4986967440546337
1.028889684933496 0.841896081648084 -0.6058779362737354
0.36786891803498634 -0.6687577150437036 0.33076709470160637
-2.0085686641307703 0.30576306838454315 0.4581813212335888
-0.43777161414683263 0.8758941352782372 -0.3257976178228077
-0.5804299851260524 0.5982045186812854 0.4917692538202587
0.8498825693343406 0.790610370078376 -0.623941004663628
0.36698397906734925 -0.299937832314054 0.3708395358026806
-0.6010042067025125 0.8714047978109889 -0.33657795229546394
-0.7661383409813496 0.549241931140152 0.47660487851508293
0.7324108381306118 0.8803138055945325 -0.6193113926946339
-0.7558667377584669 0.8854496469285138 -0.3445954922734913
-0.9178510228313286 0.5726601662253401 0.4708661433161083
0.5689277258685124 0.8665204229375512 -0.631509364038628
-0.9282100703785972 0.8644901249973174 -0.35812193194023934
-1.0609269223047093 0.614527263543561 0.4674882288873974
-1.2411741397388028 0.581177812534353 0.4541057940424267
0.12567178066335316 0.5967393624401716 0.4554371233881298
-1.4064285847128204 0.5797702181731061 0.4448508616388622
-0.012677333663020818 0.6437462476369866 0.45317357739813957
-1.580815365662609 0.5612900921222206 0.43324464520819816
-1.7488515162582061 0.5568636823937716 0.4234113093317333
-1.9599414920689355 0.4690859160256231 0.40238946637519035
-0.4906358209953936 0.6531595801157941 0.4285010691583935
-1.261513653359863 -0.6238722109456383 0.24942296704657707
-1.148033965250228 0.6392057694659563 0.39090007504828606
0.20063508322979118 0.6758594570617156 0.39457744321234856
-1.3107950767872936 0.6418913503011332 0.38211101254828606
0.05637095892735999 0.7090744942946436 0.39047044476874504
-1.5335653575473955 0.5253002549024934 0.35719007214911613
-1.6770834771249454 0.5694638833449162 0.35379022321112785
0.6395630037704407 -0.48537457568348685 0.21467918118842277
-1.840738015635182 0.5743214722259644 0.34501689633734856
0.5117920164931888 0.6813994180213143 0.3385681506098095
0.36976748128746095 0.7179783902811891 0.3350123759210888
-1.2394783669450788 0.7051674988968557 0.3184246416986767
0.1312393284743152 0.5427869714552891 0.30258268079169426
-1.450799268361365 0.6105047667644463 0.2961797114313427
-0.08594730855305954 0.4184149814984437 0.27691405972846184
0.5652180212532301 -0.5999190443312372 0.1226872797907177
-0.18323728005692175 0.5562453884642764 0.28689235410102043
-1.7729926557874691 0.6279350441295648 0.2795962687433544
0.6265960876090162 -0.08587743350797439 0.18444770535834465
-0.2566636163951159 0.7437342552498798 0.3036412592829052
-1.9253127602969187 0.6553268135439474 0.27373975476630363
-1.2533837677017132 -0.6732723491198449 0.0912708636225048
0.35092512068056436 0.7309714173215731 0.262197911351997
-1.1261607025194351 0.6208578970684151 0.24118465146430168
-1.2669830331272962 0.6679767674371888 0.23830121716864738
-0.2793341559584448 0.4030907339066978 0.1903623934686962
0.9274987668763472 -0.2203953087209385 0.10318464002020988
-1.4386552218481512 0.653422412345833 0.2268142100275341
-0.38479689461713207 0.5234614407535254 0.19800275525458488
0.9001157576943939 0.08803465018430501 0.13743346890814934
-0.4642056788371747 0.6979310320529635 0.21313136777289543
-1.7672840132273535 0.657522642102979 0.20816177091010246
-1.9488501211615628 0.62746428760315 0.19423097333319816
0.6933854836866971 0.7030568177939394 0.19725364407904777
0.5596024799572277 0.757096406986129 0.19613212308295402
0.4097003065014775 0.7754281546707098 0.18995469769843254
-1.3186125463814236 0.6152425503354202 0.15484327039130363
-1.4462506302808862 0.689717692755142 0.15567439755805168
-0.08673128530474372 0.3855536767755048 0.11751168927558098
-1.5825100644008216 0.7468879855427168 0.15401738843329582
-0.20918416665895734 0.46935527484700046 0.12020581921942863
-1.7612266752665917 0.7204778620637917 0.14051574429877434
-0.23472196182643756 0.7602548868245442 0.1520161028803173
-1.9245442471632757 0.7257748230005134 0.1313862200678173
-2.1062530317439254 0.6964975607499291 0.1172718401850048
-0.7274677867471908 0.7413647356345656 0.12156003674872551
-0.8936726363982856 0.7334667773831143 0.11099666318305168
-1.0601662111102144 0.7262728390136708 0.10043805798895988
-1.2247318566326229 0.7242321610806961 0.09051841458686027
-1.3917435537295972 0.7184407048693657 0.07997077664740715
-1.5612482313873244 0.7089264134088289 0.06879562100775871
-1.7198553222348636 0.7222526178383255 0.06079190930731926
-1.894383270052792 0.705313320463425 0.04836076459296379
-2.0556457658782747 0.7155917085328056 0.03973525723822746
-1.5295964184244255 -0.8152328954451136 0.1787480708063427
0.2700487233541935 -0.7566621724449334 0.3709825869501415
-1.262871638301469 -0.9286264903233388 0.027298390477973555
-0.7758511194506781 -0.9250588457377766 0.0815662737787548
-0.3723615357057142 -0.8914353629080836 0.1251000758112255
0.4725673088683351 -1.0391265404498853 0.2258839007318798
0.5484297342908917 -0.8788794009034007 0.22707647046454582
0.6156554549493407 -0.7151435208943226 0.22707647046454582
0.6788793612169073 -0.5497352336012931 0.22648042401679191
0.7518278587024128 -0.3883831377003233 0.22707647046454582
-1.8299736305122067 -0.8636917157270148 -0.32006889620415535
0.8253391725844708 -0.22730181842566566 0.22767299374945793
0.8994054390423969 -0.06649667112667501 0.22826904019721184
-0.4729647978240408 -1.0052316165063289 -0.15514951983086434
0.9239132944414763 0.11574722036873197 0.22230523785956535
-0.12070620060571713 -0.9524920003142157 -0.11656433382622566
1.0446411963516624 0.25628123645335066 0.22886508664496574
0.28650200597730446 -0.9243390495571688 -0.07051140108696785
0.9614312057470826 0.48646099585342384 0.20858949384101066
0.7392288996351724 -0.9175929972230108 -0.018235266596001054
1.1868456867321768 -0.9118779479795087 0.033418595403510665
1.4828555716852918 -0.845958382742726 0.06453555783637199
1.6507622717424582 -0.7278989750501772 0.07822698315985832
1.7185128203748548 -0.5680128746977964 0.07822698315985832
1.7868199296348877 -0.40836483325648487 0.07822698315985832
1.8602316986427425 -0.2509278818674723 0.0788497324884716
1.9114747102306069 -0.0838117843918127 0.07636016568549309
-1.6081017453099093 -0.22497694005504343 0.6684359904230419
1.9270275896538678 0.09924595800691094 0.06889194211371574
0.6040228490934467 -0.9279228908963546 -0.48246628084771004
-1.3268245509934147 -0.14011275966705483 0.6928367014826122
2.056547509154427 0.23186409486704918 0.07698243817694816
1.0134751658538121 -0.8959911693626808 -0.43321090975396004
-1.1293903678280586 -0.01249969353584035 0.7071589823664013
1.7965564390656041 0.5491799856387374 0.030929505437690352
-1.0510052830737138 0.1636483578294552 0.7076897021234814
-0.9653575160020438 0.3167906697542371 0.7098116274774853
-0.7128944447691978 0.4287908213223659 0.7299684878290478
2.0026991819831252 -0.1888309426461383 -0.3480134610234913
-1.1224335819405624 -0.4693265629846053 0.6337780352533642
1.973609212614619 0.0038687147454510296 -0.3619909886418995
-1.0710274969092097 -0.3026167181688457 0.6321606036127392
1.8844621657505556 0.2430996680991626 -0.38595300951592293
-0.8695669211672339 -0.17768621778976268 0.6472563143671337
-0.7229286756768829 -0.031088771015241434 0.6558822985590282
-0.6058268199003791 0.10753570100645149 0.6618131991327587
-0.5259974031485228 0.27142057636038786 0.6628908511102978
-0.47759606530211585 0.4486660762402117 0.6601957674921337
-1.8256055070424253 -0.7726854899597129 0.4815725680292431
-0.29162972465909576 0.5667271367433777 0.6736740466059032
-1.3003787918800356 -0.781441099250312 0.5358056422174755
-0.8219851467849963 -0.7752014368630995 0.584559857457954
-0.45938614681944046 -0.7256051255473643 0.619619786351997
-0.29034650184223665 -0.5995885088537314 0.6316713686884228
-0.1761750934266857 -0.4518346650727878 0.6371492739618603
-0.09368339232928236 -0.2912906936205282 0.6387924548090282
-0.051893902450849794 -0.11378417422326237 0.6355060931146923
-0.04148754419330203 0.07724334217264683 0.6283840533197704
-1.6592541487841288 -0.608760166416868 0.3986882563532177
-0.048597646714156895 0.2762566432292566 0.6190714236200634
-1.1250558518031184 -0.623582875149296 0.45489257535346184
-0.018395526384260563 0.4598027932895299 0.6141414042414013
-0.5639129034146109 -0.6530565556566081 0.5144357081354443
-0.17841636526351579 -0.614906224883363 0.5528325434625927
0.05054394203929036 -0.5148722912800849 0.5723094340265575
0.07316987815113407 -0.3303203788015203 0.5667447443903271
0.10566783637223409 -0.14953383057571656 0.5622925158441845
0.1754473308996296 0.01574600779396107 0.5622925158441845
0.18642094154517252 0.20620971281537237 0.5550584193170849
-1.639953394786879 -0.862751734707885 0.308612763494331
0.1114971278437693 0.43431179700074907 0.5372514124811474
-1.1197922112209753 -0.8700882496815154 0.3640827532709423
0.0967897412147849 0.6373419337286954 0.5266780253351513
-0.6325885756707166 -0.867954006297925 0.41558974942572746
0.10076314728963354 -0.7758244791098328 0.4891723986566845
0.18214433575633393 -0.6161904669628413 0.4908704157770458
