-1.0503580075353156 0.2945878140877589 0.699597317283728
-1.0892714837546507 0.1960623904227603 0.7091402593308471
-2.1336904586819827 0.6104167552616886 0.4808072629624389
-1.0525057587768814 0.11972096331882653 0.7063297811203979
-0.9992667691697434 0.04002521909825063 0.7010869565659545
-0.9596816788554037 -0.03112157989693287 0.6975731435471557
-1.2107173741163706 0.6902978873414938 0.324325043266394
-0.9705433110855921 -0.12364320471765566 0.702461201255896
-1.2324357768461098 0.5923645318449111 0.33231635720072017
-0.9770799101434591 -0.21444971301178128 0.7065863195115112
-1.3054855410762798 0.47609065648686055 0.34959979683695064
-0.9792765198231521 -0.3035888842655332 0.7099480214768432
-1.2770965182307847 0.39725639400557 0.34832235009012447
-1.2489850163509573 0.31832600920310483 0.3470477643662475
-1.2211459949116303 0.2392989669799519 0.3457755628281616
-0.20210989760029463 0.41403186748088316 0.16825099617777095
-0.16462537167172542 0.33452722525330714 0.16524120003519283
-0.12740508835170772 0.2548611765611781 0.1622328344040893
-1.338525302814837 -0.24151668070260257 0.385144192283728
-1.3734750970022063 -0.34029291560113606 0.39490409523782954
-1.9523097626022263 -0.6159067237236755 0.5028848233872436
-1.674445103312351 -0.6108770844677949 0.4559506955796264
-1.274191480819212 -0.5688441272753799 0.3869642797165893
-1.1648385828398773 -0.621172078065598 0.3704804959946655
-1.0226364807124213 -0.663946415823677 0.3480562749558471
-0.3151463104273873 -0.5342054520206823 0.22386975914774165
-0.22426927829297938 -0.5964894842977699 0.2107252660447143
-0.17131472604101816 -0.6706228498000719 0.2043623510056518
-0.20364880123850782 -0.7701603378718751 0.21327682167825923
-2.2836985427665866 -0.8095515380710196 0.11787601143656001
-0.24584799335323027 -0.8721434399942396 0.22389741570291743
-2.063267098129465 -0.822429729438273 0.0771488729172729
-1.950415877489803 -0.8706408829086492 0.05806584984598384
-1.6688136752616245 -0.8671317777615748 0.005059200828649857
-1.419783580959141 -0.8755856594319482 -0.04137710898580327
-1.1047603579890932 -0.8657755666350653 -0.10103134482564702
-0.7752868389966849 -0.85386515779226 -0.1635427889174439
-0.43133824712976576 -0.8400089907316612 -0.2289143022841431
-0.011592203112726907 -0.806490530496319 -0.30941204398336186
0.5313506657645561 -0.7405315048588186 -0.41448358863057866
0.7207696211420824 -0.7788670953778372 -0.44881491034688725
2.153693806972541 -0.47010673853194973 -0.7314720568007447
-0.8324365534857634 -0.5725578153633144 -0.776772540504358
2.1692464208076245 -0.5636714257043138 -0.7309561189955689
-0.8077582141031812 -0.6530854430238477 -0.7780209001845337
2.231838085510219 -0.64434344486898 -0.739881556922815
-0.7740103339297733 -0.7308520399717615 -0.7813907083815552
2.25867329520446 -0.7446907569775121 -0.7413859781569458
2.2898386197516594 -0.824348790006102 -0.7445040163344361
2.3373744263083616 -0.9095620193820402 -0.7505927500075318
-0.9155448545184512 0.43232706921383723 0.6740006986313842
-0.1331221013893753 0.8191960956068272 -0.3541584429091431
-0.4316499639787139 0.7968046143302736 -0.3894358095473267
-0.718233140267472 0.7842519501861283 -0.4227161821669556
-1.0304069593196914 0.7574698306032062 -0.4599895891493775
-1.3515750759939067 0.7273025921132579 -0.4985952791518189
0.8557279496675463 0.7520308038634944 -0.7491999086684205
-1.723771434545938 0.6675373393912629 -0.5451879915541626
0.7940194510892908 0.8796997895364953 -0.7462959703749634
-0.8556224826224863 -0.22114584704538842 0.5781802716904663
-1.8905922613258355 0.7382922138965817 -0.5591655191725708
0.761670539401841 1.0266496945010282 -0.7383089479750611
-0.8998722720668724 -0.07377428737420644 0.5830325666123413
-2.1628040554558936 0.7448980487250623 -0.5897837099379517
-0.8936758457348191 0.10638286577121292 0.5943545880967163
-0.9407741120824227 0.2509083818265303 0.5986675801926635
-1.020673884387456 0.37387204414643094 0.5986675801926635
-0.9872229971308286 0.5696527223700691 0.6132239881211303
-0.42586318582930005 -0.45266325470909763 0.5287031713181518
-0.3477358240223225 -0.22281040465350088 0.5500673833542846
-0.38392254614571186 -0.07141951206653019 0.5560931745224975
-0.46495129625784415 0.04960197366009922 0.5560931745224975
-0.4958221865579233 0.2038322041786671 0.562667328422644
-0.5343552463493708 0.35253178959192155 0.5681452336960815
-0.6347224356551138 0.4605006317026792 0.5654058042222045
-0.8933163569770457 0.46629277909919153 0.5418500486069702
-0.3992298909491723 -0.406620579010486 0.45996995598612056
-1.1690142445089364 0.46287708726635657 0.5161032262497924
-0.4526184667352311 -0.2660553027024761 0.4638652387314819
-1.4493526792300386 0.45844008107079404 0.4898089948349975
-0.4683194581571186 -0.10047794989338144 0.47276826531229243
-0.5742623428479448 0.004304915971008683 0.46942992836771236
-0.4850928581768841 0.23836457755278317 0.4922451558762573
-0.5151882199516038 0.39245374628850627 0.49892326027689204
-0.6154133442202507 0.5003731336964741 0.4961404386216186
-0.7153126770257714 0.6087111917333274 0.4933580938035034
-0.18946731052498933 -0.6605587264292687 0.3818230214768432
-0.9989104832996603 0.5994331907404025 0.4660911145859741
-0.6465176585466992 -0.6184817973588537 0.34163566262064204
-0.7623503028315355 -0.5188344028991949 0.33710761696634517
-1.7557578211243268 0.6425427581720236 0.39708753258524165
-0.8820382895142487 -0.4214438118749868 0.3320135656052612
-0.25994721026729195 0.5181382184805479 0.45031114250955806
-0.9921050955649946 0.21249200609020136 0.3614463391953491
-0.9178585720192842 0.43554303786812554 0.3823890271836303
-1.5571363180390776 0.19853678926368445 0.30654283196268306
-1.6539675699637613 0.31296898178128174 0.3042788091355346
-1.754639659152481 0.42513701192896036 0.3014483037644409
-1.8675827947774977 0.5298063985058405 0.2969207349473022
0.6230598173688691 -0.5523607557921544 0.35563131005106197
0.017799003404888936 -0.6234365110368962 0.29309697777567134
-0.04881661589073616 -0.49252479365365787 0.2954129758530639
-0.114931830476948 -0.3614359845573567 0.2977289739304565
0.7949073527946027 -0.7903132508517814 0.2102961126023315
0.6178772228657792 0.6550633792572285 0.43495698601541743
0.7720298774113274 -0.6302143861161937 0.21924157769022212
-0.10565661767683565 0.34343679031124097 0.34463019997415767
0.21469283613666335 -0.8484145233234912 0.14946838051614986
-0.22668296300483348 0.43611982395167814 0.3388394895249389
0.05778959237439807 -0.7807847961403418 0.1387338224106811
-0.1065530669600463 0.6872445378041583 0.36663289696512447
-0.025719913410163997 -0.6613022108057933 0.1387338224106811
-1.017620820612379 0.26579423369982536 0.25082870156107173
-0.10880678834549684 -0.5415253500680492 0.1387338224106811
-1.0348740154993763 0.42942106545466174 0.25951381356058345
-0.15872910938928442 -0.39899881736764087 0.14350457817850337
-1.1099733381325478 0.5553864989947819 0.26009269387064204
-0.31886950620230436 -0.33183941857758015 0.13217397362528072
-1.1846156241082255 0.681603930747837 0.26067157418070064
1.429993166517562 -0.4725962116082769 0.0796503606492065
-0.8244881910258499 -0.497316229943948 0.07074971825418697
1.468562932046467 -0.27124979957675777 0.09832091957864986
0.2680673218626737 0.413256145183297 0.24071021706400142
1.4717366925920885 -0.09633641210007937 0.1113895955735229
0.4284238471313273 0.6915318582227172 0.2752990308457397
1.4878954020015343 0.08685089400850643 0.1263255658799194
-0.5488191598550998 0.21597669384699714 0.1458897176438354
1.4399147645815091 0.22411126715741503 0.13130469948587642
-0.05589496818011952 0.713158719555512 0.22818704277811275
1.4047187765307356 0.3699170203855431 0.13815017372904048
2.2074623190935583 -0.48490597836909544 -0.19574407904805913
-0.928989172846677 0.3159692451828988 0.11428352028665767
1.3333808702123875 0.4903235284719969 0.13939471871195064
2.2288450559497477 -0.2966935693798689 -0.1784382280653931
-0.8877096383715042 0.516977625221589 0.1315774503403686
1.2624909432735052 0.6109551301257845 0.140639740532019
2.2351291780428113 -0.120592600833902 -0.16379455893697514
-0.987581678066924 0.626364189304006 0.12859578759012447
1.1961424650330414 0.7345920229082807 0.14250655800638423
2.3064946234564516 0.10164106749962443 -0.13850168555440678
-1.0913088904288273 0.7335069684692819 0.12501760155496822
1.0726770045096998 0.8195708329316602 0.13566108376322017
2.254231060155984 0.23349991762432154 -0.13384250968160405
-1.4088488827584982 0.7060123372904243 0.09102578789530025
0.8587155181675712 0.8444147449474393 0.11512370735941158
2.230754791389508 0.38557915576114254 -0.12452368109884038
-1.7101719799045085 0.6910019846165163 0.05941911370096431
0.6403896102920328 0.8677321279843717 0.0939645353013061
2.1270311806439466 0.4802990241575458 -0.12851766913594975
0.36798262058844955 0.8567942743114116 0.06471439034281001
2.0235742262314744 0.5754685832919897 -0.13251118033590092
0.12415236103506544 0.8665087190718523 0.03982062966165767
2.054555892543263 0.7645889465146354 -0.11454014151754155
-0.12002824344722995 0.877649356420612 0.014927345817663529
1.9315998912043213 0.8460789060153111 -0.12186149924459233
-0.39789269931947757 0.8687276803302737 -0.01494459479512944
1.7475545095409117 0.8860844530755223 -0.13916687339010014
0.0260331809265395 -0.29602876979095427 0.7260384145432495
-0.6887874027904743 0.8534462171226451 -0.046683829719445846
1.440532742984793 0.8433665744374856 -0.17644123404683842
0.03459630796936608 -0.11484020896319436 0.7377085271531127
-0.9843861734344657 0.8372735111462681 -0.07904581397237553
1.169774079147345 0.8275198936353654 -0.20772461264791264
0.019305189256755284 0.04929263279246143 0.7461957517319702
-1.2763241687707492 0.8255369608866658 -0.11078457205953374
0.9931310284222121 0.8768199461142316 -0.22369961112203374
-0.020022093339683522 0.1966217181177683 0.7515005651169799
-1.6487070023274342 0.7656058350983521 -0.15434889167012944
0.7504436191620485 0.8831131536096919 -0.2503238138503052
0.45827043625827457 0.8752910598681751 -0.2836041864699341
0.13995735031468115 0.8270830131905953 -0.3228750643080689
1.0700738634511353 0.04529287738820287 -0.7818746980971314
