1.7416755357509004 0.4999391548860319 -0.37112708789525684
1.6041271405408999 -0.5911781297974263 -0.5523871968430107
1.8541239588997982 -0.1290720749267784 -0.5356678555649346
1.783380591732083 0.196871126054464 -0.5360455105942314
-0.5478379627678436 0.35499415637705356 0.6933751513320381
-0.9368926525857191 0.5609311019887309 0.6800051142531807
0.07274441067130155 -0.8400955368584002 0.5435638834792549
-0.0004666435390383583 -0.5079774028858255 0.5423865725356514
0.0015293940166607456 -0.14544196348659177 0.544165175135749
-0.04595001753526162 0.19593806172848893 0.5439372469741279
-0.5974117208934082 0.3339463578665951 0.5236359049636299
-1.5110639899934313 0.331173907399521 0.4889226366836006
0.3948727702171304 0.5617924101215537 0.3961983134108955
0.4258128101318128 0.8234952329419025 0.23284630077661816
-0.6998549165372658 0.7330146643839708 0.18591312664331738
-1.6551877516370723 0.7176188807112713 0.14639190929712598
1.4557118006326775 -0.4704632448564583 0.10229639309229199
1.475950201989452 -0.10461708531995484 0.10567383068384473
1.4238151707732456 0.2301569572387394 0.10571054714502637
1.2850839022839367 0.5289406689730196 0.10176853435816113
0.9528729443432731 0.74956259314428 0.08899835842432324
0.37999599507518056 0.8754890248487843 0.06527380245508496
1.6444382303196043 -0.7854093290108421 -0.04042716724095996
1.907313842894645 -0.3168451335856899 -0.02528568011937793
1.8681251564423071 0.02246993195198943 -0.024472195927483398
1.761031451577601 0.3330218443167916 -0.026909787480217773
1.5348154919887342 0.594693272778033 -0.035006482426506835
0.9621269558984622 0.7168674353621394 -0.05946584445653613
-0.0002127545608452408 0.6864586344502319 -0.1022920201462334
-0.9406122343942656 0.6715592380604933 -0.14408059817968066
-1.8170963092851338 0.6883654329984594 -0.1828603337448662
1.8946358378577095 -0.39477029174462874 -0.20730109912572559
1.9288950043792497 -0.024503251941203175 -0.20267291766820605
1.960059742633618 0.3431598117115966 -0.19825168353734668
1.8494722626169562 0.6514436527564751 -0.2008647511642998
1.5131964203398987 0.8680137672238617 -0.2146272252243584
1.9080224635069243 -0.8544404467073585 -0.37529416782079394
2.1078007831356977 -0.057189896958774966 -0.35861631137548144
2.005007789915034 0.25447143842555464 -0.3607430051010674
1.9031294745395861 -0.15292660964012228 -0.46616264087377246
1.8838060205846823 -0.05165581368661076 -0.46706004840551074
1.9038227167163981 0.05502179910871563 -0.4607781956833428
1.9047241319872121 0.15891690554915927 -0.4580854962509697
1.901116753462187 0.2621262030562437 -0.45629068118749316
1.8582899047700465 0.5675544434205859 -0.45718808871923144
