0.38336912640189524 0.5456348357844121 0.3821648096251282
-0.7248232347824128 0.5051603889893244 0.34228262655017705
1.444198721249343 -0.5525925882411817 0.23904404393909306
0.3403310249107605 -0.5895647425843746 0.197622153680304
0.24510576871497847 -0.23882807252031402 0.1949065660643372
1.4012687771360106 0.5780053786570134 0.24018511525867314
1.2961280511073312 0.9196145612318496 0.23700699559924931
0.3472261516674351 0.9533195894225779 0.20142445317981572
-0.7577019557950777 0.9372656721978601 0.15983566991565556
-1.83567982913155 0.9385812764186667 0.11926159612415166
2.1059983397198607 -0.6805842608745118 0.08523449651477666
2.080298916173149 -0.3088762512023111 0.08543572179553838
2.032676847176262 0.05366986202561552 0.08471617452380986
1.9162953443530313 0.3896870962973109 0.08118996373889775
1.4265638001428513 0.5864914901485525 0.06259999028919072
0.2807259289686357 0.5442740812712685 0.017583701531866502
-0.8149234887275512 0.5284612943340399 -0.02542796381237178
-1.9494631938855278 0.5063035511236773 -0.07001939066173701
2.1692794133035704 -0.838090102095407 -0.09106745966198115
2.2798316138534744 -0.43258039853540975 -0.08498206384899287
2.269066582488726 -0.05629115028267151 -0.08398165949108272
2.2052859647410656 0.28002848808544645 -0.08532634027721553
2.050740669265572 0.6197676347008132 -0.09039511926891475
1.5615818078313666 0.8167346182797459 -0.1096602941346374
0.4347380426245877 0.7827315688149277 -0.15579524286510615
-0.6808894623632966 0.7800652766602258 -0.20140757807018428
-1.9233214847707316 0.7206013024711408 -0.2524329686951843
2.2057397581111644 -0.9395309182757581 -0.26826396234752803
2.323412689914946 -0.5119046238224163 -0.2613297963929382
2.438254738693523 -0.08734328523993362 -0.2545701528382507
2.3587376988284703 0.2614865914115523 -0.25641360529186397
2.2103527516386023 0.5840680659985571 -0.2613278890443054
0.7587579984204922 0.8050933849643229 -0.32204165704967647
-0.43471405686906905 0.7526265763807185 -0.3729821706605163
-1.9211649677982336 0.6031816255429936 -0.43680014856578975
2.3684664982281163 -0.8003946182920272 -0.43869033106090694
2.426117161244342 -0.3969381550244817 -0.4340640569520202
2.4154444364581664 -0.02113562799161972 -0.43262210138561397
2.429606501510605 0.3631504130515788 -0.4300900960755554
2.2675359843367815 0.6802424976622774 -0.43568625696422725
1.825527563614905 0.8937928286457542 -0.4541551137757507
-0.6227788705304249 0.11900482285977176 0.8917261099028382
0.6053934809776251 0.8242920173214046 -0.5083076024842468
-1.0909372662973666 0.33544974846842557 0.8771608804869446
-0.555340016253119 0.7850505852786522 -0.5597421193909851
-1.6950917374132715 0.5054122135301959 0.8583637212919983
-1.9243650765037046 0.6792038571507657 -0.6207210088563171
2.336950515520421 -0.8516533979060847 -0.6005946660828796
2.4782276684467845 -0.41554120709371745 -0.5916654134583679
2.43015038820986 -0.05418162040508978 -0.5918036962342468
0.7941520147567687 -0.4139026814018294 0.7555290197539124
2.336760797077744 0.2893649126199076 -0.5941459203553405
0.8211210880023572 -0.018987076833067107 0.756635997216681
2.2445884398301814 0.6331043908070182 -0.596475746710321
0.7513215871357772 0.33865140357696166 0.7545412515806946
1.3248669795527732 0.6692436896993081 -0.6381742025208679
0.47183795956894414 0.6185504694560757 0.7455433344054017
0.27765086540298256 0.6648638690910911 -0.6859399343323913
-0.5956761288684689 0.6123004692103642 0.7106841539549622
-1.024254754764442 0.5752338526143568 -0.7458058858704772
-1.687888241030997 0.6046020684823681 0.6749886011290345
-2.0224142865991226 0.6041084368425675 -0.7912570501160827
2.1901658944153866 -0.9868043151811552 -0.8042909169984069
2.312240354630937 -0.5572217587910462 -0.7957431341004577
2.426861166968841 -0.1325124291747084 -0.7876264119935241
2.389198693608364 0.23236168873776286 -0.7871257329774108
2.3201934173267844 0.5847400014136701 -0.7882300878358093
0.4241999079370302 -0.1115837846629768 0.5630978082823548
2.205698784369787 0.9197537191988783 -0.791640427191278
1.3612235313014907 0.9858837471673345 -0.8312684560609069
0.862162233423966 0.8187830375434944 0.5790914034056458
0.18498425253964257 0.95358124001321 0.5559929346251282
-0.9766828640714991 0.9182757936826809 0.5160864328551087
-2.4363392532179375 0.7850082558028841 0.46583351842639775
1.823810308902459 -0.8627875384849766 -0.9997140432191101
2.1702355274339737 -0.34632707457543876 -0.9791652227235046
0.4715045879922428 -0.96451517744251 0.3826359247374329
2.1317955858785496 0.019549706927707078 -0.9785148168397155
0.258172770688212 -0.65859836117962 0.37558064214465947
1.2108519576013848 0.4698213640765596 0.4117458795714173
1.5186920419086434 -0.7209503544413431 0.3439548944639954
0.894943360033551 -0.5590474637831919 0.8575542902159485
0.5674320568541091 -0.48794773002555303 0.23973068944690556
0.8664929639210186 -0.42819031753406467 0.8570497965025696
0.2945694425345877 -0.39837786061469327 0.21020064107654424
0.8531977375444413 -0.2946708825047297 0.8580587839293274
0.8452806075739474 -0.16030667902397333 0.8595720266508851
0.8378367012853971 -0.025965652927676608 0.8610852693724427
0.8161405990452621 0.10595350184234498 0.8610852693724427
0.7850879387886991 0.23638634274482406 0.860076520364264
1.8569238324245632 -0.6629470009504246 0.25169262639758916
0.729903313534507 0.36314257628783597 0.8565455412077698
1.84276741681213 -0.5327787778230801 0.2528851961302552
0.8874715475593788 -0.7022097525234487 0.786611411492804
1.4205979641057596 0.5967445268687124 0.3584302400755677
0.6849752063813881 0.4917043334323612 0.8540233110594544
1.8144141726708156 -0.40524870075044905 0.25228914968250127
0.9270486008954535 -0.5589600160854484 0.7932818864989075
1.3912442282721074 0.7251641581277983 0.3572720026182923
0.5469995678651358 0.6066462722355066 0.8419176077055726
1.791387747227617 -0.2767379476337206 0.25228914968250127
0.9181893689321683 -0.424745152267338 0.7948211168455872
1.3131906033299785 0.8466049285086212 0.35032353154895635
0.25180856055331446 0.6996843649138542 0.8136702512907776
1.7688158512153862 -0.14814186761646564 0.25228914968250127
0.8902005273314728 -0.29395496193634685 0.7943080400633606
1.2404500025805802 0.9692156132750469 0.3439548944639954
-0.7377086863743756 0.696706167314951 0.7143004869627747
1.751584850757773 -0.01863981002866666 0.2528851961302552
0.9264168980123202 -0.1522171425337957 0.8004651998686585
-1.6587069161012664 0.7100600834952919 0.6219929193663392
1.7299139538226527 0.1100913864552755 0.2528851961302552
0.9189963343525633 -0.01816047279045918 0.8020044302153382
1.6939844625239644 0.23649798165441105 0.25109610311267705
0.9071444143295437 0.1150722648483109 0.8030305837797913
2.265190913308011 -0.6902313878432169 0.10275444738147588
1.6633989278299381 0.36386693180343865 0.24990353338001103
0.8859451710790509 0.24675107699668075 0.8030305837797913
2.265553465285336 -0.5587214590968275 0.10586628667590947
1.6332503929922666 0.4913739129329411 0.24871048681018681
0.8652022279492613 0.3784991005677174 0.8030305837797913
2.232231676671013 -0.4335754815195587 0.10462126485584111
1.5986331132893525 0.618273970527838 0.2469213937926087
0.8252534985008708 0.5073328977880553 0.800978038232306
2.2286371143039787 -0.30300205802511915 0.10711083165881963
1.0659227723831535 -0.5057085337664997 0.7411094640898499
1.5742743883613812 0.7468007601983979 0.24632534734485478
0.8398584186693441 0.6444031017782779 0.804569814126471
2.225510865545509 -0.17248519721947986 0.10960039846179814
0.7487268292407805 -0.4264046892781197 0.7098029588866028
1.5356261943359826 0.8732983289270777 0.24394020787952275
0.42672868216615 0.719267969294993 0.7635224794554505
2.198406144884089 -0.046255027326514764 0.10897764913318486
0.3042296541132785 -0.3669815892762722 0.6649301981138978
2.1913118546361545 0.08340217873074618 0.1108449434447083
2.1699901951154743 0.21059441518325794 0.1108449434447083
2.154014586551412 0.33865803596703437 0.11146721593616338
-1.929076734089712 -0.31632515110513726 1.0132261251616272
2.1237874457271744 0.464427291058926 0.11022267095325322
-1.9468541370490726 -0.1739668253440554 1.013678405206183
2.084188280680543 0.5888140120011327 0.10773358098743291
-1.9739638196813019 -0.03308977554894099 1.0132261251616272
2.0940639594353456 0.7208372862687211 0.11146721593616338
0.7197185705096913 0.5194413015553012 0.7228473161864075
-2.0596686284246744 0.09896097896413991 1.0073462461638245
2.0455225409242885 0.8440103703952717 0.10773358098743291
0.9114597534304565 0.6830147734065077 0.7452832197356019
-2.1301743281394536 0.23371790387200075 1.0028232072996888
0.4246659667380399 0.7472723579664899 0.6957148050474915
2.3395999715211033 -0.490243945629091 -0.6698524022889343
2.107688770442607 0.6783449142962219 -0.21507516153576045
2.3162806710534696 -0.3635630312419842 -0.6698524022889343
2.3567038697183804 -0.22548716699201865 -0.6604134107423034
2.3635408388472925 -0.09374980056345805 -0.6560570264649597
2.3416022585398792 0.03284420876289307 -0.6560570264649597
-0.8759237569074969 0.054389877631518146 0.9723773931669983
2.302107843269411 0.6766859930882259 -0.6466170812440124
-0.9858846538911408 0.17870595014247392 0.963923308770636
2.258398580345805 0.79981915965163 -0.650247719366571
-1.6437127586285385 0.6519923060898076 0.9089716409849915
0.036280055015062374 0.36526813310904327 0.9245394205260071
-0.1169323830750102 0.4801624154093984 0.9113892053770813
-0.2550333229869537 0.5982089069158354 0.899700257699469
-0.4913225414842515 0.7031542001933868 0.8782700037169251
-1.0822521240254162 0.7605405005785455 0.821772429864386
