-1.6130509058849825 0.7649773536680833 -0.8597714797864837
-1.8148563911732936 0.4254859913316267 0.3268196685899811
-1.7931772826503547 0.1336755906985978 0.32433534699574285
-1.7625678132103566 -0.15732471672021475 0.3213207824815827
-1.673268567574386 -0.443486312199628 0.31507516938343816
-1.5102978484124705 -0.7242384271322528 0.3047831161607819
-1.866750437370154 0.8322761476537011 0.184802304088028
-2.0225678963000675 0.5235944451456724 0.1923263176073151
-2.0552409264981506 0.22748718412014668 0.19291473466053777
-2.118782758270342 -0.07091717405260312 0.19518591004505925
-1.927453432231836 0.7531694790237395 0.04140783387318425
-2.0735944072690913 0.445803715014204 0.04868579941883855
-2.196032540223303 0.14179753440070542 0.05455041962757878
-2.0957779365219125 -0.14172861234538203 0.047508965312393237
-1.9870013441992995 0.7623442137388601 -0.10152267378672786
-1.9045431494196592 0.4767238629314754 -0.10753415984019465
-1.8826900855107667 0.18521519776047057 -0.10999130171641536
-1.851921686592302 -0.10548802227797793 -0.11303113859996028
-2.1320075281232214 0.8216979468202865 -0.23884653014048762
-2.0145589206865395 0.5399498844506212 -0.24708007735118098
-2.0769889355688456 0.24105077127554253 -0.2443530456434173
-2.0609317505420535 -0.05028675176960107 -0.24648355406626887
-2.035952114770936 -0.3408011332362264 -0.24921440047129817
-2.0119907084968034 -0.631401936228972 -0.2519361869703216
-1.989032505812169 -0.9220845126661814 -0.2546489135633392
-2.078677355095202 0.900604164060752 -0.3882129089246673
-2.0255550480265327 0.612527534788903 -0.39253925246104426
-2.0876989620104602 0.313583276655784 -0.3896577255140228
-1.201477611384938 0.3845952642989694 0.7360112770189362
-2.061459684899223 0.02315445504171265 -0.39240001601084895
-1.284381226582287 0.08136783593292662 0.7385985954393464
-2.030030481653327 -0.28147217475257946 -0.3955824272046966
-0.8646015578396948 -0.19292826073833425 0.7164504631151276
-1.9610935623679389 -0.5684240361010531 -0.40112899702891536
-1.8682859274605583 -0.8538238180160178 -0.40823720854624934
-1.8064001843467672 0.6339408733522163 -0.5531604186902923
-1.9132028949446074 0.3300764926831192 -0.5472333328138275
-1.5668488824686584 0.3510786308461178 0.6069371803392487
-2.0210858541368353 0.02706503397058313 -0.5412890807996673
-1.5603521638962299 0.05708585178596692 0.6051876648058014
-2.020703061542541 -0.265731579163603 -0.5424129859815521
-1.5498950444119615 -0.23641978814825393 0.603195915995987
-2.016389328298782 -0.5580366079755841 -0.5438487426649017
-1.946150404754821 -0.8742746666166532 -0.5497367278943939
-1.449327800352922 0.9345067662692266 -0.7229630844007415
-1.7188898549250737 0.6132568550977666 -0.7059247390638275
-1.5927426073972804 0.5994497510499706 0.46244598466053777
-1.795949410518645 0.31188152228135735 -0.7017471687208099
-1.7742986755875414 0.28808807649839707 0.4706337555040436
-1.7945682470197113 0.018218038669740366 -0.7028453246961517
-1.7580829987028856 -0.004290899348472266 0.4684054954637604
-1.7159212102585926 -0.2539924413857726 -0.709088076771347
-1.6595235352172715 -0.2748953878806759 0.4618837936510163
-1.6618493280016118 -0.5432822471060703 -0.7138082878003997
1.6852453643946994 0.9848911084890908 0.4245770080675202
1.580379816848012 0.9193656885400756 0.4326059921373444
1.5726781019552618 0.7867933669185021 0.42136550980702214
1.3783541858990418 0.78418243287107 0.4470565422166901
1.18837395288838 0.7798553307526213 0.4719455345262604
1.0670966194796634 0.728059310054288 0.4831855400194245
2.112277616717357 0.9556335683035222 -0.28480791014537044
0.7330344995275091 0.8290517043512367 0.5369765861620026
1.9096113669021868 0.9546054228528078 -0.25429414671763606
0.6522524125735849 0.7503837091409693 0.5401880844225007
1.6829242298465665 0.9714328261242287 -0.2183964149366302
0.5552603694765779 0.6836515027424852 0.5466110809434968
1.5052734122574272 0.9561074015482163 -0.19326805037364192
0.46210020821324704 0.6144579250654338 0.5522306068529206
1.3116871568184507 0.953024702986589 -0.1645495788465423
1.1143747735792964 0.9538882876990087 -0.13493369978770442
0.9334712684272013 0.9445649084058125 -0.10890792769297786
-0.2453123237408299 0.7285019440863003 0.6557986839403229
0.732778998336574 0.9505236972828683 -0.07839511793955989
-0.3971627810372418 0.707014472351581 0.6734612091173249
0.5724436407474229 0.9290292587428617 -0.05685638350352473
-0.5252668244142988 0.6684663882795405 0.6863072021593171
0.3763637270971074 0.9343224769392293 -0.02724050444468684
-0.6729444110955924 0.6455629115740962 0.703166733561905
0.21645437436411186 0.914741290790051 -0.005701770008651685
-0.7070531322851146 0.5361913718567592 0.6967442138780671
0.020995286602026653 0.9221930017980497 0.023914109050186205
-0.7806358410073173 0.4570588381495071 0.698349724589737
-0.158262509226077 0.9191066297560475 0.04993988114491277
-0.8544728708952434 0.37821153025008414 0.6999557121385651
-0.3451343498452317 0.9229158698686177 0.0777609451402741
-0.48046757614474345 0.8895026791332938 0.09391475754872136
-0.7552903784774649 0.025292728672287268 0.6517841919054108
-0.6353742568388085 0.8716070135489922 0.11455608445301824
-0.8498613186315715 -0.038174008671994386 0.6574041946519928
-0.7783500889191579 0.8456498093995783 0.13250518876210027
-0.9055757436466472 0.8085152526134323 0.14686418610707097
-1.009377525700483 0.7540353343750539 0.155838738261612
-1.0627349083934732 0.6608689163813466 0.15314651566639714
-1.1319543529718814 0.5799584799275976 0.15404344636097722
-1.2014464785207117 0.49930652600324166 0.1549413307298737
-1.228799185869402 0.38530283081436423 0.1459667785753327
-1.1605492887515148 0.1945534692323143 0.11455608445301824
-0.7606782853960325 1.0046726546356837 -0.6254761115919036
-1.2160181973108628 0.10171516343127962 0.11186338502064519
-0.7389628625864049 0.8546611100601105 -0.6478578941236419
-1.1839182349139392 -0.06215549067812276 0.08853031235829167
-1.1679173386483193 -0.2140543587035495 0.06878639298573308
-1.2781279674877197 -0.2632790272785428 0.07865835267201238
-1.1132093918785984 -0.6812569330414071 0.006862412272842455
-0.5749119402456451 -0.6561895871871961 -0.8686239616285247
