1.2602112739900306 0.011359916654186009 0.20181014549688925
0.995443050893499 0.34557571053710845 0.18852069389776815
0.7317166808215774 0.6813993932679381 0.17522456657843222
0.39524669919571664 1.0058596078495956 0.1588475943799459
2.049823472579831 0.043152067825840135 0.04826238167242636
1.9522647499339172 0.4051556635573874 0.04190709602789511
1.6199727216514646 0.7250112899422234 0.025318884968324795
2.1375906326472887 0.1341007839445254 -0.13526175010247599
2.059999854132492 0.4994269814156258 -0.14077494132562052
1.7722788127699758 0.8270492944581012 -0.15582869041009317
0.14723971113554768 -0.4345396526602112 0.7282445670361959
-0.035544263361202866 -0.08142958791028576 0.7189729453320943
0.1915536618270579 -0.3890145643048175 0.5392701865430318
0.2202185946565649 0.0030509891706831382 0.5378396750684225
0.19623056347140988 0.38487241081748635 0.5343721152539693
0.15884400209975524 0.763997304108722 0.53035953056769
0.55615222130821 0.42936786659697823 0.35874440681891073
-0.8053381579306773 -0.8928422286310482 -0.5329310654406108
-1.2612162491594603 -0.8007309706377335 0.18033959877447714
0.2223842508097178 -0.9060910164577773 -0.41481039512200724
0.46776668364553586 -0.9430551213725593 0.3553707839246236
0.9663905130262904 -0.8727451315617145 -0.330273842692808
0.5285717025740695 -0.7810668586937677 0.35839774620489706
1.7929354998093103 -0.8605007205666961 -0.23589346396966349
0.5948040274788085 -0.6203349185584361 0.361928248524233
1.9903745394855434 -0.7301857592966225 -0.21620628821893106
-0.09004566753831966 -0.3118795618152195 0.28777959358648886
2.115104874059462 -0.5864933874094582 -0.20520517814202677
-0.9732864019422607 0.04159855498108733 0.19295003426031698
2.2013492070796374 -0.43561414256169506 -0.19883606421990763
-1.1235658841195928 0.25200849880088505 0.17378165733770956
-0.09435741922197138 0.21853433556039725 0.27668216240362753
-1.57985618222137 -0.9399752981009879 -0.8006884812120951
-0.0831516507305281 0.39319391026415573 0.2741601706738912
-1.1625234809562741 -0.8355717358056562 -0.7535764931444682
-1.0091868649504576 -0.8545820159323032 0.11780860435919394
-0.05672521228856908 0.5647586821366541 0.2731516600842916
0.20179542329461242 -0.9098916426053325 -0.5907723664049662
0.4650899892867386 -0.9501429141651929 0.2691719771619283
-0.0005418133557597571 0.7298798197843155 0.275169158100649
0.9845413878402525 -0.8836859206608505 -0.49893400657220255
0.5454161962479276 -0.7918435641982491 0.27430274498419394
0.6243230536529154 0.7683090820614105 0.3362033606763326
1.8497362803293171 -0.8788307371515174 -0.39695761191888224
0.6653231144380101 -0.6415436921754445 0.28353812706427206
0.5356259378618944 0.9638398935076093 0.32308843147711386
1.9447534212479383 -0.7285548629195482 -0.38920519340081583
0.2049795231944742 -0.37766648532602076 0.23171546471075644
2.1522125860878205 -0.6012548706963656 -0.36773655402703653
0.4481277139460573 -0.251236636822874 0.25377872002081503
2.218923317779705 -0.4465248957191026 -0.3635623215441264
-1.1114938489491948 0.24161838698396387 0.08599689018683065
-0.1068109550575258 0.2133697437004578 0.18810250771002401
-0.022627603661710793 0.37263449581803165 0.19323327553228964
-0.685603842824527 -0.8770311268050204 0.06294515144781698
0.04262687953669797 0.535623796381504 0.19631221306280722
0.10378677282872673 -0.8469106486746654 0.1438200713391744
0.1084225768047773 0.6982739492332186 0.1993906737561666
1.3967522595047868 -0.9266211967359723 -0.7038719414476908
0.6534242091207716 -0.7766366838955729 0.19912841331915487
0.6651285023822879 0.7515677710641278 0.2542917968030416
1.788705115273629 -0.8321385714051459 -0.6578185318712748
1.0027978504472657 -0.6712667975813567 0.23304393303351034
-0.9441306691726936 -0.2936865495342609 0.7341926337476217
0.5472808292640394 0.9535091487050558 0.2378728629346334
1.9763156592457776 -0.6999398033163562 -0.6379039047960795
1.0888887473111666 -0.5161858370121681 0.23878362190680136
2.120505728103346 -0.5601387200885846 -0.6235902069811381
1.1267253044905274 -0.35178210004117716 0.23930528175787558
1.1700129846162497 -0.18852665361542087 0.24034907829718222
1.1749158420633137 -0.017340062377764198 0.2372181655164205
1.1707094514266174 0.15599405342527106 0.23304393303351034
-0.816072448061135 -0.923180490886848 -0.0380193947557963
0.007441103616308453 -0.897859733570078 0.047914290546938076
-1.4127986178508039 -0.6167301266101131 0.6085860968823873
0.6986057440984013 -0.8532631162388054 0.11952521812872519
-0.7001951598636253 -0.5712880903437956 0.672662997364565
1.091682935232349 -0.7560591712028195 0.15877892982916464
-0.3985341915147771 -0.45150693673869213 0.6980173827405416
1.2750572557701858 -0.620343737349117 0.1752231360669576
-0.35556013616261595 -0.2828560386558472 0.6989391089673482
1.3125329135798438 -0.4565786563654033 0.17575337898687948
-0.3266508063990017 -0.11145394708998069 0.698478484272524
1.3457111298531856 -0.2919782224788552 0.17575337898687948
-0.3508054472178088 0.07079153266454341 0.6929466964002096
1.3794580466313704 -0.12749144664292444 0.17575337898687948
-0.37915503309965004 0.25434155859692886 0.6869538069959127
1.3554010538920451 0.04916710356467391 0.16938807976202597
-0.46039987134059146 0.4495155407149607 0.6758897544141256
-0.36563887243846693 0.6077644757319938 0.6814220191235982
-0.9150092702228463 -0.7704596143170725 -0.13995716559930216
-0.0035685009447590232 -0.7633695080245761 -0.04291412818475138
-1.3865871110149186 -0.49439070880597136 0.519612574696108
0.7266787184729253 -0.7279174149417145 0.034181380390688076
-0.5615379826764553 -0.4722440587593546 0.5956995726819478
1.2175103926157718 -0.6507919610025859 0.0848596335645162
0.04807986840855705 -0.4137336280467174 0.6511209250684225
1.4742822083949818 -0.5304460619844455 0.10965945732550253
0.09605788680701721 -0.24763609528510422 0.6525299788709127
1.5754022266020442 -0.380217132949074 0.1172073127026998
0.1348481093784173 -0.07977970709255011 0.6529996634717428
1.6088461814767925 -0.21653696057475003 0.1172073127026998
0.16447118924470772 0.08994143733705862 0.6525299788709127
1.6428535418160664 -0.05296941359494056 0.1172073127026998
0.1654596809477269 0.265703196783992 0.6492421866651021
1.5947932518961565 0.12811200590260974 0.10804250252203573
0.15248161527136972 0.4447054246142006 0.6445458174939596
-0.7836922142239118 -0.9624080265956039 -0.21057484138055216
0.0477396280696567 0.6439947009125326 0.6309249640698873
0.18122469040434908 -0.9627514557170258 -0.10594389426751505
-1.0663146311816476 -0.7235883178534124 0.46459987175421347
1.0527205438005822 -0.952249069453055 -0.011721825480893955
-0.23191751194868004 -0.7017449800727942 0.5430510283704244
1.4990509418773357 -0.8662991754953016 0.034841799854799405
0.22565226855304132 -0.6133755205930438 0.5846684218640767
1.7161433726016853 -0.7385583999040861 0.055658125996156826
0.24363291522970343 -0.4421093597843111 0.5832336188550435
1.831193233727987 -0.5918568382046985 0.06497075569586386
0.2426945591105678 -0.2669694226249284 0.5798852683301412
1.8687650324418996 -0.43005074752944594 0.06551864159063925
0.2619023375400147 -0.095667759454507 0.5784495116467916
1.9003536567442794 -0.2755175703551025 0.06551864159063925
0.24098553289896785 0.07525020967222673 0.5731876136060201
-1.704621582140895 -0.7766053903727048 -0.40417597281976114
0.22244901392203076 0.2548362899270433 0.5679261924024068
-0.6708921702716069 -0.7866725092525293 -0.2900984047655619
0.2678443702493922 0.4211626802878854 0.5688827277417623
0.2889014544971147 -0.7900346715572812 -0.1843673943285502
-0.7043157030142453 -0.5939102829008096 0.40838315498785605
1.301738316333541 -0.8102932469043598 -0.07251522529168497
0.04673410902775288 -0.5604100459798964 0.47997882378058065
1.5726222281219577 -0.6924274616575445 -0.04524776923699747
0.10396812140060518 -0.39617261179167507 0.482414031147524
1.8681093315032768 -0.5811929315553375 -0.015197968364194736
0.15688423675493368 -0.23124698729318105 0.4843619109387838
1.9933677866296904 -0.4373149927728246 -0.004625534892515049
-1.1404500375080175 0.20789182505275683 0.3513987303967916
2.0509391486062682 -0.2801128257387884 -0.001842713237241611
0.4057085204706752 0.0686150979990714 0.5023830176587545
2.0166484192358 -0.10377520491202574 -0.009633278727964267
0.24593910912906125 0.2773745715143434 0.4829008818860494
-1.6935524410415113 -1.003485764244024 -0.4974958657030619
-0.02486627813147635 0.5113310952080727 0.4522173644299947
-0.7040373537654645 -1.001241954717095 -0.38655636298699747
-1.5715021305229797 -0.8447601440738435 0.23978736412481894
-0.14389942271152734 0.7144792841044634 0.4366319419141256
0.1334146132821843 -0.9779249766062996 -0.2931635140184916
-0.7029224366691125 -0.8240428001780575 0.3245575667615377
1.107129992713567 -0.9859974100049005 -0.1839225052599467
0.10160900501561798 -0.797356073338447 0.4028833152051412
1.6068884245906503 -0.910250117056421 -0.12958500373406778
0.40726383381807096 -0.6808546921625869 0.43064382088141073
1.7164994459189487 -0.7618722545966659 -0.12052843558831583
-0.1610164299504646 -0.39605373997656024 0.3696687461133443
1.9288947773873986 -0.6344576290245403 -0.09958622443719278
-1.1573397183855718 -0.02193997276940962 0.2650697470899068
2.1367403698322534 -0.5074308707401602 -0.07920954215569864
-1.1421360546406376 0.15522403759898928 0.26308705818609823
-1.106814072181848 0.32839305396135465 0.26308705818609823
-0.08719073199902994 0.29547181759524577 0.3632242919202291
0.0264783684161074 0.4483678137662661 0.3711564780469381
0.39347213525784497 0.5458107803391439 0.4048660041089498
