-0.3196528291200096 0.026299323457864787 0.6362565616703897
-0.3912060277757732 0.40698233370141423 0.6332248310185342
-1.6770269088586574 -0.8670823245569617 -0.6497565647029013
-0.7314647070707565 -0.8289053264789139 -0.5414797206782431
-1.0396213788671531 -0.7716527775520134 0.21040617028245023
0.35103758183987566 -0.8191483614913722 -0.4169904132746787
0.310036447152072 -0.8036603036992132 0.3460935215092569
1.2369138981373808 -0.784858720569555 -0.3156615634821982
0.3823824091528394 -0.6364853553277872 0.3506330112553506
1.6913220222515122 -0.6847679650897316 -0.26528657874098727
-1.409225302082298 -0.15847510586453772 0.163495407495585
1.8912473662743707 -0.5443907624593862 -0.24502099951735445
-1.5013937785462304 0.04282172471475576 0.15088497200974516
1.9692297550305327 -0.3840324442166665 -0.2392312427424521
-1.5388804786329189 0.2354720883856789 0.14382349053391508
2.0232933615220148 -0.21977574493756258 -0.23633588751784274
-0.3365143478538144 0.20828838641457637 0.26437841454514555
-0.2265029306019528 0.37072864271748607 0.27244888344773344
-0.9648997794437335 -0.9837028443683611 -0.7489773174189658
-0.23337248318820514 0.5542219716192793 0.2684138874150186
-0.6239201417813618 -0.8446014560467496 0.16240297356614164
-0.2444677291771029 0.7387985248529141 0.26387392083176664
0.32253912064009427 -0.8135200883778806 0.25835119286545805
1.2362411175720354 -0.792455974618651 -0.4913526912592978
1.6414930963156635 -0.6841033531887231 -0.4454332729243369
-0.5968613026284544 -0.3021270813670487 0.1562455753422647
1.6602752628164907 -0.5126949488298145 -0.4466263194941611
-1.2778775400637485 -0.003471131362486446 0.08184705773362211
1.9926880928992219 -0.3957096953157091 -0.4096523662470908
-1.4331191048956526 0.20884450218695072 0.06234918633469633
2.0271468181248267 -0.22806181596989994 -0.4090563197993369
-0.3730336403949792 0.2067385340778074 0.17009912529954008
-0.33645350670792595 0.3826238506514201 0.17061220208176664
-1.4033527943363708 -0.8697066029353371 -0.008846892919454064
-0.30414957656971353 0.5592671636643303 0.17061220208176664
-0.37812781304773324 -0.8456313116120704 0.0970734218693643
0.3006303492728222 0.6280810918449138 0.23064456978806547
1.378004595700574 -0.954610247690181 -0.7344747920893759
0.27837448425277955 -0.7695830326475548 0.1638601879216104
0.3728605206303328 0.7949967910364002 0.23474918404587797
1.4350044197345753 -0.7887514403775704 -0.7307411571406455
0.6943219073256088 -0.6586128221099212 0.20508085289963773
0.2943366676541572 0.9911119863522 0.22294794121750883
1.3751345483424302 -0.6035549075638862 -0.7419430156611533
0.8406961571868763 -0.5052785680962231 0.21760307351121
1.3599712443529057 -0.42535888657136667 -0.7475444217585654
0.8747906370906691 -0.33357733879385165 0.21812521019944242
0.9094879191302851 -0.16201545695337316 0.21864639321335844
0.9154089651001556 0.014642254774859254 0.21603809395798734
0.921956957320873 0.19136448028864272 0.21342884102829984
-1.6799549908762756 -0.9005015442872084 -0.12974323233595797
0.890027052512032 0.37539998059977187 0.2066458324528604
-0.5221502296017135 -0.8946391290072881 -0.007738723363790001
0.9760470987172241 0.5375962397625642 0.2123855213261514
0.29132582392341533 -0.8421551788508141 0.07713352242478422
0.7207947301099651 0.7651705916408407 0.18160043755539945
0.8051922037847774 -0.7466228018943326 0.12964807549485258
1.0346360899119702 -0.6073471800436483 0.1513970951176553
1.1566086310179742 -0.45128225604976535 0.16147552529343656
1.1957897398208885 -0.28154598632747074 0.16253648797043851
-0.8169447331454336 0.08547058365016369 0.6751149753666787
1.2061880316520686 -0.10678391773131324 0.1604145626164346
-0.8101873235590702 0.26813178595183196 0.672810421381083
1.192744025864961 0.07241625424450682 0.15564094582566312
-0.7929787818744813 0.44908153083094327 0.6714271167851358
1.1799454447343436 0.2518200868410716 0.15086637536057523
-1.7818718415848025 -0.7444509840088944 -0.23595918616286227
0.9821194752944677 0.4662602332716581 0.12593494454392484
-0.6340223278351687 -0.7396092196903936 -0.11303724249831149
0.1942450890228571 -0.6911467159086015 -0.02515949210158297
0.9241345417839497 -0.6321707311171512 0.05193601647385648
-0.553851786451105 -0.3789783791019623 0.6156633953190713
1.2469819194934004 -0.5095372960746722 0.08428369561204008
-0.38676358862262106 -0.22478668951447212 0.6288140873051553
1.3692361247058855 -0.35445967265028067 0.09452758828171781
-0.34677198464552106 -0.04965831719561109 0.6297534565068155
1.4332259943828873 -0.18979591109115113 0.09830127755173734
-0.30126667323812484 0.12442787260464883 0.6311625103093057
1.4684209750306252 -0.02020828128188512 0.09884058037766508
-0.32865667353017614 0.31151104199932256 0.625526771936503
1.4993113387361632 0.15013128772633166 0.09884058037766508
-0.38473195671805627 0.5042820144488189 0.6170724491215616
-1.7489780365882268 -0.9250175787352513 -0.3223573108576865
1.4819289693623006 0.32949209787675393 0.09344945946702055
-0.4547584104872584 0.7002948032023752 0.6072095493412881
-1.6914492794006648 -0.7387546349271705 0.42247568169602445
0.4425207898906862 -0.8996716748315725 -0.0840622325800986
-0.8814318818321567 -0.6811290417917455 0.4985350231266885
1.1915523298973483 -0.8423868594447201 -0.003534926977071251
-0.19939698940071793 -0.6083810807554997 0.5621570209599405
1.4892540758755146 -0.715652066376947 0.026594505701151405
-0.07234634027398101 -0.4484633740681918 0.571724281702128
1.6059289604032116 -0.5602791344756763 0.03645502129563383
-0.06257230479484122 -0.2694252879662091 0.5698107341862588
1.6790009087530393 -0.3980135562090421 0.041385040674295936
-0.04725712731936227 -0.09119050762843273 0.5683759311772256
1.7134681398346032 -0.22926683857847152 0.04193292656907133
-0.07052404669767753 0.0939430271327506 0.5631135562992959
1.738730307328872 -0.05889999187983186 0.041385040674295936
-0.09310834641961208 0.2793531948717991 0.5578516582585245
-1.6162212880719906 -0.7493148163811476 -0.40355600317946383
-0.13131475776049228 0.4589183448640295 0.5511544803715616
-0.3840509279364781 -0.7497366286841132 -0.26721919974318453
0.6105748742902151 -0.7295495381308275 -0.15759290656081149
1.3056796395421486 -0.6666577270757124 -0.0819116969966025
0.02768646966915611 -0.4459130235860833 0.49147831002244047
1.4763900503055822 -0.5197899096818599 -0.06577409705153414
0.05219123730426389 -0.26970626936515174 0.4909909824467569
1.623047690367251 -0.36978618599048474 -0.05241884192458102
0.0773160211804651 -0.09357066197739528 0.4905036548710733
1.775042146289671 -0.22156604891548426 -0.03850664099684664
0.06385670326380932 0.08942025182807001 0.48612056771287016
1.9225967325324476 -0.07342739358687922 -0.025151385869893517
0.09023688213071068 0.2655505116801429 0.48563324013718656
-0.07363923352677659 0.4766947893146387 0.4661515812016397
-1.7066859147180296 -0.9570791264108527 -0.5122276683711142
0.1203956941555262 0.6221587216020446 0.4822243312931924
-0.5153950022460947 -0.9549007979045525 -0.3780819316767783
-0.027310033960652902 0.8317593437644888 0.4642032245732217
0.4642545757008847 -0.9276797691368346 -0.26827444037428805
1.2718060657254426 -0.8795296831955017 -0.17827810248366305
0.15156617696727182 -0.6989524500182718 0.41800437966355375
1.5202710869622678 -0.7448421277113759 -0.15280689200392672
-0.5808323656253194 -0.3986227453293747 0.3411658863163858
1.514339599260886 -0.568905841391695 -0.15676893195143649
-1.5815738146811213 -0.047653116986706934 0.23706232110032133
1.7636340594044029 -0.4366027253996432 -0.13129867514601656
-1.511533923667315 0.12658903691141 0.24102817574509672
1.9202817587766674 -0.2896215226658114 -0.11658204993239352
0.14192143629263398 0.022579305832501007 0.4051149944401651
-0.26779446640932747 0.2765183609329185 0.3604997257328897
-0.847650104867185 0.5647347192441838 0.298533306512919
0.06080858449018223 0.5799846370478079 0.3872688869572549
