-0.17570268635455122 0.07299678706237955 0.2170906418659735
-1.3646700326743364 -0.8746694246349165 -0.5245113021037531
-2.0256770699515343 -1.097045236091013 -1.1207537299296808
-2.541337317485006 0.12937326301846497 0.9397492760517645
-0.6548661572993133 -0.9339622321939203 -0.015525782694573387
-0.14284432089947074 0.25166998362949045 0.19034961403394224
-1.2824225134141578 -0.8720567808570934 -0.5207595473430109
-1.9539624147792694 -1.0645144365237442 -1.1228360777995539
-2.4639024941755565 0.1590986020232279 0.9386754387714911
-0.5674974183810093 -0.9527692420836047 -0.008779013743157371
-0.055566043058448145 0.25553080134592676 0.19245866478467466
-1.1899398762382027 -0.8869771993022724 -0.5132593756816339
-1.8795501807166737 -1.015613484830176 -1.1282214766643
-2.3840497894100388 0.19474960892408433 0.9369323605396795
-0.4823525101888677 -0.9518954259637056 -0.005500281443352684
0.3452569645034309 -0.8481019732829935 0.3765807503559637
-1.0946100953205828 -0.8856950209754615 -0.5087017661235285
-1.797589815793227 -0.9746651547838141 -1.1315254813334894
-2.299965320783059 0.23165539394508983 0.9351356381275702
-0.3948573894075942 -0.9454478545587932 -0.0031227713725519024
0.4168684918950092 -0.8184241000482331 0.3741045349934149
-1.0095133289078184 -0.8933703777188526 -0.5030350333354425
-1.725419020870163 -0.9428749053028156 -1.1336011534831476
-0.30985416601245674 -0.9452324067375599 0.00016645134473325385
0.46440724131048583 -0.6829992170175672 0.3543796891071844
-0.923757197985914 -0.8907605812165755 -0.49931284247850893
-1.650909630330517 -0.9053205173875796 -1.136794531931634
-0.22208475800236727 -0.954768252539786 0.005174195180182473
0.5115547848775535 -0.5428504206462748 0.3338656777241278
-0.8396055924453165 -0.8838168862610871 -0.49653526603197573
-1.5778975880146788 -0.8634240287267545 -1.141053164591546
-0.1386896115078926 -0.9504860766085841 0.007617031941657082
0.5645910049850364 -0.4218795633424435 0.316473519215827
-0.746393116907555 -0.9051909164481415 -0.48805376349901675
-1.5030482395294769 -0.826359023409097 -1.1442417746684503
-0.052561444925832035 -0.9559578342205199 0.01177934349561216
0.5962972900081276 -0.2149107937031971 0.2849903458454657
-0.6639273676358606 -0.8942333049984725 -0.4862150794169855
0.029320735675575804 -0.9475767876235395 0.013374840626959816
0.6402802304526212 -0.050972623877676426 0.26054004372144224
-0.5799894376341079 -0.8882531758740413 -0.4834222441813898
0.11389991229379248 -0.9489630728193745 0.01668981255078794
0.6291914992106662 0.33814729528450727 0.19927982033277036
-0.48875380093514664 -0.906005136471066 -0.4758720046184015
0.19570283245562337 -0.9411836495156365 0.018294369588141457
0.676117285442885 0.5022071707560016 0.17480233849072935
-0.4078913442518619 -0.8913056613920958 -0.474969351877923
0.2933926063122456 -0.990637706401337 0.030199086079840676
-0.32270463880241707 -0.8909762247103998 -0.47121044455980776
0.3919709822084094 -1.045252159314984 0.04297164619946958
-0.234762980532782 -0.9003646412138764 -0.4655437117717218
0.4629464078927228 -1.0004578481276596 0.03772739113355161
-0.15398264713240906 -0.8865784410730484 -0.4646281844279718
0.5252316589462751 -0.9225886743050467 0.026474034199957863
-0.07457207509688502 -0.868370876409486 -0.46466013251757143
0.6043579244333586 -0.9067942114385517 0.026383911977057473
0.02543096164453118 -0.921148179995761 -0.45041176139330386
0.6785539969331325 -0.8722143494520864 0.022860562215094582
0.11145049427760867 -0.9271679546647889 -0.4456739073893976
0.7443358755392211 -0.8044824800458628 0.013325726399664894
0.1986876574791978 -0.9382425153675982 -0.4399780875346613
0.8068955543584053 -0.7226165579566199 0.0012112015583563007
0.27916618049269104 -0.9260135448648015 -0.4390372878215265
0.8604210754441155 -0.602684504134281 -0.01778169929003237
0.36095744508228833 -0.9188072178399835 -0.4371409064433527
0.91236279630753 -0.473286033866259 -0.03849979697679995
0.44401127513940963 -0.9166367427164133 -0.4342875128886652
-0.26124094816472265 -0.9182557536516498 -1.054819548716302
0.9616685977988624 -0.3296183188153421 -0.06180330573534487
0.5270056463419017 -0.9147726614758014 -0.43142887412523745
-0.1945217327019222 -0.8575536603908702 -1.0643753653666925
0.9947782949498318 -0.11415210188972225 -0.0980167037150812
0.6111925843384824 -0.9179609735678795 -0.42761179267382143
-0.09419525079920277 -0.9094474035638882 -1.0482229834697199
1.005692502041864 0.20206137096845822 -0.15231176673388003
0.6915728852226373 -0.9072166437671996 -0.42665096580004214
-0.010744430928035342 -0.9055123680789663 -1.0449175482890558
0.7756190577568667 -0.9110223347885125 -0.42282434760546206
0.076711548602578 -0.9159659696258373 -1.0383925086162042
0.8583638717289581 -0.9103821294670666 -0.4199466353557062
0.16668388507916276 -0.9361464345230814 -1.0297183638713312
0.9339190400156774 -0.8814787322336315 -0.4227871543071222
0.22079401947100052 -0.8297326040733566 -1.0499801283976984
1.0025803780589015 -0.8242271668392078 -0.43135162650560854
1.0646513241762285 -0.7385646667833186 -0.4456424361369562
1.1158788233474404 -0.6053165950441439 -0.46948238669847964
1.1612482839191713 -0.44348553921518885 -0.49905582725023745
1.1955426599695649 -0.22910215676024137 -0.5391435271403742
1.2095253266204864 0.08103725231690362 -0.598347151865716
-2.195008134571598 -0.19333187989330014 0.9245658272602606
-2.1180964138850698 -0.1539661811480002 0.9222038143971014
-1.9188517381979864 -0.44516319186619313 0.9645362252094793
-1.8223049001069036 -0.46263344471627477 0.9697509163715887
-1.781690710913157 -0.3265794446478836 0.9541850441792059
-1.7719852542497776 -0.10181092847595608 0.926639592061286
-1.7368838550614107 0.06849251264605982 0.9065885895588446
-2.2212889063225383 -0.6021917642162791 0.888340031514411
-1.6621389790706225 0.11569148066741519 0.9029770249226141
-2.1264097552661134 -0.613710210595066 0.8930616730549383
-1.5806751755016002 0.1439004691972272 0.901889836201911
-2.0422331083520255 -0.5977870934577112 0.8939128273823309
-1.493560077972166 0.14228428604445753 0.9046469086506415
-1.9642110712505882 -0.5897563173867866 0.8955231064655829
-1.4192677224317372 0.17792992902830207 0.9023590439655829
-1.8719371166221421 -0.6084350394209963 0.9009638184406805
-1.324996176466449 0.1676642078135231 0.9063334816792059
-1.7907569257466847 -0.5733919288792819 0.8991876000263739
-1.2365279980151342 0.16039027772400516 0.9097366684773016
-1.6959389751914955 -0.6128324837894681 0.9072828644611883
-1.6107955879946623 -0.5770113167337954 0.9054618233540106
-2.2561701345554397 -0.7238745115107577 0.7743292206623602
-1.5350646866496156 -0.5396276802891791 0.9031029099323797
-2.170137792960144 -0.7013241129848993 0.7745271080830145
-1.4519315606962522 -0.5104714377458777 0.901988541493659
-2.0721001380474213 -0.7222603050143732 0.7808328026630926
-1.3807694194971205 -0.4595702490902127 0.8976898545124579
-1.991803063541571 -0.697255135696679 0.7804231995441961
-1.3093522899789534 -0.40887890304073693 0.8933921212055731
-1.8975753090216827 -0.7096632831806033 0.7853975647785711
-1.2408537595104434 -0.3490249519461841 0.8877983445026922
-1.810403812200697 -0.7038658557196484 0.7876873368122626
-1.164160605634084 -0.31288478769426575 0.8854484909870672
-1.7215915495888083 -0.7030579403065573 0.7906551712849188
-1.0826421868615057 -0.2911087860162027 0.8850479477741766
-1.631191532558116 -0.7072545067818865 0.7943029755451727
-1.0041439587485286 -0.26020634794548414 0.8833523148396063
-1.545929257568666 -0.6978019842602166 0.795935189137702
-2.2273829142761876 -0.8715658744127737 0.582065617451911
-0.9285703809700578 -0.2201360823825098 0.8803601616718817
-1.4606945648589758 -0.6886809613331764 0.7975726479389715
-2.181488674326655 -0.758310364480991 0.5681105011799383
-0.8467752419845915 -0.19920760488442113 0.8799686783649969
-1.3754959116599288 -0.6798787284270844 0.7992148751118231
-2.0676692233508227 -0.8207193217717901 0.5813289040424872
-0.7723823491291135 -0.15492634715684517 0.8763318413593817
-1.2870961925317594 -0.6807552178583975 0.8022098893024969
-2.0192623525342484 -0.7124281298515953 0.5680871361591864
-0.6948167793996198 -0.12035492130848269 0.8739962929585028
-1.200396822748349 -0.6772944670034136 0.8045368546345282
-1.975413683304943 -0.5903029530857182 0.5526938790180731
-0.6185581416399053 -0.08130513430091924 0.871013199696784
-1.1121845455314237 -0.6788532605843827 0.8075428360798407
-1.8963977474786589 -0.5610009986717159 0.5516128891804266
-0.5449999333169941 -0.033011094594968426 0.8667307251789618
-1.028785830138606 -0.6666558762902781 0.8085308426716376
-1.817278246713851 -0.5319805045904573 0.5505342835285711
-0.4811620130218657 0.048279210537650386 0.8578944558002997
-0.9391816822051275 -0.6735833545643715 0.8122229927876043
-1.727930122594291 -0.531140574628246 0.5537572258808661
-0.40557177142053646 0.09137772303484581 0.8542642945148993
-0.849718381413556 -0.680858807647418 0.8159208649494696
-1.640348737573884 -0.5259911765009377 0.5562692040302801
-0.3255925555889654 0.11996677147706691 0.8525882119038153
-2.2514748817478853 -0.8751171880768425 0.2828445786335516
-0.7679969348194895 -0.6649116267276156 0.8162479752399969
-1.4468626146004269 -0.8196160339112097 0.6046600693562079
-0.24961993634845214 0.16256183652836853 0.8489613884785223
-2.162715525728924 -0.8724873934203643 0.2864103669025946
-0.6787356087347582 -0.6728604488522052 0.819957291493659
-1.3588162395200492 -0.8201686389112055 0.6079135292866278
-0.1666412937965731 0.18107294779933625 0.8485937470295477
-2.1006093463345508 -0.8010392032167388 0.27834800423169614
-0.6000278633579441 -0.6480792003016518 0.8189416283466864
-1.2692460452695222 -0.8257429912218583 0.6118893975117254
-0.08495865933791791 0.20406471581117103 0.847578083882575
-2.006521141104219 -0.8128648999335937 0.284249340901618
-0.5124093745719769 -0.6519559438473692 0.8219852799274969
-1.1798106347361212 -0.8316660423322517 0.6158719414570379
-1.936960351104517 -0.7603493349795301 0.27929309547925474
-0.43217778904510595 -0.6324883390096119 0.8216534012653876
-1.0952831355188444 -0.8238825486868322 0.6177068108418036
-1.8585238464728384 -0.731191790306859 0.2782187813618231
-0.35476847644736154 -0.6038252316778312 0.8199725502827215
-1.0170902703117406 -0.797651750947928 0.6166758889057684
0.21352196572040327 0.07509690055838547 0.8712959641315985
-1.7799881958969728 -0.7023049785392317 0.2771473282673407
-0.27866407063115517 -0.5706825050316624 0.8176174515583563
-0.9286637285404638 -0.7891884384254837 0.618468319783454
-1.6974171761589538 -0.672267435879661 0.2760253304340887
-2.422928931946551 -0.9077625584504929 -0.10203262626146792
-0.19564609770842623 -0.5461381161648973 0.8165688866474676
-0.8387348831540749 -0.7857782034842131 0.6209845894672918
-1.6180786110876788 -0.633244308404393 0.2733531349995184
-2.333827788574073 -0.8937066139628769 -0.09977432548021792
-0.11906796390177377 -0.5289447217512944 0.8162999504902411
-0.7621487209524886 -0.7817920915667642 0.6229405754902411
-1.5586945546414022 -0.5754240969663087 0.2669568413593817
-2.2291441147385846 -0.9426688908665426 -0.08632990180468081
-0.03848877103366988 -0.5108778938351932 0.8159847611286688
-0.6747625516372686 -0.7850003088803561 0.6262369507648993
-1.4746912792201137 -0.5615622352320457 0.268227612385993
-2.140627404970317 -0.9400506226856464 -0.08230158149218081
0.04077945162811503 -0.4883307226138882 0.8149958008625555
-0.5845039034644621 -0.7979791115253434 0.6309762352802801
-1.3110671353554473 -0.7765600536873549 0.30760291756177427
-2.0751689879048634 -0.8780031113618065 -0.08934589683031557
-0.5017993905394427 -0.7876994955802914 0.6321268433430243
-1.234302007116586 -0.7449154895721648 0.30578187645459654
-1.9515918851988978 -0.96810380641584 -0.06826015769457339
0.25239518718607457 -0.6350444260925627 0.8401432389118719
-0.41473132363654486 -0.7919092087946566 0.6354389542439032
0.7642756193165781 0.30265535794274 0.8532944077351141
-1.1621862503554716 -0.6995070529640941 0.3016295784809637
-1.865187333263485 -0.9619610087809178 -0.06506630240892886
0.3429677288167774 -0.6565226316198718 0.845274960408454
-0.3220109643602811 -0.8153853336701502 0.641635929951911
-1.083542331028152 -0.6730544181810814 0.3005910271503973
-1.7788435159952805 -0.9561478522039195 -0.06186672507738589
0.3457502006200279 -0.35307641835699144 0.8042884224751043
-0.24236872405037246 -0.7965892437647568 0.6413617485859442
-1.037557650005251 -0.5484615444475125 0.283209359059577
-1.6891572260992618 -0.9599076049063697 -0.056956256022210106
0.42048429535424603 -0.3127193199450673 0.800599610219245
-0.15704302774810586 -0.7970491868432603 0.6439714783527899
-0.9506714783666936 -0.5459041798630722 0.2860656136372137
-1.6012822658634178 -0.9593990642271066 -0.052892649760003074
0.5355615898704542 -0.425965407700005 0.8186312073566961
-0.07458091821500545 -0.7883392937936762 0.6451459282734442
-0.8638609913685151 -0.5436722713158773 0.2889275902607489
-2.252947958532399 -0.8730189385588076 -0.5735287314555597
-1.513504052225617 -0.9592290643990751 -0.048823321451897606
0.7017409246262645 -0.7411848344256953 0.8651929253437567
0.010605989253431147 -0.7894333514717218 0.647765194783454
-0.691041042847683 -0.8098076497294642 0.3362012261250067
-2.165978085540555 -0.8656671686131077 -0.5698833113810968
-1.4241691628085178 -0.9640424359420834 -0.04389520942186831
0.754567582450921 -0.620402550301641 0.8499846810200262
0.09026850466572256 -0.771814757904842 0.6475072258808661
-0.6023305723835186 -0.8179504926372303 0.3406439179279852
-2.073780660289035 -0.8723982024253516 -0.5633926039836359
-1.3349650188719941 -0.9692064884308209 -0.03896089850878237
0.17534536883337282 -0.7735295628350514 0.6501360291340399
-0.5211512957003848 -0.802874555462239 0.3411960953571844
-1.9869699372727574 -0.865733614738474 -0.5597362166545343
-1.247516309400293 -0.9700675224545137 -0.03487392722582339
0.775888749685862 -0.028048798687336784 0.7699480408527899
0.2629887704755589 -0.7851062201216052 0.6542129868366766
-0.8007737568128235 0.37722211533571226 0.14916518867993833
-1.8898473440852506 -0.8869688371637636 -0.5503921157023859
-1.1585619224730799 -0.9759301379909857 -0.029928172220940574
0.8474786092799107 0.030159865278534426 0.7635465020039129
0.34261570551460707 -0.7683854592925528 0.6539678925373602
-0.7198120388678539 0.40712662017278944 0.14733270348096372
-1.7998252382597393 -0.8902055990512565 -0.5448283797404718
-1.0697463453596079 -0.9821349717248395 -0.024975741495842918
0.913640876214977 0.11223401437880653 0.7537455910542059
0.4261598629038801 -0.7662741306854031 0.6558909767963934
-0.6215965446073 0.38001812220753806 0.15486434639478208
-1.7184093612513145 -0.8707657044849171 -0.543997729410882
-0.9905028961738083 -0.9606765196526865 -0.025145972361321434
0.9780337341457788 0.2037715426873845 0.7425828331806708
0.5121949249869644 -0.7740312233314626 0.6592622155048895
-0.5278916274506287 0.3667103231612927 0.16006330193067075
-1.7243321447620517 -0.611753707310946 -0.5924448615214777
-0.9018585594656834 -0.9675535922946494 -0.02018305121874331
1.048221853357763 0.29126136987598983 0.7320495003559637
0.6034188435114594 -0.7705035296297567 0.6610999459126043
-0.43310191995754366 0.3791357562122144 0.1612625473835516
-1.6058451404764007 -0.6683034183846104 -0.5756082183024835
-0.814092942015666 -0.9594649539761448 -0.01783033668016909
0.677673690633501 -0.7665870445431793 0.6624107712605047
-0.2666076829129622 0.08291093129954419 0.21264127434278013
-1.4508872144782323 -0.8789578340552353 -0.5282063132426691
-0.7326148121265739 -0.9589110978733331 -0.014515841593499168
-1.8191080761911742 0.8615227016411495 -0.16641231833910464
-1.5910007664024768 0.4194881389804834 0.612517392049079
-0.39266556783827866 0.7461907112266601 -0.6322402602336359
-0.3795758119218142 0.7233264761484506 0.5059385651447821
-1.9696065066032915 0.8432388659009007 -0.15956636725878237
-1.8874116728966293 0.6729724651764002 0.6506071442463446
-0.5694088298229438 0.7652012465155309 -0.6182627326152277
-0.517285732026771 0.6734136089502911 0.5085907334187079
-2.1453862277456466 0.8738821809489963 -0.14587541877245425
-2.0361417854587955 0.6507394152274344 0.6558251732685614
-0.7360432998782471 0.7677409313832371 -0.6069473868510675
-0.6746188317230555 0.6586889205193245 0.5154867524006415
-0.45633891811907645 0.24146450873772807 1.0534675473072577
-2.297798206904414 0.8613210636968134 -0.1384071952006769
-2.1021019968157617 0.47032749563753384 0.6422586792805243
-0.907245166926888 0.7796583922486136 -0.5943007117412042
-0.8148294272045575 0.6142373083921271 0.5186696404316473
-0.44999221502441245 -0.06888473338328538 1.028113161931281
-2.459174477940092 0.8670151500210252 -0.12844988166307925
-2.2284123795482067 0.40481751271676103 0.6422586792805243
-1.0709123072763198 0.7793305717476002 -0.5836510306498957
-0.8032944201830468 0.2963510871176709 0.48843339622998716
-0.46244283389710716 -0.3492317002069001 1.0059860104420233
0.4042543113007788 0.6020656396876731 0.3788190239765692
-2.633853168857577 0.8998918493700927 -0.11475845633959292
-1.9289179596670536 -0.4924054424759987 0.544165169606452
-1.236722983516536 0.7840481706127989 -0.5723356848857355
-0.97332214943075 0.3047405982993894 0.49798158348584654
-0.5245306281838111 -0.5426506855266098 0.9930785054066229
0.2985357544846252 0.4935218428912691 0.3745060318806219
-1.9978253942256927 -0.6782320843583918 0.5300774926044989
-1.4046311226151396 0.7938398118748466 -0.5603546744487238
-0.5696468192425534 -0.7382173277705775 0.3796906823017645
-0.6162890286077136 -0.6836225354965819 0.985702788243537
0.1873136470624388 0.3938640517127183 0.3712711685993719
-1.572228558678411 0.8043633881995547 -0.5483736640117121
-1.3171847641952183 0.33248793652386155 0.5181389206745672
-0.8223375148915082 -0.6141339272695845 1.0004542225697088
-0.0836112804469451 0.5699457565935333 0.40254071892285825
-2.6005218984266563 -0.12423467335039362 0.6104307526447821
-1.7254670286765759 0.7894116084374119 -0.5403866416118097
-1.5214899140252527 0.40884838721015626 0.5356440895893622
-0.2194806648212264 0.5146375572139306 0.404697453389411
-1.887882577135759 0.7926052924227704 -0.5297369605205011
-1.848692185867634 0.7188708879721375 0.5812631005146551
-0.4931482434224037 0.7017740684335578 0.4370451325275946
-2.0523430428185137 0.8008652447326341 -0.518421614756341
-1.9648610000008482 0.6348760330265364 0.5791411751606512
-0.6430955306344686 0.673939147888639 0.4424362534382391
-0.576628536763856 0.5414650467093765 1.0102620476582098
-2.170614820378173 0.7220038877385662 -0.5204181319377374
-2.1044156360727904 0.5953273432641453 0.5823240631916571
-0.7881306069360505 0.6380364512975234 0.4467492455341864
-0.6127597712036099 0.30990345430899424 0.9928844326832342
0.646455323222316 0.7501895982223843 0.3052716606953192
-2.375840276364464 0.8107309194300072 -0.4971222525737238
-2.163959271296143 0.4018093235711788 0.5669408196308661
-0.9307522532545605 0.5983562820059092 0.4505234116413641
-0.6502601601111913 0.07815592529400561 0.9755063408711004
0.5440305946159611 0.6366728043798986 0.3003411644794989
-2.5349271027969102 0.8122920700151326 -0.48713775931810854
-2.4631707285265456 0.6726132386545913 0.6072550171711493
-0.895969147894526 0.23702064465592088 0.4144015663960028
-0.794748930685266 0.03810170862465867 0.978794133076911
0.4334753379907461 0.5362706406488584 0.29705480278516294
-1.988564856684377 -0.570081604170575 0.46615461052442075
-1.0802830727701327 0.2720040493517004 0.4273405426838446
-0.9392739698087595 -0.0013822393055988869 0.9820816868641424
0.15382930356287972 0.7233082016127952 0.33047059715772154
-2.311230058039076 -0.25430337466774233 0.5117736214497137
-0.8308847062032712 -0.4920411488079921 0.3416190499165106
-1.0861988892341579 -0.03592613174834014 0.9858391636707831
0.015875814632824614 0.6713937597073922 0.3332095497944403
-2.4178143399169514 -0.3635376972408082 0.5064692849018622
-1.4592034677443841 0.36639323405762525 0.45591453255200864
-1.2825663410647508 0.02220599569781001 0.9994597786762762
-0.11969296556734221 0.6156974746668595 0.33540061653638364
-1.68169211842757 0.47852639581004297 0.4780187958576727
-1.4502163325422828 0.028538335055515063 1.0074441784718084
-0.37653702777702946 0.7717716408851842 0.3644342774250555
-0.21707097503266226 0.4790575960395742 0.9150658005573797
-1.928691354317376 0.6401104209653781 0.506053482899909
-1.6036373341997674 0.009179842702856433 1.0126107090809393
-0.5116330711430557 0.7175142284088878 0.3666258210041571
-0.36796096610931883 0.4502328351642291 0.9198491925098944
-2.0659406874981414 0.5960120106121067 0.5087495201923895
-1.7708074317047249 0.016906100963382187 1.0205948704578924
0.5124946661343266 0.9284944770295667 0.25620607079053404
-0.6663981119142939 0.6983985665669437 0.37319949806714536
-0.5285800942405707 0.4393632608164708 0.9265463703968573
-2.157452167037267 0.46420233538134426 0.5006623619892645
-1.9537405475006828 0.056281687705471484 1.0318673008778143
0.5073533673879709 0.6532543058143077 0.23005155266309263
-0.808909359793951 0.6582346002158843 0.3770342224934149
-0.7060290574066173 0.4595745605630128 0.9365918988087225
-2.301986075950367 0.4342425974200381 0.5049753540852118
0.36648884277506966 0.6042962331068225 0.2333898896076727
-0.915277544587461 0.5534458065272645 0.37265161217237
-0.8975781505212765 0.5067019298324169 0.9495077484943915
-2.545934601459372 0.5996574710508895 0.5330100411274481
0.2858932661979061 0.45302319657070456 0.22337344826245786
-1.127582895413017 0.6405318505188546 0.3923726433613348
-1.0573599687759483 0.498036630039671 0.9562046879627752
-2.2274010995932514 -0.3424935648328358 0.4262624138691473
-2.542154558154337 0.2637636361694078 1.074607407460456
0.08451886864838443 0.508017796195503 0.24006799400830747
-1.253307235988835 0.5716225620465636 0.3923726433613348
-1.228878378066323 0.5118906222831114 0.9652934426167059
-2.4457046369039404 -0.22983518938415415 0.44782785118604185
-2.6000156677489237 0.061850989270737955 1.0600476616718817
-0.1137244086265099 0.5596673179509963 0.25620607079053404
-1.4407867264198089 0.6167782898216316 0.40661576927686216
-1.3882118588651338 0.5046131095413031 0.9719908589222479
-0.23973730584594932 0.48721955869537226 0.25620607079053404
-0.26023884081406834 0.5084027856923612 0.846322094807868
-1.6770823943939064 0.7547611441455331 0.4323625916340399
-1.545004055463469 0.4936240812302941 0.9782092923023749
-0.5353505426497769 0.7133108615207817 0.29460242928052427
-0.4257417221010975 0.5056950124140656 0.8541145676472235
-1.8187499045545117 0.7184715749111845 0.4361968392231512
-1.7203367334615933 0.5184329888788497 0.9882548207142401
-0.7022919225425355 0.7159248415406907 0.30406287849927427
-0.598340142678353 0.5167134231716446 0.8633685463764715
0.6649698882357811 1.025398329291832 0.1757727021076727
-1.9325970443316471 0.6300000430054666 0.4334578865864325
-1.8906183576156543 0.5352289407328286 0.9973438137867499
-0.8374504096260296 0.6628771098922215 0.30628875435376646
-0.7560487139539269 0.5024291088841579 0.8696999901630926
0.6353924411012883 0.7927482392633607 0.15483001411939146
-2.072180956233538 0.5903164017581233 0.4367452019550848
-2.0466993688648465 0.5263074497909912 1.003562485585456
-0.9197345499562637 0.5147271067652284 0.2962723130085516
-0.9232560287022551 0.5062161684469544 0.8779797905781317
0.5254737756587353 0.6920948683314236 0.1514339798786688
-2.1728877762275545 0.4761782807648629 0.4307189339497137
-2.202608807510625 0.5180314586500714 1.0097809189655829
-1.0052015125009746 0.37106668107145424 0.2868118637898016
-1.0973827520637975 0.5238163792655399 0.8877210968830633
0.37965955082304603 0.6516034272588556 0.15596202553296568
-2.3060014301877096 0.4241763630424771 0.4323625916340399
-2.374286351697858 0.5413926536899822 1.0193484181263495
-1.2484205887041853 0.5154995931746384 0.3140797966816473
-1.2592338185007428 0.5203414504514967 0.8950267189838934
0.1356346921519318 0.7787127788768586 0.18256524742627622
0.20022168497904147 0.6688501122979176 0.7638492935993719
-2.391814528281941 0.27969013508371887 0.4225020760395575
-2.536523075596044 0.5477692185014575 1.0270018929340887
-1.4100287793518334 0.5125707522514062 0.3224263542988348
-1.4114008152614659 0.5000419927604298 0.9003844612934637
-0.03966750438177513 0.7912175541274635 0.1938853615620184
0.054536801751972064 0.6296874993499344 0.7678151482441473
-2.5210335125616616 0.21963049106789612 0.42304996193433286
-1.5761136021399977 0.5190895480475959 0.3318868035175848
-1.5916816758211567 0.5329996199738005 0.9115863198139715
-0.13999341840793278 0.6755062337802542 0.18822530449414732
-0.12853568679291882 0.6557013573241335 0.7792172783711004
-1.835229793036163 0.7018203614644207 0.3636060112812567
-1.7551425790088189 0.5360109288182855 0.9193790310719061
-0.39170848762615407 0.8228928269503584 0.2170920723774481
-0.29878845159322864 0.6609780790582533 0.7881403321125555
-1.9468272867388876 0.6090025504412324 0.3602671974995184
-1.9137099515775056 0.5309248927633092 0.9261978024342108
-0.5094250612698197 0.7384573671292642 0.21539357841992857
-0.4712080460890391 0.6713216761170955 0.7975588196613836
-2.07265612216813 0.5429519294543326 0.3602671974995184
-2.0651603733604595 0.5132666668956105 0.931555306325202
-0.681219234058215 0.7495802191384584 0.22614816368604185
-0.6188441010843881 0.6391113733424874 0.8020205849506903
-2.2055734652884276 0.4905734790213998 0.36193660439038755
-2.2393996158696154 0.5404165134492018 0.9417832249500799
-0.8235571175447873 0.709452101385466 0.2301102036335516
-0.7931968847927813 0.6552418327268299 0.8119349831440497
-2.3363552869515196 0.4342628679132332 0.36304954231763364
-2.4041196633049324 0.5506304203803367 0.950063025365119
-0.9200916953905427 0.5873613332378795 0.2233176583149481
-0.9237044748080336 0.5938651827876171 0.8129268044331122
-2.469559529205604 0.3828558544880849 0.3647189492085028
-2.5572506737476672 0.5393875318166934 0.9559076184132147
-1.1155172227117163 0.6439095228862683 0.23973230064893247
-1.0904032170702678 0.5983229770029297 0.821353947530036
-2.600653969893095 0.32750070181676705 0.3658323639729071
-1.2579015926084907 0.6054725455053784 0.24369434059644224
-1.2544412011659425 0.5991389883490399 0.8292856568195868
-2.573936033068918 -0.04283787226572855 0.32743505180860044
-1.4074139249471678 0.5806967000212993 0.24935487450147154
-1.453784892651388 0.6662766567262608 0.8446536415913153
-1.6932426164407595 0.8103383006349887 0.2878442162373114
-1.6241605958588785 0.681774669268755 0.8540721291401434
-1.7809880004730125 0.6732472435193273 0.2787876480915594
-1.7427158114321308 0.601421387509852 0.8525848740437079
-1.9089136597041971 0.61100911499895 0.27935365379834654
-1.901112184713977 0.5962439851193153 0.8595252388813543
-2.069318929998822 0.6108350312397874 0.2878442162373114
-2.1077992317511622 0.6842830531238278 0.8768759125568915
-2.1951379281052503 0.5452081767628698 0.2878442162373114
-2.270060890804377 0.689436070910503 0.8848076218464422
-2.328010005248508 0.49327101209942015 0.2895422333576727
-2.39332670465944 0.6200871301545448 0.884311711201911
-2.4632757695896395 0.4462463140099757 0.29180625618482114
-2.553053533094758 0.6220590418751115 0.8917479866840887
-2.621081823220461 0.44404936192383104 0.2997303360798407
2.175524446852428 0.7193852263885034 -0.05819031058763979
1.991253933457454 0.7310293729944348 -0.04545208274340151
1.823293154907251 0.7183561943881429 -0.03618713675951479
1.6370232051194513 0.7358403562322735 -0.022870028605217918
1.4511523996657978 0.7541877431464457 -0.00955244361376284
1.5157145656417548 0.6367244983791167 0.6184945458271551
1.2839778285414667 0.7438352916962216 -0.0002884513041925274
1.3533078692562803 0.6178059283267743 0.6255565041401434
1.1092134957349273 0.7469064778269043 0.010713135609869973
1.175432850147594 0.625016306108364 0.6356444710590887
0.9244014901138939 0.7677259772144822 0.02403072060132505
1.0082328802081157 0.6160357681059736 0.6437154167988348
0.7554259501614489 0.7638937130486241 0.03387407005811216
0.8258025165547522 0.6333230103281906 0.6548123711445379
2.203647089227875 0.6874923840905609 -0.21423050223803042
0.5815775427448671 0.7693257958393502 0.04487565697217466
0.6642258077158054 0.6173182211975714 0.661873852620368
1.9578074502494296 0.7952097483056093 -0.18739506064867495
0.4334329363637224 0.7328565309154129 0.05008653343701841
0.4977153856111265 0.6105534511021844 0.6699447983601141
1.8405790482513602 0.7029490117430939 -0.18918415366625307
0.23732164027687475 0.7782319261889228 0.06629899681592466
0.3086630476468599 0.6430691372141482 0.682555233845954
1.6912641706203289 0.6614998158233618 -0.1838163977763605
0.07441756402658584 0.7688349687975133 0.07498458565259458
0.13267006382536195 0.6549965582992314 0.6926432007648993
1.4946313947772545 0.6964466825961892 -0.16771503745531557
1.5460936315923064 0.6000000778398586 0.5388942116596747
-0.100770485290127 0.7816082586348188 0.08656457603955747
-0.03048727424403097 0.6462057165752384 0.7002096527912665
1.3141902178182256 0.7070118136116292 -0.1551918631694269
1.3940301621871427 0.5640377546481332 0.5440249794819403
-0.2656892018099164 0.7779520527326653 0.09582952202344419
-0.1984168653769416 0.6467372379376002 0.7087846154072333
1.1419042741294163 0.705703682369581 -0.14445730506395815
1.2055487664115638 0.5880340937143131 0.556339299092536
-0.4279154943870722 0.7707006819205517 0.10451463402295591
-0.37102527141606956 0.6566401893357181 0.7183685654499579
0.9672929206842866 0.7094043262709135 -0.1331267005107355
1.0822177094418528 0.5067302245451444 0.5558257454731512
-0.5997420773471767 0.7814261621889571 0.11551574409986021
-0.5187773324375975 0.62403447157957 0.7229085320332098
0.7929787712478849 0.7138824098907577 -0.12179609595751284
0.8118954175140232 0.6684426468894813 0.5845594757893133
-0.7615011375182235 0.7755967715529408 0.12420133293653013
-0.6713837800455984 0.6006956002603374 0.7284570092060614
2.117248293479147 0.7647494429110822 -0.42717214881395815
0.6317343457290114 0.6978595072013221 -0.11344715415453432
0.6862579846642447 0.5927611602546747 0.5845594757893133
-0.9424121683974356 0.8051539906291794 0.1375189179279852
-0.872362320115375 0.6648640655395823 0.7440939301350165
1.941246088202714 0.7639887928703288 -0.41534754096483706
0.4198530600224828 0.7678246734722478 -0.09317108451342104
0.5298337288304182 0.5688019189943887 0.5907163971760321
-1.098821703938043 0.7920808890782851 0.14504579247022154
-1.0437520868728 0.6777650670893252 0.7536778801777411
1.7628735561627238 0.768200031298143 -0.4029006606242609
0.2516422623330996 0.7661740555526677 -0.0830330496928644
0.3456871187143662 0.5926080915905416 0.6025176400044012
-1.2670268200517327 0.8014320502223811 0.15546849907422544
-1.2028438832152304 0.6696182640827004 0.7607393616535711
1.5821703388664226 0.7774212583611373 -0.38983198462938784
1.6336998381957528 0.681447568456683 0.4664206856586981
0.07865750438011787 0.7738312673722803 -0.07170244513964175
0.15945740622651172 0.6215466281438751 0.6148319596149969
-1.4349270697561884 0.811524993148204 0.16589072884107114
-1.366505612176276 0.6708835891229583 0.768809830556159
1.409679575442997 0.7748362080646203 -0.3786296492717218
-0.08153592716335467 0.760792082896451 -0.06335350333666323
0.5809108824746616 -0.3936109616084593 0.5024643296101141
-1.5930771436683884 0.8048659122508823 0.17399696053052427
-1.5370022831211294 0.6859831042036859 0.7783937805988836
1.2322206404627352 0.7814562967276686 -0.36618276893114565
-0.26884361945093715 0.7957389104855679 -0.048444712748284324
-0.1867801975026211 0.6389219948386042 0.6343298310139227
-1.7416620832935799 0.781362304427681 0.17978719414258482
-1.700112665384605 0.6886732656559573 0.7864642495014715
1.0550842860787988 0.7888830631451995 -0.3537358885905695
1.2404878712339134 0.4725426984418064 0.4695511216023016
-0.38663336224957945 0.7108987209220459 -0.05023380576586245
-0.35942082417459886 0.6487600199131833 0.6440782898762274
-1.9181183133066178 0.8111003172462503 0.1925254219868231
-1.8303282228163908 0.6305498274181431 0.7874732369282293
0.8756963020181487 0.8013374953491876 -0.34066721259569643
1.0236943934450657 0.5440413720042585 0.4878135079243231
-0.5978596157817293 0.790517620944712 -0.02936121283983706
-0.5243790432251068 0.6463861290176212 0.6522879952290106
-2.075625033535701 0.8064711239755269 0.20063213051343443
-1.986189297502957 0.6213158813861028 0.7940307015278387
0.6966622773490769 0.8146091176638777 -0.3275980597636652
0.7793961167028947 0.6634451073376368 0.5118151062824774
2.2064985838922873 0.7204218491132579 -0.816613638987298
-0.7595849118688704 0.7846508244753281 -0.020415747751946434
-0.6476453929563455 0.571032502794175 0.651774918446784
-2.2237387604779535 0.7848904605875262 0.20642188728833677
-2.153390184149764 0.6347893458751912 0.8031101578571844
0.5281849798276959 0.8116746981169243 -0.31701847373461245
0.6332991633394265 0.6220055829131255 0.5159893387653876
2.0303092419928177 0.7191856666466023 -0.8039674407145929
-0.9404566822361069 0.814147106906745 -0.006700003733391746
-0.8026957767103688 0.5525658988874227 0.657932316670661
-2.310150309596864 0.6448242485256799 0.19657853783154966
-2.2151356064455108 0.4457461379869372 0.7889867180683661
0.375164547614677 0.7838886142958046 -0.3101725226542902
0.44907380501081207 0.6452688323260531 0.5279903763630438
1.8411117703429234 0.7396698465655973 -0.7879924422404718
-1.0920249071943608 0.7923559087917553 -0.00014015494799135553
-0.8926027369682394 0.41724415874892884 0.6502356881001043
-2.3451679555432356 0.40329304604089344 0.17341808022046568
-2.20532973257955 0.11505092743593792 0.7587218636372137
0.1844039881413586 0.8208399411159917 -0.29399153052782534
0.7274197078277957 -0.1145392978556572 0.4445062035419989
1.691951511736363 0.6981325807588803 -0.782001937021966
1.7317871058808585 0.6348766227386022 0.3818126076557684
-1.262614879117141 0.8059962950246984 0.0111904496052313
-1.1818320091906713 0.6439917177247665 0.6851263398029852
-2.3613795664316726 0.12172778761275538 0.14504579247022154
-2.2201518991173543 -0.1718081775287459 0.733500992665534
0.014207963301693383 0.8244229107028644 -0.2827896720073175
0.4685095537990911 0.03328589344431521 0.4716382378437567
1.4955097773412334 0.7328433504540115 -0.7640308982036066
1.7641087001527822 0.3030080543041578 0.3499851578571844
-1.4209990592495494 0.7985944832136838 0.019539391408209816
-0.5989473861241414 -0.7265064254093048 0.5322237366535711
-2.3815696841331437 -0.1557254514149946 0.1172533387043524
-2.20540284291954 -0.5211953901509148 0.7012186402180243
-0.14823570201279068 0.8158868222399605 -0.27345463096117495
0.6376138640985545 -0.5530427229343431 0.40954688728833677
0.7320532656669982 -0.7158233982387756 0.9978223198750067
1.3074153501351056 0.7558495845360156 -0.7480558997294855
1.760326096811557 0.025400973509960068 0.32505372704053404
-1.5957037594348975 0.8224327771859592 0.03206304253125669
-1.520906132926708 0.6689206429768504 0.704110180745368
-2.385703019069318 -0.4690241582690504 0.08482793510938169
-0.3080073856459151 0.8037473599560201 -0.26474186240648745
0.4208993110032999 -0.4772600848541657 0.42780975044751646
1.1379359500349544 0.7501908573590086 -0.7367405539653253
1.5777300726112315 0.03533696270343967 0.33619311989331724
-1.7442248487909318 0.7989149455903686 0.03802636803174497
-1.6746946490301688 0.6539998910656806 0.710267578969245
-0.4971333605934021 0.8439820898349097 -0.2485608702800226
-0.2091976231234156 0.325096318978062 0.5337300652363348
0.9712721301790026 0.7410449129508905 -0.7260908728740167
1.128666084184136 0.48319992143400015 0.4019699448444891
-1.8856895851892865 0.7628456594591242 0.04220060051465513
-1.8470091258777543 0.6748636415495994 0.7205295914509344
-0.6539401083267506 0.8289871077651441 -0.2404708510539484
-0.5541004355001391 0.638098023361394 0.5801678055622626
0.8073793707164469 0.7283885841148745 -0.7161068564555597
0.8272410612522023 0.6955940382962496 0.4380407685139227
-2.0456752839207866 0.7624651808862666 0.051146065602545754
-1.9772390472661705 0.6172612075532484 0.7215557450153876
-0.805735905083111 0.805990183171204 -0.23362489997362612
-0.6895729150398751 0.5845228951485382 0.5822549218037176
0.6360130636142003 0.7291742002625909 -0.7041263228557062
0.699141807440359 0.6241135436533654 0.4385710114338446
-2.2008374628466747 0.7539663175261424 0.05889896095777036
-2.1306504733800224 0.6042228896863122 0.7277131432392645
-0.9840179434311978 0.8312975750810452 -0.2199334746501398
-0.781616146410613 0.45326757739108814 0.574950253377204
0.469986085551664 0.7222157708654819 -0.6934761649272394
0.5504358351597176 0.5872640918231369 0.44334510506177427
-2.3056167674085124 0.6491227290328325 0.05353168190503599
-2.194778507777901 0.4195511372567964 0.7138591164448309
-1.152275648199371 0.8400412282985954 -0.20873113929247378
-0.910397355132293 0.3874980049733665 0.57547143639112
0.29408876239469706 0.7330304928107054 -0.6801643019816828
0.5156306892176232 0.3584349751056237 0.4242487305500555
-2.345157603284928 0.416493783923805 0.030870472798590676
-2.1850427865444892 0.08885725328433125 0.6830735558369208
1.8614706637907688 0.496888141174594 0.2866278046467352
-1.303533648279533 0.819066995563027 -0.20188566504930971
-1.2496754955781597 0.7059476039999808 0.6219096535542059
0.11852490729082987 0.7446406927229674 -0.6668519621989679
0.3813667225997257 0.2966512654951927 0.42583993614697935
0.838954924790432 -0.5129584298666998 0.9331505650379706
-2.359081065242588 0.13061514823959897 0.0010528916218328632
-2.1976802829904862 -0.2024513701532129 0.6569056862690497
1.700935634517684 0.4723151427265364 0.29363683403516294
-1.4846374085782088 0.8389029058344306 -0.18881651221727846
-0.6432648230854667 -0.7249107155125571 0.45963767708325864
-0.06174236398296529 0.7368966232928429 -0.6555366164348078
0.6941288263567422 -0.562823787621646 0.3298282975056219
0.6951925270406818 -0.5795921986806292 0.9345333927967596
-2.381194359792687 -0.15884250201339967 -0.02876468955492495
-2.193754417509499 -0.5628244051852178 0.6235542649128485
1.575063771941572 0.36455761443123436 0.2909407967426825
-1.6543808060581497 0.8542099216238128 -0.17699238120531557
-0.2303994971521881 0.7537227764472263 -0.6422247534892511
0.026439027863897735 0.30869973774412784 0.44599775017285825
0.5602226961230699 -0.6462289977821669 0.9354555958607245
-2.367632314480705 -0.5075614930442924 -0.06693121253466128
1.4651351479099795 0.27318975858464256 0.28878406227612974
