2.2827060619516715 -0.3158953419196604 -0.21699555012437166
2.2936522884229973 -0.1288643983058062 -0.20158655735703768
2.2276505827126343 -0.03236171133175736 -0.1998809108421451
2.2077406643969226 0.11673116204625122 -0.19016630741807283
2.136201961281877 0.2059250800458141 -0.1895964870140201
2.2228917575960594 0.4739817352775697 -0.1615494022056705
2.162606205068471 0.5741599317332042 -0.159245325057233
1.3575393915691976 -0.3102744630631262 0.20554749873427092
2.0894998606809523 0.6596758565027487 -0.1592295894310123
1.2879955220784112 -0.21454331623273237 0.20627229121473967
2.01339914104431 0.7417135032279458 -0.15978605839463533
1.2722117626902403 -0.05954994584289697 0.2149769535377377
2.466814688362952 -0.10978347632349683 -0.2991879710838443
1.920909745873736 0.8056203969553808 -0.16320927235337557
1.1835866366629304 0.014282628491014027 0.2127167454078549
2.3813811414042334 -0.036421089541374574 -0.30090458485337557
1.135537991381213 0.13246024673990275 0.21644561198500334
2.2961976178521795 0.03723461939258055 -0.302621675460065
1.084669104144048 0.24701335360754806 0.21967999842909514
1.4789979649126437 0.8210987297632326 -0.20162851902695955
1.369681111452067 0.8688683241908457 -0.20794518086167635
0.2544209111769433 -0.2847444880867931 0.6026198139503354
2.305163477135224 0.5577037256365913 -0.2605994472190982
1.6726858340885542 -0.13691580333385156 0.18353478816298185
1.1106480898626785 0.7579751955276315 -0.23955614659043611
0.2913660946893941 -0.07320051657385607 0.6162850132301205
2.2220574659183754 0.6316238356613177 -0.26229746433945955
1.6102961663328088 -0.03479057029932919 0.18533341792372404
1.0179985252339137 0.8252498713610019 -0.2430189380333072
0.16830739199843237 -0.03202157740662637 0.6097542515113705
2.1392119647408663 0.7058347289687115 -0.2639959582969791
1.5549925924121837 0.07488034679332634 0.1881496181800717
0.9221143310849484 0.8892862198690508 -0.24705774876328768
0.13475425386848627 0.10333943699091286 0.6144072285011166
2.053294652811715 0.7766429859708106 -0.2662857303306705
1.5001843739076222 0.18462560858417332 0.19097010997084318
0.752569709503625 0.8960613602686895 0.2336813679054135
0.060405574775550974 0.19557130494661745 0.6138998737647885
1.4391908081320466 0.2871066696009539 0.19277970698622404
-0.010114048289644018 0.2916052947088641 0.6138250103309506
1.3551255460362555 0.36403434591105155 0.19103782084730803
-0.09068792384816504 0.377136287243927 0.6124588718726987
2.3521804532045394 0.1339404413566725 -0.46061546894761385
1.267959386581886 0.43759973185599943 0.18878714946058928
0.372262786612346 -0.5230546264800955 0.53267495539931
-0.17095111910890637 0.4629417535872453 0.6110922565772885
1.516151994846723 0.8518864617619819 -0.30976517292710604
1.2284212510035246 0.5625119206924896 0.19365327266005217
0.3362083658040049 -0.3876736322439869 0.5374442806556576
-0.2579142793361626 0.5419309363652927 0.6088630428626889
2.252037309167818 0.3600670439506848 -0.451115442244733
1.325617383569302 0.8124636802866685 -0.3304217586204654
1.1419225933271875 0.6365359864223996 0.19140450862196623
0.3586626784090683 -0.19050832416534735 0.5496861210182065
-0.15285929856501212 0.7950200203731672 0.15362183955458342
2.2537128552818473 0.5308213263033217 -0.43681318852158846
1.280834054931887 0.9295815414515127 -0.32563526722642244
1.0590818387962386 0.7145035227325489 0.18966452983168303
0.37879806528820836 0.002569736055643368 0.5615050068214291
-0.29150516683559147 0.8213100110569833 0.14379565623549162
2.1903123312222874 0.6271549576738011 -0.4348185786888248
0.9285999797138942 0.742222289388041 0.1807963123634213
0.34857763428802 0.14100101568900714 0.5667459240272397
2.1041444439605 0.6977879775279674 -0.43713457676621736
0.8426879663687714 0.8173282444492611 0.17854182627943693
0.32936143432518605 0.2901507376429242 0.5733143558814877
2.0215349472196493 0.7724177014234437 -0.4388354549095279
1.9904060149346066 -0.6814481498645111 0.05574195292738615
0.7639318105618926 0.8999241388354808 0.17730634120253264
0.2970937917774137 0.42477451414033807 0.5781327953651303
1.9391889409294691 0.8473333240383965 -0.44053680988999666
0.08875144295411985 0.37689241471471036 0.5604964962318295
1.857105431619516 0.9225364735605526 -0.4422386417076236
0.4790409922858956 -0.5467136860338337 0.4793650379493588
-1.0549235845319416 0.8776594486248364 -0.4316595325157291
-1.0793979504009172 0.8732855849225531 0.08143489268568693
1.6238948604451195 0.8338969725837297 -0.4717205295250064
0.368414027359961 -0.49204383205034397 0.4744235744788998
0.001796178193806952 0.6221550520919794 0.5670568218543881
-1.208657123409857 0.8946428565787041 -0.44505102726670565
-1.2369080017512601 0.8868128609582464 0.06902949717787443
1.4641001026155678 0.8265900276584839 -0.48764069172593416
2.0158615558845696 0.04673062897082714 0.10839335826185881
-0.15115340220012285 0.6332689537078764 0.5564467182472104
-1.4566927020363636 0.8312373402125948 -0.47302134129258455
-1.391506080560255 0.9123391904873084 0.05753056910780607
1.3371675825305047 0.863827814346998 -0.4968617686912662
1.9323538517839935 0.14033624597446392 0.10806386378554045
-0.28095970094150147 0.6851915310198096 0.5496207943275326
-1.5641022023118936 0.8944394496908306 -0.47890980335923494
-1.5421474977068428 0.9343251499465972 0.046112703354632245
1.1598679851227018 0.8400216433223315 -0.5158937701866275
1.8553098870093834 0.21549742128150084 0.10694663432387053
-1.7402420881246243 0.8936041924612472 -0.4958141574546939
0.9753057873156337 0.8099697443522356 -0.5361784228965885
-0.1562799476793728 -0.34762522844052723 0.44421546366957365
1.8406479213298326 0.3687621530344858 0.11622874644545256
-0.7782184977154287 0.5143335776166875 0.5041290989234799
0.8622476344258274 0.8562541832819854 -0.5434869060203678
0.8191263794603927 0.8342060938985099 0.12010781672743498
-0.13926422369960534 -0.15719026875349407 0.4558483829810971
1.766866458584353 0.4553698742656116 0.11607901957777678
-0.8543837927654394 0.6059686734121517 0.5031944980934018
0.687317353811359 0.8386864272414587 -0.5619419345543033
0.674877227151633 0.8488211232801746 0.10903088954237639
0.2519541362768578 0.42009601411700315 0.5159799328163022
1.696763485899389 0.5458800026305384 0.11645572093275725
0.6284738520252162 -0.6020488623474958 0.4275008907630795
-0.9444587232929038 0.6839350232030164 0.5004908314063901
2.0374829411985687 -0.4845755020572602 0.01537148860243498
0.5327124859256713 0.8434389994865508 -0.5766947993919498
0.3035923066489232 0.6405314632888315 0.5317150821998471
0.5547508385955169 -0.5076052807694729 0.4275175800636166
2.1651053224182704 -0.16130302826581921 0.04871003535536467
0.3640017721492228 0.8347784787980004 -0.5939386615440494
0.1581155008410775 0.6572976322228437 0.5218521824195737
-1.0586742667935596 0.8729745317171798 -0.5524614581749088
-0.14120280397228413 0.5186173283979905 0.4921924343421811
-1.2518385388859414 0.8522453735829711 -0.572756124465192
-0.25951365599327403 0.5656739147454157 0.4858981838538998
-1.4094569888855801 0.8667778899556993 -0.5871051082298404
-0.04886645012069124 0.9327572481602271 0.05349986460951506
-0.11860335605636863 -0.5337600349411589 0.37644832042006193
-1.567273029108911 0.8821249279332339 -0.6014645824119693
-0.22580519678169964 0.9201509664696768 0.037685083420550214
-0.23636807523445924 -0.4839146390127307 0.37050263789442717
-0.24746993933366923 -0.32191752266411866 0.37872760203627287
-0.24393318139386366 -0.14579121435729459 0.38879363444594084
0.7083908249414819 -0.5664665322210705 0.3759729137733334
2.2689942366010882 -0.3802172836825144 -0.01592857929917635
-0.9965874989628247 0.666505826557775 0.43584077266005217
0.4047488506504848 0.6953320101432472 0.48402326014784514
0.591128360218633 -0.5200661883299604 0.369992898972308
2.2958207577067995 -0.1740832554362024 0.0012380352332943545
-1.0936314593683818 0.7380748889586637 0.4322125187232846
0.08574178208553462 0.5334417804088605 0.451108621628558
2.307597691065787 0.012750732642562213 0.015721487076556073
-0.1230402325850477 0.4871883930367935 0.432823823960101
2.264975160796766 0.13542341832280647 0.021030591995989667
-0.18539976504395383 0.5908022311840604 0.43378035929945646
-0.33163928016825395 0.6098803438964104 0.42372720149306
-0.21684196562856073 -0.5154030998366541 0.3097502460792416
2.137382043738242 0.4997032667524137 0.036453889878069745
-1.19764104024879 0.0826544943364409 0.3291708698585385
-0.3483418558366651 -0.4795489966617019 0.3018590679481381
2.067318037152056 0.5890216720954293 0.03691356089857756
0.9090705331049378 -0.6866305973325484 0.32437150386122404
-0.8848475720532178 0.5597928012273492 0.37880151179579435
0.8637661554798512 0.9389923081256413 0.01574532893446623
-0.33512350720285866 -0.29220640692034827 0.31353776362684904
2.105240054650473 -0.5458055443660719 -0.09936268421860994
2.0075913669637515 0.6896168501745907 0.039000677140032636
0.8049460532723671 -0.6263441581617468 0.3202110996559018
-0.9643847611246699 0.6483046742923548 0.37743966487196623
2.1736146155186162 -0.29014425428761825 -0.07476980778428377
1.948306018437414 0.7903383093813314 0.04109065440443693
-1.043611821826616 0.7370772781574586 0.3760782947852963
0.36435809576114764 0.769906374921113 0.4270078411414975
2.1882706263705103 -0.09919627744748194 -0.0594852695152408
1.8660024002247582 0.8654920613478576 0.03938739207533537
-0.02809641149616482 0.5340958171174846 0.38368480113295256
2.2039947283559513 0.0913487919057756 -0.04418499561997713
1.7839632659332167 0.9409300838461241 0.037683652909075604
-0.1742238300501029 0.55235304725587 0.3734857311561459
2.2109718745811406 0.27027367886948195 -0.030516935317242755
-1.4624409226426565 0.8043394171072307 -0.13618261906358065
-0.380163360037713 0.511306272987694 0.35533015635756193
2.1696034352019 0.39295635442538535 -0.025081945388043536
-0.07343279563746563 -0.70430232255004 0.24914233592299162
-1.6675802671497522 0.7753471237424918 -0.15606148335191072
2.072703472611785 0.4524761654245584 -0.02899201008530916
-0.18480983073056478 -0.647480390744855 0.24398724940565764
-0.2318697811677879 0.9720261034114666 -0.07705481144639315
2.0289965140711175 0.5716383404297236 -0.024099184004986896
0.9029312722974794 -0.6667771385515198 0.2657710781410092
-0.1900156130421209 -0.47811851232848435 0.2535316219642514
1.9825285906454226 0.6871227981896788 -0.0197509059593326
0.8022042407651568 -0.6027575409750983 0.2620488872840756
2.286139381372145 -0.5534369461227682 -0.1484449634239322
-0.17372059669057904 -0.2874105414245367 0.2659355869605893
-0.9890030710349933 0.5745249076459182 0.31156794932631193
1.9032056598679432 0.7658358512368779 -0.02090628239365877
2.27640502942387 -0.3886056517226759 -0.13679392430039705
0.6087402396079682 0.7001037280455988 0.3837696781471127
-1.0327880721237506 0.6980847486776689 0.31489961055067717
1.8174649649257901 0.8374825145231424 -0.02316315266343416
2.3225057059281156 -0.15985653800335387 -0.11564142796250643
-1.1727140270258758 0.7283182514223339 0.30557219889906584
1.711772843705937 0.8874995598613511 -0.028729749648297442
2.321265581808177 0.011831220291974365 -0.10284502598496736
0.02025104778149256 0.4248615028210243 0.3222567310645932
-1.262414363972887 0.8074650097031135 0.3028070202186459
2.2590547387020266 0.1119496153781463 -0.10065157505723299
-0.18178005895673977 0.3858755449921971 0.30429379847792326
2.25617008972619 0.2795214531424657 -0.08839256855698885
-0.20256058860859838 0.5322206998373389 0.3110591640785092
-1.4653970471100166 0.9253759252239795 -0.18929512593003572
-0.18039125988718752 -0.6162647759639253 0.18559090998915373
2.2115019485002065 0.39834739360318006 -0.08339197727891268
-0.3103286766225821 0.5901587956523944 0.30592934993056
-1.7247305929729393 0.8456912501575848 -0.217564416854108
-0.26417746700516176 -0.5300684617186184 0.18423621562269865
2.160802061573669 0.5097526064953639 -0.0795043239280826
1.139604915041943 -0.6303265455611937 0.22692744639662443
-2.081125818590415 0.6963949012640192 0.23199479487684904
-0.35451930990922875 -0.4507858187435274 0.18191497233656584
2.094075122358454 0.6026980620795985 -0.07841093632432283
1.1219787094904703 -0.4744375063180102 0.2354199161842221
-2.207580534373861 0.7450290636663954 0.22448365596083342
-0.21359789149553166 -0.13073588742347075 0.21199195292738615
2.0310602856207467 0.6995128091147249 -0.07675488087388338
1.0918516647576908 -0.3335227160903802 0.24196402934340178
-0.9165268077265978 0.4872805512430456 0.2523605099037045
-0.12955845379924114 0.12722191975851604 0.2338787784889096
-0.4832231294124085 -0.2277190495060104 0.6680270901038998
1.9350978280079616 0.759649344488047 -0.08069975468369783
-0.9963219679613431 0.5759076116942281 0.25101153758314787
-0.10304923629137619 0.3236885972551016 0.24756114390639006
-0.5690906020164519 -0.14409529940939736 0.666191743881976
-1.0829334947834255 0.6578652152386755 0.24870889094618498
-0.0754484707096239 0.5196773050511339 0.26126067546156584
-0.6581555593841202 -0.06373413387605664 0.6639415493324154
-1.180017690737266 0.729763875266793 0.2449719181373471
-0.20416509819823858 0.5558622338440329 0.2531687488868588
-0.7574594443633913 0.006324163540168293 0.6604449024513119
1.503077039224891 0.7855466986748292 -0.11667854878159822
0.12661970382668386 -0.6910391917031633 0.14453475383070646
-1.1820020350929639 0.8745626654020366 -0.22734387013169588
-1.2876760553870596 0.7917259956211433 0.2397991886451596
-0.3364190325379184 0.5891291191577515 0.24458472636488615
-0.8460224783606805 0.08737143080971643 0.6581928005531186
1.1667403679288455 0.5896371979296222 -0.16050322148057283
0.025583923800652997 -0.6240820951172172 0.1407415142372006
-1.350360728948658 0.8783981680557216 -0.24231035801621736
-0.07867644065504464 -0.5603504935298695 0.1364552250221127
0.19195248206838755 -0.2527618301490575 0.6534868946388119
-1.602046263069532 0.8045765830169893 -0.26989395710679354
-0.8555528902317349 0.40532362425697865 0.19244353678969084
-0.10074660528229629 -0.40941633298421465 0.14396397975233732
0.11626537747967802 -0.16063609793188993 0.6529433002784604
-0.9250032630575191 0.5042265359459384 0.1925598850562924
-0.0071751490168168175 -0.11878744927581097 0.6464878788307065
-0.997617232265803 0.5998406188927907 0.1921922436073178
-0.09092730254990045 -0.05412758787371175 0.16639439967421232
-0.08231634157159817 -0.026040384078547252 0.6459428539588803
-1.0198760460113334 0.7441922786787756 0.1986338367774838
-0.19170886420301514 0.031103156160240175 0.6411701908424252
-1.0844149767313667 0.8469689938094551 0.19924609568861662
-0.2940468080893055 0.09585135396864919 0.6372400989845151
-1.157320198704845 0.9231104346358014 -0.28199846836777986
-1.2312159129745694 0.8707609307355937 0.18866555598524748
-0.37878343534627135 0.17881555003928407 0.6354238262489194
-1.2931302053743963 0.9577378226269366 -0.2921641597435123
-1.3204412606472715 0.950147239575112 0.18586795237806975
-0.23806153939314356 0.47161844987463564 0.18626658824232756
-0.49122193847719586 0.2337005732002213 0.6302177181556576
-1.49763085876463 0.928196802394964 -0.3129146823570377
-0.3039401098895169 0.5720572668475739 0.18693416026381193
-0.5719644832155595 0.32088486617825396 0.6288234463050717
-1.6627691076171445 0.9371980616728881 -0.32755644413682283
-0.36940970170631005 0.6726607239473408 0.18760411647108732
-1.8063301709686925 0.9673909287790088 -0.33886797520371736
-2.1278969153853353 0.852210258621648 0.1141440143897885
-0.6797556914872303 0.6961635638152632 0.16374318507460295
-0.7588302544890553 0.7839611867972884 0.16242854502943693
-1.042168969961807 0.8281347247158775 -0.3438199290916568
-1.1852433432222327 0.8552595894246151 -0.35525353047105135
-1.3823692444405964 0.8316852837143349 -0.37518484684678377
-1.5222179293837925 0.8638428076006788 -0.38607485386582674
-1.7019689700335192 0.8592657680935947 -0.4032033214256412
-1.6507725656851377 0.9177055085343664 0.09650342372206389
-1.9181525601381963 0.8323346915764707 0.06934754756239592
-2.1864314797603583 0.7485469698277276 0.04216449168471037
-2.267656494317947 0.7252554700258438 0.2945639362647885
-2.1722646760094833 0.6131544958696304 0.2847205868080014
-2.077237350988689 0.5004278147004553 0.2748772373512143
-1.4926950302017445 0.42898957835036855 0.2077109089210385
-2.203649719965867 -0.23584185487292775 0.2963010540321225
-2.415627546175557 0.7159830677541326 0.19039695170668303
-1.3234144911639305 -0.2996860632953622 0.19439380076674162
-2.3499593156965943 0.601658872782791 0.18383710292128264
-2.401281881177759 -0.48907675665621575 0.32119886782911955
-2.3093950905627167 0.4847104535993192 0.18025844004896818
-1.9281303122542255 -0.5816944568533617 0.26677100566176115
-2.3088039225407186 0.36412231806422835 0.1814514866187924
-1.11799060692627 -0.6593826198577013 0.1729695072486752
-0.17405843965520518 -0.7359436377516035 0.06353490260389982
-2.482827750358915 -0.010460186434538166 0.20590178874281584
-2.474068709651881 -0.12958925894689344 0.20590178874281584
-2.4657270093318715 -0.24874842532829033 0.20590178874281584
-2.447891374035727 -0.3672961935901382 0.20470921901014982
-1.802014067402304 -0.6912899818092744 0.12956874278334318
-0.972618255153435 -0.7710951755271702 0.030574487717425214
-1.1895396658863007 0.6012007522995644 0.5222992172553891
-1.2430480152322119 0.4719976281429328 0.5291949978187436
-1.356485097451987 0.338287722831601 0.5424563160255307
-0.9990826255623872 -0.7984304322514084 -0.15537436100694002
-1.386168948622128 0.21208104317870635 0.5467001667335385
-1.4609149921656481 0.08274239346206214 0.5557176342323178
-1.4518380961632502 -0.03995430050360138 0.5557176342323178
-1.4779134693935418 -0.1650696805047609 0.5594307651832455
-1.400241990783293 -0.28317692844465325 0.5520045032813901
-1.5256090902205344 0.6008156089692722 0.4958874454810971
-1.4850108939670363 0.48092960799185036 0.4926528206184262
-1.603335381753368 0.34754331197295274 0.5066704025581235
-0.9969509959447507 -0.7557804690593881 -0.47199757191392244
-1.6874754888908186 0.21779943685388758 0.5169135799720639
-1.6729753479594862 0.0962701947794975 0.5163747539832944
-1.6935924288335542 -0.027859676408965584 0.5196093788459653
-1.739447274794216 -0.1535413342333647 0.5255398025825375
-1.7262335401368247 -0.27493605762410844 0.5250004997566098
-1.7035212067123382 -0.395774630892058 0.5233833065345639
-1.9783968605387443 0.6744981342102823 0.48268477824476896
-1.8880581642244465 0.5607695933468566 0.4739195576026791
-0.9843545327841454 -0.6003354012569524 0.44682686236647307
-1.976335220381202 0.4309469995633197 0.4848760834052914
-1.9610863890471535 0.31046110844211405 0.48432819751051603
-1.9809300807429864 0.18713270574342689 0.4876147976234311
-1.971487063244517 0.0662491643696308 0.4876147976234311
-1.9624630143207895 -0.054665464343647496 0.4876147976234311
-1.8894108146130435 -0.17113814971997776 0.4804934730842465
-2.0081035045243922 0.6523557614859494 0.4248317947700375
-1.8762565777891282 -0.2920105836066318 0.4799455871894711
-1.3428293192833323 0.4663634656722273 0.352489875824725
-1.0822145732891926 -0.4886567899893901 0.39394013789442717
-1.4116425227660372 0.3366833103782847 0.36139337924269377
-1.9960806437456853 0.1666102967520562 0.428171085388934
-2.011480321248456 0.0439010054552158 0.43095319178847014
-1.9926242814206176 -0.0761579693908585 0.42984049227980314
-1.9692265637398236 -0.19597394419878178 0.428171085388934
-1.2173671476400827 -0.2682736051494876 0.34469931033400236
-2.0695689128352583 0.7976119906156769 0.3627230396583432
-1.2194337063616203 -0.3924340120797898 0.34581200984266935
-1.860156460943017 0.6957011100724966 0.3400823345497006
-1.2169761109438326 -0.5162604474326469 0.3463687172248715
-1.6460943464981668 0.5928199399562382 0.31687586215285
-1.1454910005779908 -0.6362655550187846 0.3391341438606137
-1.2888029043306943 0.5010134518101599 0.27725427058485685
-0.1265998580957941 -0.7080628281231367 0.22561280635145842
-1.6864475292714758 -0.14694695414247194 0.3281959762885922
-1.2221300653270646 -0.23864285157186638 0.27612273600844084
-2.1512574297817935 -0.42096983450160286 0.3830997219398373
-1.5537923765233614 -0.5062925108011624 0.3157436123206967
-0.29681578727226565 -0.5589923604056142 0.17310779002455412
-0.13618883454096675 -0.6777146508003105 0.15556113627699553
-0.19924109596239248 -0.8084176668323748 0.16348521617201506
