-2.326937960587608 0.7567792804130846 -0.3951671258186016
-2.2284350649671696 0.8049075841138844 0.3210351332451191
-2.4468871292128713 0.4827730459605952 -0.37398220455395315
-2.237367640421557 0.5971117472344147 0.32816289508593943
-2.4309558266140194 0.28098121688233135 -0.36776949321972463
-2.268236091851974 0.3665618846064973 0.337652908208498
-2.462738847888556 0.041259491250215774 -0.35590101635204885
-2.2526484071030626 0.15405942448782994 0.3429257735039082
-2.418606080000387 -0.14231810904858477 -0.35302044307934377
-2.178067991684103 -0.0126364334250475 0.34215806567920115
-2.362301308348963 -0.3183929995513708 -0.35157038128124807
-2.1256418795064027 -0.19202770299452965 0.34345792377246287
-2.4144941799733552 -0.5566398084625384 -0.3380892411445293
-2.155985801575102 -0.41871396810782 0.3526007994438496
-2.057539292120122 -0.5707251447110337 0.34938882434619334
-1.894582783075648 -0.6862816887076839 0.33999084079516795
-2.1699714149651874 0.9153040045910146 0.22097705447924998
-2.344765044218275 0.7676517370173208 -0.49510408794628713
-1.6667005503593049 -0.7551619839174464 -0.3986508980964336
-2.2677113437945984 0.6428941916674553 0.23740743243945506
-2.447136794944837 0.49353694592657504 -0.47504116451489065
-1.3086030932484252 -0.763612141781401 -0.4309051171516094
-2.3325638148028176 0.39191301039095094 0.2505056723381367
-2.439695477535461 0.286647066750767 -0.4676792756293926
-0.9805065935469911 -0.791116187267523 -0.4598071709846172
-0.9667897047233781 -0.7944312905821853 0.2700340613151875
-2.26138446584501 0.22288033148002384 0.25018094623340037
-2.480290272256697 0.05219420955806342 -0.45491434490429494
-0.625855351041047 -0.8062383546232716 -0.4916217461799297
-2.272494601340789 0.0057674963957978775 0.25785277927173045
-2.45327936971044 -0.14140389249600105 -0.44996906673657033
-0.31011577095836884 -0.8449419418180959 -0.5191142693732891
-0.11624041595670365 -0.7504634357466529 0.20151685321582224
-2.2285920965723953 -0.1783606562774942 0.2600729330803242
-2.4184661977466204 -0.32987113340082175 -0.44599129116283986
0.11542796679553224 -0.826482329158793 -0.5586931840156231
0.1916806877749202 -0.7963185523577394 0.1783950194145527
-2.2630945093358044 -0.40731853199372736 0.26987956607592967
-2.3542473815649023 -0.5008595988420481 -0.4454348221992168
0.4538977946159477 -0.8576291018071345 -0.5886409417365703
0.5701499529430532 -0.8064335512944503 0.14862893665088084
-2.125713155015478 -0.5366703266617563 0.2628619536186543
-0.5917310422840449 0.3197189920293404 0.8650977476860371
-2.1956543570171725 -0.6176507345423055 -0.45566393291699026
0.8718577666491152 -0.8488629264791392 -0.6273052827094707
1.067991282681163 -0.7558678714560862 0.10764716708911326
-2.036335325598542 -0.693737031364261 0.26047967517627146
-0.42996562050822984 0.1967151861174763 0.8570072516228047
-1.959423844536599 -0.6910462541547417 -0.4747307435249004
-2.170050034101342 0.8619455699717307 0.13062070453418162
1.3300922857505189 -0.8218688083238703 -0.6703469887946758
1.1389343554089124 -0.9333638916026494 0.1068599089409199
-1.7087823044084443 -0.7165954593259514 0.23491834247363474
-1.5930602779721628 -0.6925846134952458 -0.5085404053901348
-2.250961470210373 0.5999571569760249 0.14573453510058787
1.6787840302825274 -0.8552864582409327 -0.7013294831489238
-1.6680194140490456 0.9181241602841652 -0.6558272973273906
-1.3678016903089307 -0.7341411682904457 0.208072887303957
-1.2478920030189138 -0.7085008799333679 -0.5399162903999004
-2.3331388499418955 0.338877623168397 0.16087268436206248
-1.6591238841848923 0.7085710497398487 -0.6483304635261211
-1.052531918216006 -0.7682486700296423 0.18373941028369334
-1.019829080064949 -0.7915719646578445 -0.558040393946043
-2.365125412273266 0.109080357244423 0.17088912570727732
-1.7049199608719177 0.4767084065066314 0.8443271979118672
-2.3711212807746818 0.07477349589606419 -0.5570762292121563
-0.6758257803860104 -0.7706495760762451 0.1534764632011738
-0.5649699834873454 -0.7514307822549284 -0.6017468110297832
-2.3637657939621928 -0.10001945452053107 0.1774909361625996
-1.732516879238759 0.24767635050476855 0.8519508703972187
-2.369818891472806 -0.13423677745968376 -0.5490105286811504
-0.3292086543543995 -0.7920679317266064 0.1261470183159199
-0.2141618384773336 -0.7712553352587364 -0.6336763039802227
-2.3116304551242672 -0.2787795781023128 0.1789562567497578
-1.4808109022279266 0.18189432789409565 0.836206661107668
-2.3651233311966564 -0.34043535031980454 -0.5414297715400371
0.05289053556339174 -0.7966459735590448 0.09541677081836131
0.1764729000204921 -0.7719533947561814 -0.6700570718024883
-2.2256762173619022 -0.43769270918242853 0.17699454868091014
-1.3586674752545458 0.04001603997582137 0.8312518461967793
-2.3095757272769277 -0.5165636696883134 -0.5398228303168926
0.38282927920476073 -0.8318371097018762 0.06973622882617381
0.5896098542568793 -0.763329947665703 -0.7089235917304668
-2.1359610173019203 -0.5944204276156704 0.1746098860527363
-1.172002828745668 -0.06529269229581303 0.8208958967949238
-2.1250985173944095 -0.618763794369805 -0.553188099024168
0.7658746869346862 -0.8409594577147779 0.038960204961427713
0.9901859979937822 -0.7642870603547607 -0.7463405266975078
-2.0987917362126773 -0.7809418828970642 0.17739175403369334
-1.0115475208941924 -0.18633166990552397 0.8126990660454121
-1.8888442825125316 -0.692522664206269 -0.5725538865302715
1.2243560622208522 -0.8129484713844732 0.0009643896843281041
-2.2575980036543055 0.8197385673643431 0.05632566058886912
1.3296900373942333 -0.8001851009860417 -0.7768809930061016
-1.7541008571959444 -0.7940427047668663 0.14963410938037303
-0.8079083293588366 -0.2837429793003601 0.8008940085197773
-1.539780234709193 -0.7042728400768823 -0.6049235001777324
1.6350379623446178 -0.813224393335723 -0.03240372097241018
-1.6149467346377677 1.0148285801564612 -0.757930530664793
-2.3428792667181053 0.5554778722005267 0.07219956958545115
1.7709822180796904 -0.7851915595595464 -0.818782581446043
-1.4829102899827986 -0.8504929103426946 0.12917398059619334
-0.6174596526423002 -0.38955079301613793 0.7901661261345234
-1.1946070642976285 -0.7205812298050809 -0.6368153229926738
-1.4389911700013456 0.9042892376127121 -0.7700340882514629
-2.467973851906452 0.2692144096428102 0.0920274122978535
-1.9935495762779352 0.5403385879299272 0.7707102164055195
-1.1156709869284662 -0.8554765544282468 0.09922479236377146
-0.3617125774454957 -0.4601765053556939 0.7740161284233418
-0.8533450625932544 -0.7413949815049214 -0.6682274476264629
-2.3500613327553492 0.12851975067606247 0.08699153507007029
-2.0206415342938557 0.3118537225240594 0.7785737379814472
-0.7173464331821093 -0.8459480953935525 0.06623576724780467
-0.1102696776859644 -0.5346769306888923 0.7582161291862812
-0.42877941033149347 -0.7188556023017121 -0.7091701165412578
-2.3142362256929863 -0.060508159237400605 0.09026073062671092
-2.0057485726981343 0.10907847056826725 0.7827741965080586
-0.3402804500716319 -0.8508030465038985 0.03537677371753123
1.93724665837633 0.35574283764459125 -0.9724753037665996
-0.3620971723291486 0.887406789919865 -0.8713300362800274
-2.2834929237178345 -0.25197087772310667 0.09397958362353709
-1.952914343068125 -0.07092615136102864 0.7836725577141133
-0.002138045874775507 -0.8792732811691515 0.008377300145753885
2.1829543687480273 0.26703168771638985 -0.9925334588264141
-2.1419388487994095 -0.3572666880148816 -0.6529457703803692
-2.2664816529096297 -0.45078681776377394 0.09902213657153514
-1.870543897475008 -0.2335529227403974 0.7819993361259785
0.37150251628722364 -0.8910003420913348 -0.022094501612058615
-1.8576947673519777 -0.40313947912433434 -0.6781971589301738
-2.163844150834132 -0.5999580750810338 0.09532617175830271
-1.736812429159046 -0.36674023750492424 0.775906310918459
0.7456328595515966 -0.9050307898826269 -0.05259014522778127
-1.7635564273822468 -0.55873814573307 -0.6811001435493145
-2.092024998984903 -0.766732975738055 0.09469960773242381
-1.5514070313486834 -0.47103131017297173 0.7653844221855488
1.1290513811678666 -0.9167306696963777 -0.08397175228344533
1.3962123485767615 -0.8081676756867999 -0.8791902199958477
-1.6569448172183585 -0.7073545280612095 -0.6855237618659649
-1.7126161779969227 -0.7602842666598946 0.0629751547600117
-1.2879518932152652 -0.5323110025534064 0.7482097014213887
-1.7326603810662446 1.0089626830143388 -0.8397696152900371
-2.263443138043547 0.6672920430757721 -0.0390603677009258
1.5306383598394095 -0.9215832015743395 -0.11710621273266408
1.7404774182437657 -0.8442563653649806 -0.9107506409858379
-1.2685469413629402 -0.6987481539006737 -0.7230079308723125
-1.376112997361471 -0.7804541475626792 0.035609470250734354
-1.015654401381627 -0.59025417029072 0.730282531621584
-1.608030280529893 0.8683085815838965 -0.845849289057127
-2.302442375371329 0.43157378132337243 -0.0276768342231426
-1.8776696374302406 0.6735627388457921 0.6668875082756367
2.0168311912129777 -0.8854585476429371 -0.15848375713574026
-0.9956252169142076 -0.7785480317877109 0.0038378103996601354
-0.6603189718312568 -0.6039330274171739 0.7053158148552265
-1.5137808255688388 0.7093683086438105 -0.8483159676765117
-2.488247428537537 0.11019301023902983 -0.001099838373533224
-1.9170821447681272 0.43692650916318243 0.6761128767753926
0.9181471084726298 0.08483345436276579 -0.9625036851142559
-0.5840155652040353 -0.7622183839389791 -0.031028999445310568
-0.2739130139044723 -0.6029846998218567 0.6777369841362324
-1.270026126579634 0.6383046027964667 -0.868833793756834
-2.375148231150784 -0.03301578775290537 -0.005738987085691427
-1.9661866659699754 0.19585502851023406 0.6861131056572285
1.1668825688282758 0.002747228897355569 -0.9833271638129863
-0.2548510015587613 -0.7937073870232112 -0.05758167659985158
0.13057343762020546 -0.5948968005962492 0.648652778508791
-1.0863661547216612 0.5307887268704938 -0.8821351662849102
-2.3528694441340208 -0.2293442045714862 -0.0009944573615703334
-1.9388769896478082 0.000605952249898678 0.6893460615898457
0.06594758203731632 -0.8425056250992071 -0.08295608913647268
0.46554985906457125 -0.6378784179172143 0.6257183417106953
-0.8935968981356107 0.406200378068462 -0.8956873551582012
-2.287916600955637 -0.42120420846695694 -5.0319788328145876e-05
-1.9421526701892642 -0.23270183455360893 0.6957476004387226
0.4967167610764758 -0.8132880910222369 -0.11997152721630666
-0.7455002718866097 0.2980512110276692 -0.9056508675788555
-2.2157374687023834 -0.5670085211474252 -0.0013024941657695521
-1.9429242307634798 -0.42171080349520196 0.7007591589714375
0.827048664080424 -0.8510810016785975 -0.14658428585278127
-0.5797745123716902 0.17791509811705808 -0.9168951646064434
-2.1308014069023473 -0.7262329180948832 -0.0032336846564922084
-1.9181543804214947 -0.6163492043724332 0.7040340765739765
1.4445595119007004 -0.7177140372119588 -0.983542217371336
1.250252626881553 -0.8421505509450569 -0.18245340740429494
-1.6225996686973192 -0.6251544440050942 -0.7838781014655742
-1.9336573701758113 -0.822133477215143 -0.01679588711010549
-1.6726969586519242 -0.6859665699502031 0.6880419119621601
-2.4243212481601106 0.7832837900832317 -0.12134529506908986
1.6520184595351903 -0.8473954279612563 -0.21614910518871877
-1.6116709596996825 -0.8277669152146778 -0.7769563332770977
-1.736636938073441 -0.919099056818883 -0.03036381160961721
-1.3619098926276978 -0.7204864458039708 0.6663648947502461
-1.9761607772552234 0.6790269077495346 0.581725345494875
-2.417965711890876 0.5859922505278519 -0.8482558861945781
-2.4882128827946066 0.5322723354275887 -0.10697389995800588
2.0985544364183744 -0.8213826817249199 -0.2545907632087383
-1.2842953706546165 -0.8434729019622829 -0.8081972733710918
-1.361269635666082 -0.9076689459688332 -0.0626356736396465
-1.0073041992639247 -0.7222280784391515 0.6406280859733906
-1.9986683551885074 0.46318413516356216 0.5894162520195332
-2.25677574270248 0.4810330247346819 -0.8594777718757305
-2.489542040008905 0.33063985357466663 -0.09973265087353322
0.0017859305435836692 -0.3435229922045835 -0.9529626504157696
-0.9678401885762205 -0.8993056390181522 -0.09639574444042776
-0.5866135429708927 -0.7005013685759813 0.6094477041984883
-2.0174889131758977 0.2399299145917766 0.5970022543693867
-2.0697552964816226 0.38013386934808224 -0.8734457627509746
-2.431415730382117 0.15452606339835384 -0.09851242458569143
0.222972766134915 -0.45782191650722837 -0.970152153131834
-0.6217830716861434 -0.9406138411845681 -0.12459112560497854
-0.22196036846146883 -0.7335810103881357 0.583680854680666
-2.049693826435365 -0.011160220554916833 0.606294380071291
-1.9125866488241232 0.25019219152748207 -0.8833420411323223
-2.3951741070749732 -0.0446163624798217 -0.09467150127636526
0.35621240636615026 -0.5888227867802236 -0.9781720772956524
-0.26669441062864907 -0.947861475822922 -0.1546900407050762
0.10347417123580804 -0.7586029167090267 0.5605304106499043
-2.0320469122386644 -0.2005751337390862 0.6101786955620137
-1.7947181619576906 0.1073410076954211 -0.8889186516975078
-2.446067610415376 -0.28348870237316603 -0.08204533016430471
0.5154560987795356 -0.7169622431787666 -0.9889052048896465
0.09326210740336327 -0.9654230403820812 -0.18493009960400197
0.4556605490646559 -0.7820154985059524 0.535343395116457
-2.023619257316336 -0.40513558979639797 0.6151153906608906
-1.6170366684983397 -0.0011673619716106032 -0.9018437997077617
-2.3558141785730857 -0.4394568393099014 -0.08443285381542776
0.47564307501014236 -0.9734920988849005 -0.21743847286450002
0.8742775097292195 -0.7724587747224341 0.5044414862419453
-1.95976300250403 -0.5773494448622927 0.6150419577385273
-1.474060130184223 -0.13038142841915246 -0.9105694428657207
-2.244510409652277 -0.5833566732814326 -0.0890934601997051
0.8541289786513708 -0.9862536895217922 -0.24952055370556447
-2.247150091053415 0.8588251474909114 -0.2311828271125469
-1.8184508482825106 -0.7055458996882926 0.6080186232353535
-1.6123487650313009 -0.42010178255688047 -0.8851344720100078
-1.986501961589811 -0.6440306411185155 -0.10925699627148244
1.2948694816357902 -0.9690343528345196 -0.28792025005566213
-1.5078973479142113 -0.7393441077884155 0.585906253698
-1.6265312237194678 -0.6376757189758528 -0.8749163285468731
-1.68935031170277 -0.6841839422638216 -0.13353897487866018
-2.002181246112255 0.6209844826340003 0.49324821079028514
1.9131151438133016 -0.8628458011478202 -0.3443434373115215
-2.3927874114882712 0.34630717336033 -0.1999342576240215
-1.1447452538186318 -0.745926956961867 0.5591313704277363
-1.1730807110347883 -0.5925453878105564 -0.9214880601142559
-1.348476773138497 -0.7017881753858077 -0.16240192806469533
-1.9902489028000154 0.4152257645636048 0.4982898100639668
2.06773679446814 -0.9998660528836751 -0.3535549775336895
-2.416040056157719 0.12172201914867387 -0.18983770763622854
-0.7767314743730365 -0.7523387065667144 0.531946407201418
-0.8404863619567767 -0.6178477699857154 -0.9533579484199199
-0.9897654066346808 -0.7118040082446306 -0.1931121484016094
-2.0436663497330096 0.17183060889768598 0.5092604025627461
-2.3801998596984806 -0.067108533971453 -0.1862161294196758
-0.35135076979922264 -0.7299117280356882 0.4997002943779316
-0.6817462939562822 -0.7410961630447517 -0.9641893044685039
-0.6436560888323342 -0.731218405982407 -0.22247435009228322
-2.093916153293342 -0.0683450706235682 0.5198576315666523
-2.3623413091246106 -0.26588057087480976 -0.18072725689159963
0.03531160280984569 -0.7315449869102331 0.4709155424858418
-0.536389866367142 -0.8722860838359523 -0.9734413758491192
-0.31023692575627004 -0.7599001322976093 -0.2504837647651348
-2.0589993604806556 -0.2579499595438399 0.522582279088625
-2.4386194646151047 -0.4968557364852124 -0.8916032448981914
-2.2937771622145746 -0.4242877461586616 -0.18114115154491994
0.3083365175115027 -0.786328367971965 0.45192884052050974
-0.3957557757310559 -1.006545183729493 -0.9821665421699199
0.15490246103424687 -0.7195000878974014 -0.2922361031745586
-2.0423209929264177 -0.4470588528086097 0.5266225203300801
-2.280279278705862 -0.6030464652969876 -0.9029386178229961
-2.2300900864465953 -0.5853374053437612 -0.18108297741161916
0.5155462111804319 -0.7278928874213335 -0.3233730927680645
-1.9569617848982335 -0.6068697691066021 0.524629341008791
-2.152150690267804 -0.7478176146529805 -0.9097068444465313
1.1104008820590914 -0.7866828797142738 0.3919203146721211
0.9074564091475605 -0.7327381604014676 -0.35739971554028127
-1.8502577062488186 -0.7753923265169149 0.5212180479790058
-1.9550842084750748 -0.8644372259341822 -0.9246075288032207
-2.282540738745827 0.8910127740446789 -0.32138372814404104
-2.132678549297447 0.959636440832746 0.40096353137744334
1.2647263244497813 -0.7693668642773233 -0.3874514237617168
-1.4572332188023356 -0.763054004736162 0.49114583575976756
-1.80179732731356 -0.9857911072240881 -0.9349968568061504
-1.53809417270271 -0.8494320156702635 -0.23275066768871877
-2.375831388925438 0.6214847741802103 -0.30307699596630666
-2.213173126047844 0.6972603982703092 0.4149978026176777
1.7590999527371634 -0.7259027385959769 -0.4320676461433086
-1.1550187622022101 -0.8143660731701168 0.4696380957390156
-0.9837983730210375 -0.7608886111249547 -0.2845914498542461
-2.461542845240381 0.34770960948625884 -0.2853367463325176
-2.1875726711822647 0.48924591976584253 0.41927407825244334
1.931749226719464 -0.8638369962493258 -0.44290853893505666
-0.8352201541022339 -0.8370034961617492 0.44597695911181834
-0.8821883303355799 -0.9043185919502079 -0.28873230373608205
-2.4376219961359626 0.151185486843616 -0.28020025646435354
-2.218994243958409 0.25878133433462125 0.42852090442431834
-0.3006474444351843 -0.7549866187258445 0.4031541212822285
-0.584300262160429 -0.95141543709234 -0.3134892121528301
-2.4231047533384937 -0.050218507503124954 -0.2741053239082012
-2.2299822431550824 0.041483766154446045 0.43577121341479685
-0.13318699946035184 -0.8651430868452579 0.3933265074516621
-0.1986380054551138 -0.9318437382668634 -0.3482763901923809
-2.349478868142831 -0.20598657132690334 -0.27496696865307424
-2.1388432264095547 -0.10486947265884439 0.433078990819582
0.3282329687302097 -0.8180894997084813 0.35691331470263865
0.262192110239432 -0.8850473805425949 -0.3906695977424297
-2.2548637656540773 -0.3494991673543879 -0.27818752681957815
-2.1775961203256022 -0.32637038635945004 0.4424936636711445
0.679896872818821 -0.8644282166079158 -0.42842842495190236
-2.281560877350259 -0.5627579098774405 -0.2681548730109844
-2.083331051472966 -0.470435326919425 0.43941424930346873
1.0596820437265273 -0.8455730904277736 0.3017451628471699
1.0322666361311397 -0.9026116108926097 -0.4585230485175762
-1.9807322652315602 -0.6202508615941547 0.43581603610766795
1.437919175297984 -0.9045886788795379 -0.49458576595532033
-1.7092122269511232 -0.6533342600653249 -0.31600262081371877
-1.6139039325404116 -0.6210039483470631 0.40757249439013865
1.8971623184588866 -0.8815878495085734 -0.5362818375800762
-1.285924470627529 -0.6244995529810318 -0.3548748627875957
-1.2813170293240006 -0.6434864661799367 0.3825404509331074
-1.0315591755450035 -0.6926338422217597 -0.3752877846931133
-0.6418946277654038 -0.6982506981913552 -0.4100611344550762
-0.47519468972205514 -0.6280962228772538 0.3197486265922871
-0.2910473785146819 -0.7172985956179829 -0.440942062494627
-0.06248321766832898 -0.6141749514536414 0.28736136996997264
0.11280868090078577 -0.7206434608974526 -0.4771878854011211
0.2939978032274606 -0.6443236836065189 0.2604982718254414
0.5128147550036215 -0.7182999149909364 -0.5133388177131328
0.6464348331330996 -0.6684041878578135 0.233735786321291
0.8958390749570522 -0.7278094595369211 -0.5476143494819317
0.9992741830247782 -0.6946431037178193 0.20695279681933787
1.3233778101087275 -0.7164340249522603 -0.5866677895759258
1.7956684561864926 -0.6846423214532749 -0.6305062905524883
2.4372550767343237 -0.25919711766667675 -0.025181068537107443
2.332329240234151 -0.12092429786610381 0.01233314121020701
1.8565825662503972 0.8149949916038146 0.2550032004143086
1.7851964949280767 0.7976763936547577 0.2538306578422871
2.3426860670116043 1.0315023530990821 -0.6803295747016582
1.7105157620583271 0.7997777199987688 0.25734780872119334
2.2712335616366723 1.017275682787993 -0.6803295747016582
1.6358905186638077 0.8021473247996518 0.2608644827629414
2.197902167369359 1.0127364800852128 -0.6775667802070293
1.5613253307397477 0.804786582486436 0.26438115680468943
2.122797429420097 1.0178993853599607 -0.6720402375434551
1.4868192282577568 0.8076973921426891 0.2678987845207539
2.0486563947731304 1.0186140778856583 -0.6678960458015117
1.4057331507059079 0.8541092906473047 0.2819664343620625
1.9780221144096948 1.0006871789308853 -0.669276966211668
1.3315015175862124 0.857575991832686 0.2854831084038105
1.915779701890231 0.9357035000688434 -0.6844742432807598
1.2573320412208706 0.8613119824765256 0.2890002592827168
1.0365201859375301 0.8644711098044979 0.29720662677539256
0.9638535072537153 0.8596234670980145 0.29837869251025584
0.8924290863974886 0.8453915066024926 0.29720662677539256
0.8209375180538547 0.8314044539391432 0.2960340842033711
0.7446857555936979 0.8562672453457338 0.30423997485888865
0.6714894365848019 0.8572738797860779 0.3065850600029316
0.6088370693666172 0.766791352174593 0.286655650975832
0.532716703745757 0.7924338811333236 0.2948620184685078
0.3785867019282425 0.8687320480385239 0.31713555896533396
0.30560564688445746 0.871035860523719 0.31948064410937693
0.2307922503168105 0.8929485993086459 0.32651446903003123
0.15931798817415 0.8812538408311745 0.32534192645800974
0.08648170550110157 0.8843346446761373 0.3276865347648945
0.014528535665074171 0.877984173953994 0.3276865347648945
-0.05744874764454533 0.8718871827580585 0.3276865347648945
-0.1305981734372772 0.8805774948312859 0.33120368564380076
-0.20293140235771867 0.8798325239729259 0.33237575137866404
-0.2759513393798978 0.8890362815027295 0.3358929022575703
-0.3502212968000131 0.9178949787386372 0.34409879291308787
-0.42332078798427664 0.9324722058336299 0.3487884863640156
-0.49540401012694457 0.9327548117700992 0.3499610289360371
-0.5666211600548083 0.9187302521313825 0.3476164206291523
-0.6387168873184486 0.919513638853843 0.3487884863640156
-0.7112911396824488 0.9302582244317428 0.35230516040576365
-0.7830807425833203 0.9266928466062083 0.35230516040576365
-0.8548826190824842 0.9233793333700184 0.35230516040576365
-0.9268928000085747 0.9251728613555166 0.35347770297778514
-0.9983373843198271 0.9126436713235933 0.35113309467090037
-1.0701865470601506 0.9100828007970705 0.35113309467090037
-1.1421913618761041 0.912628088741581 0.35230516040576365
-1.2140398564062767 0.9105665862645012 0.35230516040576365
-1.285895088511129 0.9087564237222097 0.35230516040576365
-1.3586196656749292 0.9509347464811242 0.3628561362053242
-1.4303338915881691 0.9496295449791035 0.3628561362053242
-1.5020506525082993 0.9485749565569925 0.3628561362053242
-1.5710621868505525 0.6561439631951416 0.2925169333244648
-1.6427603336570697 0.47574426773027056 0.24914144122851756
-1.7152878388226953 0.11088639926344968 0.16121743762744334
