1.2896770440715315 0.12518889915036446 0.262889953095752
1.2205658880832786 0.49455239990014555 0.25831756158574226
0.7213610943350517 0.7796190033735737 0.23522767587407234
0.178706686554726 1.059413560037303 0.21021661325200203
1.8976990750675355 0.13301115420727072 0.10239991708500984
2.0037461490424917 0.22953379231942783 -0.08002176718012688
1.925203190741108 0.5944611375262507 -0.08500185446040032
2.0630357720647936 0.20243974082338667 -0.24526777700678704
0.005057272454202177 -0.7834842167050677 0.78211125894292
0.05022243072548349 -0.38545730825065583 0.781836600739795
0.21253247020010946 -0.29530934609510595 0.5976139025281251
0.13215720509820272 0.07583765189607838 0.5925804094861329
0.0628857159721079 0.4492287548353673 0.5879469828198731
-0.01489502965702627 0.8209338039469127 0.5829416231702149
0.42835411872400186 0.5201948410110262 0.412942500550586
-0.10437856248167776 -0.9550989722550707 -0.29989567236201164
-0.9577201979029297 -0.8033617700328488 0.3609529451916993
0.8348628335269623 -0.9409998430405722 -0.19219818548457024
-0.04099239786106068 -0.7825080534648627 0.45225200219853523
1.6415027334782621 -0.9102967820719545 -0.10013332800166008
0.43914122003421596 -0.6917271572129735 0.49865779443486336
1.7583765207988407 -0.7622865764247013 -0.08971109823481438
1.76820910386148 -0.5954485778814398 -0.09202709631220696
-1.1894783068705124 -0.04879692107633815 0.3246351198743165
2.0765021374950408 -0.48379941756458855 -0.059023289244335864
-1.15759487679005 0.12478023511917691 0.3246351198743165
2.1556507718043108 -0.33084907527186047 -0.05323305563227532
-1.1251027679944485 0.2982368724579061 0.3246351198743165
-0.1444070345077293 0.2888741918625346 0.4224916414807618
-1.4255135281250517 -0.9120874326477324 0.22671803994877937
-0.12599748885951811 0.46167257972117604 0.4209781603406251
0.3251322661613969 -1.025916408316121 0.40681466623051765
-0.10696763786205565 0.634460726507502 0.41946467920048836
0.7798193914532732 -0.939087338708525 -0.3699592633654296
0.4075256680757491 -0.8668462335813842 0.41245898767216804
1.7084355217416345 -0.9293246651455327 -0.2602304501940429
0.49044465906778356 -0.7082516227168956 0.41810283227666023
1.9180688707230331 -0.7980540749080873 -0.2381652875353515
-0.21445355342037686 -0.40966693832865353 0.34113845391972664
2.045005299838948 -0.6530664492637364 -0.22623863653437493
-0.5655175519486235 -0.17010949683530185 0.30111703439458015
2.108927568574991 -0.4971096662920793 -0.22206392721430657
-1.2773870439559047 0.13909506436343122 0.22312650247319343
-0.1599149268631308 0.10790960443893383 0.33703383966191414
-0.2202800505625362 0.2957663980419838 0.32728490396245125
-1.0033493694865072 -0.9446318482752449 0.1817089037488282
-0.22136335814193586 0.47265707648904787 0.3236928896497071
0.462248111077983 -1.013266926733957 0.3345890955518067
-0.2852030165746484 0.6623451773483904 0.31343135400517586
0.5397642847233541 -0.8538697905807489 0.3398066477368653
0.4509690067863872 0.6899231236466097 0.3873172716687501
0.6520940730636866 -0.7009251162014394 0.34867677255375984
0.2760093830452419 0.9011464871676331 0.3652540163586915
1.949055276720216 -0.7689115771492094 -0.48652639822260735
0.6327419017833336 -0.5250190490503996 0.34345922036870125
2.115062673361301 -0.6312084706681063 -0.46910133795039055
0.5993609165530671 -0.34619875471990724 0.3366762117932618
2.1839186715479073 -0.47642200458358275 -0.4641222043444335
-1.0710922906061526 0.1377801664987235 0.1550980524609864
-0.13472717503844933 0.1394469863341019 0.2516270594189942
-0.06313560165543208 0.3017878982549256 0.25580081506474617
-1.0986286244479118 -0.999054325858177 0.08404931588872078
0.028514603413611894 0.45989083341917336 0.2620621637891114
-0.2952062904291566 -0.9549509409871391 0.16786107583745125
0.12067648722018731 0.6174713750587397 0.26832351251347664
0.3265572506813825 -0.8854768544435832 0.2320462183545411
-1.1412795252825987 -0.6176855328665258 0.7832203821729005
0.6518367229520976 0.6849668846771344 0.321544738252002
0.7571732517315155 -0.787024854869987 0.27554330392583015
-1.0966639084553123 -0.4468412984542045 0.7846032099316895
0.5109963004059637 0.8885444763544896 0.3027606920789063
0.9235396802465345 -0.64457088515808 0.2903958277295411
-1.0024471442727645 -0.2849247585233119 0.7905960993359864
0.9582197432877777 -0.47925613715338145 0.29092654748662117
-0.9713828525198309 -0.11200046280951881 0.7905960993359864
0.9885897311180969 -0.3131738423331605 0.29092654748662117
-0.9446163713293316 0.06171383889571125 0.790134997804004
1.004885299346867 -0.14444592681910962 0.28933534188969734
1.012004971663778 0.026155555408754694 0.28668269677861336
-1.2050857406424953 -0.8468191135288698 -0.018774895231884692
-0.24968680776823504 -0.8300809105387188 0.08312043710454109
0.37213595088095275 -0.7623030394195656 0.148355098206836
-1.0630861914881393 -0.5051262411487905 0.7000041918347657
0.8518765304793661 -0.6736905872746526 0.19795569940312507
-0.562205391031533 -0.41516895462903136 0.7450924830029786
1.1261696358475817 -0.5513118613132306 0.22491225763066414
-0.5267091552318206 -0.24466488288405586 0.7455621676038087
1.1758490356595033 -0.38941217298100383 0.22706851526005867
-0.5248853139047114 -0.06800694248250139 0.7427440599988282
1.2114122848494304 -0.2250073529182508 0.2276073412488282
-0.49307449413956306 0.10324816987596819 0.7427440599988282
1.2377900295884814 -0.05888894053449967 0.22706851526005867
-0.49977746704344383 0.28186840470629804 0.7389865831921876
1.2549820562916878 0.10906369530059656 0.22545108361943367
-0.5009401073837694 0.45968877035738487 0.735698790986377
-0.9919012623986063 -1.0497909147492717 -0.08098307089106438
-0.5405260191301977 0.6453924104514748 0.7286539988110841
-0.08590937835349877 -1.0225593591595743 0.01707419915898445
-1.4850968984247146 -0.78135961354584 0.5758367495129884
0.6775708202570314 -0.9774581404393494 0.09924468560917976
-0.6461312647215323 -0.7441771375898689 0.6547666506360352
1.1567282033480453 -0.8884008668249148 0.14964255853398445
-0.0919567376011301 -0.6634476529031748 0.7059513048718751
1.401009327266408 -0.7610779980851863 0.17374620004399421
-0.013212606752411205 -0.5023749422886574 0.7107344584058106
1.4890761601902582 -0.607123652245285 0.1803194002698243
0.021979893491646862 -0.33378679541874234 0.7112132029126466
1.5189994809771221 -0.44289866719312165 0.1803194002698243
0.05286258413571687 -0.16444485325499159 0.7112132029126466
1.5446087971553553 -0.27786705767391773 0.1797719912122071
0.03541845152962253 0.013976381468404853 0.7064290957043946
1.4911253846671997 -0.10618320906771395 0.17045936151250007
0.017011794621417664 0.18415677995051816 0.7016454653333009
-0.9606132005171162 -0.8585384364844675 -0.1696266217638671
-0.07731009965299052 0.37826247885918285 0.6892081217358887
0.018793559021411 -0.8472423582992583 -0.06167021230952141
-1.247868917096767 -0.6230713027128658 0.5068617777417481
0.8654827615248664 -0.81974353298747 0.03126201196416023
-0.40902881323135887 -0.5897991987324005 0.5872240976880372
1.3643773570863118 -0.7365272741816025 0.08468350930913093
-0.016445893060591743 -0.4832299325215601 0.6232658342908204
1.638331471852581 -0.6160471645792835 0.11250743432744148
0.14612503055550263 -0.3376672536499221 0.6364160494397462
1.746397368444697 -0.4667531112446692 0.12141093774541023
0.16231703517950535 -0.16604291771921353 0.6349550203870118
1.7865777608926194 -0.3052622939028087 0.12252435250981453
0.17911777054462164 0.005567778963369463 0.6334939913342774
1.8321911846065788 -0.14487818101850714 0.12419375940068367
0.16719077200037447 0.18280139376475368 0.6291104273389161
0.15103434535816262 0.36117448448167977 0.6242400126050294
-0.985083754997838 -1.0753503111006832 -0.2659100575854003
0.11114263067555896 0.5446309419178945 0.6169339136670411
-0.08435733738203055 -1.0468119885912746 -0.16515913442866204
0.08168472837873253 0.7265026803244616 0.61060246988042
0.7816590154851824 -1.0186615512882646 -0.06837025121943352
-0.34029354146861124 -0.8290330902482701 0.5104776339124024
1.382910395830244 -0.950834454712222 -0.0021461530138671137
0.23307364113424 -0.7523583081122212 0.5655036882947266
1.7541094533457482 -0.8465829854809535 0.03747520013554695
0.007703614126164382 -0.5388504125439777 0.5397253946851075
1.8809830641243934 -0.7008632378037092 0.048795314271289136
-1.1912307625051426 -0.14845009414935184 0.41529712243779304
1.9496618232065757 -0.545173314270313 0.05332335992558601
0.20075753611307334 -0.22440007366082604 0.5531102137158692
1.9749106945436736 -0.38164179259215025 0.0527573542187989
0.3200518677799309 -0.07213887066232516 0.5620332674573243
-0.0929012403314502 0.18095338095026214 0.5169216112683594
-0.03091615909328027 0.3449986956013955 0.5198961214612305
0.17316243216146887 0.48071968018815703 0.5372467951367677
