-0.11027918445974194 -0.37817182816589323 0.3374098675264863
0.5749486165913211 0.9880703087349261 -0.1551409823880645
0.42983836956030785 0.7726981182303874 0.48262585568566596
0.39334517565333726 0.974095657621703 -0.16932164263586724
0.26344021791586414 0.7841604785273475 0.47351397442956245
0.19842071602963784 0.969242564921398 -0.1834908587918731
-0.12554358153855816 0.4786816897609114 0.4198297398104218
0.6382773902645411 -0.6706750279173193 0.27391518521447455
0.02039921239092024 0.9777719716094602 -0.1950703723416778
-0.2228318677777068 0.88741401199173 -0.22214804720740045
-0.423442503005532 0.8646027113242809 -0.2388812167630645
-0.5259796233872294 0.9915833790354114 -0.2323480708585235
-1.3973482404525868 -0.3109051592073975 0.26403988766808784
-0.7269719182044696 0.9703288396519056 -0.24906550478796685
-1.6416089766475608 -0.3871574983532824 0.24126042294640815
-0.9201195614636788 0.9623759600956276 -0.26383791994909966
0.44015737539281474 0.7766182330533091 0.405698193789914
-1.091376886111334 0.9881562009450668 -0.27343283724646295
-1.3693769638939202 0.5909263303889389 0.35232771802087104
0.3899222495873005 0.9707823354441452 -0.3259445292935821
0.15786918598127642 0.6204726490179269 0.3726586239351777
-1.2795308630965039 0.9901090691329522 -0.2868968112454864
-1.5786087965046605 0.5649669593921018 0.33642949032922065
0.8006921395216153 -0.6590716408179453 0.20506228375573432
0.20952677713518852 0.9743407192072056 -0.3385063273892852
-0.12848369097868328 0.4616756268313651 0.3390458958162812
-1.5606596648222606 0.858088780496594 -0.3216711146817657
-1.7151580082628257 0.6464390975947509 0.3353976147188691
0.012713241297106492 0.9537324155367948 -0.3550411326871368
-0.2435864203513134 0.5712912266933934 0.34257830548424995
-1.6905856556499046 0.9476999880204389 -0.3215533359036895
-1.919349716083893 0.6303985094010187 0.3206571476473359
-0.17100542078796366 0.9548098194401717 -0.36825190615515435
-1.8741062023529977 0.9604986871263819 -0.3337007625089141
-2.0528840987043466 0.7171743326147464 0.3202132122530488
-0.3441245373542756 0.9732845138484372 -0.3788009746060821
-1.2494807344354868 -0.3914293245574285 0.18429554867883002
-2.0806561337658707 0.941681554883516 -0.35100899767737115
-0.5447657540640094 0.9511850476671562 -0.39597664904455865
-1.328928993600762 -0.2200904792653553 0.19597519803185737
-2.356426711219207 0.8267431470197977 -0.3838106257901641
-0.7348585629653783 0.9465311688411013 -0.41049109530310357
-1.415744583751625 -0.06105737794166188 0.20592106747765815
0.5747996671747089 0.7610921985339445 0.3346542255892304
-0.9004040562781128 0.9797825640534974 -0.4190274341092559
-1.2247717470554988 0.5103074974898938 0.27389611172814643
-1.2549295098070274 0.7346502630689109 -0.4726625545011016
-1.3698171661575742 0.5781611063402394 0.27109087872643745
-1.3406211448917134 0.8887039811444488 -0.461947069881961
-1.5146910557498856 0.6465777819512297 0.2682937519564179
-0.10779436700963885 0.5536321105561264 0.27057255673547065
-1.5770906110428626 0.8223354604236164 -0.48704253268103326
-1.6762783375087125 0.6909917289000731 0.2620228664888886
-1.797415181204805 0.7816118266253582 -0.5081502063260528
-1.8237273686146978 0.7564895606969912 0.2586602108492402
-0.2185693492305063 0.9407266548424715 -0.6095024211392852
-1.996602513913345 0.7859103450725904 0.250084294558957
-0.4053722579139958 0.9387661782137329 -0.6239114863858672
-1.2612082086819925 -0.34872470744531014 0.10644520688195502
-0.6198400846630818 0.8963743927067114 -0.6452060801969024
-1.2554103726370869 -0.049103076106522536 0.13655604291100776
-0.7964011437173255 0.912693116359673 -0.6568428142056915
-1.2726570030038786 0.21284324883968964 0.1613725559725312
0.6625364421415583 0.7871785166619993 0.2650092976107148
-1.009095451288097 0.876363043011775 -0.6774331195340606
-1.152539130498809 0.6762820803935554 0.21505106854577338
0.5509199071020063 0.8983949415836108 0.269218816043332
-1.14175598369728 0.9599573770717846 -0.6780263049588653
-1.3248832154077164 0.7028098365399984 0.20631541180749213
-1.2685524397669283 1.0521994518532516 -0.6772333247647735
-1.5701817514939265 0.6234911542336263 0.182276620150998
-0.05392661079078209 0.5241617278310464 0.19220436978478705
-1.6980893325348703 0.7172106107041216 0.182978524447873
-0.15806721905531163 0.650203869069415 0.19822968411584174
-1.8256551589539853 0.8113642364503058 0.18368710446496284
-0.9424652330826149 -0.24065183447934047 0.7028507130159882
-1.9557274427534068 0.9018853455615279 0.18381489682336127
-1.1841031072108734 -0.346369310122963 0.030431164981320258
-1.1198428194254717 -0.21972603100761035 0.6944664852633027
-1.2306284041884155 -0.12554637321824558 0.04962672162194526
-1.218152065359611 0.18188779765479524 0.08137787747521674
0.7622644786496267 0.8762576976233376 0.20286787915368354
-1.0959530138339844 0.6495326748864123 0.1364401714815644
0.6350523944493958 0.9619432754935069 0.20349968838830268
-1.2015650877732824 0.7745229842229904 0.14191235470910346
0.5054987803764277 1.043868458663642 0.2035316364779023
-0.36211661333986456 -0.3082410033292575 0.6498240368380097
-1.3960493629692436 0.7685029136276569 0.12827099728722846
-0.45856941997907796 -0.1642165417171455 0.6573823826326874
-1.5656020541917712 0.8002152842780568 0.12001408505578315
-0.11042408999600895 0.6542923565247918 0.12298525738854682
-0.5596943577228046 -0.028341262496610398 0.6638740437044648
-1.7634654361783788 0.7918376163038765 0.10579146313805854
-0.24105792767673506 0.7388261857937977 0.12304009366174018
-0.6872621891926087 0.06608743767396774 0.665003670932248
-1.9219860493213616 0.8414106753649158 0.0999416248812226
-0.37682527242249364 0.8155111256243259 0.12188996243615424
-0.8144733926469385 0.16094195125605992 0.6661404507174042
-2.151768112854711 0.7900525695711664 0.07916153836388862
-0.515088379087004 0.8885477562588981 0.12013997006554877
-0.8482335119738167 0.3972978364384723 0.6855391399874238
-0.6916045847809045 0.904228811888828 0.10991085934777534
-0.9852394576310743 0.4761109781870694 0.6845435040010956
0.9370458734441058 0.8837508286692639 0.13745821881432807
0.3320303435879879 -0.076573512012164 0.6315955059542206
-0.8738347609020352 0.9124418716680118 0.0984772579683808
-1.1330623995512283 0.5389091538814839 0.6814078228487519
0.8045775834564424 0.9604217264565413 0.13686121869225776
0.2884851490085083 0.14967241470492 0.6501644985689667
-1.0590816687295472 0.9173540923822543 0.08644474911828315
-1.269629428045107 0.6187613109872991 0.6804274456514863
0.669718865230486 1.0333636141607023 0.13565720486779487
0.20117492058267317 0.3042793252238667 0.6594656841768769
-1.3143588109343796 0.8205103913273462 0.05926503110070502
-1.4758420553104656 0.5963440290129611 0.6660331623568085
0.4020746962089845 0.8973544283344026 0.10371292996545112
0.13064680447530463 0.4842024864604717 0.6720475094332246
-1.4219683374217595 0.9420009744682218 0.06422223019738471
-1.6684611322310943 0.5954203530943545 0.6543311016573456
0.1867024886237587 0.8463658664118654 0.08407534527917182
-0.0005606129318564967 0.5678825329195973 0.6720880405916718
-1.62488484435314 0.9249074144614937 0.04857624936242377
-1.7936119471875216 0.69355921252739 0.6555208103670624
0.008328267933144673 0.8548038271823266 0.07305373120446479
-0.15302497489196298 0.6186085571625277 0.6677717106356171
-1.8735735499125923 0.8435876118555719 0.023239506961300727
-0.16486665404069356 0.8723564207536363 0.06327094006676948
-0.33793477907703107 0.6199481355877445 0.6569160358919648
-2.0092271139525195 0.9261454740050468 0.022157563449337836
0.21177421949403197 -0.5236582498680633 0.5028761761202363
-0.3518268203555053 0.8699070438273928 0.050419701816037055
-0.5176887143082212 0.6304233367267926 0.6471585171236542
-2.2218920296948568 0.8997177622834158 0.004718198062374945
0.23703975687213585 -0.18279429753988552 0.5366991894259003
-0.5445647288567486 0.8600294115314888 0.03634680676598823
-0.7223089895252457 0.6043759059302403 0.6324995892061738
0.22483355874108213 0.09425412477466111 0.562215699435666
-0.7184372733901014 0.8799703404734451 0.026585950137570258
-0.9081451862821979 0.6082670598351179 0.621666325808957
0.5989159934156163 0.9661913331514072 0.046251191379025336
0.19570239100659137 0.34148966534196745 0.5838593380465058
-0.9283803309952177 0.8470745995122293 0.008839024783566352
-1.0914847504072043 0.6171385950545236 0.6113871471895722
0.40548648574699797 0.9477734932391648 0.03131808209557807
0.1280048729001848 0.5255735491929094 0.597195996524289
-1.105525428713804 0.8645550203502523 -0.0015212161527129453
-1.2945386300642951 0.5979893302036174 0.5972966091646699
0.21965789814994707 0.9427825007379731 0.018263711215451117
0.023760083301972656 0.6511028422136746 0.6027802364840058
-1.3051931129804402 0.8499842195240817 -0.016792402981326227
-1.4840540745140771 0.6003470241195323 0.5859416859163789
0.049665842702630414 0.9636468124462922 0.008959187747433539
-0.12033504822124286 0.7142879221888911 0.6000579731478242
-1.491234960012612 0.8568321396282137 -0.028982268093630914
-1.6710432397971573 0.6076821413428384 0.5751403706087617
-0.1448211188995998 0.9478346104995161 -0.0059510333524199766
-0.2914067775594873 0.736379090597147 0.591801537753537
-1.6690856889958212 0.8767694639379116 -0.039318667172000055
-1.8667731684858424 0.6035966008960685 0.5627106564058808
-0.36419407332859777 0.8955832181118204 -0.026464567898318414
-0.4980358045308435 0.7051887232502452 0.5763462917818574
-1.878276241318865 0.8526947537583567 -0.05641089510779107
-0.5432042375103805 0.906497634942351 -0.03761826586584771
-0.6723011411438833 0.7247300260456342 0.5675505535616425
-2.1050269329316222 0.8052417315958706 -0.07718382906775201
-0.6894564830443315 0.9677657029765996 -0.04128132891516412
-0.8880539957604867 0.6829975517882083 0.5504487888826874
-0.8880863403190986 0.9513223392154337 -0.05678425860266412
-1.0905469319694348 0.6629519881349779 0.5361260311617402
-1.0760128390772223 0.9522590360735883 -0.06978474688391412
-1.246173914253319 0.7138443478799168 0.5312327282442597
0.5833015132593715 0.8714796868253032 -0.05054579806189263
0.3687833030095504 0.5305989976997907 0.533656014682248
-1.2698172163502477 0.9458609127505753 -0.08402453493933404
-1.4604945346103761 0.6791265035093765 0.5147084133638886
0.4108988225570229 0.8865971688581844 -0.06064330172400201
0.2270941906658166 0.5966805280406255 0.5314368145479706
-1.4527586052035701 0.956715991401687 -0.09576283526282037
-1.7034909625380479 0.6044767804183842 0.49265135693688666
0.23030190709189213 0.8899223746648026 -0.07263289522986138
0.08556427454063709 0.6632753076092222 0.5292242901339081
-1.6754208460730595 0.9112670633256812 -0.11622201037268365
-1.8342710538277274 0.6945599940156093 0.49276913571496284
0.05211910193139602 0.898227360270738 -0.08398257326941216
-0.08269377014480028 0.6886541966654889 0.521390332461789
-1.8760315005983017 0.8994900071040881 -0.13168440890173638
-2.0897121943400663 0.6057000859448642 0.46851147580285346
-0.14789753472737033 0.8740491762723437 -0.10038815569739068
-0.25377489166165645 0.7105823592588827 0.5130008595003632
-2.037154429265442 0.9455176676942578 -0.13841067385534966
-0.3049367649979118 0.9172171104840032 -0.10665808749060357
-2.269843796250619 0.8909420471831737 -0.16071520876745904
-0.5056347684637927 0.8947797172864824 -0.12304841112951959
-1.3785537236156884 -0.4295833519860004 0.33525551724572455
-0.706803137943929 0.8732953589638122 -0.13943158221106255
-1.565192374058391 -0.4192419191137944 0.3246396915926484
-0.8863364763543444 0.8857305904136865 -0.15074311327795709
-1.0417514830652408 0.6529442135080181 0.4586924450411347
-1.0882799316931369 0.8660709825437785 -0.16711102557043755
-1.2640449338030137 0.6048010429663506 0.4402102367891816
-1.2683630157127226 0.8801887142503766 -0.17840682101111138
-1.4869896711286685 0.5577555973454835 0.4217361347689179
-1.4458451528397944 0.8992008287798292 -0.1890607936368438
-1.7021476126412125 0.5241108451024488 0.40495814252038276
-1.6347720101278753 0.9026758655536433 -0.20223961901526177
-1.8021726548122246 0.659178396789116 0.4112643139376191
-1.8636218304237815 0.8499956633258563 -0.22427235674719537
-1.980967058051263 0.6802642165089772 0.4018196003450898
-2.0703818614714535 0.8309717408965653 -0.24123297762732232
-1.768137709749972 -0.8549196359726849 -0.48022090029577935
-1.8978160081252256 -0.7978380179739801 0.4009698765291718
-0.9650849306227229 -0.9249049614024223 -0.3893147571073028
-0.39191345081831486 -0.9170926958729702 -0.32678090166907037
0.17598166111846325 -0.9113196341704786 -0.26482544970373834
0.6687700891774568 -0.8816005292936353 -0.21213446688513482
0.2542009094307289 -0.7169323277739146 0.6032399075045136
1.2773263018310672 -0.8987295542241434 -0.14496861529211724
0.31470530966899446 -0.52658570157746 0.6022309200777558
1.8015434621414528 -0.8881444557975975 -0.08822403979162896
0.4037895608897486 -0.3470099801759332 0.6042484180941132
1.8753955425791133 -0.7084723887132327 -0.08764515948157037
0.3448555527879975 -0.11078997894304621 0.5901249783052949
1.940593060664014 -0.5254840427323124 -0.08822403979162896
0.05037931263898088 0.2178041583698942 0.5502761738314179
-1.970723126060399 -0.7817180955920087 0.2891038792147187
0.06324648147614909 0.4289452017533648 0.5437187092318085
-1.2552687913376346 -0.8194010822168778 0.35991085934777534
0.27120420326720307 0.5633660679648216 0.558347119571164
-0.39135865193149044 -0.926871241333906 -0.5303422076688262
-1.2886319833597923 -0.5898899047963795 0.34862269330163276
0.19496115681219806 -0.9277860879708655 -0.464146719692752
0.8643851985419317 -0.9636599584847261 -0.38721715044836724
0.3724586605945319 -0.7703686770004268 0.5158919231905488
-0.032835391853410556 -0.40558917649988757 0.4635561840548066
-1.3476299354349166 0.30814413164055665 0.3106535809053925
2.055891932980046 -0.7869124475176683 -0.2607904536710235
-1.3438790000949226 0.5272968211447697 0.3029569523348359
2.1810000696503167 -0.6278645268409662 -0.2536345584378692
-0.02685056275965536 0.23808238932879533 0.44046677518029487
-1.7075557457587607 -0.8305273137004576 0.21244229245324409
2.255740733990848 -0.44954873154135555 -0.2530380351529571
-0.24546488763297702 0.5401459193302358 0.408141984225705
-1.0580419020388732 -0.8459209823003171 0.2771424191011933
-1.2035834333036846 -0.5761746793358178 0.253140820743039
0.47630633613428586 0.6882004271141788 0.4717654125704316
0.5967290584344624 -0.8102618076090238 0.43889273572106635
-0.03654494454708157 -0.3601450556897845 0.3601044552340058
-1.2483040449248364 0.31558770885231624 0.21609486508508002
-0.14441307047646745 0.11165895388931091 0.33192862439294135
2.205336444221082 -0.5946954959600319 -0.5463977916226836
-0.048524237205249676 0.2908949179164857 0.33453740048547065
-1.6964432221674315 -0.9206649377688123 0.11281432080407416
2.2709480180423043 -0.41284575139060564 -0.5470205409512969
0.052585341959797915 0.4678983939803949 0.33766783642907416
-1.1640525364557206 -0.8932705131303535 0.16532887387414252
0.36692892814353684 0.5601607267834687 0.3648003475679902
-1.0434343366235765 -0.7201199756562318 0.17116393017907416
0.6812538448876424 0.6504846038093461 0.3919328587069062
0.5140198276417607 -0.8630236831267482 0.3324216740145234
-0.09174400678388395 -0.42411202105792256 0.2555059330477265
-1.0809921419414508 0.16541307067915767 0.1345623867525605
-0.1722848728871469 0.03704949795784174 0.23004425931115424
-0.07200788611394415 0.2146224760686266 0.2332266705050019
0.028846906771939018 0.3917436528932754 0.23641003537316596
-1.591786867403144 -0.7931918412528276 0.014926804782345648
-1.120236200338013 -0.7453521064466493 0.06129206586022651
-0.5556659565147726 -0.7347172755545301 0.11844004559655463
0.6484724105182167 0.7940875986396634 0.2820285694613007
0.45122180466732686 -0.8915521459036597 0.2268046276583222
0.6554617953427382 -0.7558527637804318 0.24243964123864448
0.7437418785519583 -0.5774298137441853 0.2445963757051972
0.7629549524942902 -0.3727949236052943 0.23866595196862495
0.8560943886262464 -0.185635275234052 0.24082220959801948
0.9221017404895875 0.011953505301001144 0.2397440807833222
-1.492940187821965 -1.0232287185872018 -0.07018529009680474
0.981573059567566 0.19089333466298086 0.23866595196862495
-1.003104900149829 -0.9811489586272408 -0.020882712124392633
-1.7626737053547572 -0.6980526048254383 0.7224663631929902
1.0434169604712409 0.40097678287484584 0.2365092175020722
-0.37471583410589204 -0.9818745992286786 0.04430617261071479
-1.6518329090162425 -0.5080500699251864 0.7262929813875703
1.049776761972673 0.5907700373401923 0.22950066495080268
0.1900731312434658 -0.9851344026806004 0.10292138028283393
-1.2763870823246748 -0.437225688604137 0.7578648464693574
0.6377125801447647 -0.9488121503684894 0.14784134793420112
-1.251142400025472 -0.23908866230909354 0.7535594837679414
0.9627435230345114 -0.8590376504426196 0.17797030377526557
-1.161006708995103 -0.05396329072558004 0.7554730312838105
1.1215674454267273 -0.7189938558873159 0.18892659115929877
-1.0878331556192506 0.1264793699774387 0.7559512989534882
1.1635125663087678 -0.5245429652064573 0.18563975262780463
1.293179275149626 -0.3531611043441387 0.19221342969079291
-1.2845411871486547 -0.857465646037955 -0.15806160998205865
-1.9238687170554911 -0.6171695722884714 0.6009787457003144
1.3688897896901153 -0.17174666209975697 0.1927613155855683
-0.8321596908223299 -0.8041517051567624 -0.1124302012906524
-1.4607557270956093 -0.5652861658327168 0.6418904201998261
1.4082335704727171 0.023960198993506765 0.18892659115929877
-0.2541162565473556 -0.7999276964405375 -0.05177413058142388
-0.9746033806802572 -0.5249589059813644 0.6852373020662812
0.2860008283621056 -0.7856833431091346 0.004429711581662055
-0.4841738003699234 -0.4895118662449178 0.7290719883455781
0.806954004118694 -0.767992997998995 0.05840815472741401
-0.4182201848062732 -0.2983404582629561 0.7285846607698945
1.2437132692717938 -0.7220341193929087 0.10237015652795112
-0.3562433479275029 -0.10562368176736925 0.7276109592928437
1.5687618712726206 -0.6362789648280192 0.1329764263643769
-0.20528148313296413 0.053117529583435186 0.7358902828707246
1.64348735580149 -0.4558080633552173 0.13353289532799995
-0.07244156656252443 0.21823567775357944 0.7422217266573456
1.7095819668190941 -0.2720048397935244 0.1329764263643769
-0.14767878535816692 0.46417445018062864 0.7266363041414765
-1.6294985385883862 -1.0052408490979445 -0.3031989200101348
-1.9758845606031201 -0.882697524870629 0.5006607906832246
1.7716961393769353 -0.08658961820440325 0.1318634884371308
-0.9432296871701169 -1.0326736664213598 -0.22848425936560357
1.820628012138151 0.1041572343656938 0.12908114361901557
-0.33726089435214135 -1.0359411932572513 -0.16339264941076959
-0.8728692666741438 -0.8422403860167798 0.6027811901583222
0.23535884499848692 -1.0312530939588704 -0.10226260256628716
-0.3502156669841199 -0.8171694921929529 0.6508673565401581
0.7700638496125194 -1.0165413912805725 -0.04566107821325982
0.003941354567260191 -0.7334145135423533 0.6811069386019257
1.2623229813498256 -0.9896870705188583 0.005846394778683539
0.08301753193941863 -0.5491770366162285 0.68209828305383
1.6054014841419288 -0.9098736133940939 0.0392416851534394
0.15807739065066073 -0.3634854703780981 0.6825937168612031
1.8137773923486904 -0.7808594307357737 0.05622185635705268
0.17799387898103447 -0.15679392355333732 0.6771410839571503
1.8787295580120258 -0.5976686724482079 0.05565632748742377
0.19869994467760677 0.05000389189904553 0.6716879742159394
1.9396972075360495 -0.4128871065512598 0.05452383923669135
0.16457336143945867 0.2785742021346671 0.6602863209261445
