-0.6916018857537694 0.7222473997476104 -0.8144381994468115
-0.7876212759066732 0.7752980071946034 0.08591070230184572
-1.0267129269646063 0.6765676719896323 -0.7988766187888525
-1.1227152152156634 0.7300330109175368 0.0979162698525049
-1.4196037064753284 0.6715861685516842 -0.7791460508567236
-1.4574634410168272 0.6866849780066202 0.1099089627998926
1.8551979979751536 0.7876102878689677 -0.1336956972342871
1.394612920299494 0.8057047709426843 -0.1142579073172949
-1.97705482421118 0.5048197511518087 0.12561454827962892
0.9938351078135383 0.789071570176862 -0.09816656057657225
-2.022338809019388 0.26944915285753 0.12154665048299806
0.5810088560255338 0.7828753649181586 -0.08137569372476561
-2.0233604220435097 0.0028297629982318995 0.11495151574789064
0.19398795195463947 0.7628740538377299 -0.06602630560220701
-2.009191890852037 -0.27559911565677453 0.10743203218160646
-0.22181025315231295 0.7642226821345721 -0.049026584075107404
-1.9799538964709598 -0.566000365576028 0.09898796136556642
-0.6243921369588463 0.7598080993600016 -0.03275427763284666
-1.952097925569845 -0.8570379564222597 0.09053554589925783
-1.051355269777602 0.7742997342034208 -0.015069341109409162
-1.3861100528836516 0.7304523248525587 -0.002628182814731428
2.191581453173086 0.5067166537424823 -0.2705815786582373
1.3587882300851675 0.7588712442699199 -0.22874722425760252
-1.9718021133239034 0.5924882216419389 0.017463112427578142
0.9075021239162311 0.7747992647923088 -0.20912465994180662
-2.04974576188242 0.37971340557673194 0.015134001328334978
0.5284322788739644 0.7475536235869296 -0.1937082761985205
-1.9596777795700717 0.051177261497397986 0.003053093506679705
0.12468689229055485 0.7388165127838011 -0.17682681028665526
0.4505527733915926 0.5313106345035683 0.7134050374764063
-2.0766978708304578 -0.13640061879154342 0.002842808319912127
0.054865540215416786 0.5184164124049886 0.7252477651375391
-2.21079347046377 -0.3121597561663423 0.0035733228462793143
-0.6809599567741316 0.7284830640667117 -0.14310679380716307
-0.35276851220262984 0.5160818720129425 0.7376066690224268
-1.0287086102389935 0.6910420406752005 -0.1294713968497656
-0.7014359755752508 0.4775430226395416 0.7474779134529688
2.2449845927500434 0.7724105552845 -0.38248572294534666
-1.5173265029081477 0.7498476747426013 -0.10747108404458983
-1.0039778290775132 0.41049060637398416 0.7553924566048242
1.8091619027126455 0.7722101889272643 -0.3631728643638037
1.336038700869068 0.7986279752171335 -0.34157786314310057
-1.9537755584673278 0.5122583634906732 -0.09554085676492674
0.9059070909661102 0.801099865078645 -0.3225511068564795
-2.1062790205465802 0.3500705865390614 -0.09353408758462889
-1.5348213063361698 -0.036933832502928254 0.7629925256508447
0.48068457744884086 0.8034406209527054 -0.30379424040140135
0.7544597565471634 0.6041307315313462 0.5914153104561426
-2.0021387043195347 -0.0016989348434535145 -0.10728893225015623
-1.6419942125436648 -0.24648005947668494 0.7622214799660303
0.029050648269560497 0.8124176828584329 -0.28375801985086424
0.27257657953913395 0.6313139535633878 0.6073807721870996
-2.0741875150593643 -0.22042010309118876 -0.1102286333304785
-1.6697177412651314 -0.4978106423374191 0.758248711182461
-0.3612730679736842 0.7981458043909049 -0.2670725340110205
-2.147129252307451 -0.43906683668410373 -0.11317810957254393
-0.680089858338178 0.7395769582709812 -0.25473914091409666
-0.519606915306781 0.6240261544874182 0.6325360780495264
-0.7509531658645443 0.5322330978667322 -0.2572339529258154
-0.8117146090266374 0.562255167515004 0.6406361108559229
-1.4916673812419674 0.7708616324642028 -0.21866116468729002
2.1576769962768907 0.6339752177153448 -0.4983328336936377
1.7238109143120113 0.6472424574145386 -0.47814021055520994
-1.973517534003733 0.5637809852340672 -0.2035213464957617
1.30558835906659 0.6399270263250818 -0.45926270429910643
-2.0350646776522296 0.3397526863985547 -0.20706353132547362
-1.7945575800763152 0.16541088530653703 0.6638845449226953
0.8543576035319518 0.6566527607450716 -0.43828806822122557
-2.02754835205252 0.06766405581447721 -0.2149513715964697
-1.7340826713683697 -0.14441787841588294 0.6558207517403223
0.42908678083341556 0.6598505223337376 -0.4189117902976416
-2.0522346207010855 -0.19695213261474276 -0.22130474989236815
-1.7699530808824733 -0.4164925597569562 0.6514801030891992
0.04246132534251501 0.6140146366260906 -0.4026816839438818
-2.231580731237372 -0.3413689597491629 -0.21773610060037596
-1.6978731119810533 -0.7243117417363392 0.6430150514381983
-0.37537202155841953 0.631617217503524 -0.38335261289895994
-0.640274875637104 0.5377687616125169 -0.37404713575662596
-1.054843371497867 0.5448957074872212 -0.3552549833518408
-1.6056013411891286 0.6462253967240059 -0.3277705663901709
1.803570229254646 0.6633880734446542 -0.5970080847007178
1.3810615278677716 0.658213728126686 -0.5772441381675146
-2.0548419716451747 0.4180830980696273 -0.31426081602395994
0.9297374265677973 0.6743639459892847 -0.5555857176047705
-2.079938683022476 0.16876797531023868 -0.320315217421665
-1.8819699677933528 0.009186266092133799 0.5527769571083643
0.508591469258775 0.6743140143269155 -0.5358518118125342
-2.1020319450348666 -0.08362508968866944 -0.3266423696738623
-1.8182990294704524 -0.30366550421963634 0.5441192632454492
0.10069150797698967 0.6686214719278123 -0.5169499868613623
-2.158366173076132 -0.3401977447364688 -0.3316353315574072
-1.9060292612304153 -0.5265888520132531 0.5422550683754541
-0.33557588914514724 0.6575005462131003 -0.49693760816873533
-1.8755783131017978 -0.8057503464701883 0.5353127961891748
-0.6465078234515715 0.6205371258729082 -0.4835499281150244
-1.0859199640390216 0.6439339303027163 -0.4625099653464697
-1.478871902212063 0.6394433676271474 -0.44448122923196776
1.3926180176979273 0.5948131206771263 -0.6946857923728369
1.0463935826950603 0.5438670603544935 -0.679385041640415
-1.9945470495049307 0.18874756359886735 -0.43407187406839354
-1.759291218578042 0.25840336460189395 0.4432691579598047
0.6669259005816599 0.5165581054580501 -0.6618479246360205
-2.123404722710305 0.009831255124126415 -0.4335301870566748
-1.6364665852781002 -0.09356231167113194 0.4313837533730127
0.19164899578164807 0.5540266167966035 -0.637853001998081
-2.2446617517986596 -0.17431690778802 -0.4335435384971045
-1.729333640386571 -0.29929089712295465 0.43003168161092775
-0.19498980136697242 0.5369473602477077 -0.6197813505393408
-1.745033252979809 -0.5589847719769114 0.424818420960293
-0.6727538149350067 0.5826228141949201 -0.5955346578818701
-1.0289683003076675 0.551038231783668 -0.5794604772788428
-1.4925985884194262 0.5937432280500028 -0.5560863966208838
-1.4043814024284558 0.5244406743620491 0.3258542066353418
1.3509006243770898 0.8771406605334775 -0.7993958944541357
0.9419995125295202 0.8657395332244509 -0.7792709821921728
0.9561597086963047 0.8602933286471242 0.13335170800863283
-2.0251398731713834 0.1545931134562224 -0.5442536825400732
-1.7935876583656238 -0.014492989554256042 0.32756652887044924
0.5379164561864229 0.8540824652818406 -0.7594512457114599
0.5349837884770352 0.8594350923808607 0.1493820195931055
-2.1541054125037533 -0.024202537047139927 -0.5437053198081396
-1.9108449860580237 -0.20265055813002242 0.3274115567940332
0.15958159924483084 0.8285822272224515 -0.7413862699729346
0.08929112967442165 0.8773286615236113 0.1667198186653711
-2.2754787779786767 -0.20824485053298325 -0.543729638503208
-2.0451820630167816 -0.3790105421495742 0.3280924802559473
-0.21407073787275976 0.8025616036374359 -0.723625993178501
-0.2969775575932516 0.8597900749485268 0.18095841462789553
-1.9632710080860818 -0.7068195914378741 0.31755843217550295
-0.6624095043659111 0.8279512014790225 -0.700658177779331
-0.6827035949362426 0.8445196274553819 0.19518270547567385
-0.9849127579049224 0.7735545627998972 -0.6864045614463232
-1.0303423540460699 0.8067484599053154 0.20741071756063478
-1.452649611244496 0.8177319093157083 -0.6620152944785498
-1.3775972777163332 0.7709746482596387 0.21962609346090334
-1.861391309278332 0.3081280309272669 -0.6579459661704443
-1.902632103862743 0.3391618389319975 0.2290948873299219
-1.8786233005212978 0.05256525658542621 -0.6652058119040869
-1.9485722052586425 0.10342756126095676 0.2251891141670801
-1.9379425705210025 -0.17215168023351168 0.21819176728902834
-1.9450215124860506 -0.43681968332044896 0.2120656018990137
-1.8328662247009504 -0.7998518712614242 0.19911899621664064
-1.9803196232684144 0.16700167879986427 0.3061861043709375
-1.8235970118831233 -0.2317421009840679 0.30056347901998537
-1.849047267455262 0.6647811668681625 0.1083683019417383
-2.079721450330183 0.28824647097015 0.11529412324605959
1.2795582401849543 0.8192362228322283 -0.1945184225303076
-2.0044388233674795 0.5941164164057007 -0.08096680586160643
-2.0834416280897017 0.6361248825875663 -0.2529409879905127
0.9811985851379035 0.5524832792336198 -0.5838068479758642
-2.148215073887272 0.3277303611779194 -0.46477160398782713
-1.8395402326014505 0.8157568627111402 -0.6702393049460791
-1.45131373676179 0.3648727186926237 -0.8821261877280615
-1.555189038507649 -0.03956396622115932 0.6828044896858789
-1.61867072717763 -0.4263911856150502 0.6839145665901758
-1.6834938280743756 -0.812883512754139 0.6850241666573145
-1.9578694634517007 0.37225827734558514 0.500239039017544
-1.8852181019987881 -0.021238530998215488 0.4974373822945215
-1.8538557094822892 -0.412819973027462 0.49581518228231447
