1.880892162848042 0.3855751209419864 0.21560045560944374
0.5088936876621091 -0.06135682251198382 0.7665619500552445
0.48148031896745636 0.34139045215250796 0.7618794091616898
1.1002404374623893 0.425673690736339 0.3830399163638383
-1.256951134719401 -0.6026414154127178 -0.3574171415890426
1.0493211341160347 -0.6552264119384343 -0.12689975419890587
-0.1978878113285205 -0.39613800847004477 0.546543086377266
1.7453449103400303 -0.600715568181224 -0.058804070147392196
0.3388356084819577 -0.30478941408670757 0.5908150323306351
1.9442209372420294 -0.44809460545275925 -0.04215863862883751
0.5145688467294676 -0.1422818649911175 0.6029681809817582
2.046155524292743 -0.27622529269770446 -0.03560117402922813
0.48606495688875384 0.06228866976359804 0.5968918450747758
0.5070236556160239 0.2567486025764314 0.5951556809817582
0.4800164751240814 0.4618204011616047 0.5890788682376176
0.4294524352726228 0.672613161619239 0.5808319695864945
-1.287772686908653 -0.605813233928842 -0.4614706389034957
-0.005036264495061005 -0.6531408260195306 -0.33063129106414024
-1.0123707926296888 -0.455812600666059 0.3675417550479203
1.1205843226033423 -0.6781524752308083 -0.21621135393035118
0.02749707203630436 -0.4600623706910856 0.4584803231631547
1.806692777477231 -0.6217736562694949 -0.14796928087126915
0.6078678204954429 -0.37823240633475486 0.5077204354678422
1.9031884244631314 -0.44817796773608265 -0.1418123594845504
0.6614067926316096 -0.19139138698173674 0.5090512879763871
0.7107112593299547 -0.0037693921570252087 0.5099382050906449
0.6583913042560852 0.20553814993275843 0.5015101083194047
0.5922771960101443 0.4185258586734033 0.4917506822024613
0.5756161268846469 0.6213608768371053 0.48642727216828163
-1.0989558125209555 -0.6003932981586537 -0.5432081572140426
0.6082927961837896 0.8135106417253386 0.4855403550540238
0.1199753945231663 -0.6367375926241685 -0.41693833986174766
-0.7416935595342764 -0.4673173684006411 0.29148193678009804
1.2306786579591744 -0.6599716860257843 -0.3021479002560348
0.45896066773703836 -0.5054394957592478 0.3991279252444535
2.004345751838933 -0.6222834260954784 -0.22336009660613243
0.5413371172269663 -0.3240128721345723 0.4031986840640336
2.164110961808774 -0.4625560959716477 -0.21031573930632774
0.6243087765679718 -0.14302278429450155 0.40726944288361366
0.761478925327026 0.026201327077732373 0.41631504377472695
0.8991656336879217 0.19460568388875288 0.42536112150299843
0.4730523161418887 0.48547282271677084 0.38194080671418007
0.631637312654874 0.6498851623493458 0.3927960046206742
-1.2060315457932944 -0.6600429993451531 -0.654025589617607
0.8295639989889025 0.8045636468333051 0.40726944288361366
-0.2946349967963826 -0.6343197884562208 -0.5590744368160934
-0.5779185423384874 -0.5588824740446885 0.20804401716339882
1.055129840502893 -0.7020747487130059 -0.4163823477352828
0.5052885469333148 -0.572984798292028 0.30669447263825234
1.9310492767467622 -0.6834264204439275 -0.3251443258846969
0.9387470664714286 -0.46291419334606587 0.34403463682282265
2.11983256522209 -0.529292760270689 -0.3087005964840621
0.0509319267663102 -0.082969438184195 0.25644728025543984
-0.9030920054006302 0.31762608336704545 0.16240640958893593
-0.7741066903987033 0.4940289430967493 0.1707043298159867
-0.7090978932789156 -0.4008093817384335 -0.7075019232357711
-0.527274971531071 -0.42671470821112933 0.11065288862335976
0.8159739301363302 -0.5058529708811133 -0.5430670134152145
0.9021663502052277 -0.5133882355596242 0.2445096619998246
1.8429272362659432 -0.5195032026918938 -0.4336238257015914
1.1161357004176367 -0.36059880445742465 0.2614178307925492
2.0905666600610715 -0.37763633032146515 -0.4104414335812301
0.10748457637656372 0.04641102767649308 0.16043850263703163
-0.6116956135809488 0.3995122381152587 0.08716913541901405
-0.6527774256284218 0.6115142223687666 0.07918449720490273
0.7211027132388423 -0.8598809744718832 0.13674732526886757
1.024639915676481 -0.7330062656061944 -0.6132030836666793
0.9292005195294237 -0.7042851000855563 0.1534895547305375
1.8466624684798063 -0.7027986897532053 -0.5250068060482711
1.29871654816737 -0.5825196259795398 0.18601843198883827
2.0596870407675993 -0.553246812309597 -0.5052857748593063
1.3271549599881425 -0.3930676072447561 0.1850618966494828
1.3611314312525309 -0.20469785793478223 0.18458315214264687
0.10964238185763975 -0.5108406476186289 -0.025965248736259383
0.9479661848088341 -0.4811507961581807 0.05391022047150429
1.4154059311323977 -0.38085079452904047 0.09677072843659218
2.1055736091522235 -0.3593063577575233 -0.6001296393002242
1.615982202221808 -0.2471779306491797 0.1133298524295121
1.6427255587696337 -0.048410049923175436 0.11186882337677773
-1.0142723077032443 -0.7633676267270371 -0.22969058671843712
-0.019360373023921795 -0.7534676061072538 -0.13252738634001915
1.0139772573653048 -0.7580944605066815 -0.031397854479667586
-0.4614866517846892 -0.45659411238405845 0.614482367840889
1.5295694036036949 -0.6658043899964561 0.017183745709541398
-0.20308082157236385 -0.30724853404707275 0.6336617120181351
1.7234370139601793 -0.5110955838003015 0.03304716428864296
-0.1736831782962156 -0.11255692274277607 0.6328096040164262
1.8008380818925929 -0.33325052436024727 0.03701301893341835
-0.15822995929795525 0.08511597167284002 0.6306781419192582
-0.12256827203962928 0.27868229773338626 0.6302523263369828
