1.1202555390757567 0.598822806913855 -0.07163065837219929
1.6735283843874242 0.6738864154591333 -0.30279702113465046
0.3863153024443733 -0.6237207659729105 0.2961691005389335
0.5750724959981284 -0.7590870020781679 0.160284815565789
0.8798415665343668 -0.5110339028825788 0.17611151768370892
0.05156326105192477 0.23381394913651832 0.11858540608092571
0.7882833020472617 -0.7186934059857268 0.02479964329406048
1.3145032563191847 -0.5093580943366813 0.055168448225701106
1.4036019419341983 -0.2273242275737406 0.05767327381774212
1.4691110662449347 0.058615004849768226 0.05861264301940228
1.3588323907915765 0.3763262629592017 0.048280535475456965
1.2301400266569829 0.6986177083019012 0.036696253554070246
1.3243883410364816 -0.836802252689635 -0.08778685496643757
1.6288021900572005 -0.5914843787302697 -0.0710536854107735
1.6930423015613343 -0.3062731800667571 -0.07008856700257038
1.7140411829540767 -0.013493273263364358 -0.07201928065613483
1.6624420867295555 0.2926416478575593 -0.07877654002503132
1.5089315645874564 0.6183362587032377 -0.09229201243714069
1.56962303144266 -0.6692349033390048 -0.2206189052899239
1.5942641971143985 -0.3770057982473709 -0.22227114604309772
1.7968097743648173 -0.11595929426108853 -0.21202582286194538
2.000172723209019 0.1438486028979007 -0.20178049968079304
1.9835257705352802 0.4429272718080437 -0.20640725062683796
1.5354106761310646 -0.7512732958005834 -0.3686625377972481
1.8498456434990658 -0.5087370394573973 -0.35034531520203327
2.0273703828945884 -0.24411397679347857 -0.34152573512390827
2.0633373230340624 0.04490871228219717 -0.34254378245667194
2.065963288979134 0.3401159689579707 -0.345936002000129
1.5257649933479485 -0.6892899004053721 -0.5167939083416817
-0.5968186703310323 -0.3159257521297807 0.5364082439105156
1.8649209820081012 -0.4511320046305265 -0.4962670223553536
-0.44304527771913627 -0.038204025039492606 0.5422514064471367
1.919816141146498 -0.16504547400957037 -0.4959189312298653
-0.4162004338297578 0.2611354850547123 0.5408599956194999
2.0198804023671784 0.11290489401464221 -0.4924399273236153
2.003138945675417 0.4118908049147407 -0.4973108188946602
0.019896307971265514 -0.7357735975438899 0.42501813007994915
1.914880106604329 -0.7538669485654488 -0.6354119198162911
0.17225712724251707 -0.45981683350209757 0.43104439808532025
1.9392184829839039 -0.4628501534559639 -0.6371952907879708
0.26156349949044966 -0.17373557317020172 0.4333398921649101
1.96459905335729 -0.17183732518007844 -0.6389786617596505
0.34693238221919387 0.11275594622715346 0.43534833027526165
2.0744613394350324 0.1041907892617342 -0.6346985714276192
