0.42841044646338133 0.5797475726037895 -0.4140402349186054
1.644448497577855 0.38133412452798865 -0.5347262891483417
1.402850027443499 0.7251834751654478 -0.5493265660953632
-0.4246217260845384 0.08353714024226022 0.10163149512289849
-0.46309837788984964 0.4498974276495389 0.09709248221396294
0.30593640225524155 -0.6482555296013395 -0.04450764977456245
0.23504674928489777 -0.28701110254683826 -0.05039229714394722
0.16892367674680742 0.0932505042856917 -0.05624785744668159
0.009565688826782548 0.4666440003912804 -0.0662580999088398
-1.6674268300791724 -0.30285248132072695 0.5704992739009747
0.026064384227979076 -0.7425787985480277 0.04093537009238091
-1.020914242999737 -0.356683033938598 0.6340549913692364
0.5573624996567403 -0.7631486408447241 0.09999498999594536
-0.44077570334986405 -0.3909905200012851 0.690549227361668
0.920192095697125 -0.7254769919982653 0.1382106272029766
-0.12284324268180313 -0.33288482905003036 0.7187965837764629
1.2408580153952258 -0.6745554184133518 0.1712149111080059
-0.1313829831535429 -0.15533077862339795 0.7117346254634747
1.3289225429304707 -0.5382905658747834 0.17526802695273247
-0.06938302988940848 -0.003796529699076956 0.7122391191768536
1.3988498516606 -0.3953940049243734 0.17700514472006645
-0.03940636241324569 0.15987769920051775 0.7092131105708965
1.4692549617583524 -0.2527881628430215 0.17874226248740044
-0.04132703845868235 0.3360348705571816 0.702655169134129
1.4938418937476996 -0.09251317616289612 0.17468914664267388
-0.061102108045496095 0.5196060643834421 0.6940802065181622
-0.5649165825810769 -0.7121032844512865 -0.191716340417873
-1.511943612060385 -0.36604599571180074 0.5027259317684063
1.5329043999602092 0.062350321879041104 0.1723726717281231
-0.03844615837218868 0.6871728480682968 0.6900447336482891
0.13040466218756563 -0.7876308308235096 -0.11001601540566597
-0.9171973614432147 -0.4017370688901849 0.561732145910252
1.5402057158466533 0.2299403166672782 0.16600355780600395
0.7080255831191025 -0.8253827798071374 -0.043224957818996046
0.10203462458368051 -0.5962290756058461 0.6674297777461895
1.561999778143246 0.3921504493322985 0.1613715616512188
1.2522383531633565 -0.8549774211197132 0.019392344121921923
0.06448444930252606 -0.409397600451026 0.6571672884273418
1.4692957885088163 0.6009290791392345 0.14226374304770317
1.5584012440858714 -0.799944007850538 0.05159554160116997
0.1349294772001457 -0.2619964616151229 0.6587069956111797
1.7761285099870818 -0.7136696830431681 0.07246765769003716
0.1639654953303591 -0.09913478831193245 0.6556280580806622
1.8732801348494021 -0.5829015577597989 0.07783493674277153
0.21221016228192013 0.056653760177553636 0.6546023813533672
1.938391852891698 -0.4401693950751806 0.07902750647543755
0.21457759017005884 0.2301306381850985 0.6484449831294903
-1.1835408884786318 -0.6321637966788352 -0.5183598073673359
-1.8577919750507235 -0.3852857657174624 0.3843902078914532
1.99010342021041 -0.29231150816143625 0.07843146002768364
0.22689908360757727 0.4001964661180928 0.6433142153072247
-0.7400279144035835 -0.6135734654845368 -0.46670546853066597
-1.220511919657909 -0.43328111856062534 0.4490903345394024
2.046958802934647 -0.14643076018785095 0.07843146002768364
0.19819943839565468 0.5867223361059963 0.6335652796077618
0.2537406167618599 -0.7965319356413598 -0.3416153463077656
-0.5607532004952489 -0.49396801178763994 0.5163992372798809
2.072006760518093 0.012045148585052345 0.07425675070761528
0.8961146613869175 -0.8587514697122138 -0.2632013829898945
-0.023428392237448747 -0.5147402512754606 0.5701421228694805
1.4351088243486174 -0.8875113248674484 -0.1984778913211933
0.30325667743503715 -0.4616367911610588 0.600405069952
1.866446943478067 -0.8799973558955951 -0.14806905114174995
0.35953220390307905 -0.3098650349344858 0.600405069952
1.9351831218787794 -0.7389271811801592 -0.1462012799930683
0.3977228678827913 -0.15128294519634622 0.598317953710545
2.0043867047649684 -0.5981448408644354 -0.14433446251870308
0.4597293323583145 -0.0016120268712072061 0.5988396135616192
2.1805699345205483 -0.49861194796675434 -0.12815347039223823
0.5268921884641529 0.146036274149683 0.5998834101009258
-1.8996429327813047 -0.44111376476710973 0.2967508760738262
2.183014123291379 -0.3408911440467115 -0.1349994214725605
0.3227847892744009 0.3903452380327579 0.5706637827205547
-1.2792328422972545 -0.49098610591223135 0.36093601859091606
2.216603124724543 -0.18662115887057595 -0.1381112607669941
0.6273584314441152 0.44572439044049617 0.598317953710545
-0.5632885858814021 -0.570648023769083 0.43572983420370903
0.42332376009827755 0.7008646031461332 0.5685766664790997
0.32848933142279435 -0.5473503168963525 0.5243156877803692
0.2679324083034018 -0.3524297778865275 0.5110543695735821
-1.3058547984212154 0.5907427580346578 0.31849941885947075
0.49055551658322827 0.08309384125224284 0.5168894258785137
0.047969175715159906 0.4279952467056525 0.45960030234335747
-1.7388727513382563 -0.3713314395192313 0.2251976457881817
0.09809182025103524 0.5842719186565404 0.4585393396663555
-1.1815392034997245 -0.3917777259001731 0.28288445151327934
0.37072223071336197 0.6527303953622763 0.48294052756308403
-0.6062105985763253 -0.42268769029965014 0.34272799170492974
0.4581933561226421 -0.4649041555094442 0.4527104822444805
0.006966740425390583 -0.12387322467697004 0.3939455477046856
-1.159227929696769 0.6710944485928287 0.24514565146445122
-1.4500488720643006 -0.6412320705737589 0.17982325232504692
-0.08420083191774097 0.6125571596809003 0.35620627081869927
-0.8931622808061803 -0.6609888996533897 0.23843845999716606
-0.01954585947129317 0.763848884419879 0.356745573644627
-0.36972408837710447 -0.6727032226341265 0.2932189432430157
0.03638349506842786 0.9185803491854152 0.35620627081869927
0.36335578272237257 -0.7640600025841664 0.37265095389365044
0.5725086627848555 0.8802563048572409 0.4117363420772442
0.5165767100442622 -0.6483926363165846 0.38415465033530083
-0.16420160253856153 -0.22473304414118545 0.2976015535640606
-1.1232768785677933 0.4879733929841912 0.17105850852011528
-0.1491233579099216 0.29519093508044847 0.27897629416464653
-0.06238950545068889 0.4377986377851819 0.2822631326961407
-0.5769288237850816 -0.571079453160694 0.18466696417807427
0.020178152402962723 0.5818057305838025 0.2850020853328594
0.3991306819269482 -0.7501661360266372 0.2942932573604473
0.0708464026788107 0.7382025624541377 0.28390631354330864
0.5476944472105529 -0.632951970489005 0.30542263663290825
0.6345895340579091 0.6903393806677833 0.34361729300497856
0.6220064086013011 -0.48894706428372814 0.30764851248740044
-0.1267682501174292 -0.03659315081375425 0.21137795126913872
-0.8264264725718391 0.4035729274758246 0.12067207968710747
-0.9991548703222151 0.6481003456658527 0.09284815466879692
0.05739163749700538 0.41901554381833606 0.2124908891963848
0.08896508548144766 0.5824973042858907 0.20915159857748833
0.7543394057422006 0.49595605185325553 0.2820509401607403
0.3032444126226608 -0.9287345874443691 0.20117983496664849
0.7401034561815578 0.675599905487001 0.27314695990561333
0.5307304638742494 -0.8395173453155937 0.22212252295492974
-0.9053802727696336 -0.3197675458556972 0.7275780168819317
0.7496437643016804 0.8462707769124762 0.2670258013057598
0.7163148189590558 -0.7363278643972304 0.2379706827449688
-0.8486015201474544 -0.16377551715770977 0.7275780168819317
0.8321956081381288 -0.6084030848840403 0.24532875693320122
-0.8006152474006853 -0.004539343776233551 0.7265861955928692
0.8926107329881319 -0.46021517972066306 0.24589523947714653
-0.7427415531389698 0.15108592479813865 0.7265861955928692
0.9488890784236546 -0.3105016796429432 0.24589523947714653
-0.7308605086958195 0.3240844307173383 0.7216289964961895
0.9731971801720078 -0.14858313577136073 0.24193319952963677
-0.7462094861307662 0.5078539026856674 0.7136972872066387
0.9934783622565959 0.015151042034030837 0.2374046770381817
1.0190127323049794 0.17714086975236043 0.23344263709067192
1.008177670681512 0.3537165377636633 0.22495207465170708
1.0903720187880737 0.4938354205074482 0.22778258002280083
0.9517730489449931 0.7225187365749122 0.20344385779379692
