1.0441844004161567 0.8423804330369031 -0.4406371117027925
0.22331475897009057 0.6140030955408986 0.6633410453406645
0.22466334927050013 0.8677152061188775 -0.49259519580923783
-0.45002396369163833 0.6887578717205156 0.6295180320350005
-0.7613818682805338 0.876902102009161 -0.555243492165439
0.5686461708705224 0.3455809095144704 0.5366845130530669
-1.100998846410885 0.0929922952284743 -0.7268362045677828
-1.2279392972272802 0.36069289497273394 -0.7339916229637788
-1.0681388286173465 0.4307358504344565 0.4518995284644438
-0.0789662401072242 0.1646941156247248 0.35784721370614303
0.6883539780276422 0.7149241835126934 0.39918422695077194
-1.539659683302144 0.9279197808632476 0.27996635433114303
1.3138577027112461 0.329941727641327 0.2894372939673735
0.874235515428424 0.4873767395325772 0.26542472835458053
-0.7281718591140276 0.5817274215411063 0.1771645545569731
-1.473105201134306 0.6547025341168049 0.13609695430672897
1.6220998585852868 0.5850520077848711 0.1644539832679106
0.3019443940575002 0.7612035799618044 0.08977794643319381
-0.5467575685776538 0.7966409787741253 0.04157257076180709
-1.3675413959517861 0.8465887951904949 -0.005071163216464392
1.8547796583219238 0.5404431507715661 0.03562784191048873
1.5346454865279995 0.734579678195669 0.01738071437752975
0.5967706755267521 0.7331410385745358 -0.03745031360708939
-0.20877482315773932 0.7800190342637507 -0.08448696140372025
-1.2770384516910092 0.7504861352625949 -0.14709711078726517
1.4069001362839941 0.7667743949119097 -0.13261222843252884
0.5974061992554702 0.8074404233764114 -0.18118667606436478
-0.284174461441669 0.8309756921295741 -0.23419094089590775
-1.2904470401148593 0.8218450565929056 -0.2948331833275484
1.1345532153731739 0.662715038440894 -0.2924070358666109
0.30579664458151257 0.6981498760890443 -0.3435158729942964
-0.6283682591709017 0.7060906777049767 -0.4012780189903902
-1.6015651739898829 0.70838643031454 -0.461524009743564
0.33423553296843167 -0.24587639766522518 0.6692190169898344
0.358558553726148 0.09662840677005624 0.6703481673804594
0.3256673425730412 0.34385227551970754 0.6686058044043852
-1.3696642712599463 -0.8383228534335503 0.09826707836068405
-0.9407574958375555 -0.8182457986211658 0.20025920864022506
-0.685422210917956 -0.7779527396891854 0.2600474357215239
-0.41561480876409007 -0.7413896471629466 0.32335233684457076
-0.10249071493820949 -0.7127719696599266 0.3972086906043364
0.5716744398773024 -0.6691027984936921 0.5566434859839751
0.08785121548458008 -0.4552572243503419 0.43355035777962936
0.11794658964234017 -0.3887650303591821 0.4382395743933989
-0.05325298330030037 -0.28976528666782064 0.39369153972543014
0.015759569391079253 -0.2292750422000669 0.40775966640389694
0.8437777600691163 -0.9199076264379658 -0.26429939273916947
-0.0013161062736450901 -0.15461674695671945 0.40072536464608444
-0.0372722303955797 -0.07648750777586288 0.3890023231116606
1.8610810472736325 -0.8651721069635565 0.023061275443203577
1.9085407075434766 -0.8075643942333395 0.03411388393319381
1.9324368083512447 -0.7465835028925532 0.03825807567513717
1.9660312376639588 -0.6872399364161925 0.04516553874886764
0.22675955362642952 0.2346360835420307 0.4382395743933989
2.004562921988274 -0.6288620098277398 0.05345535274422897
0.22097228319405104 0.3073985864093536 0.43355035777962936
2.048022147348153 -0.5715041765829731 0.06312608714974655
0.1820790577899274 0.3868630710042984 0.42065477367318405
2.072709604649333 -0.5112095499900158 0.0672702788916899
2.0928632228668214 -0.4502358394377106 0.07003355022347701
-0.07092949789599956 0.582942071602377 0.35148811336434616
2.1179579006753464 -0.3901989513176085 0.07417869563973678
0.1529266443676569 0.6092503959166469 0.4030704497901274
2.1243330126446764 -0.32689799868046654 0.07279682155526412
0.47655392985686973 0.6128024418874092 0.4792704581824614
2.116752018359879 -0.2610030878899279 0.0672702788916899
2.1377563267046185 -0.20031618664006512 0.07003355022347701
2.1448045287952304 -0.13703532723680567 0.06865215297616256
2.128488329531411 -0.06918379094035876 0.060362815817959437
2.150143351404534 -0.00863698858582218 0.06312608714974655
2.1437365291335766 0.05749501223616482 0.05759954448617233
2.1516979511868044 0.12081973566131898 0.056218147238857874
2.136363302083101 0.1890404988013219 0.04792881008065475
2.140089507335091 0.2534191132429511 0.04516553874886764
2.1393497865310636 0.318833916332248 0.04102134700692428
2.120076746226804 0.38842387063207573 0.0313506126014067
2.0870043743449678 0.4613369953417261 0.01753520961678756
1.9234021545819822 0.6306863660024082 -0.039107799569003454
1.9333917703845422 0.6949069577405953 -0.04048967365347611
