1.1795852944908063 -0.9453533636469089 -0.14171478205652077
1.712068728295911 -0.8627741126522039 -0.133203238782595
2.2113428366004086 -0.7718228473491848 -0.1255614464852317
-1.9874540854610032 -0.06488998644140054 -0.3573260014626487
-1.6212424402223107 0.08951760851915935 -0.35317060404748757
1.7507564561560542 -0.8235383826502343 -0.2602653210732444
1.3730184717093223 -0.9876372729946112 -0.3791145985695823
1.7498092788571782 -0.8508182012949419 -0.3738639062020286
1.6469846964170358 -0.8693966655863292 -0.515539140042971
1.9156386080865317 -0.6956886332039431 -0.5132777398201926
-1.4601082949721516 -0.9465153872830712 0.33499005383520286
-1.1248270561944622 -1.033610615821111 0.07812145298986595
1.9714635905735136 -1.0106443509325231 0.12811115330724876
2.0513394045076723 -0.7708152816539453 0.12416771000890892
1.0720583732942757 0.8388931617310078 0.13891747540502708
0.954083308645501 0.9735902258879889 0.1386914545920388
0.832696507838854 1.1055418595100193 0.13823965138464134
-1.904501528484559 -0.4121511398175599 -0.7619206612679466
-2.019068464350518 -0.26077140069094185 -0.7616250222298606
1.491460768418726 0.6322991767303563 0.05817702359228294
-2.1409314037480556 -0.1151984174038887 -0.7619206612679466
1.4072283651179802 0.7943918407968482 0.06005433148412864
1.18933208017679 0.844791389693107 0.05371859616308372
0.9713094301187226 0.896311253500464 0.0473826224234597
0.7493124966029114 0.9457886334670107 0.040812044801999736
0.4613700513229162 0.9427608810491037 0.030252485933591533
0.2272728591748816 0.9853446032124609 0.022977858248044658
-0.045937452666940715 0.9978787485940046 0.013356714906980205
-0.30003259942161975 1.0275010256669503 0.004908829393674541
-0.5544169352434096 1.0584981695787192 -0.0035388177010520216
0.022464060049188106 0.1843204903337181 0.6337498719122903
-0.09007167164074303 0.3290294910910987 0.6339234406378762
-0.2059700047806743 0.4709612339056335 0.6339234406378762
0.4041092511067177 0.003394352152064073 0.5576943451788918
0.3331699605556011 0.18194510454423352 0.559872179689695
0.3169332656440318 0.40513168765072294 0.564590483370115
0.20516264168313114 0.5488107673599032 0.5647719199088113
0.09390622065680532 0.6928667092518594 0.5649533564475075
-0.17615357537388832 0.7085055558120104 0.5576943451788918
-0.3881464592485102 0.7725427901923254 0.5531574780371682
-0.7017794396767911 0.7566993719887734 0.5439024264243142
0.3679793254006398 -0.3126301518558634 0.4483368689444558
0.4450635353303696 -0.008528179023535643 0.45808127469091575
0.4393194512261047 0.2242714922143989 0.4636222416785256
0.4116117166921782 0.437596389813379 0.46801689213781517
0.37331819228919727 0.6411940053175016 0.47183814591436546
0.2352744762862642 0.7625641585078355 0.47069182938604515
0.0043865468483375025 0.8090444897212663 0.4649597699072854
-0.23055741177372369 0.8536101069013142 0.4590366179373757
0.7383619007298989 -0.5492963135652289 0.36167576855688255
0.642204958685646 -0.3908011028387861 0.3628747755911843
0.878403334198623 0.04879971997353039 0.3814549738791482
0.5218067171975065 0.6943401812771484 0.38704898900060813
0.26017112121913755 0.714014229032081 0.3794570261862771
-0.0018183746804893985 0.7351112060056124 0.371865063371946
0.7085864387413565 -0.30880863007563164 0.27566555089025657
-0.17465781725756813 0.8297242437577452 0.3688681418326394
-0.8836977727736723 0.7324373893411149 0.34429433888464134
0.1425841449035019 0.6428100382897668 0.2829633051779763
-0.24676196007334283 1.03026628758942 -0.4492563908669456
0.7126871583890448 0.6556563632146393 0.21140363759069603
0.36639572844750035 0.604456844006819 0.19837024754553
0.20115099612388576 0.7037329437793076 0.1955464178946511
0.19441584439748993 0.9203951384728555 -0.5247566407296165
0.0322285881043598 0.8006162411950868 0.19250515049963157
-0.05941143321819453 0.9486468446065786 -0.535086840924929
-0.35834042471082483 0.719780633169556 0.1770820910361306
-0.3954078038794506 0.9128369236500546 -0.5514430707070335
-0.5080002937393431 0.834583147658428 0.17512705868749778
-0.653948727523364 0.9410258094185338 -0.5620603268715842
-0.751277183547991 0.8755303414827083 0.1679585272696511
