1.2065154262309363 0.8179185966609204 0.15123628402000566
0.6297449580414352 0.7694930691586368 0.1547524812245955
-0.054201751327163095 0.7876594809131898 0.16042302870994707
-0.5992401567277952 0.7286835167353924 0.16344093108421465
-1.216743145336018 0.7164045375322168 0.16794275069481035
-1.6961553918933632 0.6255916626771292 0.16977046752220293
-1.9655579195253097 0.4108152547810011 0.16745089316612383
1.8577975855747866 0.7328742003918016 -0.02241350388282637
1.176210292256762 0.7410571701360951 -0.01588894104713301
0.5129752985522416 0.7433592548062222 -0.009680044410170119
-0.093179886871404 0.7168430139595703 -0.004629385230482619
-0.6770077503808025 0.6812300345880384 2.1340871443342735e-06
-1.247219124393908 0.641460846295427 0.004398334267198045
-1.795284490861107 0.5921914107967119 0.008368718864976366
-1.9321893601460332 0.2975871818084599 0.0033452394033064436
1.0347542153544538 0.8622792093227201 -0.1775386450266252
0.44098237608191226 0.8246896727680415 -0.17194677567237715
-0.17791761595454147 0.8058242966624451 -0.1656978247141252
-0.78303087146287 0.7830708344145823 -0.15970636582130293
-1.4388665278983765 0.7946673907730215 -0.1524384138559709
-1.8964568914767312 0.6918987277369268 -0.14983631348365645
-2.0757931239624625 0.42353568994924906 -0.1538860914682756
-0.8010625767713861 0.7004604317218757 -0.32422996735328535
-1.4655009660156466 0.7176361688364352 -0.3157403585886369
-1.87181577943457 0.5842862567791567 -0.3138783094858537
-0.8047967720970277 0.22786346612505604 0.8242664220357527
-1.0970811649604784 0.02273172731224804 0.8212875010991683
-1.2530696142556081 -0.26398722344335646 0.8167312028432478
-0.9894703351141558 0.2638931943551057 0.6459017875218978
-1.5940570388573505 0.2481016821839539 0.6475266101384749
-1.7364549186931981 -0.04468415661827052 0.6427889945531478
-1.747782063425305 -0.4180861917023755 0.6362007739568343
-0.9139859628481659 0.5994646682664939 0.488808381798326
-1.565495657355278 0.610108257193021 0.492048013451158
-1.6851800815027644 0.30439216538154845 0.48692821288353105
-1.5027683383713253 -0.18552356793613534 0.4769689919973006
0.27966799689046695 0.5809261922928428 0.3182608964467635
-0.29623205568113775 0.5385832262199859 0.3210239293599715
-0.9101020761815235 0.5227066235954467 0.32451652312523027
-1.4759399996710556 0.4822445683016934 0.3272182824636092
-1.9255509576599934 0.37532305380904774 0.3278944375539412
-2.1016733557321317 0.10449385933001132 0.3236830117726912
-2.1338808514814858 -0.25462814605655737 0.31685160422569414
-2.098814969281797 -0.586227851695222 0.28447102332359453
-2.0048060018159717 -0.7484538589456786 0.28175948882347246
-0.8961055038459875 0.2722445594471843 0.861743796112596
-0.9474500542487547 -0.11090430781187877 0.8660313966298689
-1.974906143159508 -0.4893243413375892 0.18895767951255937
-0.8811867202909411 -0.28291231547537343 0.8650418403173079
-2.042135502474835 -0.6845461731132776 0.19388555312400957
-1.531042755027606 0.09699848841064451 0.7934175612950911
-1.5933943950020506 -0.2836641123528221 0.7982791545415511
-2.09215722638465 -0.5598607213020905 0.10608838820701738
-1.5081447617118044 -0.44942939375486546 0.7965427520299544
-2.037244806162171 -0.7299620745978466 0.1051149251485457
-1.4087479393604738 -0.6127063529810428 0.7942856433415999
-1.77578360001322 0.2448552788518441 0.7199265840077986
-1.8157893348506207 0.05283383692231247 0.722830164673387
-1.7929857995451854 -0.1252865058211512 0.723374712708055
-1.7903818407136356 -0.30751807254694974 0.7246450068975081
-2.034410465146223 -0.5400556749438064 0.014083135368882616
-2.0724449268396157 -0.7290831553962711 0.017864454033433397
-1.689180093207213 -0.6519154539330678 0.7235560300374617
-2.08057818183989 -0.6865370849978998 -0.07109929299110274
-1.7290174123533646 -0.6245552262819185 0.6263780477071395
-1.957533904270207 -0.8431088115358527 -0.0757939932321916
-1.630200289260209 -0.7872185675854588 0.6238940837407698
-1.9696125283388284 -0.43806359213230195 0.5448422315145125
-2.172119547401941 -0.6609364813656509 -0.15549041008705
-1.7722864153736921 -0.5797063821477852 0.538249242546617
-2.0196293959117213 -0.8112507499293837 -0.1619589445566545
0.6234060031668207 -0.8549998564411947 0.4463469865346541
-1.9914092272243025 -0.8248377435988719 -0.25239325737708906
-1.8447533746372926 -0.7956289734325726 0.4535674932027449
-2.0592708171181613 -0.4860165161999479 0.3707966687703719
-1.979615075425194 -0.6512421827195336 0.36884139800315996
