-1.9670460736395512 -0.4479114121721075 0.16943081982961927
-2.0089310027507707 0.2820360037054641 0.03901204236379896
-2.016162278443005 0.006583119524243841 0.04110452302328382
-1.9316042143641425 -0.5028154672730807 0.04319712289205824
-2.1160291973069576 0.5375568904205004 -0.08734229437478747
-1.9964398489946973 0.791139079266717 -0.21841970316537584
-1.987731024276627 0.5206800435758083 -0.21628108851083483
-2.1653694344065713 0.17530167318091827 -0.20963958136209215
-2.061669498319148 -0.05482224787666112 -0.20986476771005358
-1.9449833399320369 -0.5510197433401665 -0.20817640654214586
-1.9749938931810362 0.75768984269871 -0.3453734242118236
0.6669999769517574 -0.6418537624153089 -0.2623200737632152
-1.878522156070403 0.5231797170161236 -0.3453734242118236
-2.028408683242617 0.1888283605310086 -0.3389450632727977
-1.99424329671794 -0.06969240765843665 -0.33736828199990954
-1.942464502357538 -0.32073103153313554 -0.33627668253549303
-1.859077432529233 -0.5590123733773318 -0.3360340916312572
-1.7858365038485715 -0.8011689808535927 -0.33554902903207506
0.44446170271116614 -0.7686530283970008 -0.3863691412604686
1.2568023794524095 -0.7425221548598024 -0.4050476872123119
-1.903330098748384 -0.2384194892242526 -0.4641657196677562
-1.856841097204807 -0.49150413721863373 -0.46286574236520495
-1.3922262220385022 -0.5811107359696202 -0.47326663366922106
-0.6429638363420622 -0.5638153195983122 -0.49159851900705065
0.3686952111516604 -0.45153798912553 -0.5172111117041942
1.2370309074731125 -0.4008023559410141 -0.5387933575309154
-1.177571126095117 -0.7986032928321869 -0.6035310351050731
0.5617978609274701 -0.4067753709265389 -0.6525050722754833
0.8552443165128523 -0.5741988105450062 -0.6584707819617626
0.9517269946650231 -0.8168325974574557 -0.6586095415747997
-1.1773792157215723 0.29586896787389705 -0.7424832903540965
-1.0267985614828916 0.08074292054764598 -0.7442528330481883
-1.0722145050084606 -0.21200239285081324 -0.7398289763129589
-0.9186031828781722 -0.42607068336009846 -0.7417461001075145
-0.7609856973356841 -0.6390825888503748 -0.743810566583955
-0.6974222909314278 -0.8885183305699407 -0.742925795236909
