-2.060211418463865 0.7036661975732343 -0.05776877050773166
2.0064763655727234 0.6091568082617727 -0.5783414328612473
1.3912289061018015 0.6036894175497594 -0.531031557372966
0.7327931283595461 0.6253224207327079 -0.47938055639640353
-0.8813745016594083 0.5226989939605815 -0.35958523397819064
-1.8333758160491556 0.7219845531773004 -0.2784199202574875
-2.1636301622226597 0.5860836617557439 -0.2588877165831711
-2.241428038468513 0.3117151657282946 -0.2645306075133469
1.9583516685915043 0.6656668902635943 -0.7331137145079758
-2.3202856263394693 0.03740499868081315 -0.27017302160636447
1.5109483023068435 0.5723612237077518 -0.7016181433715012
-2.235413479646226 -0.329889526456725 -0.29230923300162814
0.9404775580533169 0.5468466280704547 -0.6577009642638352
0.3084942120322012 0.31524565677302974 0.5321617638550613
-1.0862165708454512 0.6644358678601066 -0.4935683692015793
-1.7973419227000704 0.7328107464243772 -0.43501228933707736
-1.7651193553214597 0.4767742627210083 0.6746650254212234
-2.1537229394108977 0.6111040098151932 -0.4123887503661301
-2.2053043139443673 0.3222117360513721 -0.42081732397452853
-2.2537138888663435 0.030787843483189192 -0.4296893561400559
-2.2165533066748537 -0.3097315059003094 -0.44743389730826877
0.2339915979186742 0.27297374169290123 0.3920822655640457
-1.2645892484751755 0.6960811891405569 -0.6194195235289719
-1.8573253621725314 0.7009135486174713 -0.5719289267577317
-1.9918843886973718 0.5207727827075388 0.5512958085022781
-2.3619554397171783 0.6613139524075038 -0.5334839308776047
-2.326369021729363 0.3247059284555931 -0.5511230910338547
-2.287951598487851 -0.015053574616253229 -0.5692147696532395
1.4584407178074343 0.6137320432750428 0.1906362091980789
-0.26040438475452277 0.5533459293523251 0.3074126755677078
-1.0786929080819334 0.6898584814253823 -0.7760395491637375
-1.3351127981718633 0.5099093780248154 -0.7631320441283371
-2.0771425725650374 0.5823564046558687 0.43356232995613553
1.4366591244121025 0.3955841576479884 0.024317792602619903
-0.48428154319879013 0.4474646407593852 0.1623616730652664
-1.681142324410061 0.45883837272766215 0.2471881424866531
-2.156106108555491 0.4024965196145587 0.27839761132820584
2.1092278979882053 0.6971038075244778 -0.15854162817374728
1.4406728322936573 0.7182976835189976 -0.1090745413817551
-1.1087988607709747 0.7834517537048171 0.0781665360413406
-1.7108251626774802 0.7918043308210585 0.12191110009773709
-2.014870734277835 0.6408293805504499 0.13785510415657498
-2.153440574678555 0.39979832232642565 0.13826375360115506
2.1424877590307005 0.30141381062221484 -0.3225583518065598
1.2225195086166423 0.4570449363838591 -0.24823994284049533
-2.133415450611551 -0.24938832017804202 0.11087279672249295
-1.958275774747733 0.5609169437537176 -0.00941843634025119
-2.1189184685323994 0.33176597112790773 -0.006912657073893769
-2.3151030672851363 0.12271234935884934 -0.0010675871886398625
2.2060383956075498 0.6773410610056558 -0.4592055762328293
1.4049573074234019 0.7670511848421029 -0.39484734182731174
-2.2933741824264615 -0.528937988272709 -0.029458948425212128
0.7773580316478501 0.7714324673849404 -0.3471106970824387
-1.1567708009760764 0.8387763516685851 -0.19836182241813205
-1.7279087354250038 0.8303918833705382 -0.15574020986930392
-1.9924970835674856 0.6578240908109052 -0.14295382147208713
-2.1484486996025822 0.42635533646456736 -0.14082235937491916
-2.161579913751538 0.11543308617024195 -0.15275663977042697
-2.163009768417197 -0.20317786565497187 -0.16596932058707736
