-1.567067991405347 0.6881560098132553 0.4641099801212025
0.30679359891759717 0.9030201685157309 0.01580580379063612
1.2096300865986551 0.8269331311803327 -0.3732065329403209
0.2049461266767736 0.895580888317447 0.00789412166172987
1.1038684588059988 0.8022088773914149 -0.38432017658656115
0.10394112548866286 0.9041120041258921 0.0022188058047962755
0.9832039466903986 0.7517697095058509 -0.40052548740809435
-0.9724714821674816 0.7178741989276247 0.25436886455113417
-0.009835239899264714 0.9075284512432162 -0.005093492016248646
0.8864809592866747 0.7821838662819331 -0.40252581928675646
-2.384420342285397 -0.09331692165029182 0.31837996150547987
-1.0585468844043078 0.756004474817928 0.2533360352664662
-0.11023732524511232 0.9058957271302717 -0.012243188366346303
0.7995255648073947 0.8251196481177985 -0.4019507536739635
-1.1490140466894432 0.7964577994652942 0.2522512307315541
-0.20961262054630758 0.9202075484359256 -0.017154134258680287
0.6919363105386633 0.8129876555126714 -0.4114469656795787
-1.247480723895725 0.8191782212415291 0.2483449807315541
-0.30901737264537976 0.9349055974793004 -0.022064126476697865
0.5999004450080783 0.8427515724768142 -0.41338626240199083
-1.3623449073817233 0.8062306566849102 0.23879154826695448
-0.41611556355661383 0.9317677163254103 -0.03003302906458849
0.4920483767585706 0.8314428170541532 -0.4228834280819225
-1.473304481964953 0.8027684119550145 0.2306486001163197
-0.533027452468096 0.9063303901166435 -0.041829026684217396
0.38578270328432396 0.8251600631562823 -0.4315413603634166
-1.5865190699736278 0.7952737672669556 0.2217985024600697
-0.6268723782398156 0.9358779602373417 -0.044442571148328724
0.27935190543277866 0.8193114203511769 -0.44020024631922716
-1.7041233666174729 0.779292298394779 0.21153410579258924
-0.7461780055872196 0.9068282410604951 -0.057006753429822865
0.18001785884941235 0.8322200482016413 -0.4454983839840221
-1.8071914393039896 0.7951490646430699 0.2062154641299916
-0.8519625186640538 0.9099928951473899 -0.0642141470760631
0.07149355527697665 0.8226258958555022 -0.45499888752406115
-1.9166857108845599 0.798001228952856 0.19877632762486463
-0.9598573359387035 0.9090572078266348 -0.07218734119837755
-0.02429431639524271 0.8454615261089202 -0.45861522053187365
-2.039180200984489 0.7745406158018824 0.18709334041172987
-1.0538168671771437 0.9401532042725762 -0.07479850147669787
-0.13868040471421494 0.8230179159494924 -0.47064057682459826
-2.1576683064947657 0.7605284491905948 0.17682322169835096
-1.167969783199005 0.9265374872122578 -0.08507052753870958
-0.24019876436374688 0.8329604694572765 -0.4767789015621471
-2.2589951701910405 0.7825919071797571 0.17221125270421034
-1.280317419009151 0.9179031780390474 -0.0945781836361217
-0.3493549934299125 0.8250961094679283 -0.48628321979945177
-2.4019672172455317 0.7207379240746832 0.1541529526858998
-1.378456309959046 0.9411777438947837 -0.09871951435511583
-0.4510545473091261 0.8358538478886004 -0.4924215445370006
-1.497316147478815 0.9199881373664311 -0.11052886341517443
-0.5624440714838181 0.8243229340860196 -0.5027689108700084
-1.6206517352208736 0.8903623605453319 -0.1238750586361217
-0.6662770429184213 0.8313774326685035 -0.5097498068661022
-1.7148600383620476 0.9238518276089209 -0.12648240421717638
-0.7662803307074131 0.8478863107309138 -0.5150465140194225
-1.8132243031303097 0.948766245287473 -0.1306218275875377
-0.8741989430231127 0.8467191447241404 -0.5237115988582897
-1.937205595179155 0.9205994618121238 -0.1439723143429088
-0.9842540843978229 0.8414772238459136 -0.53321973179286
-2.057227755963468 0.9018781202625306 -0.15578929279749865
-1.0944838663314762 0.8366895189704167 -0.5427292952389049
-2.179700565513666 0.8792395097470873 -0.16837684009974474
-1.204886590708865 0.83236352900159 -0.5522398123592662
-2.298115889855773 0.866013638662011 -0.1794313559383678
-1.3480493866770065 0.7566866195850039 -0.5752414831966686
-2.418976743105233 0.8488738267233842 -0.19125501011317247
-1.4262032487469547 0.8250767761360862 -0.5712627539486217
-1.5205691531040246 0.8579109785994845 -0.5740279326290416
-0.3933326981754708 -0.5699537486709332 0.726881586566515
-1.6752794585917026 0.7615737967782721 -0.6012581953853893
-0.4995068819194812 -0.5594905392063865 0.7221036782413197
-1.7384385096403023 0.8621862663817055 -0.591365254864149
-0.6076022289962646 -0.5532114956914782 0.7167220940738392
-1.8877525946574671 0.7804195886487904 -0.616072572216444
-0.7082724497091211 -0.5281347465462432 0.7137585511356068
-0.8202701146830012 -0.5302104500089229 0.7071681847720814
-0.9324177444771209 -0.5318343718759522 0.7005768647342396
0.15999813249553885 -0.434591886035939 0.6949559083133412
0.07955539045225368 -0.3613300595730422 0.6987329354434682
0.020960042235262044 -0.23230753905552604 0.7099128594546986
-0.05490897937387551 -0.14942707730433824 0.714937292590685
-0.1321475268462473 -0.07095769853393818 0.7193518510013295
0.5609834940857059 -0.5333669843720656 0.6029969086795521
-0.21264233585093217 -0.0014971193524431214 0.7225380768924428
0.46600908475178926 -0.4985753071333434 0.6018353333621693
-0.30575470664897475 0.035985769190382655 0.721409403338976
0.4038810750283828 -0.37508825607577734 0.6127024521976185
-0.398737589014166 0.07378553955581424 0.7202835908084584
0.4120380479035024 -0.06570144314168402 0.6489053597598744
-0.5047847477269394 0.07978585288452678 0.7148371567874623
0.36256932633876726 0.08557714279062623 0.6636005273013783
-0.6280384451868049 0.044957988733806076 0.7038303246646596
0.3140316863177057 0.23687120210227874 0.6783085694461537
-0.7574208794875763 -0.0030648188338773252 0.6909662118106557
0.8235846704024716 -0.6435972352061725 0.45030506755406385
1.7470225441109832 -0.5370515153648086 0.2589050164371205
0.24140261769937066 0.32340323569565754 0.6841560235171986
-0.8679382634379063 -0.004803575465444965 0.6842795243411732
0.7381779414552678 -0.5816903211877147 0.4530850281863881
1.6611427400815888 -0.47811850431035197 0.2619295945316029
0.1656501079275241 0.4008788672382195 0.6887431969791127
-0.9766547634996323 -0.0015374911876477881 0.6782108178287221
0.6581094990853833 -0.5055330109641929 0.45784481669957167
1.6032212341644625 -0.33419375183782307 0.27755697871739393
0.09395268518367228 0.48778664088828805 0.6946049561649037
0.7036363391707381 -0.08438797410181564 0.5113426079898549
1.5415404787165832 -0.20430335488184426 0.29109629298741346
0.009887681800660353 0.5426230638880298 0.6960330834537221
0.6819587147514543 0.14532104907903687 0.5378676285892201
1.46653367100215 -0.11657843918265343 0.29834278728062635
-0.07762432208564363 0.5885231698538789 0.6961961617618275
1.3841041596797403 -0.05210949893364614 0.30209549571568495
-0.17615112515223164 0.6071518149518695 0.6925545563846303
0.5107863058122124 0.25149916164308905 0.5408807625919057
1.2875983036169307 -0.029548024773504267 0.29954680110508924
-0.2727918518007004 0.6307308976158623 0.689549051776476
2.19520532951661 0.13690489001888295 0.024881445422716197
1.2202651104130746 0.07757489602659007 0.30961521770054823
-0.3807940401249139 0.6271915494225127 0.6827350487857533
2.152849948134377 0.32634668520087473 0.04956253673130995
0.4664835264017917 0.6873980737819565 0.5907374253421498
1.1257832607938232 0.1054066899789845 0.30777462626988417
-0.4870384270939834 0.628657459267913 0.6765547623782826
0.3686092364418512 0.7040150706285715 0.5869947304874135
1.0610947933662667 0.21757386464015838 0.31855925227696424
-0.5953357486984854 0.6259828689115494 0.6697388520389271
2.044583066584111 0.620425214280317 0.0852924218326283
0.26892897129442783 0.7163867057213693 0.5825935235171986
0.9937431097647229 0.32055106936355315 0.3279500832706166
-0.7018373062729166 0.6283097913522653 0.6635580887942982
1.968907130196821 0.6970499837749742 0.09177168513829237
0.09272695319204338 0.5355429481401046 0.5504675736575795
0.9135276010029614 0.3864268690086945 0.3317356934695912
-0.8280936695141863 0.5855137430865582 0.6510182252078724
1.8921195906467334 0.7691922260958961 0.09749706889683729
-0.0021893506551817765 0.5627544571069976 0.5480399956851674
0.918635557969032 0.6850249899735132 0.37062128688389784
-0.9547829470684697 0.5432932214646584 0.6384740700870228
1.804802423165686 0.8087329701948818 0.09790381099278456
-0.09148139672606614 0.6041038187711649 0.5475960602908803
0.863940407165293 0.8160814926424678 0.3842564454227162
-1.1317868455219928 0.3881344603914343 0.6100197663455678
1.7397438606061248 0.9141326976178945 0.10896595622593885
2.376027407226262 0.04557913241590228 -0.42100373600428576
-0.18248313668024885 0.6411638210147146 0.5464940896182728
0.7598172643442584 0.8127152701374882 0.37753685618931776
-1.2979466503058639 0.26109580927357 0.5853706231265736
1.6386513178937676 0.9120774394811093 0.10253246928746229
2.3335095720520362 0.239080998039789 -0.39289990757411
-0.2733553882015811 0.6785407050808772 0.5453949799686146
0.6800251752093267 0.8745972507189705 0.38065060283238417
1.539048988661757 0.9150883374529215 0.09685906077916151
-0.3659976248655714 0.7116533438970976 0.5436373582034779
0.6005494172014627 0.9367278481752379 0.3837695946841908
1.442614388317077 0.9278182479022234 0.09270962382847792
2.2522298511976606 0.6259863411011608 -0.3366431364864635
-1.0509680605626213 -0.6670812060305877 0.3375464310794545
1.3461594728319959 0.9409104849117895 0.08856018687779432
2.1776843880851047 0.7066049576250322 -0.32856599186366076
-1.1386688371525113 -0.6083978655476443 0.3390413155704213
1.2496845422343261 0.9543535192325763 0.08441218043858534
2.0975706867175825 0.7686413300774504 -0.3238290915340709
-1.169577251576258 -0.4172947995159788 0.35972937251622206
1.1548678609793832 0.9728077997684679 0.08102615977818495
2.0436933976556526 0.9106299768965442 -0.3048600325435924
-1.1875027296985396 -0.19901477731620787 0.38440331126744276
0.03524319187658698 0.5574093998089396 0.2999192109256459
1.0482247927344535 0.9591105051947011 0.0723057618289662
1.939882078581312 0.8981367683634076 -0.31350365971034044
-0.052234069017197626 0.6032294138435859 0.30022152568394667
0.9447895142040688 0.9551206044286502 0.06510933543736463
1.843664304326003 0.9094461636148097 -0.31796208713953966
-1.0454972319615439 0.6315289707076417 0.4914198746829701
-0.1209107375268017 0.6952095086113559 0.307565294757433
0.8325915139252142 0.928386417335723 0.05409821178013807
1.7537104945434168 0.9397943161068554 -0.3190697798580455
-1.1263355469247682 0.6945644689581485 0.49364145900303846
-0.190949239355386 0.7827739282669981 0.31421240474278456
0.730531176021632 0.9298726995417894 0.047662340655870494
1.6638633955887245 0.970461597566505 -0.32017461155360216
-1.249468751730594 0.6628909543337684 0.48195227290684706
-0.28700577044471487 0.8064755377712558 0.31100758220250135
0.6318760102716858 0.940993237583271 0.04275187160069471
1.5564655815284896 0.950172799606321 -0.3304943213314342
-1.3545663201205937 0.6723969752819414 0.47622593547398573
-0.40593429768066613 0.7757211662637502 0.29935034419590956
0.5296318564692548 0.9432681308297717 0.036316000476427135
1.43909045145785 0.9023951904523955 -0.3458456168026256
0.4308643548637585 0.95515872833451 0.03140600825840956
1.3310986225486259 0.8830159696238695 -0.35617104862635607
0.7780418457312681 -0.864562462528653 0.07434281016880995
-0.2951845811920002 -0.9036929294943405 -0.3611320624203014
0.9051831602090568 -0.8869609023353249 0.07500847484166151
-0.16695490820756476 -0.9125218257770911 -0.36185828541224474
1.0385081506978864 -0.8656459157317968 0.06968363429600721
-0.037629561615159623 -0.9119716058588168 -0.3640364775509166
0.09117669582337395 -0.9167865096636518 -0.36548892353480333
-0.9088095165848711 0.4020843368868938 0.6036969056277943
-0.805832683961035 0.06400105934248046 0.6419120659976674
-0.6738386080601106 0.06191906557958049 0.6407543053775502
-0.5427738590416191 0.04949090683619062 0.6407543053775502
-0.41174860708575833 0.03659899229668895 0.6407543053775502
-1.438823300123056 0.5129372028530597 0.460949026599474
-0.2812872589114579 0.01830804309619083 0.6413327088504506
-1.3465129470831978 -0.03145161069124924 0.5253554215579701
-0.14825771701870405 0.024261813159171197 0.639016710773058
-1.2349158827649878 -0.28402679016222265 0.5545764794498158
-0.017875195790995946 0.005058668739316374 0.6395960679202748
-1.1226002915706421 -0.5072452534006899 0.5802198281436635
0.11298693763494772 -0.009660930336778506 0.6395960679202748
-0.9977726251176637 -0.5675674421113825 0.5861831536441517
-1.9467097706013146 0.4669176267008268 0.26854380275303846
-0.8689033916122213 -0.5788628615612268 0.5861831536441517
-1.840366177919774 0.03804978845204232 0.32144268657261854
-0.7396156941658538 -0.5856763694642808 0.5855871071963978
-1.7184744466666566 -0.10893160303219673 0.33886822368199354
-0.6108109659856704 -0.5978700641798156 0.5855871071963978
-1.6205018129137527 -0.5878978781671194 0.3979903092532826
-0.4815505079853657 -0.6055778574141968 0.5849905839114857
-1.5003253985690326 -0.7157739539690979 0.4129262795596791
-0.35128271666079813 -0.6038633202092214 0.5832019677310658
-1.3723480146228852 -0.7302702869678157 0.41354855205113417
-0.22201547654640796 -0.6124802548519241 0.5826054444461537
-1.2440443258812763 -0.7402564502942184 0.41354855205113417
-2.319592798087788 -0.756829347635815 0.09830483104283338
-0.09276206393868147 -0.6215519780942245 0.5820089211612416
-1.0434061604766929 0.11946177399756408 0.30401714946324354
-2.191909743593377 -0.77340874559588 0.09963616038853651
0.03760261223050776 -0.6212116242277332 0.5802198281436635
-0.8585828225531831 0.7261379836772974 0.22622498179966932
-2.063468053787656 -0.7755887618611013 0.09897049571568495
0.16685852132221957 -0.6311920660756769 0.5796237816959096
-0.7234155787826504 0.7341156220735883 0.2237354149966908
-1.9356196387545506 -0.7881097644633499 0.09963616038853651
0.2966934870254736 -0.6366987733574518 0.5784307351260853
-0.7103703050623071 -0.5624113964696633 0.38554390574986463
-1.8071969361371005 -0.791192546626796 0.09897049571568495
-0.5507528093498575 -0.2586868397904638 0.3457136979251576
-1.6804459227485675 -0.8194364682725208 0.1016331544070912
-0.3829998641702037 0.10359246449275616 0.29841622020298963
-1.551746444244091 -0.8184680136425371 0.10030182506138807
-0.34082547514407935 -0.7634981550321527 0.4060803284793568
-1.4230088721770535 -0.8179403038491557 0.09897049571568495
-0.11265309730045381 0.15023142801682354 0.28908117915684706
-1.2950114581609364 -0.8277544223575788 0.09897049571568495
-2.3270329497370925 -0.2796801856997604 -0.4293851027340221
-1.1666442567788176 -0.8330741606551157 0.09830483104283338
-2.217052786516506 -0.6617850625165218 -0.37420169208949083
-1.038700908177101 -0.8437799179549472 0.09830483104283338
-2.0940874254177997 -0.7676077981877398 -0.35968009327357287
0.3081399009771477 0.3323054039886699 0.26045378352696424
-0.910356768210054 -0.8499981869877118 0.09763964320714003
-1.9694660944008282 -0.8343379347780058 -0.35096637104456896
0.4875962582240154 0.7054893968201696 0.21128901149327284
-0.7806489514152748 -0.8418652655883747 0.09497698451573378
-1.8443442859973223 -0.8866700533878955 -0.34443179462855333
-0.6517909836906117 -0.8440480179591248 0.09364565517003065
-1.7159226680054513 -0.8851413690855452 -0.34588376377528185
0.5788717213687411 -0.6859611666643204 0.3830543389468861
-0.5233932078024304 -0.851620870703087 0.09298046733433729
-1.5881575818795355 -0.8939282643525104 -0.34588376377528185
0.7001434033472647 -0.7568610368133619 0.3898998131900502
-0.39551912225621466 -0.8645775593183629 0.09298046733433729
-1.4575023967777643 -0.863698316047028 -0.3516925940365123
1.001041945826291 0.49417718266791155 0.22933682109410292
-0.2671651537917863 -0.8730468960814903 0.09231432582432753
-1.3292817135999937 -0.8684554494991161 -0.3524188170284557
1.151455044655047 0.6036454219871388 0.21315582896763807
-0.13611263710535937 -0.8573418720689858 0.08832081462437635
-1.2030598580278187 -0.8983184490051244 -0.34951440189784044
1.276658953597729 0.5308204946475783 0.22000178004796034
-0.005461651503725129 -0.8470212360091054 0.08499296809727674
-1.0686733609845027 -0.8300247878928033 -0.3611320624203014
0.12184894481707875 -0.8667032930961298 0.0856586327701283
-0.9372475038897021 -0.8016533165994488 -0.36694089268153185
0.2538243151834685 -0.8474745908707035 0.08099945689732557
-0.8191248591162665 -0.9215415131953577 -0.35096637104456896
0.3823200358850638 -0.8582195100683379 0.0803333153873158
-0.6872759698266977 -0.8891370673720118 -0.3575014242977428
0.5260984791832843 -0.851386574938978 0.0770054688602162
-0.5443173543785069 -0.8781677083252362 -0.3611320624203014
-0.42191547292722964 -0.8805453377096342 -0.3625845084041881
