-1.7551464399581818 -0.7067194039671847 -0.43402552539341865
-1.1578424747415283 -0.7521332491294928 -0.40511059695713936
-0.5614704058820728 -0.8014650518905171 -0.37614560061924873
0.024758310533339767 -0.8508135033325175 -0.3476817601346296
-0.4645994754765539 -0.6225970808062868 0.35755229061610283
0.5090841793423486 -0.860746914529912 -0.32524514132969795
-0.0022417205998657153 -0.6212322950797429 0.3726570612765032
0.8415445496003748 -0.808406383462767 -0.31189179355137764
0.09734501419039887 -0.46604538794687045 0.3714673525667864
1.3796751539673338 -0.8480453871265254 -0.28606343204014717
-1.3269023968190155 0.3549163327195828 0.30135941570765556
1.4773919568917293 -0.6877589725244562 -0.2871692174100202
0.20115160473784854 -0.10431857345702156 0.36440873211390556
1.6779340138591117 -0.5927987015863181 -0.2813861363553327
0.08879243632028633 0.13504798444247257 0.3537948138094622
1.7501364902142882 -0.4315883903308446 -0.28375410968296944
-0.30123195370410727 0.5107637700604002 0.33016324108607353
-1.348759064732178 -0.7434538454666253 -0.5074808591031355
1.8592706277051008 -0.28712499110754663 -0.283903359713487
-0.2615918394151109 0.6954111382162083 0.3260238177157122
-0.7613378672900382 -0.7875990090790665 -0.47810769015782295
1.9189105166263474 -0.12032445194714114 -0.287107705416612
-0.2300073243746965 -0.812257734483083 -0.4521005147122663
-0.5082651150538702 -0.6839823340049591 0.2659771448946673
1.8431890961197794 0.10910760315448442 -0.2986576550626081
0.2959604349279452 -0.8384065705686297 -0.42633414203160225
-0.26182895630795855 -0.5896795364089584 0.2717049128390032
1.8997374122250292 0.2781763846637375 -0.3021543019437116
0.747805837365064 -0.8363714904532884 -0.4050853245877546
-0.019897941849038148 -0.4948730808335853 0.27723193233973564
1.72199502078562 0.5575754395705914 -0.3201396458768171
1.3455533165390214 -0.900976657323767 -0.37467122012608467
1.622338695327656 -0.8289584602385531 -0.364192723574571
1.7074048247356082 -0.6736272941060051 -0.36569857532017647
-0.2617362505775951 0.21043665855648896 0.24809908932215752
1.8021083470039265 -0.5227231565104233 -0.3666326993130964
-0.18674534103737983 0.37842280681554996 0.24563336437708916
-1.321442799968338 -0.7046051078091438 -0.6008403294705671
1.8609058392941193 -0.3557818113751452 -0.3698570721768659
-0.4024838962404935 0.6778466342303702 0.22930836742884697
-1.1200686323633633 -0.57654537824844 0.14883017605311455
1.924849515629436 -0.19107486195348855 -0.372798680605821
-0.2258377655514856 -0.7646502058203595 -0.545068024935655
1.934966088964373 -0.0015149742805391497 -0.37918353015416084
0.3276267326516056 -0.8029749798613395 -0.5166733258389753
0.3199617836450379 -0.789175291776111 0.2070195681429583
1.9549064821794708 0.1840259086316962 -0.3850038045071882
0.8664776186652503 -0.8389624733918595 -0.4891140454434675
-0.076203244685491 -0.42107204163885115 0.18174529140955986
1.9123028860581748 0.39933861425542005 -0.3948514454983991
1.4044875957912595 -0.8784653683782508 -0.4615094655179304
-0.9419211633732587 0.15581490072382564 0.13331246441371025
1.834547820453082 0.6322991736169001 -0.40701365405552803
-2.174139008287682 -0.983175884518495 -0.7277195447110456
1.6995304711354784 -0.8148648867385404 -0.4494578831815046
-1.036240484422624 0.4006817798171909 0.12251257961756767
-2.0524129546324907 -0.8292291176561974 -0.7269074910306257
1.8439428039603634 -0.686173377220257 -0.4471056454800886
-0.19382555174021476 0.23039200929036951 0.15778327053553642
-1.7086476490801985 -0.7669614567930694 -0.7116272442960065
-1.6135480107115185 -0.785166674107785 0.043507338223524705
1.911264809267621 -0.5235023409982489 -0.44975924426548897
-0.21444869498605001 0.4410949775336306 0.1505935198641497
-1.4756855572136267 -0.6609098306070322 -0.7035615437650007
-1.1038483443342813 -0.7945344469600641 0.0630524165011126
1.9746177059659686 -0.35900122581214333 -0.4527108662747663
-0.2933364522161739 0.6790027250751081 0.1404626376009661
-1.6476394546767565 -0.38644556204129543 -0.7220423215054792
-0.6316658351634388 -0.7917383273292984 0.08078217571742119
1.9205298611288093 -0.14073406039850056 -0.4633414738797468
-1.4184225160193193 -0.27979032391312586 -0.7142713063382429
0.2860105621893503 -0.9810163922263797 0.12108922070033135
2.01244026175414 0.011258202744308221 -0.4645326131009382
0.3437288071933331 -0.8296491322208155 -0.6055204861783308
0.379809061734214 -0.824758339311785 0.11984419888026299
2.018870452182174 0.20288697642386921 -0.471342324557237
0.9466804968429336 -0.8931953170250537 -0.5728380673550886
-0.241152392406498 -0.35991632686179287 0.08227658337122978
1.9899517326294003 0.41170829250223306 -0.4805290692471784
1.4479288675276472 -0.9168384014842488 -0.5467646115445417
-0.5206519505878084 -0.038253016542817875 0.06188321178919853
-0.4292465167282842 -0.06723012247458371 0.8127892023897845
1.9574172519097885 0.6231276560272008 -0.49002480441563545
1.7245839592743621 -0.8452606905594493 -0.5354964726590437
-0.3368165891819572 0.08233130120345322 0.06501507824427666
-0.355246260897335 0.10136618735523228 0.8103258616305071
1.745735352771284 -0.6619405689627058 -0.5411908620023054
0.05722152465455821 0.10857596351137033 0.07889771526820244
-1.2583828266948487 -1.0123619231415546 -0.7731683247708601
1.863242288501656 -0.5213881014082205 -0.5405194752835554
0.6012196026087544 0.06486450894747264 0.10052561825282158
-1.187610449938525 -0.8409172455082725 -0.7756335728787702
-1.5005708495733074 -0.6804141581134786 -0.04890370303624092
1.9402486931474954 -0.3628947001230074 -0.5425789349698347
0.6165612890358361 0.2566195821216297 0.09505438869959892
-1.1162478092608694 -0.66972082655154 -0.7781016820096296
-0.9587660765243946 -0.7048009466833633 -0.02682757312291084
2.049574552992226 -0.2192015868650472 -0.5425131314420026
0.6326646953904174 0.44852959843426987 0.08957552975184502
-1.044282381087644 -0.49877835265739634 -0.78057217532628
-0.45914105258575333 -0.7151984240537246 -0.006875275912217482
2.000707033971395 -0.0028980475754423196 -0.5530912869595808
-0.9671347082435986 -0.33003435968625183 -0.7827346318387312
0.021433061639317685 -0.7210009956972314 0.012151957211561815
1.939212472010599 0.22031243964234193 -0.564596890749864
-0.8939811235322388 -0.1596151062257789 -0.7852098935269636
0.4417567112203571 -0.7042129362887053 0.028079271969862596
1.8742048631266393 0.446324158228812 -0.5764238827847761
0.9602239226550822 -0.7629467200715965 -0.6665527814053815
0.692165095786482 -0.6163883183950318 0.03509545391566338
1.44315602648199 -0.7796373631497673 -0.640895604433946
0.7917110250179711 -0.46377870603795657 0.03414273327357353
-0.3030635120430567 0.03788098922422023 0.7120087153292376
1.6926703559124334 -0.6964125270003478 -0.6311037533902448
0.868913949879218 -0.3014924211828074 0.03197979992396416
-0.2789272551239961 0.22833278915932453 0.7076494700289446
1.841970626767111 -0.5698869578105246 -0.6281621449612897
0.9421253798822491 -0.13744839207475223 0.02957224911219658
-0.20844468647469938 0.39843801181086036 0.7050101763582903
-1.7517940998600245 -0.8299465932222461 -0.14808726245396553
1.9279104432167635 -0.4154184399604901 -0.6295883649014753
1.0113514336255172 0.028379652154377766 0.0269200808382708
-0.3723841258662759 -1.040137112287951 -0.817416428866319
-1.1358370120398185 -0.8819011172055582 -0.12116837436192451
1.932614655539922 -0.22407730685082328 -0.6366407864712995
1.076620183744378 0.19607656979001575 0.02402234142787041
-0.31090476338592765 -0.867923925738431 -0.8204863064908308
-0.5992005493722239 -0.9051949676704325 -0.09843850070469795
2.0151774290691904 -0.06793599182937271 -0.6383850567960065
1.0971242901103864 0.38443023736351734 0.01868987148768486
-0.24423127833271607 -0.6978344379613546 -0.8232400410794538
-0.0909496836061372 -0.9203433364869511 -0.07716298037999092
2.0077235788748844 0.12987604983589307 -0.646391152682237
1.2270766449152681 0.522433081703845 0.01919007366663994
-0.17236784699566954 -0.5299341464797038 -0.82567715579503
0.33848945739243064 -0.9055259867897334 -0.060093640627793654
1.9513954367321489 0.35126009749161113 -0.6578543179654401
0.8341258346944045 -0.7668767317099068 -0.7628285878323835
0.716979853420785 -0.8717744569419352 -0.045741795840196
-0.6709146939490651 -0.26441204733595214 0.6178305155611712
1.9005591244635838 0.5711684332886549 -0.6690189831876081
1.3309089704690358 -0.7886794317318433 -0.7354371541165632
0.9622803897075798 -0.782751890388127 -0.038623093905381545
-0.3913419333957897 -0.1845403972294335 0.6234929568148333
1.680887173702157 -0.7491929457171338 -0.7182614796780866
1.1069910661025268 -0.6511027027407437 -0.03700232440464912
-0.29485329576818486 -0.026114371134774217 0.6219391829348284
1.8163584660277543 -0.6164498496831001 -0.7161343091153425
1.183547622932224 -0.4899149618017944 -0.039139031710557326
-0.32122902467476777 0.18649062620693257 0.6154954439974505
-1.807263728794311 -0.5841851410220187 -0.2521917813443464
1.888497662961015 -0.45573717482581344 -0.7184965603970808
1.251537044722614 -0.32493720281230765 -0.041780232729844435
-0.37407179911329536 0.41176845284830677 0.6079504496432024
1.9566353618187442 -0.2932145732741489 -0.7211816304349226
1.2927953997836106 -0.1478732072854001 -0.04593157702916084
-0.5580559219776546 -0.7036351425806089 -0.1951711171292585
1.9709291119777497 -0.1059708200244529 -0.7277276509427351
1.3301788673590806 0.03122325962039696 -0.050340413393906935
-0.013094810129658185 -0.7362432621938666 -0.17097830707066475
-0.7700447407521693 -0.40295205940408607 0.5262653834200579
1.9225678788961744 0.11074656467684463 -0.7387845509671491
1.345550796887018 0.2207417677976764 -0.05601382190220772
0.45307689028258835 -0.7388493162903558 -0.15114092761509834
-0.28416429691603895 -0.41097924229652705 0.5408232218599993
1.25120116662114 0.6192837270828733 -0.7942798131131452
1.2801215216074695 0.44818940705455645 -0.06623196536534248
0.9369542572943885 -0.7524089093880377 -0.1302297108792585
-0.11970034334034452 -0.2827286753052718 0.5421636111117083
1.5127242488882011 0.6947901086283466 -0.7834937565945905
1.2418079038254426 -0.6908856792831486 -0.11939358645909248
-0.09219715139279572 -0.09514655153832763 0.5378220087862688
1.4141062642476676 -0.5726273050884316 -0.11606430942051826
-0.018280994097032988 0.07225626407649344 0.5353722578860003
1.5365180154632263 -0.4328959175790956 -0.11558461123936592
0.056216933999760244 0.23941002950749635 0.5329201227999407
-1.7172358162376185 -0.824241574517032 -0.3345167630337995
1.6092706129139138 -0.27119057378558153 -0.11796307498448311
0.026556935531008463 0.453574820182304 0.5260884768343645
1.682584755978386 -0.10973787841741256 -0.12034344607823311
0.043282261987521053 0.6474891917135039 0.5211493975496966
-0.47278400858732894 -0.9384738094122298 -0.2757060521268171
1.729243770559016 0.06396062100660771 -0.12428927356236397
0.0582345016852841 -0.9638658122278443 -0.2514307492398542
-0.5362298018177789 -0.6924139542384538 0.4491021639681536
1.7403046844327719 0.2544000955670924 -0.13032650882237373
0.528754647932189 -0.9672796883269683 -0.230586766543321
-0.09214853437855552 -0.6822254392242968 0.4626634127474505
1.7114402566373492 0.464072879444295 -0.13872075015538154
0.9894972451266568 -0.9697817397637536 -0.21024012500279365
-0.043235227617110183 -0.5049363610313051 0.45924258297450127
1.6744464726105335 0.678464008880276 -0.14765095645420967
1.32140989938582 -0.9195431645274539 -0.19735646182530342
0.015517156415437938 -0.33171969376019916 0.4562127596712786
1.5250666493228842 -0.8152408534975493 -0.191953896822862
0.0703041029981506 -0.15665718500409298 0.45298075741297783
1.6330089749950147 -0.669663459496455 -0.19217419558995186
0.029813544991860397 0.060783418598596484 0.4455749995089251
1.7186115352435678 -0.5144073777703255 -0.1937363141202253
-0.009736999892567155 0.2787639571944993 0.43815445965296806
1.750115342598825 -0.33485824747457826 -0.19852423602574287
0.05182257121127165 0.4520469123136408 0.43509888714320244
1.8050344273723447 -0.16562603910999485 -0.20197319919102608
1.8061325277439444 0.028485378374050185 -0.20865750247471748
1.7536724411913838 0.24805734356616682 -0.21858477527134834
1.6524426516187987 0.49153146326285935 -0.23149466449253975
2.0750546744131064 -0.1300393193772038 -0.34264278346531807
2.077794060191298 0.22192768286545572 -0.3148643963956159
1.9503736968415808 0.2999074973496221 -0.3135621541165632
1.8473206884746567 0.4275484902290714 -0.30748534137242256
1.8219892556972361 0.7118185583390542 -0.2862174504422468
1.6853363307156108 0.7683157509988519 -0.28708577090733467
0.5911188643950531 -0.40236031954739815 0.18635463779933037
2.0992412028399876 -0.11154932317373323 -0.4231708043240827
0.6124586147067745 -0.02669438568165816 0.21156191891200127
2.0782389204494756 0.19092789375683594 -0.39965987140171944
2.0157582303415147 0.40341155005127405 -0.3850209706448835
1.9326961478473272 0.5711033179235514 -0.37481784755223213
0.47422344044194276 0.6863789692533189 0.2532086378908831
1.8197807691379708 0.6763531597380847 -0.37082552844517647
-0.15254408194335767 -0.1722525991796644 0.17612576550013603
1.6985120402289056 0.7640796885850563 -0.36860752040379463
2.2093483890560357 -0.15629425009721842 -0.49794411593907295
0.6449029561218538 -0.4123194549604463 0.11070990627772392
2.1768095110936905 0.12360152059942209 -0.47623395854466377
0.7227121254218574 0.07421820498795739 0.14586806362635674
2.1459997640332453 0.40324551199725533 -0.4545240395688337
0.634109764666853 0.2320471821277792 0.15334868496424736
2.0713271652820104 0.5885324953358548 -0.44231176311009346
0.5694290917600746 0.4342168902862298 0.1645693785525042
1.9736620270906364 0.7246565141337484 -0.43507528239720283
0.5663061686557711 0.7510958847336298 0.18551492756373467
1.810657411856333 0.7270275851583463 -0.44140744143956123
-0.030983753591957708 -0.05549469984309496 0.11108374660975517
1.7028872222468294 0.8415259898129719 -0.4364321225308698
-0.22050583596550766 -0.06942698672447989 0.7186255461550433
0.7915182493789885 -0.37402258103450237 0.04161596363551201
2.1946854996504293 -0.2904337369810932 -0.5851521485471052
0.8321136899639008 0.04143885025658278 0.07146859234339775
2.1336871648367435 -0.06888010093774 -0.5690178864621442
0.7522755854830692 0.21673005846287197 0.08065414494044365
2.0998154717815254 0.2065000747547856 -0.5473513596677106
0.7307904927187323 0.502739563820974 0.09940767353541435
2.1087968564332726 0.566812103675268 -0.5169265263699812
0.6948916482823719 0.7575125100446343 0.1154820925570208
1.9651617215249182 0.6088607734081322 -0.519231318774156
0.6093585999400091 0.9150586873826754 0.12313675945765556
1.854553916493817 0.7184531917862955 -0.5146214955472272
1.7267858856130012 0.7926808647452148 -0.5136997693204206
-0.17984326189542443 0.08959616941733373 0.6517963415957171
1.0431239155886907 -0.22683781420311533 -0.00820851260655342
-0.21447147278709267 0.3463345511623004 0.6649458414889056
1.0132702996372132 0.050424593475163704 0.01014781063563408
0.962478655811033 0.28299894661117975 0.024598122296400682
0.872060363841225 0.43565905649356296 0.032018900570936815
2.051968575217696 0.005321391022377497 -0.6413495534085554
0.8329367563593095 0.6858377521204844 0.048031569180555955
1.9151232833921945 0.06546385584609027 -0.6418192380093855
0.7768468925932979 0.9004915879281441 0.06092000072962822
1.9983204996140564 0.5782334283985904 -0.5948519700192731
1.8919389628194452 0.6966666569305247 -0.5892159932278913
1.7574637646258289 0.7573829557199829 -0.5896854394101423
1.325524710363858 -0.09839394974581239 -0.07274126941197334
-0.20750152170924352 0.007985656018796305 0.5697476870394427
1.6276255405154814 0.827478645980186 -0.5892159932278913
1.2728793999581853 0.13373693937848685 -0.05793666774266182
-0.26384754745668104 0.2253330346800695 0.5803668505526263
1.2014335621367707 0.32570182568660755 -0.046733378710679396
-0.43119168493905846 0.23670784053940963 0.5758616930819231
1.1040055059669314 0.46438373674624955 -0.04033112460606514
-0.56746058390058 0.3056216828111147 0.575539828000136
1.0232178335198014 0.6343195307133129 -0.031128405871323928
2.188604283774591 -0.035225868147172434 -0.7145388119839948
-0.6841495145280625 0.4099321642421714 0.5777924067354876
0.90217639952116 0.7246630079104648 -0.029127597155503615
2.1567768776684453 0.24447234738330081 -0.6915776723050397
0.8160984113393788 0.8816769412826204 -0.02112531596653877
2.0942576012850225 0.4566714138766841 -0.6757915013455671
1.807339000900157 -0.13841701544310325 -0.1341836445950788
2.009042177600584 0.6196066345187958 -0.6652677052640241
1.7549899644449738 0.09734642939132954 -0.1186485283994001
-0.028333802196414126 -0.07625373995172424 0.4936738020754534
1.883079105617842 0.6977788011505552 -0.6638324254178327
1.673318154830131 0.270371287585391 -0.1088364117764753
-0.043286569618103954 0.21999542945555106 0.5105290419436175
1.5859895207313954 0.4300957400571832 -0.10025119716160713
-0.1464210900027716 0.34901666111304763 0.5148258215761858
1.4795093398433607 0.5498356489362877 -0.09534549647801338
-0.20600301136191845 0.5571734751271791 0.5250711447573382
1.3646642927948598 0.6520563117605462 -0.09207487040989815
-0.3315518856770652 0.6427963104813372 0.5260627276278216
1.3090044994667238 0.870120439678324 -0.07817482882969795
-0.5171126813258944 0.6196811158586186 0.5187916762209612
-0.6739302136084078 0.6496932853200903 0.5154867178774554
1.8451389241136198 -0.005835898281368657 -0.19836401874058662
-0.8381308057463848 0.6672876208643501 0.5111901766634661
1.9390416908769836 0.5288722578083735 -0.7506477826260847
1.7802342902322827 0.20284604379045845 -0.18500351840489326
0.1512509684535459 -0.1595170521801208 0.41762590473658623
-0.9901700607800628 0.7072680449971926 0.5085461146212298
1.8456918660822303 0.674278869557682 -0.7418811314725202
1.7033764274400518 0.3846842381306672 -0.17414784366124092
0.16296726836114672 0.1895393889429755 0.4389960772371966
1.7155487461267782 0.7440702917111466 -0.7413938038968366
1.603212071426892 0.5174741329934278 -0.16788530284398018
0.11816456540630327 0.42799876348468047 0.45188593929774346
1.5171147939360345 0.6772413786045206 -0.15911745959752022
0.04877774855195227 0.6179829762785474 0.4610445505953509
1.3825383610209485 0.739282963455075 -0.15953469211094795
-0.10278771057308234 0.6545156934082001 0.4583308703280169
-0.27110997790854086 0.6610070286058374 0.45324277943141045
-0.42517522496359916 0.6944231675226362 0.45019006794459404
2.0997454317830275 -0.2529450132331732 -0.28339219027989326
2.0950844612700443 0.085750994902547 -0.2573933594846052
0.2150456702134207 -0.29943325293726275 0.33429837292201103
2.0298616085228183 0.29383957994146215 -0.2437543862485212
0.09554934845830942 -0.197485003275645 0.3367338187075335
1.939739826598835 0.4481533173390133 -0.23522996837132393
-0.025823334856536206 -0.09959755769654066 0.3388211733675677
1.8614268496621555 0.624986487019882 -0.2245745652341169
0.16122015033338855 0.5749583087257264 0.38648533886439385
1.7289074871834949 0.6902713024249181 -0.2245745652341169
-0.10161644526712621 0.40467915482681605 0.36734986370570244
1.5966132758959155 0.7560174383910478 -0.2245745652341169
-0.2753807181147181 0.40231232963349584 0.36143541401393
0.525213792294899 -0.34687382247143006 0.26454019611842217
0.5244090726695312 -0.015516637088133223 0.28558039730555596
0.456509771194181 0.18269162820676854 0.29592251842982353
0.3479776890759432 0.3014401653779899 0.29984521931178154
0.14191673844922903 0.23540994724943687 0.2887902266360003
0.003343738205025204 0.297903210511997 0.2880768782473284
