1.0125087791847847 -0.01612149026822607 0.08710093234267546
0.9167562524461914 0.1625608074519178 0.0881127807923825
0.8216199233033592 0.34158137334449634 0.08913321231093718
0.7535154179307142 0.5347706120588 0.0935449096986325
0.6552770039247662 0.7120687491936977 0.09401745532241179
0.45608962484079996 0.8374166661552138 0.08153528903212859
1.6528301620169685 -0.36747957944773546 0.027035186035302416
0.2173334958346942 0.9434949619088897 0.06399435733046843
1.7170579401469865 -0.10289591732380643 0.04921240542617156
-0.03903347369396215 1.0419549209940797 0.0442141983338864
1.6952152863596552 0.11357239211459103 0.05993551943984343
-0.5838967226210485 0.9970640575688208 -0.012169888275000318
1.6830000873883932 0.33455422349882014 0.07180924151625945
-1.027429483013023 1.006543848548084 -0.05557208325180696
1.6673412006336008 0.5529543284263667 0.08311505053725554
-1.4047082832763493 1.0517530014057002 -0.09050231243881868
1.5340514948928217 0.70846440099794 0.07896752093520476
1.640658264459475 -0.5567288776374966 -0.08758693005356477
1.7387468749008121 -0.2725169677097057 -0.06043820645126985
1.751028432140302 -0.03689450910142966 -0.04492001797470735
-0.10433854084003258 0.999187987358475 -0.06806569363388704
1.7425144715146956 0.18647882268783178 -0.03230529095444368
1.6999557876049778 0.39080134134031397 -0.02433591152939485
1.60997977560136 0.5694192301506433 -0.022755673187109693
1.5162677863431355 0.7460193239848749 -0.02174811627182649
-0.4436249868527682 -0.292582845659048 0.5579490158387692
1.3615720109486205 0.8907243994603817 -0.028868725555273755
-0.5403219512831328 -0.10882776242493719 0.5590037796327145
-0.6363752237328271 0.07526471812563784 0.5600676033326657
-0.7494701653319424 0.25059243339484283 0.5590934250184567
1.765662384317963 -0.3477423152349459 -0.16403298641953157
-0.9195867357412624 0.3970011472308599 0.5514802429505856
1.7645209799339483 -0.11922724934779438 -0.15007119442734407
-1.0848690610432357 0.5465149190334913 0.544389197570947
1.7556367973032962 0.10422132107214566 -0.13728528286728547
1.7695512273681118 0.339161171938251 -0.12154345776352571
1.6706383357567205 0.5128774116663379 -0.12113814617905305
-0.2422019030837248 -0.48931311335141814 0.4607796165772946
-0.19018323888582245 -0.22720079083502043 0.4795202705689938
-0.18099218322421962 0.011108738289465236 0.49305815432753874
-0.19282708444903562 0.23754692754636864 0.5040001365968259
-0.28326304766046917 0.4226978571858737 0.5055818054505856
1.6523508437175423 -0.46612853706525215 -0.284918835418555
-0.3818943652780007 0.6036328706596237 0.5061315986939938
1.6898776828876123 -0.21566051595971203 -0.2653747108152835
-0.6661461885375957 0.6905022505179303 0.48484654162612273
1.7895657959509634 0.06741678925146743 -0.23744349743637727
-1.1147997030196564 0.6964203020161079 0.44433684085097624
-1.568490982273559 0.7029340368056367 0.4033317062684567
1.9485802189968808 -0.2890753628590801 -0.34470277096543
-0.24330558530898827 0.837598281144615 0.4273485634156735
2.0215153759099564 -0.020586275761750983 -0.32003503109726594
1.8429052888530606 0.1095528754434767 -0.3306017425230472
1.852371533893745 0.34187930402096356 -0.315037300842139
-1.5085972032547943 0.8980603841277244 0.31328291629042937
-1.9625917972796145 0.9081319429413384 0.27160687182631804
0.04583124806627836 0.5383416902260336 0.3346919510194333
1.8433952834089524 -0.0822801787758678 -0.44414906765732454
1.7822525032264451 0.11247113127225106 -0.4382381942442386
1.8179396503530256 0.35906389830294216 -0.4187675025633304
1.7759712823657878 0.563007816650817 -0.41038136746201204
-1.3882946550959474 0.7379060923495189 0.21057791445937468
1.7348123383568463 0.7669070436677217 -0.40198903347763704
-1.8644539020841222 0.7353802314901685 0.16549677584853484
0.0934625267054372 0.8290358743765296 0.2517470810243161
1.9151382045318428 -0.32699569742687373 -0.5640521552732913
-0.012628533762082839 1.0041819734289135 0.25117678378310515
1.892172286069183 -0.11086653193577689 -0.5524421241453616
1.9615800758467685 0.15487199612742586 -0.5276856925657718
-1.4944464281490326 0.9552495260669076 0.10650629733290984
0.570344709244921 -0.1413902667720066 0.13989824984755828
-1.9482381925430872 0.9656089338175491 0.06342739794936492
0.5355843321854934 0.07145628825347927 0.14869589541640593
0.42320647502369013 0.7025441404657258 0.17346043322768523
0.2857592693320754 0.8606078307297409 0.16896433566298796
0.1443610549336256 1.0170500786208265 0.16392321322646453
-0.7240475354028604 0.8072912430323242 0.06791538928237273
-1.176851438468944 0.8121107334828181 0.02408594821181609
-1.648078506117841 0.8109360080222956 -0.021939327972265943
-2.0753578923080482 0.8346379458443991 -0.062395146148535474
0.8246305994331493 -0.7960223442271648 0.13972420428481414
1.281548093577186 -0.6614442170580226 0.17227740023818328
1.5494015619593426 -0.45239879255510473 0.1870345566102536
1.6842268051660199 -0.1897061483859659 0.189204642517236
1.8107490974596345 0.07626843131864547 0.19050688479628874
1.7545425366440526 0.41907765972493394 0.1744474861451657
0.9243392807605346 -0.8666791987050679 -0.01376776959213899
1.5656883558201997 -0.8069784316001183 0.03724713061538054
1.7085365197930997 -0.548020375542329 0.04035181735244109
1.8614570034051496 -0.2934630693234581 0.04434485171523406
2.0105970805891644 -0.037680909788981864 0.04789299700942351
1.9677688267844502 0.298560824522319 0.032810637695458666
1.742992026914493 0.7133802493222845 -1.530911240266164e-05
1.0653157504925588 -0.8583425319521751 -0.15116410519394563
1.628002230006885 -0.767679791412764 -0.10683923031601594
1.9184497499946929 -0.569308728336626 -0.08920007015976594
2.0436480725382324 -0.30409458450228755 -0.08784299160751985
2.16516428605415 -0.037459695817965155 -0.08693843151840852
2.269251311567558 0.23644895572876123 -0.08784299160751985
1.9446827419503592 -0.35718310807071774 -0.2420397308042972
2.0384325475705936 -0.07871500395695108 -0.24388318325791047
2.119418732075033 0.20527434358941576 -0.24711041714462922
-0.7635893553299979 -0.3014490514502697 0.5879244301148923
-0.13348591725684855 -0.2297757027934395 0.6327385399171384
-0.02549531745981426 0.050172110947926285 0.6323384735414059
0.07885386937225292 0.33165581963086055 0.6315378639527829
-0.009126371715325376 0.6930601010920441 0.6139325592347653
2.2315572088871676 0.06404912018468423 -0.380070259826514
2.203055679534657 0.39398971069599753 -0.3946300056150882
0.16559363201673705 -0.654828340958943 0.5175604317018063
0.1426683329957541 -0.32375601969449974 0.5057043526002438
0.12211943282328264 0.02359119789931441 0.49343962405410124
-0.30931968801679943 0.5086634417844849 0.44560713504042937
1.9338060117633518 0.20589885408919173 -0.5593801047972171
1.7029880636339527 0.6067463976242848 -0.5947785880735843
0.5123337184831627 -0.43952746481583205 0.3875984642335446
0.4719409614617831 -0.10165439321243497 0.3738202545472653
0.42832804480921993 0.2387891824448971 0.3596248123475583
0.4413437044006514 0.5569754649755865 0.3504394981690915
0.45102683442674163 0.8773928446933468 0.34083647464003874
0.23466618046853682 -1.048753254289501 0.23501724932875945
0.49711846472696664 -0.8328065731078773 0.24908251498427703
0.7601278910455136 -0.6183192665476724 0.2631473038026364
0.8713687532696781 -0.34336696062578653 0.2631473038026364
0.9789430767059315 -0.06690336882195425 0.2627210113832028
1.000073959483089 0.24544949826954365 0.25419659350600554
