-2.0350408880342883 0.5548505835840203 0.19567273537333563
-2.0856350833687074 0.41510376668185245 0.2167107907932575
-1.0082794563249706 -0.05086969295462751 0.6903674451511677
-2.1008869294619004 0.29159046598414307 0.23010323921855047
-0.9301954295443977 -0.13779887858538586 0.6845214215915973
-2.130170996754366 0.1624845940895483 0.24636243263896063
-0.898082971038626 -0.24344514856176147 0.6872794477146442
-2.1284370656270895 0.047275195023857464 0.25593446175273016
-2.107895733385817 -0.28998554888091377 0.2808406201999958
-2.0898372348561907 -0.3972214077556444 0.28660176674540594
-0.27368559400802894 -0.5941749696292007 0.6135260907810505
-2.072180384113402 -0.5044409216002208 0.2923648206394489
-1.4374174647190756 0.7279739782014332 -0.721144929726762
0.0056948717779974345 -0.6082025375373732 0.5699565259617145
-2.0367358938208184 -0.6042793498552683 0.2943141309421833
-1.491480886135264 0.5846221761023642 -0.6964991243678753
0.35918538819512236 -0.5965317863574029 0.5126750318210895
-1.9879646959533233 -0.6987643846778298 0.2934052793186481
-1.9045680136112537 0.2863325559784542 -0.5858595522243206
-1.9258325346794294 -0.7880240096049747 0.28964017311747625
-1.6553879101427214 0.2763894634071704 -0.6343166979152386
-1.8976811190811063 -0.17671720999371132 -0.5432255419093792
-0.7877624057165846 -0.926194900421045 0.0984084455173786
-0.5100021206463126 -0.9397231454916763 0.04992459694560125
-2.1553733158324846 -0.62704759234812 -0.4500248583156292
-0.1905212062277286 -0.93980020660657 -0.007111802895707342
-2.093103798066018 -0.7156883012126585 -0.4543984087306683
0.1431629480511134 -0.9369444198476131 -0.06697966178242609
-2.1173548375924653 -0.8388623720786228 -0.43837000449482844
0.4910849269742741 -0.9313028394013187 -0.129678979714555
0.8810380784334271 -0.9131379321432007 -0.2009213121730511
1.1835169286080358 -0.9285373552858189 -0.25404478629414484
1.8107640230380966 -0.8329423096741735 -0.3737719209987347
