-0.8364114580965847 -0.7775440574809096 0.02300030698506239
1.0379449514639774 -0.8821359009006358 0.06457597722737196
1.3453529257735255 -0.7416877307621448 0.06817061414448622
1.3298274983144793 -0.4978559805485432 0.06285125722615126
1.3816991206604499 -0.2755762773859942 0.05936152448384169
2.4452259632765845 -0.4029037180592425 -0.8115557957676232
1.4723089594287941 -0.06607146095070249 0.0569215487453163
2.464367506932156 -0.17324612087522695 -0.8166996766117394
1.6251776492992107 0.12228132798099978 0.05619532575337294
2.4796515808475945 0.05813449607246213 -0.8220538426426232
1.7029419099186427 0.33564160375885166 0.053356714150589735
-0.9356172718234035 -0.8208923385408795 -0.0955447484043419
2.5005345149135536 0.2880325182063501 -0.8272153664615929
1.6302435330223801 0.6009129504346618 0.046274967095536024
-0.050226292906103254 -0.8523324649477004 -0.07475607881816027
2.4137762795672373 0.5558881497742689 -0.8370432187107384
1.1103577057432759 1.0234543482422538 0.026564903161209852
0.7960245073639811 -0.8776204516747725 -0.05501072893412706
1.3510111283284587 -0.8154554159190255 -0.04372327814372179
1.6822282344952342 -0.6843826822285308 -0.038973980048018664
1.7951826460187803 -0.48364086968334874 -0.04065602312358019
1.866095171927654 -0.2692548304576263 -0.04360192308695909
1.8998485107622756 -0.042369593299646624 -0.047676973440963
1.9249876594964945 0.1877448507335231 -0.0520414639499962
-0.8757371131487375 -0.7908156805317716 -0.21205394754679796
1.898993110766014 0.43581346335530924 -0.05796711931498644
1.8692397981517388 0.6493482051950323 -0.9715158272770226
1.9023094952585282 0.6744721112061924 -0.063057832815963
0.8318802164524826 -0.8414503983494726 -0.16933005342753527
1.3455611095607196 1.0736814088340907 -1.0013362694767296
1.5391189716823135 -0.8286830986172617 -0.15239422807963487
1.9034848025919828 -0.7092697217334489 -0.14611380586894152
2.0590675332035318 -0.5233937883176907 -0.14636652956278917
2.139334277317978 -0.3130910216072209 -0.14900248537333605
2.177684865411557 -0.08873313290701645 -0.15298669824870226
2.21213448853549 0.13721092443743288 -0.1571277905491173
-0.7747139776242093 -0.8469344738289379 -0.3137599755314171
2.214340891045829 0.3745702465204275 -0.16232555399211046
-1.2341045971590034 -0.5315998138786426 0.599397845170182
2.1466845413393827 0.6368485630553522 -0.16978638658793566
-0.4197517112577529 -0.5416804674851647 0.6099374960872352
0.999322051763464 -0.918834428666436 -0.26626365671427843
0.13184766171380602 -0.47341193089742717 0.6157367896053016
1.7301244338334456 -0.9140457836055944 -0.24748819361003038
0.2931529861069464 -0.2824569216666504 0.6143923472377479
1.9754030638673044 -0.7565808153400013 -0.24462836275370714
0.3885068637504716 -0.07058923667828765 0.6118229102107704
2.187792883863068 -0.589658227232583 -0.2428535748508751
0.40865052114850897 0.16602735298596372 0.6078423928233803
2.2536062541722615 -0.3750738518504946 -0.24593823442729112
0.47232168697617993 0.3884461967820343 0.6046477030727089
2.3201538408680094 -0.16069295176463072 -0.24902742395671007
0.5320681132568978 0.6122907578832866 0.6013594340297401
2.3401645139820317 0.06957374720292364 -0.25369613657267687
2.32323722496853 0.31296167255655405 -0.259635620215255
-0.7486585351583059 -0.6595999472256509 -0.44598763475688097
-1.2597950090066803 -0.4869828631007067 0.4802923869105995
2.0288071435016377 0.6536955700482778 -0.274908475973922
0.2507290222533598 -0.7303518585835675 -0.4167105484989464
1.1013003866164652 -0.7605712968687399 -0.3924934197452843
0.7298839633489749 -0.629090971711527 0.5114737223598183
1.9366033521422992 -0.7918553740072412 -0.3687040139225304
0.7099284732777278 -0.3816592526219509 0.5066610049220741
2.0349530207131536 -0.5873228499257053 -0.37063711176188585
0.7526798920811544 -0.15411601969102406 0.5030914019557655
2.2193390430319297 -0.4115554605443279 -0.36957138071330187
0.7820362405956303 0.07810850591196328 0.49922425260273817
2.4894757282846527 -0.26546279455676114 -0.36549585352213976
0.7790683216818124 0.3215147068494133 0.4946699809047401
2.4996484635545357 -0.03261704142747135 -0.37059395799906847
0.7959822620439425 0.5587658468524737 0.49049360265461805
2.524887853210231 0.1955297342391802 -0.37519972811015245
0.8232418041939411 0.7929027124194192 0.4865029524776161
-1.3738278686064334 -0.7609697676084934 0.36554104795185927
2.4707284570045402 0.4516500431210204 -0.38266222963603136
2.2384689437631877 0.7713338740220124 -0.39651530275614855
0.8244505523926122 -0.9842364252653084 -0.509494714835006
1.5505772702857499 -0.9761146992920828 -0.4883684445408165
0.7240183940889366 -0.6878104725371585 0.3978663157436073
2.157120074217808 -0.9344216912196686 -0.4715537358310997
0.798967923043925 -0.47120348773372456 0.39499122609822157
2.3499550049745324 -0.7616689245524313 -0.4699210454014122
0.865164923999906 -0.25177269540687064 0.3919020365688026
2.4341489980848365 -0.5539378889811672 -0.4723116684940636
0.8751857232417564 -0.01369934032337028 0.38754231443135145
2.4763973160531947 -0.332275054118071 -0.4762839604404747
0.7344240497063836 0.27535806423258435 0.37978941907612684
2.509986040125895 -0.10747459665793713 -0.4806143570926964
0.7511692576789955 0.5127093001721548 0.3755088519069374
-1.2897019159563072 -0.515682936352718 0.24429518689839247
2.51131368790913 0.12868427624739098 -0.4861835766819298
2.442722032254352 0.3896032839126704 -0.4944068718937218
2.3139023119316278 0.6727269229100372 -0.5049402047184288
1.6448024047651515 -0.7456359444454108 -0.6040639210727989
1.012846496553891 -0.516800056605156 0.2850545119258583
2.1944743014997528 -0.6876751870460467 -0.5884448815372765
2.421228910879755 -0.526510996819944 -0.5852968026188194
2.4920082120204725 -0.3143290252007489 -0.5882174302128136
0.3080529970819583 0.4421522764823962 0.2539106081935585
2.478337071368955 -0.07352730310999789 -0.5944623280552208
0.44373080989934977 0.6408602879453866 0.2523713778468788
2.522343590434957 0.14817357703860523 -0.5985030461338341
0.3436366483134492 0.9199887686290467 0.24508721341816786
-0.9319948599897288 -0.8734618350896781 0.14019400586811903
2.600191825632173 0.35837180147358083 -0.6012558270481407
1.2458637360988334 0.8526594984126206 0.2621975611659706
2.518459778705818 0.6244716343190007 -0.6103069115665734
2.437850047579758 0.891393367968341 -0.6193765927341759
1.2071971161708674 -0.8191745845746539 0.18059880246846083
2.146688496277932 -0.8965437785768557 -0.6971909333256066
1.2151018538811087 -0.5827122049693045 0.1760483454677284
2.3776266276331626 -0.7362487000110534 -0.6935653019932091
2.466667084859097 -0.5301985838353858 -0.6957101155308067
0.3653526448544895 0.17853573331007766 0.14441282262532118
2.5421670403966132 -0.31975579819454936 -0.698436193564254
0.3343102064632717 0.4328777265859074 0.13868219365803602
2.4149329011123726 -0.04063342499119926 -0.7094728280094444
0.3042879980876094 0.6876856286803843 0.13293773641316298
2.54885321290498 0.1505059635279764 -0.709894352057296
1.2870546451420708 0.5958339204276442 0.15364248265950087
1.9387720659972771 -0.309581011936622 -0.4506637383487999
1.9676978632877393 -0.00047590665970886903 -0.4355849553135216
1.9659160500570607 0.27003446523422525 -0.42346303949626085
1.949326788685454 0.5211879186894279 -0.4128190804508507
1.7835371961737465 0.5986336755046366 -0.41577570925028917
1.667173675506433 0.7331272566323577 -0.4142975140598595
0.5542827903754031 -0.5255386955752286 0.21530515660969618
1.577744070158026 0.8979382691027027 -0.4104537297275841
0.4836155063904499 -0.33057617048289956 0.2198241423579872
1.4294381297121745 0.9956928358110346 -0.4119321633365929
1.2082646739916925 1.012131601113751 -0.4199148942020714
1.9633028621242659 -0.375611586798442 -0.5421244431522667
1.0168361185521348 1.063049500025528 -0.4252368737247765
0.5980143885245752 0.6108232010343855 0.2550712298366249
1.9756038116839605 -0.08544283318871493 -0.5281233120945275
0.5625439032030144 0.8380095644620766 0.26162368764607313
1.9700793419963816 0.18139505087731322 -0.5159484673527062
0.24541514313866486 0.7550547734971076 0.2491968344661415
1.923710073347614 0.3986103906343743 -0.5077304173496544
-0.07270720841239608 0.6738557484095509 0.23676974286763075
1.891525164530691 0.6307718533959701 -0.49829476366313097
-0.33414439188288725 0.6567384067096285 0.22818405141560438
1.8047782332969433 0.7987525277064265 -0.49403350839884874
0.6569350881046034 -0.5169317710004577 0.12770301809040907
1.6858646731443159 0.9293838473317635 -0.49281614313395616
1.5575321761389915 1.0491682478810773 -0.49251192102702257
1.4263203946412801 1.165665558050918 -0.49251192102702257
2.0316637589731386 -0.223791387025976 -0.6215047169712364
2.0381698474262393 0.058386124366080594 -0.6077291298893273
0.674260518342173 0.8568372020194914 0.17651254644123915
2.010555878771953 0.2983331011084758 -0.597397260763961
0.5087655466882239 0.9394792194128527 0.17416579236714247
1.9939880475177176 0.5493404460268536 -0.5861262608555138
-0.08174530410503422 0.5588582348277384 0.14225203504292372
1.9427938005800556 0.7585376463945224 -0.5782992173221886
0.8140839161501958 -0.5420736850175132 0.0408390234920204
-0.22820951584122184 0.666398193755775 0.14131314267842177
1.8138481820867653 0.877449003118528 -0.5779861737278282
-0.29614920002427425 0.8586442369191758 0.1457718085262001
1.6787319603676139 0.9893056090972365 -0.5782992173221886
1.487729037189517 1.0381590136002714 -0.5839347172764122
0.6634263742507258 0.10817072645626524 0.05982238759724501
2.1188052477211627 -0.14633736438042177 -0.7032315064457237
0.8789534173769908 0.8864299501776642 0.09511239042012098
2.089983162672077 0.09372477443179861 -0.6926123429325401
0.6533303552828471 0.9016274517679932 0.08829767217366102
2.0267698924765227 0.2918015201006412 -0.6855329800632775
0.17842695012819831 0.6448257052417645 0.06347305288044813
1.915695604833715 0.43312637940392307 -0.6832804013279259
1.142750893380267 -0.4506563496830296 -0.03565423975260851
-0.11292388485927063 0.5932306539866445 0.05203420629231337
1.8967466408413571 0.6803120975702583 -0.6720177460697472
1.2353619533455529 -0.06866543919939261 -0.01800768862040636
-0.17452675108711446 0.792569216559528 0.05714518537251356
1.8003449378624339 0.8369663828997247 -0.6684779454258263
1.2053836107306424 0.16930213613245826 -0.009940795996504992
-0.25898675378469704 0.9662875030731399 0.060552663705033094
1.6749775341552748 0.9601089601880872 -0.6678344536808312
1.1766548710452938 0.4070054690355036 -0.0018739033726036247
1.0630712280442154 0.5472601185782082 -0.0003613759067833122
1.0797182704863033 0.8331557014868807 0.010983056924027235
0.8976859234682166 0.8956044522568121 0.007201499840897352
1.9978921607718405 -0.0953522176066457 -0.7948104668644249
0.7290785539290425 0.97367196998389 0.004428453347367078
1.9468750731984201 0.11829319369451241 -0.7862173844364464
0.6144261586829245 1.1115198011123582 0.005689210793656141
1.903451271428274 0.3393836698235475 -0.7769634057071984
0.3011099238249386 1.0326294622701155 -0.007924013235884875
1.923198362563319 0.6319879709701866 -0.7614299584415734
1.2583331182464619 -0.10891507045645454 -0.10855572710307237
-0.006395538194460926 0.9628054483417614 -0.021032981970626086
1.833132589219602 0.79610276071908 -0.7571334172275841
1.2576347461741406 0.16292177741297564 -0.0978626538303673
1.707619051943361 0.9191411083101428 -0.7564725209263146
1.2254730181051912 0.39676743257624025 -0.08977764139445421
1.5792493391180358 1.0388493989722605 -0.7561420727756798
1.2011472108996415 0.6378502454382513 -0.0811707306888878
1.1249598073573424 0.8189800540834327 -0.07673709879191515
0.9929413888427518 0.9369848615804486 -0.07673709879191515
1.9224136657304385 -0.2654384270837937 -0.8960336972263634
0.7977412067986123 0.9850508079795262 -0.08169262895854112
1.919197899939384 0.005516956531906203 -0.882126026251632
0.6192693013307178 1.052491611620944 -0.08534377107890245
1.8947401401610406 0.24951208541136793 -0.8705932427433312
1.6376907238327192 -0.2837369876128548 -0.19215767870219347
0.4779532139531639 1.1612164933547007 -0.08612626085551378
-0.7047813797995985 -0.1162494322378862 0.5590527724239052
1.9139731194815113 0.5422879738196826 -0.8546504307773888
1.6416552234697335 -0.00461001213847112 -0.18056815157206652
0.14399491140645182 1.0612791116022962 -0.10177462587626573
-0.6841801485064636 0.17705071817195517 0.5678420733424843
1.8464542313401537 0.7328224932516818 -0.8478664685276329
1.621044233474315 0.24379819991524698 -0.1711348820713341
-0.055143628099934006 1.1095440757446369 -0.10699098596842882
1.7470057167180002 0.8858437556430658 -0.8444742489841759
1.5624212825411306 0.44669045513050776 -0.16493576059611437
1.618514235148801 1.0054169983048595 -0.8441352177646935
1.5015092246491761 0.6457590566311708 -0.1590065289524376
1.3622797833926157 0.7549703180443501 -0.15954535494120714
1.2234019149492426 0.8646856191846197 -0.16008441934855577
0.11578296655733311 -0.38099564965653343 0.48121673574177626
-1.2854582136910935 0.8719741906496097 0.5714723538371742
1.0216032025526829 0.9042398340384779 -0.16574447641642687
0.0629040404624206 -0.16640939817783362 0.4862113665553749
1.9115604442554428 0.052891493022272584 -0.9690141011265099
1.6750916711246262 -0.21068551260356827 -0.27731507311137316
-1.5454679388126706 0.8651944588601523 0.5644026469203651
0.8330474742568796 0.9595758228311411 -0.1703264046696007
0.09139618272326544 0.1371162795851646 0.49600083341328505
1.8873449778756637 0.29682024746873026 -0.9571849633243859
1.6761004329843345 0.0644553882622887 -0.26562922487528917
-1.805960321004207 0.8597711913049864 0.5573332976314247
0.6511721490122397 1.0231552930087986 -0.1743692685154259
0.05776466945173553 0.3696930673542198 0.5019946764918983
1.8970581091581096 0.578172846625165 -0.9418770600345909
1.6622954425507075 0.32024211866812635 -0.2553343106296837
0.3817309758260876 0.9917581232864734 -0.1854194928196251
-0.025238724277059532 0.5467311242345758 0.5049913596126259
1.8100630092137777 0.7461514759946297 -0.9370059300449669
1.6236350185293489 0.5455336786453913 -0.24726574907572862
0.18944105816515844 1.0462496483025845 -0.1902710724857628
-0.10743347587566632 0.723880086686691 0.5079882811519325
1.6909428293212727 0.8767655248743509 -0.9356145192173302
1.5663841414392152 0.7481123459225714 -0.24086611757548448
1.4341206162177613 0.8645804812371622 -0.24086611757548448
1.298941013627946 0.9777764100259887 -0.2411445904758751
0.12046755842069246 -0.34665990782806944 0.39105445852009657
1.0475449498555207 0.9613315665725608 -0.25116103182108995
0.1710836787035106 -0.01679041677559212 0.4027310084315956
-1.0327224771465282 0.795101747484587 0.4848128031703651
1.9950051012790269 -0.3833378114844166 -0.36248987207682726
0.8825758689645156 1.0425428748207608 -0.2539433766392052
0.19345177612917297 0.27886788928356765 0.4125307272884071
-1.2786011207604915 0.8013275710549763 0.4782198142024696
2.003959499201862 -0.09694957513166003 -0.34957736025126573
0.6640506694728288 1.0653350322995436 -0.2611774731663048
0.16706865935474724 0.5184387652438929 0.41920310964314345
-1.5490859656346032 0.7835940437999582 0.47022850026814345
1.9885959387775358 0.15851703894178826 -0.33896010408671495
0.43178950368708513 1.074465236516204 -0.2695245076206505
0.13855962846423608 0.7540381005765795 0.4256666373225868
-1.7888748915389598 0.7996088633330558 0.46403486242024305
1.9681129015453962 0.4060425256513227 -0.32891672144206163
0.22623978649924936 1.1141246835149374 -0.2756459046390831
-0.0038350074213937546 0.8644674882163699 0.4250412653896034
1.89343503668983 0.5890632740233102 -0.3237516213444054
-0.2206400831157893 0.894872261041165 0.41982848157612684
1.7802861894243236 0.7269712838817313 -0.322030000784713
1.638068530661215 0.8314361918021618 -0.32289093027384874
0.458059396677605 -0.49971499611412895 0.3044620226833046
1.4598195515030241 0.8952804294359922 -0.32690828333171007
0.4636933149390501 -0.2184309139654914 0.3138027857753456
1.2617047978253026 0.9375337988623542 -0.3326470185306847
0.49412417889507054 0.0884548325706831 0.3246639441463173
1.0268322982975349 0.9398161199009323 -0.3415426541355431
0.34622469754718566 0.19379101867222914 0.3237951468440712
0.8049413472749194 0.9581032420760494 -0.34929030428202745
0.4563723019304291 0.585200753911046 0.3396526049586952
0.606274196122051 1.0033442860410204 -0.35502927789958116
0.3672264280779487 0.7535963820856395 0.3424764346095741
