0.3772028356274433 -0.6224336351908342 0.2152051970481823
-0.45882101695120525 -0.4066472173215132 0.14872742147445184
0.5373253333155361 -0.7606222150388469 0.11874151678084832
-1.48204457262446 0.9038519996275411 0.1302752539634655
-1.8824406491684158 0.9129057932145592 0.09171963186263543
1.1867161568575852 -0.5380678804391543 0.09426784963607293
1.1249172979515407 -0.33907197317083515 0.10131979436873895
1.110162620741633 -0.11098066181834554 0.11484051198958856
1.1216822611395685 0.1325769572655986 0.1318907782554577
-1.6691729801734994 1.0244835549977118 0.014621739101404962
1.5444153295827903 -0.6410844530401185 0.02110481710433465
1.4653727609736364 -0.45380807008416824 0.025852684688563166
1.4959953310111445 -0.19720935308169985 0.0461063429832409
1.4564413002300967 0.013828537139769281 0.05623388738631707
-1.7961190543718715 1.0012498845464926 -0.1042995408058216
1.5688968382260242 -0.44537457913752476 -0.06449842004776496
1.6622516873323292 -0.1490917112636403 -0.034889693546300116
1.6731549792578875 0.09319551356265166 -0.01737165002823371
-2.0632829637604715 0.9941545794935109 -0.23706054239273566
1.8276706880347007 -0.7405581897241156 -0.15980481653213996
-0.6158986928708288 0.11510901769965898 0.5811648413658093
1.9815812297854194 -0.4034720105531342 -0.12059211282730598
-0.7172591062097808 0.29372165171766795 0.5823721930503796
2.0203019014872154 -0.14277539735235578 -0.09855269937515754
-0.8179935775036 0.47266457050701405 0.583589081478114
1.9974538048476091 0.07734629834613216 -0.08570909051895637
-0.9437958777162265 0.6368453100158114 0.581605438899989
-1.0561956504963774 0.8090431098981838 0.5812363669395397
-0.07391267198889295 -0.5014133805137533 0.49029922933577996
-0.020936846654663555 -0.2281991208598022 0.5115990683555554
-0.07688672201069835 -0.023103621355723192 0.5187659308433483
1.7335780375725847 -0.5264080138336027 -0.255670066165929
1.8972158638886185 -0.18474076180429577 -0.21466064004898566
1.9286638719810725 0.07032221321042798 -0.19355487375259894
-0.18435112470083936 0.6253640185384874 0.5473804518699596
1.8312254021594754 0.24283020317446002 -0.19172477273941535
-0.566128752100667 0.6353322237895753 0.5127229735374401
-0.9270134751331511 0.6601962786754463 0.4808011099815319
-0.026086903178338616 -0.43404434470022935 0.3953795477867077
-1.3441561817908223 0.654689133020586 0.4418296858787487
-0.0828653086288682 -0.22878469426991188 0.4026436850547741
-0.3169208445810341 -0.13223704197408281 0.3867130324363659
1.7973812080615659 -0.7810297952510403 -0.37851953058243293
2.0592534580091097 -0.3738535568708805 -0.3217372849464466
2.0228229115777765 -0.1615916648768021 -0.3104333832740833
-0.5990671528381881 0.8899139622534484 0.4215517088890026
0.2544219710339206 -0.5705935858641773 0.3099041029930065
-1.8717152848542042 0.8658782401014165 0.3000254675865124
-0.48106324095572006 -0.5448663794629738 0.24212599248885613
-0.22888424886839687 -0.14886378831887725 0.29046965093612176
0.09600813434045108 -0.5725671645516393 0.4657259032249401
1.5958283368324828 0.37282105086946515 -0.6034407570838978
0.29081268082781264 -0.6743989897053169 0.3254766509056042
-0.4202540312797254 -0.10094792252566975 0.24829006643294793
-0.34114182506237967 0.17970740980699063 0.2460722968101452
0.44034215210653826 0.8102129854967863 0.2908759161949108
1.0484588081982196 -0.5893150459956225 0.24243021459578973
1.0746618363713623 -0.2943321763254261 0.2351937338828991
1.285232715193402 0.5425635684359804 0.22569561452865106
1.2082075911650065 -0.7392903783300682 0.11748123617171746
1.364242118640007 -0.49427580773383895 0.12301254720687371
1.5541296435359016 0.3467334884115303 0.11148786993026238
1.417244646282498 0.7066574241991503 0.08751726598739129
1.8326617241566652 -0.15586195324809182 0.0096530959129284
1.8758321007098289 0.4354724392212148 -0.006784911441807928
1.6608845770993952 0.826076491410948 -0.039192672061925116
1.6024819422472945 -0.657811691410398 -0.136585707950597
1.7206924197830347 -0.09639859936705975 -0.14519691019058723
1.8602041238201679 0.15351492329044447 -0.14136981515884894
1.8100750559458874 0.21983401790185653 -0.29125546960831183
1.9743257846669025 0.47517510684870956 -0.28541135339737433
-0.6371761021783158 -0.7725212312466212 0.5433778807640026
-0.3127764000040827 -0.5827066785639516 0.5638365790367077
-0.24472428374187416 -0.29906287851109425 0.5608525321006725
1.8622296418990913 -0.19412999126142694 -0.41464280633926887
1.8901009756718423 0.09858530171045743 -0.42257451562881965
