1.2604789628790378 0.032469913271079065 0.22759640136195713
1.0366151813354918 0.35653469167686325 0.2159928075356632
0.6498163535942751 0.7421192942335608 0.19964611449672276
1.593587733892516 -0.15887621345981984 0.12457716384364659
1.5665962321750548 0.09295948641563712 0.118444084314838
1.535904530993765 0.34694352642700466 0.11215484061671788
1.9424958533485999 0.006213474344434644 0.015220283655658307
1.8880442755870952 0.26747171251273727 0.007986187128558697
1.9565325700444838 -0.023221127899454075 -0.08598744949863857
-1.1451206366662419 -0.7077247381361289 0.6656032792611271
-0.5062921698141523 -0.6719117916183563 0.674190401224628
0.1406928694513283 -0.1517397314763329 0.67380773940517
0.1370119016076572 0.09619288469449572 0.669084428934589
0.06831736977230207 0.36774606591801273 0.6629616014046817
1.979442048577713 0.16096549408762684 -0.21468722900913662
2.136896684003272 0.3452408717484019 -0.21478545746372646
0.18997833495544825 -0.23077361636890714 0.5597039453072696
0.12937265906369078 0.03666627073870643 0.5535465470833927
0.11228784134043934 0.28981572006409095 0.5483423463387638
2.0915375722752785 0.047729777445660204 -0.32233035645054287
0.19490895787244256 0.7806203105846521 0.4231463662667423
2.1334277510845325 0.2973263137120412 -0.4407428511099667
-0.011649781047772478 0.3573523148446256 0.3110731832070499
0.2502764984396819 0.5122037137733315 0.312904476313129
2.1391070957165716 0.06582138254370307 -0.5481370695547909
0.4984122219383451 0.6705906698985231 0.31437313476039463
1.9018407900071814 -0.5175125495659572 -0.012889505238995014
1.9501681933959603 -0.1990954307100381 0.0033718339486270565
1.916118474660422 0.01979501033861908 0.011945842890277447
1.8474365173246312 0.19682557123259414 0.017267822412982525
1.7045128966723588 0.28708084955930246 0.015789627222552838
2.103452612385283 -0.36751053604730544 -0.08267128548191494
0.1472009580044542 -0.1850627654340471 0.6234456292672306
2.1133812168499304 -0.09534784744854363 -0.06958329758213466
0.1096459337328568 0.03010406427636525 0.6295462838692814
2.076314455347724 0.11927617747898012 -0.06106054863499111
0.05638868869421998 0.22660375257216714 0.6345170728249698
1.9461930162373342 0.22380891016583604 -0.0613650091605038
-0.05998039819507994 0.35302849575736417 0.6351948968453556
-0.21987821809866404 0.43208468890860274 0.6329354039712101
-0.4374059729404678 0.4495875842147896 0.6268349877877384
-0.6518070612459752 0.4718173334746325 0.6209603539986759
-0.9006906172763465 0.45874339115581364 0.612826465754047
2.141180452838242 -0.2556490075572526 -0.1600605257468075
-1.126024475761163 0.4723374300251493 0.6062740079445987
2.17741385541488 0.04671073426094807 -0.14409363350437587
-1.3723685554364948 0.465391779890183 0.598365902094379
2.0858952181306734 0.19645922265620186 -0.1406496771292538
2.182931555865583 -0.4919133876835815 -0.2541302450613827
2.1501903755505296 -0.2693277772430207 -0.24447667679356044
2.124132751726325 -0.3770791653060215 -0.335197330327496
2.072752033126804 -0.17741518661915734 -0.3272653826193661
2.165598152670867 -0.40440445816516757 -0.4191507109122128
2.1461577017101625 -0.16665667680389618 -0.4076176889853329
0.9590244337256237 -0.21514588604670593 0.22039115348292881
1.1567578068686082 -0.4795860999084596 0.1311560861153751
1.2372189560403406 -0.12674412499552545 0.1489633313698917
1.2211890532130631 0.11231059742498672 0.1584233037514835
1.6738528366127632 -0.658242137797707 0.05716288009120518
1.7123364574495525 -0.3507010580167105 0.07208430686427647
1.7104005914338565 -0.09318430036795888 0.08327519813014561
1.647959892574825 0.09204357112788131 0.08901441016627842
1.5209924483856234 0.20186326494337692 0.08901441016627842
-0.06884721077165779 -0.2983140423450834 0.699639677195087
-0.20051412368604815 -0.18619792240480137 0.6994222394509464
-0.32507794052137484 -0.06623680229569828 0.699639677195087
-0.45258575474333185 0.050470438609586665 0.699639677195087
-0.627162579279883 0.11628476138803023 0.6965984098000675
-0.7676488245932589 0.2194229410905919 0.6957293740792423
-0.9214954827268897 0.3085239636190735 0.693991541056171
