1.72596138336678 0.8022491465363473 -0.5462901820132933
0.9693874551987278 0.7976156681122752 -0.5237190951297483
-1.236455296927204 0.7813290484994972 -0.45825698270299053
-1.8390740051410432 0.7147479260509044 -0.44095399274327374
-1.9930576046900796 0.40865196643780166 -0.43886663808323956
-2.143731462691676 0.10066579406498022 -0.43694546117283917
-2.2298862259862062 -0.2430599080696787 -0.4372704256961546
-2.0684251603246366 -0.7252587197788252 -0.44606640233494854
1.1746993231272143 0.8466605755933756 -0.7054779757449827
0.4455589759267866 0.8312815045984081 -0.6827209223697386
-1.022989214032549 0.8211357530654517 -0.6368849505374632
-2.012540559404812 0.5723895513492252 -0.6082635153720579
-2.1406998107631807 0.25251687717409865 -0.6071505774448118
-2.098999049363755 -0.5534461406902622 -0.6158190001437864
-1.7225130891697518 0.41865263832231037 0.24055717096827411
-2.1145462263580725 0.2413350290785523 0.2488541375210085
-1.915819876692865 0.6373886935824267 0.07477376566431904
-1.9559190749018285 0.26942611313324605 0.07372114763758564
-1.9975551925317347 -0.0988251837017664 0.07265684710047626
0.8672550897143481 0.6881526861768457 -0.1702432860324583
0.16479845051458142 0.6614568057652264 -0.15165927304722882
-0.5720414335414432 0.657860971145066 -0.13207104100682354
-1.8138642276905728 0.5408701512315481 -0.09987833394505596
-1.9772749654547965 0.2394333346405766 -0.09749820126988507
-2.137313490566214 -0.06382988397015055 -0.09526755704381085
1.5409096290516118 1.1087402133187787 -0.36220338239171124
0.9001813624410886 1.0438493000101516 -0.3444483508060179
0.19808596870248607 1.0152535922562471 -0.3247709502170286
-1.3579329792215162 1.0531334754316823 -0.2806515921542845
-1.7882676645163826 0.8940833921484206 -0.26967837705113507
-1.9679921638403357 0.6020664835140259 -0.2667243708560667
-1.889761703345357 0.16967324479576362 -0.2720480193088255
-2.054440678382406 -0.1314834103404685 -0.2696848143527708
-1.931584992317056 -0.5918880827203488 -0.2765627135226927
-0.8583021195140077 0.04130656943910438 0.4896838437130251
-0.9998650491480419 -0.47251328118726477 0.49054763422511005
-1.5389535455611565 0.561367447964269 0.23876497850916767
-2.062784418211095 0.1173479247752347 0.24713513956568622
-2.0908983411962936 -0.4125161343150907 0.24589846239588642
-2.0225881926056104 -0.9605234167796617 0.24275992022059345
-2.008252628743719 0.6945421227115745 -0.015221380133410456
-2.113109538839012 0.17855347367629903 -0.014909767050524714
-2.1508725718371977 -0.3493640920706227 -0.0160520304630003
-2.0265136831252164 0.5630811688060398 -0.27855422391392803
-2.0727409769984604 0.03673916811211342 -0.2795672644565306
-2.101165515331246 -0.49313002981428156 -0.28103067769505596
-1.9567397358997596 0.41630709610201677 -0.5440948237369261
-2.0287598823947803 -0.0523441639140394 -0.5443375338504515
-2.111615601631712 -0.5726216464214069 -0.5445800055453978
-2.21594026882849 -1.089031935562783 -0.5443375338504515
-2.074869389149427 0.6226505502556954 -0.8036027182529173
-2.051993034897521 0.08437053140829676 -0.80659272565343
-2.0310663409947267 -0.4543961747963543 -0.8095832098911009
