2.022124694355149 0.6758750113075696 0.05827013841679518
1.717572844991622 0.5566126312108626 0.05852047792485182
-0.3415155075404286 0.7803511902285027 0.09090678087284987
-0.7713309244692681 0.7762951929258008 0.0960537611584944
-1.1580648524617771 0.7395817094048969 0.09964625230839674
-1.6210925711096138 0.7689397127025295 0.10616127840092604
-1.9147441446628193 0.6595265372745693 0.10633437028935377
-2.0557642962200973 0.42251055737092535 0.10071150651982252
-2.0188423337885126 0.033559692162437926 0.08823983064701979
-2.090157006990019 -0.26515316814299617 0.0798188864331526
0.22053780974718507 0.7888360668074128 -0.05463250287959154
-2.038005180266822 -0.6717838206612061 0.0665585219006819
-0.22957089037243605 0.7974196028856984 -0.04819186338374193
-0.7020379429991905 0.8275484121762116 -0.040797072734327866
-1.0733635310322498 0.7776335228897953 -0.03734286436030443
-1.5441933594977542 0.8127740158264185 -0.029874640788527085
-1.860782837549074 0.72222311613349 -0.028512317027540757
-2.0626811537816536 0.5366065223473235 -0.03174956449458177
-2.135633456136695 0.24176755068843114 -0.04022820600459154
-2.206139666385546 -0.056409292366490504 -0.048878032054396225
-2.1189865117705367 -0.49173371665908405 -0.06404526838252123
-2.139842435794151 -0.8365687548709513 -0.07491238721797044
-1.8715024346896172 0.6616193879035936 -0.16650040754267748
-2.0048785954319683 0.41800676059867037 -0.1726072610277849
-2.09735487383319 0.13911010675986724 -0.18051465162226732
-2.130341875297681 -0.1917841538777143 -0.19104893812129076
-2.081673954599566 -0.5948790791752518 -0.20520384916255052
-1.4656540137196146 0.46073823701402894 0.7793909727673811
-1.7755063023187816 0.3638667683403174 0.7786039530377669
-1.7879640539044601 0.016306414211122444 0.7698938070874495
-1.5304789262399865 -0.6681667752527556 -0.33995755323359544
-0.7309546254737995 0.5122798175585483 0.6388909041028303
-1.2873694813238217 0.6164925077184193 0.6453887640576643
-1.5893401625352723 0.5121799380631362 0.6446787535290999
-1.8454560750839946 0.37069894666014314 0.6426612555127424
-1.9913380190658856 0.13656484107674238 0.6374465643506331
-2.057133846054178 -0.20242895917399473 0.6289097487073225
-1.5957614342718287 -0.9198708581443746 -0.4998200715441423
-2.063708628241777 -0.5398924286115125 0.6200024305920881
-1.7899133797855313 0.7525229432589899 0.5161961733441633
-1.8922901372554435 0.482900947613107 0.509619873676805
-1.9958115223712696 0.21339526176488022 0.5030309378247542
-1.9940734771252835 -0.14689087643930243 0.49308316103032057
-1.9145270888910773 -0.57625397828531 0.4805919348340315
-1.801051968656246 -0.9966622850172655 -0.6372936547655779
-0.8597634245047914 0.6571096059421269 0.368546646748094
-1.1735530698635444 0.5604108630598787 0.36876980653813307
-1.759462787849536 0.6929796133353712 0.37805740228703444
2.1065769137214545 0.7769029188128247 0.2016731917004866
-1.950000120373545 0.4973164973137809 0.3742484270673079
-2.0878006077528823 0.25709574124537227 0.3686479746442122
-2.051756584090974 -0.13214827652058503 0.35713974824955885
-2.1844209536939445 -0.3787836163788949 0.3512541472058577
-0.26520850880730507 0.8836956352290759 0.2312003790478987
-0.7800943233161775 0.9486014676972498 0.23874155870488112
-0.942878748387983 0.7271054483708994 0.23398892274907057
-1.6178519249762147 0.9308814332612805 0.24730364671757643
-1.7500873486185924 0.686563709531768 0.24149100175908034
-1.8106777100839082 0.38137838173483196 0.2330776869397444
-1.8688679300721418 0.07278331810490712 0.22450844636967604
-2.0196802177764113 -0.1581010950726789 0.2192084013562483
-2.046569847260912 0.32033080241943246 0.0904833494763655
-1.7565631598240046 0.40634398851774556 0.5474838434796614
-2.1442094245444423 0.1722827729206049 -0.38826473363825853
-2.0985012328559307 0.17940481271655706 0.0982960878949446
-1.7700037867000447 0.2755871282569746 0.5511368929486555
-2.158392345515246 0.043074250277694404 -0.3832207501787859
-2.0696626376133267 0.06247299085572422 0.09873024812748854
-1.7408389335024523 0.1575061231838184 0.5515023886304182
-2.1922096774361677 -0.09137836039480618 -0.3761587918657976
-2.089131533628489 -0.06820328101521689 0.10350458017399733
-1.7504414570257723 0.0284021800269052 0.5547901808362288
-2.0851430735417367 -0.19188274691311769 0.1061088263135237
-1.7461533315790447 -0.09647122540244446 0.5569822012524885
-2.1200011527288964 -0.3261325887901201 0.11218540063908522
-1.756733543119637 -0.22525477716671105 0.5602699934582991
-2.1217670633044747 -0.4508152781278092 0.11522356859257643
-1.7293291349909197 -0.3433116932795617 0.5606354891400618
-2.0855311390645 -0.5649787557528505 0.11478940836003249
-1.726412718158258 -0.46794890313319293 0.5628272711377424
-2.0545066885068977 -0.6805710543205823 0.11478940836003249
-1.6805947302011859 -0.5809419438534178 0.5617312609296126
-1.7774091180346332 0.44346828733845456 0.48706905237248366
-2.026566961031399 0.33774187002667233 0.021536272678880142
-1.8050447119433386 0.3085068985568338 0.4919313608746809
-2.0449603400942564 0.20652926717528786 0.02641574731877272
-1.887575192894296 -0.8845930993374918 0.10524074426701491
-1.780548651073886 0.18915225639284472 0.4926795183759016
-2.14645197035005 0.05166510888365039 -0.445209342326613
-2.0973507284206008 0.06587348057749765 0.03440062395146315
-1.693563120748415 -0.9589822949632403 0.0904833494763655
-1.1927069057290822 -0.8311309314155331 0.5317749201398176
-1.7948196730760202 0.05875930141664654 0.49641982904484694
-2.1419657536385017 -0.07191043199209801 -0.44213040479609544
-2.0593303072073113 -0.04830972207475348 0.03395692697575514
-1.4996742965387995 -1.0346235583215009 0.07572619310429518
-1.7999966263686886 -0.06870084606114446 0.49941174379399245
-2.0504632826319806 -0.1707469164063653 0.03617517343571608
-1.1366846511615307 -1.0695747645455373 0.04577724329045241
-1.8008600514635447 -0.19467184129463355 0.5020302950482649
-2.0276539790857555 -0.28912934188567085 0.03706232896855299
-0.6138460656146023 -1.0679703394087205 0.0015050589185041652
-1.8021929359013527 -0.3205188282387059 0.5046483694653792
-1.7847452610019658 -0.4410161867291489 0.5057703672986311
-1.7436520472776635 -0.5550774829444638 0.5050222097974104
-1.6201196742154451 -0.5533838604512304 0.008227986012010025
-1.8436004420494712 0.26444735764630956 0.43471686235478346
-2.11470748838191 0.15989874437046225 -0.027005988444777085
-1.8671455409659927 0.1313784375223861 0.43930951944401686
-2.1050661064212974 0.03750403455634199 -0.024744826640577866
-1.3908984105548612 -0.8388362381836192 0.48482481828740065
-1.8176546938024174 -0.9793545576295877 0.034844082508592056
-1.876829572690994 0.0027012199840736884 0.44275419107487624
-2.150586060806617 -0.10042364721928188 -0.5009949983019548
-2.0815130024777844 -0.08074752104731431 -0.023840028132887436
-1.5079744840992717 -1.0253131089193737 0.00911537996342604
-1.8678120048709559 -0.12038250256649974 0.4446675001721663
-0.2966841129817439 0.31584718971130243 0.8275279223065657
-2.0679699561593523 -0.2017445957731141 -0.02203114637324388
-1.1208677810358552 -1.0541343014137219 -0.023711520518751694
-1.8688509900324917 -0.24608178164138117 0.44734660974553053
-1.8799890135948587 -0.37430313589897146 0.4507912813763899
-1.819415734195573 -0.4827948644937283 0.44849483362248366
-1.836273120721053 -0.6121673708981827 0.45232216707280104
-1.9112143211381323 0.2498132306867067 0.38527838579228346
-0.14476360851682557 0.6552148558034325 -0.7894998372454363
-2.091353187360454 0.07789923896160289 -0.08753355153986986
-1.9060697200183654 0.12529124953196735 0.3876215635876936
-1.4647660190121954 -0.8902483493901467 0.43012396684697096
-0.21463948101946784 0.5027318563869958 -0.777829724635573
-2.0820132863495644 -0.04451886114507175 -0.08522875913569505
-1.8918057721971593 0.0035927670022779523 0.38918392053654616
-0.7651986879931911 0.32557485968766287 0.7929743944745344
-1.1351495214100353 -0.9324953141157231 0.40639488092472975
-1.4297431422784257 -1.0317657654982142 -0.05866678365656908
-2.0443786733897014 -0.15877024906990655 -0.08568962224909837
-1.9019708041855807 -0.12485181730637862 0.3926991640668196
-0.7838958586668312 0.19047326853030988 0.7965141951184553
-1.0909914422064446 -1.0730835503952463 -0.08761366018244798
-1.898219422893746 -0.2491015744324656 0.39504234186222975
-0.8319571913592014 0.04759719181614663 0.8019844709973616
-1.8901231255583255 -0.3719445149651328 0.39699522844365065
-0.8084225134762733 -0.07501386055911752 0.8026282011609358
-1.8776668046685998 -0.49342826585133537 0.398557108555345
-0.7805064451768615 -0.19636848153347053 0.8029498278241438
-1.8367595165341157 -0.607170719881621 0.39777628770878737
-0.5641064859827765 -0.5258078431025375 0.7949051081280989
-2.0587094397526116 0.12385375031945678 -0.15229590543696458
-1.9927284498981592 0.13676542234192723 0.32718412271550124
-1.3783230931138064 -0.8629714909328872 0.36809388986638014
-2.1018298195109537 -0.013814164511206428 -0.14478119024226244
-2.0119495287529148 0.005726178326392883 0.3315855681042952
-1.023716843301898 0.2892815749281432 0.7474192797284407
-1.0534945656261243 -0.906694315013846 0.3442699133496565
-0.4102885228256028 -0.7445370978508485 0.7887913405041975
-2.049716599238913 -0.1239193721185341 -0.14665992864558275
-1.9549483511056422 -0.1033310803978047 0.32958475938847487
-1.0617159719437552 0.14959201015133416 0.7523767172436995
-2.0602998763830556 -0.2517006572445659 -0.14243276723811205
-1.9559090784189976 -0.2287670429803974 0.33238570085576
-1.0810568198906054 0.015657789153431523 0.7560121237378401
-1.9429297280584734 -0.3501073434041224 0.3339862047772688
-1.0672452212536356 -0.1087432654150664 0.7573341547589583
-1.9352019430336682 -0.47273490367867943 0.3359870134930891
-1.0587049867604748 -0.2344356258595468 0.7589868723492903
-1.899037614341708 -0.5875598030788591 0.3355867086987776
-1.0313491371136578 -0.35490404329326886 0.7593173204999251
-1.8632690641965723 -0.7025254842389277 0.3351866423230452
-1.998452648331309 0.38575371434228956 0.2612008272748274
-2.043547538044166 0.24645927210959329 -0.21770032056757982
-2.026252770861305 0.2515515728622493 0.26651541582158034
-1.3061714243714277 0.24552884443554746 0.7044555365186018
-2.105269340190844 0.10293334203260684 -0.20813329824397142
-1.9732280123848867 0.14131862022757602 0.2648801027875227
-1.4684657902226732 -0.9748577171261115 0.3099788843732161
-1.3778815565341418 0.09720441618451581 0.7119180380444807
-2.1197500260234747 -0.02631967743064223 -0.20334966787287767
-1.9780553963568508 0.014337093849583482 0.26815072885563795
-1.1729076160478442 -1.0262368164680709 0.28797189584782545
-0.5524132060663902 -0.8714175569216245 0.7371737181287092
-1.363760589329189 -0.026248856936524234 0.7132748781781477
-1.9977490148265673 -0.11656554154145304 0.2726477800946516
-0.24630941863852485 -0.9244752913224552 0.7183353125195784
-1.3500834615086603 -0.14968056210575398 0.7146319567303938
-2.0179500818030434 -0.24721357022934853 0.2771448313336653
-1.3272338903121863 -0.2704669940106168 0.7153100191693587
-1.9954191825115757 -0.36568780156800074 0.27796236864140456
-1.9752630966224416 0.49894715492924036 0.195817154560594
-1.30481784109422 -0.3913012272542975 0.7159883200269026
-1.9781295311499107 -0.48551866204811667 0.2791890322308821
-2.0026038744545644 0.3644816788798657 0.20124523035099928
-1.2394346586375988 -0.500653188272965 0.7136139093976301
-1.9468216250627535 -0.6014815333465382 0.2791890322308821
-1.9874525494327813 0.24297868664553768 0.20291535249760573
-1.639085513168446 0.2500426523263073 0.6649092852216048
-2.0158114007848624 0.10899053780912027 0.2083429514508528
-1.1580342792570946 -0.7328616263355574 0.7122573076825423
-1.5668696049501776 0.1439061055992905 0.6621262251477522
-2.115365944938681 -0.04491365895629151 -0.26380379804560716
-2.011170050911666 -0.015075510528209435 0.21084801546147292
-1.522305000310709 -0.864451270760231 0.2509800612073225
-1.5861575142085442 0.011535184476505478 0.6659533201794905
-2.1016723811053666 -0.16581309033263203 -0.2618559182543474
-2.016583151530476 -0.14176807806797775 0.2141882597546858
-1.2556202718182732 -0.9220678536939584 0.23094789377263014
-1.5819383980750104 -0.11386258992090426 0.6680406748395247
-2.0368721682370747 -0.272320891522865 0.2187809168439192
-1.5589523634413212 -0.23386556540315517 0.668736380253343
-2.033643107522529 -0.39600836436414255 0.22128598085453932
-1.5412075767374418 -0.35522517002686804 0.6697799383740706
-2.0212596442900974 -0.516998024023243 0.22295610300114577
-1.5046365155074355 -0.47142333239469814 0.6694323240857405
-1.990063448561152 -0.6328110015933657 0.22295610300114577
-1.4443522989659527 -0.5813805353381323 0.6673447310071272
-1.930367049352526 -0.7411065309330809 0.22045103899052565
-1.6863287732254548 0.4829951352363455 0.6022178351025862
-2.029335133530033 0.26099286350635786 0.14515153757145827
-1.6899134721258093 0.354728492333928 0.6050707518201155
-2.202354127333649 0.09121060913864554 -0.31980403074214037
-2.057605455172272 0.1271020014505524 0.15069214693119948
-1.7035627894264422 0.22382259499863366 0.6086367785077376
-1.101275535100669 -0.8714268055293672 0.6492532908063215
-1.555334805178994 -1.0177992001935046 0.195817154560594
-2.1403454046265864 -0.0157265346484472 -0.32277830251643236
-2.048103637504738 0.004531772803639811 0.15282337060978834
-1.7177183317192686 0.0931320487168712 0.6122030436139387
-1.2889757281625833 -1.076254438713919 0.17535869470646803
-2.058223613276958 -0.12342273709848506 0.15665928712895338
-1.7179863560042676 -0.03326318560960928 0.6146992861371321
-2.1407975651280253 -0.27132148471711304 0.16688863626530592
-1.7331331790341906 -0.16356592677299275 0.6182655512433333
-2.113541719718725 -0.38804315024911773 0.16731469026616042
-1.7439774752053339 -0.2923238834729478 0.6214751421551985
-2.1059307444441586 -0.5100806814695442 0.16944591394474928
-1.7023712452748967 -0.4064854032909775 0.6207617937665266
-2.0699008737037374 -0.6243083172546662 0.1690196215253157
-1.9074310506217813 -0.8292737408603408 0.16006914964726393
-1.420652865005195 -0.7085016234855193 0.606853645954637
-1.7904879343653448 -0.9231403841331414 0.15239707819035475
-1.109985106090754 -0.7543803704248475 0.58616988054326
-1.4709736601588546 -0.9662818895200225 0.12682430139592116
