-0.9865618123801738 0.27141845924798247 0.5586261589788286
-0.8856662872972905 0.17755379717884523 0.5563826401494829
-0.8700047420219121 0.007096887377386452 0.5700092156194536
-0.820501945837897 -0.12714702823045343 0.5767297585271685
-2.054115012687191 0.3170827879830753 0.3269080956243364
-0.826153847078757 -0.30418418043623774 0.5930924256109087
-1.7364733116821185 0.40740301170238524 0.2827119667791216
-0.7935753295654848 -0.45049675117264343 0.6025752861760942
-1.7611929897963918 0.21247389118682491 0.30442140891779346
-1.7830771887516192 0.021157748948944288 0.32540129020441455
-0.9255571612367888 0.3702340871403962 0.19536445930231494
-0.9246519650019707 0.19569468457978445 0.2119760353826372
-0.8897819777979947 0.04917294872874578 0.22200535133112353
-1.8372487328337215 -0.8733296615031207 0.41716812446344775
-1.6702077578677859 -0.9094169754722898 0.4015807945989458
-0.8154791468570934 -0.5817186453985315 0.27314041450251025
-0.8428645148079212 -0.7729216206444463 0.29416321113336963
-0.8122005740576981 -0.9186542244153202 0.3042173226140825
-0.06201548158583137 -0.8614800213094043 0.21229933097589893
-0.17490655638876973 -0.39802303199969913 -0.9333148162103804
-0.07214311828752784 -0.4922661177942942 -0.9370947043634565
0.034279246288825505 -0.5839720016940504 -0.9417352835870894
0.14043687886633904 -0.6761323940988007 -0.9463687102533491
0.2423889614388699 -0.7716761189257255 -0.9501271407343062
-0.7378752175696874 0.7434530306063394 -0.27310992882024365
-1.138129391653905 0.6792200863651772 -0.24032308265935498
-1.6957769104952334 0.7022259287584944 -0.1893778006769331
-0.29547320786652165 -0.06524325503183803 0.6606163819097368
-2.0076554264192055 0.5958831048311737 -0.16667844459783154
-2.1449608553493675 0.3958168060883409 -0.16415692970525342
0.2126116185428799 0.5344070785248434 0.508451445844063
-0.25090004074939287 0.49857732869183025 0.5434956391118853
-1.187695935238871 0.7182663441948733 -0.35709573433171826
-0.7798121752838298 0.5007395150922065 0.5851945717595903
-1.683843158267429 0.7083453432424136 -0.3124566237665327
-0.8824777489271654 0.27736828108595546 0.5838637192510454
-1.9913136285633755 0.5995385613827011 -0.28988029167424756
-0.9859508724362556 0.05431747600348302 0.5825328667425005
-2.159143997088357 0.4161076291940802 -0.2837233702875288
-0.8367818093517414 -0.30700897649666103 0.5554733116887896
-0.9772312373613801 -0.5110755715135085 0.5576910813115923
0.5636945581561079 0.5743630835796978 0.35675476386774463
-0.1470089421838381 0.6659847994149288 0.417814238812813
-0.19625654326742392 0.4125191409348332 0.4110297997258989
-0.8130946384805142 0.4616696411016932 0.46259163215387744
-1.0912554367554677 0.33287589056585176 0.4793262322210161
-2.1088637094185216 0.6072181726648935 -0.40062429115544873
-0.7876097555351222 -0.11050724106588916 0.43590639426935596
-2.1981358695954967 0.3812299080704662 -0.40375472709905225
-1.0584161304103148 -0.24304450878194928 0.4517359574102251
-1.163763821817959 -0.4655805603841685 0.4503793556951372
0.8083878798465705 0.8117993206244023 0.22107361152399463
-1.2394526441071108 -0.7047513457025048 0.44585655524958057
0.7643346544886214 0.5532287936336502 0.2136978943609087
0.19002914661327708 0.5718570154453673 0.2616405327581255
-0.013589824724768107 0.3986986790402298 0.2708601792119829
-1.382600874594786 0.5715413857364311 0.3902549584173052
-1.1129740602822196 0.1486276785631233 0.3496889908574907
-1.2562365702243028 -0.05217668226585914 0.35245464637506885
-1.221363631006291 -0.35088435690291675 0.3363199074529497
-1.3619184200408512 -0.553540394943596 0.3386249382757036
0.8145355389891691 0.6104929579826219 0.08593509986627978
0.45202452052843967 0.5177523779307904 0.11223648383844775
0.05000527364703089 0.4480256885674123 0.14276598289240283
-0.3649049926494712 0.38770956033015125 0.17470358207453174
-0.8759937044882591 0.38162171559060454 0.21697424247492236
-1.5221030677304128 0.45206179964928594 0.2738046486638872
-1.8522681617415415 0.3550931120280225 0.29681871726740283
-1.972955135853411 0.1449427330971389 0.2972879250310747
-2.0943748829222812 -0.06476268301498322 0.297758086469063
0.8592680180610728 0.853436360388045 -0.033299938891044434
-2.1035227409842463 -0.3371599913803678 0.28601644828546924
0.3072205819729703 0.858184899162616 0.014057143475898926
-2.0834767325360772 -0.626998074701369 0.27098654105890674
-0.22637259208958938 0.8571662986155033 0.05950115516413135
-0.706371725974833 0.8316139521324075 0.09920547797907275
-1.1945682390480314 0.8136847687748201 0.13986633613336963
-1.5944060574062817 0.7517234674189126 0.1709594567083208
-1.6830822649497037 0.5240718422700965 0.1680893738530962
-1.9036964881589427 0.36811629408627056 0.17957018211115283
-1.980727769853047 0.13417236124394094 0.17526529624689502
-1.9889956519947063 -0.13825788400607308 0.16330622031916064
0.19944765597588088 0.5913140884531316 -0.1138305823541792
-1.9289121879639168 -0.44988111120025565 0.1436934311651079
-0.40453653704052783 0.6294888932984293 -0.059768215868583496
-1.8702738828325494 -0.7623309266551814 0.12408016517389697
-0.9152421253597183 0.62236502035325 -0.01593352958928662
-1.376991474534364 0.592502168454331 0.022542937543281738
-1.7900668543606386 0.5394049452840619 0.05566261604059619
-1.9712656533497181 0.36240554326405316 0.06296776130426807
-2.0832088543908682 0.14787722149279858 0.062480910565742676
-2.043622596524038 -0.15079715069163768 0.044947131421455566
-2.0357734700872996 -0.4331511860987831 0.0308227379583208
-0.2538014476889998 0.9107830178605596 -0.18433047935735303
-0.7688069950862655 0.9036136780464403 -0.13921882316838818
-1.225972516022651 0.8693061517212257 -0.10055209800969678
-0.052207403083983195 0.23191093110076366 0.7665247757696001
-1.6519075288287084 0.8213422995079469 -0.06535484001409131
-0.04602591569602765 -0.05278983776515389 0.7545909722112505
-1.8804252929312284 0.6695619409799747 -0.05246593162786084
-2.074303609743737 0.49994289172754236 -0.043543354723563965
-1.8848458754737294 0.12054091812981937 -0.07824422523747998
-2.0107017954776296 -0.08706896719503021 -0.07725240394841748
