-0.6021412671499888 0.7513272952199728 -0.08119956191861122
-1.393480831769601 0.7136015761483634 -0.0762688272842118
-1.4901984192510014 0.4098129679116127 -0.0810128801711747
-1.588022461467915 0.10628742792329149 -0.08576360877835243
-1.7240695929525884 -0.18213707237655186 -0.08999363120877235
-1.5309793222642583 0.6828902638602905 -0.23473302062832802
-1.5626597705919494 0.3540143150257329 -0.2405459040054032
-1.6560253241350011 -0.6373845034822487 -0.2582148664840409
-1.6511161094803128 -0.9839793303392135 -0.2647582643874833
-1.721962693728905 -0.23185058015575066 -0.40923801597439735
-1.5902815088715627 -0.6282369115104878 -0.4182514303573319
-0.4788144211424168 -0.13954899093741346 0.7075541860214523
-0.8278853821733563 0.2740486442877774 0.5690232164017013
-0.8284235743321986 -0.07021552214563798 0.5637603646866134
-0.8721593009365591 -0.39827173964329887 0.5587503558746627
-0.7872170100769438 -0.7785856598226566 0.55288108650363
1.1814219472854077 0.475368826820727 0.391518200074797
0.2245613677227567 0.4911008958075662 0.39388247791445763
-0.1993895845919127 0.3077904258805404 0.3918952590576461
-1.0427728310129254 0.2905910343597178 0.3934591657272628
-1.1502972789652262 -0.010824541729721915 0.38887032333529503
-1.2542328677195513 -0.31375235687420044 0.38423641983187706
-1.5030426003538082 -0.5585177121782827 0.3808328754059127
1.5784649124876395 1.0267832192341615 0.2356212979904464
0.7617849614899441 0.9826657756089681 0.2380624658218673
-0.012037911483751884 0.9279437899636847 0.24014767471468956
-0.873922406454831 0.9121352804504248 0.24319776359713585
-1.3430387509597566 0.75065967881973 0.2423203832260421
-1.4815520963539797 0.4630394167869696 0.2380765325180343
-1.5372974984632535 0.14298464517379372 0.23296424213564904
-1.5431473541665568 -0.19742466724598629 0.22730883423007042
-1.4482934254319773 -0.5792562797448007 0.22056731048739464
1.5242533772849498 0.6287239515867142 0.06540437999880822
0.459487753201671 0.6816156746094038 0.07215150657809288
-0.36569326613957287 0.6503668269129825 0.07612928215182335
-1.106094728947923 0.5919884513234344 0.07916137043154747
-1.3941598196364922 0.361811076061322 0.07675978008425743
-1.4874864657117541 0.05611291091205928 0.07198175254977257
-1.581919056294197 -0.24934968942962854 0.06719645324862511
-1.700620948099342 -0.5452147538658529 0.06269141498721154
-2.2218518705756125 -0.079478245811206 0.12443443599856407
-1.8738450854422624 -0.8288660418301426 0.12412210765994103
-1.513054845378818 -0.8965881335378683 -0.716575061643953
-1.4106925623225095 -0.8518388727611388 0.11115893188632042
-0.8801689474657266 -0.8487968183756394 -0.7436882608779618
-0.9287033568508392 -0.8698133686536522 0.09757109943545372
-0.4324049340439231 -0.8849568294987016 0.08351477447665245
-2.163893838915449 0.014155402188158916 0.018100822602873157
-2.082413132116173 -0.17602813030362796 0.018265689050321887
-2.072037946634971 -0.6244637517100919 0.024037445222502063
-1.9379687005444168 -0.7906473568835679 0.022223437463407825
-1.7082946775100751 -0.9153377140070553 0.016946519052152942
-1.1304703085710912 -0.8900631209950838 -0.0008632295974442261
-0.6482150640131437 -0.9100003833770032 -0.015209948385591199
-2.1769021115586327 0.1892969532433355 -0.08751646217190712
-0.12865940387131047 -0.9173489829648069 -0.030875837171907117
-2.1402234611912547 -0.02168150984522299 -0.0856064909347245
-2.1043662969463384 -0.232613573189127 -0.08369675811612098
1.7107272225085666 -0.844830400323243 -0.08776799377285927
-2.0624798061421146 -0.6665340894206295 -0.07883516486966102
-1.9742563746039323 -0.8529785557104717 -0.07900873359524696
-1.657785596467761 -0.9395879701102388 -0.08786359962307899
-1.2174686076457206 -0.9744633995215786 -0.10140649017178505
-0.6297977851681935 -0.9490466163727866 -0.12050548728787391
-0.10567823362448081 -0.9548224713542375 -0.13717356857144325
-2.1922522387202577 -0.02397633250054909 -0.177007829511995
0.4651287033802447 -0.9445752423691793 -0.15557781394803016
1.613585001643699 -0.9332738446193538 -0.19256011184536903
-1.9714322015218357 -0.8303547336234054 -0.17228952583157509
-1.5542411891788603 -0.8727993113978947 -0.1855372541793534
-0.9716639398030651 -0.8462712153165057 -0.20531812843167274
-0.47547419758103615 -0.8610037342004517 -0.22165075477444618
0.08105211884159758 -0.853474841749307 -0.24034277137600868
0.6336949784460515 -0.8514840667541961 -0.2588531130202958
-2.1769107259668914 -0.1998843775069794 -0.288521444166536
1.30692518966314 -0.8030265808087975 -0.2820819967635819
1.773365638109766 -0.844858565497212 -0.29714432891690223
-2.0007012535511564 -0.7993771850786047 -0.28527322944485634
1.3421146896439922 -0.9773412991731831 -0.4001049154647538
1.8499653129998705 -1.0033200565619644 -0.4176830404647538
-2.1313276205259513 -0.5653469029733671 -0.38750926193081825
-2.024493399359926 -0.743429274759027 -0.3885082357772538
0.43762476690848473 -0.8203390525983743 -0.47761360343777626
1.0781978818356777 -0.7837280122084138 -0.5017878168472001
1.6274299306295745 -0.7896229081054571 -0.5219663732894608
-1.1019363510091083 -1.0428129380840154 -0.5219871157058427
-0.24961978060075296 -0.6867107697367132 0.28784354988253624
1.5510935006365898 -0.3736375821032212 -0.6347896211990067
-2.2042728476657487 0.045419961015912946 0.22572346988833458
1.879946724523073 -0.4723994149323225 -0.6458403223403641
1.3413235711848372 -0.9330710428086846 -0.6176919096358964
1.724381714698147 -1.0100288620833027 -0.6312448137649247
-2.032783033599266 -0.7832839186588743 -0.593922530973787
-1.5745383134915016 -0.8070594282883832 -0.6117352598556229
-1.0608454974165937 -0.8098189632990405 -0.6321543806441972
-0.5471064510926738 -0.5861943046608964 0.18871113125002892
0.9993472305702653 -0.14939240731265713 -0.7257787340530106
1.1215355858354101 -0.3328552156371636 -0.7275165670760819
1.1787275786886937 -0.5441094683051482 -0.7262131327041337
1.2720013162767003 -0.7400281218859348 -0.7266475313552567
1.3646044631922365 -0.9363052435932744 -0.7270819300063798
