2.327937768247409 -0.3389161590693419 -0.24770991725582192
2.336667372139104 -0.08679437328890316 -0.22317378444332192
2.3321346930673172 0.1513939157606501 -0.20129554195064614
2.321504261986263 0.3824975544417981 -0.18074242992061684
2.2387160534420047 0.5465556619189904 -0.17350737971920083
2.182370098090459 0.7340344678448432 -0.1615993253673942
2.0825915141314795 0.8817747876944431 -0.15767638606685708
1.9056857216129828 0.9605943677882216 -0.16773145122188637
1.7214367156163775 1.033665798440527 -0.17910544795650551
2.375921163882012 -0.3040399627056871 -0.4211565725292594
1.3957532634868528 0.9833648918810773 -0.21577374858516762
1.0916632518840856 0.9544741629172719 -0.24842946452755044
0.8645705599774658 0.7646123830910803 0.49592144565921714
2.380193315488853 0.18587699259377644 -0.37356822414058755
0.8955424261618532 1.0213651343226147 -0.2617580167736442
2.380552324096186 0.42682455940788344 -0.3504473440136344
0.605481861309471 1.0084523941345438 -0.2917172185863883
2.275906039519512 0.5706764867996164 -0.34714143199581216
0.33369852122524435 1.013248241874031 -0.31833045406002114
2.1901963189908855 0.7314467914736618 -0.34040849132198403
0.05013506536401735 1.0099214133174144 -0.34692447108882973
2.0682692257836948 0.8593196542801103 -0.34050052089351723
-0.24531448645794285 0.9985848877055474 -0.3774987928356559
1.9135000653435412 0.9579761009844958 -0.34673182887691567
-0.5489221154550563 0.9825624950371683 -0.4093863241161735
1.6365359435703937 0.9489996843862905 -0.375501321979943
-0.8302562934028401 0.9872329126739032 -0.4372631780590446
1.355327126876574 0.9382810061466031 -0.40493886394161294
1.1229561700991297 0.7419492491113004 0.42592938022952964
-1.1120427761834577 0.9934632355062476 -0.46512286586422036
1.631918819876276 -0.6994904310999068 -0.8095309011425407
1.0549206567610554 0.9128445930858327 -0.43777482432979653
0.9486833045806549 0.8278858108973957 0.4175723321948617
-1.386613647340397 1.0075291563202065 -0.4916340581859977
1.5268755725661265 -0.5495633204805657 -0.8054177038158805
1.5516437635808273 -0.5189888524468493 0.26662952976566245
0.8175077647864697 0.9442188762169259 -0.4589802495922477
0.7520309678379249 0.8951353734910015 0.4056285150561898
-1.7115878395379696 0.9824918569774219 -0.526776956745568
2.309715359318403 0.41256380212524135 -0.6288739911999137
1.6085024723575572 -0.22145499826188697 0.29705698566776206
0.561069340033967 0.9606963306840512 -0.48358647746700356
-2.048813199282506 0.9499809613667978 -0.5638953916515739
2.241637317936906 0.5899399661601876 -0.6183673612560661
1.5531041676488542 -0.028191883409462548 0.30860693531375816
0.2892145520164888 0.9656916473467199 -0.5109087697948844
2.126572252567726 0.724267271625493 -0.617073702045861
1.4985804940393592 0.16502419993159734 0.3201649911914437
-0.0057623716082559895 0.9529590539528101 -0.5423132650341422
2.0082944647596292 0.8556814767178871 -0.6164790861095817
-0.30130626698229435 0.9418708457409046 -0.5736991636242301
1.831311139595897 0.9348698594439071 -0.6272231809582145
-0.5974159275064039 0.9324460579940137 -0.6050678960766227
-0.6730204601656027 0.8765601120093223 0.27654488163333824
1.58395009164677 0.9526265273919385 -0.6514298192943961
-0.8978837691263948 0.921514778937091 -0.6371018163647086
-0.9816979743810776 0.8592124169601476 0.24730093555789878
1.3176430830271073 0.9553788837306527 -0.6791669599499137
1.1363618001959424 0.8032616662628875 0.3415244348559945
-0.3628548265846092 -0.5151227529739053 0.8490293748889535
1.9128820900245387 -0.5274559383735884 0.20642168598514488
-1.187461011170086 0.921726413116069 -0.6670700780834586
-1.2296922915044206 0.8941142571260805 0.22766954975467613
0.17754270126485494 0.19890730857922279 -0.8728243581737907
0.9735063998831635 0.8989806235302922 0.33486588077884605
-0.5341026320834175 -0.41751106426687556 0.8426888711963265
1.8996139719869944 -0.29431826594643695 0.22551806049686363
-1.4621934655982045 0.9361014843167652 -0.6942888967480094
-1.5278763889653817 0.8894827048156912 0.2002604730640023
0.8108524303818285 0.9954291136039686 0.3282202013049691
-0.6412296807782809 -0.2638550322416293 0.8455308206592171
1.8619277733454425 -0.08498951925250964 0.24029667454105308
-1.7873006344723734 0.9113784022957532 -0.7303654424633415
-1.8189034277890954 0.8927760827281439 0.17406780796390464
-0.7704019600818697 -0.12930547529982306 0.8451474435840218
1.8032298451964834 0.10412220991275234 0.2513774164233773
0.18401194266762388 0.9329241958132357 0.26627905445438316
-0.9104772113412452 -0.003959349763544395 0.8431580789599984
1.7601116483744335 0.3065335707189618 0.26493818836551597
-0.13423396597363535 0.9011359416091906 0.23472673969608238
-1.0577611966404987 0.11551696035773062 0.8401025064502328
1.6921040230160287 0.48561156975497966 0.27418310718875816
-0.3962009796931625 0.9190616194288062 0.21231873112064292
1.6100678291694521 0.6515354789366192 0.2809665926013558
0.1945048403322005 -0.5897370129893851 0.7942059762988656
-0.6699543827239438 0.9288741922638764 0.18810303287845542
1.4804470671948167 0.774848989006653 0.2797320611987679
0.09778090077325885 -0.42856439452651784 0.7986849077258675
-0.9594116064785254 0.9275179341794235 0.16147024708133628
-1.9147277125458828 0.13185444607049845 0.7722628839526742
1.2841577508513922 0.8396728093782535 0.26739246921878745
-0.016969147494407366 -0.2835628772463039 0.8004334695849984
-1.2570470419503863 0.9214717340224006 0.1336396463428109
1.024329873707984 0.8499787249613497 0.24456961231571128
-0.13493379469883848 -0.14144376256635738 0.8016455896411507
2.0648841422073474 -0.20074223012225545 0.1577032335315316
-1.5436822778645194 0.9265125737094451 0.10765059070926597
0.8465558622307157 0.9331917102498721 0.23534519749027183
-0.24111619345721635 0.010833678574069694 0.8045123346362679
2.0566603678492186 0.0349218181548423 0.17768938618045738
-1.8462076640323914 0.9206410240510898 0.07924683170658042
0.5410651687208627 0.9071686178497558 0.2051447160754769
-0.267617173042197 0.23150300850311467 0.8188975580249398
2.03495036565009 0.2568339840824798 0.19517738895755699
0.24622153206830433 0.8925347463895541 0.17681295948368003
-0.2628364692577918 0.47775704659709106 0.8376744516406625
1.9628713569809406 0.4318385672535392 0.20390207844119956
-0.018931678448751654 0.9052522304828408 0.15343649463993003
-0.3553529852735977 0.6399633315339983 0.8422144182239144
1.8915664955227385 0.6069355062304425 0.2126372583423226
-0.2958599378077338 0.909818431685455 0.1282251604114144
-0.6334671094800939 0.645503719245788 0.8199222810779183
1.809913335144259 0.7721845713481414 0.219502282908973
0.31597594502093784 -0.5537044558156694 0.7135556467090218
-0.5884638406564306 0.9031658542326788 0.10056240635257652
-0.8967947843772066 0.6653243835559834 0.7998378999744027
1.6770100826565368 0.89150844196649 0.2176097162280648
0.30111578078597745 -0.32039247835975004 0.7303436525378793
-0.8816009343846929 0.8981478759701176 0.07291681843143394
-1.1948782286689408 0.6579993367463821 0.7748406656299203
1.4774761316858047 0.9523127023525113 0.2044561632190316
0.27994448289480545 -0.09398573540900657 0.7460253961597054
2.2959795571333785 -0.46094641176447126 0.06481297092777183
-1.152298193253543 0.9137219538200014 0.048990560344275735
-1.4820021977056115 0.6618304201398431 0.7515047319446175
1.255504049164287 0.9945055421195335 0.18755991535526206
0.274849573080175 0.14523429730889603 0.7639425523791878
2.3223810873067094 -0.191535587613064 0.09140236454349449
-1.4617683854370398 0.8993302576064472 0.018912626079139017
-1.761911225017215 0.6735468345705726 0.7292807825122445
1.0071428374899227 1.0150685286598389 0.1662953622851937
0.2484255557653654 0.3645127634972738 0.7785261400256722
2.3247191267138874 0.053678417265690115 0.11355145054202964
-1.7679850893879774 0.8898214120083665 -0.01053016109127114
-2.057666595182866 0.6742701068072634 0.7048848398242562
0.7321629222916357 1.0142753696727986 0.14066393452030113
0.2305823712525381 0.590044985097343 0.7942317255054085
2.2808441741877203 0.25483661788110723 0.12745077686649253
0.46801054930674013 1.0246795760340532 0.11692745762210777
0.1156958582088663 0.7312534399826482 0.7954724557910531
2.2452414705435757 0.46256627782955206 0.142628503612098
0.1921133958920933 1.0268793613315808 0.0913279779468148
-0.0971104572882524 0.7891691502069804 0.7822540529285043
2.1260947587037435 0.5935386559292333 0.1432073839221566
0.6590643603350372 -0.7262491641657824 0.6351001985583871
-0.08804067749143485 1.027397288613944 0.06512053089481284
-0.37453757582333935 0.7936683561369478 0.7595885522876351
2.0037152972230103 0.7216076123076753 0.1431620843921273
0.6133776601224099 -0.5199887148334668 0.6475938089404671
-0.36106310839505795 1.0358371703621927 0.040180993846473
-0.6295781308701436 0.8188478511614719 0.7402795084033578
1.8336843499154583 0.807168263564467 0.13487322407108238
0.5575378919323413 -0.32377657434455287 0.6583994157825082
-0.6248344849656036 1.041916314415154 0.01584751682620933
-0.9095807461274745 0.8128788180472313 0.7164982088122933
1.6251729657380594 0.847369566362854 0.118946862987098
0.5606951295408464 -0.08828810804408604 0.6771000154529183
-0.9410134930622576 1.042192726081268 -0.013989137836876608
-1.219267783425238 0.8203203884839496 0.6911776788745492
2.191876647479134 -0.27458460677544494 -0.01870887202877114
1.3675000736075589 0.8691680103829924 0.09674770908695152
0.5156413015906054 0.12761883273492103 0.6902168520007699
-1.2210105407668834 1.0386994604988153 -0.04079120082515786
-1.4964215475473566 0.820665716454581 0.6679871805224984
2.2631473836643323 0.0349407339549721 0.015971971324500345
1.115373357089851 0.8856710644216577 0.07453329639774253
0.4851236235289349 0.34308750860355275 0.7044409044299691
-1.5111923142832495 1.0407589164589304 -0.06816356105465005
-1.8030381554056873 0.8108901919804374 0.6415155656848519
2.197298885092593 0.21614546892129738 0.02619154529910972
0.8291873964445529 0.8742580092170442 0.04662115650516441
0.38811350527613797 0.4997212576589831 0.7084954507861703
-1.7864292715142227 1.056919662514666 -0.09301726741451333
-2.114088226771017 0.799723031934974 0.6145060785327523
2.183572730205327 0.44414358907937057 0.04543430881839683
0.5574767806501484 0.8773911102984187 0.02126438694339683
0.434695256634285 0.7798734443630337 0.7340443857226937
2.090093428590663 0.5986262979395676 0.05052168445926597
0.28531013288514373 0.882013257058663 -0.00407569331783364
1.9677213140453205 0.7268232196837658 0.05046970920902183
0.005148519835714183 0.8817006826618652 -0.03066890163082192
1.8457981407064068 0.8554694783203658 0.05042870121341636
-0.2868740950374331 0.8733401259635798 -0.05914800090450356
1.716884145209022 0.9779691307455174 0.04911167698245933
-0.564229109873807 0.8793507067244555 -0.08507220668453286
1.472953632056658 0.9994339024340846 0.027857137492713235
-0.8572804653005335 0.8742019205372564 -0.11351745051998208
1.2249787218614756 1.0189273709024143 0.005974126628455423
2.3940711432691586 -0.1453763257735865 -0.0875651113476188
-1.1508639123477309 0.8706930151555525 -0.14194457454341958
0.9467016481372781 1.0137563866701313 -0.02104060573238442
0.6061165766551682 0.7267276595943564 0.6529687173877328
2.3564565179424193 0.06254890277104863 -0.0719873182262809
-1.4411290446416842 0.8719680568365504 -0.1697198621715934
0.6716909575924461 1.0133581163713572 -0.047394918629112937
0.42393786732151284 0.808303319790248 0.6438811548266976
2.338087040583673 0.28707480467666 -0.05313413066524575
-1.7241897984411594 0.8811306280730236 -0.1962086431469352
-2.005861564189942 0.659663739986101 0.5183966882739632
0.40372222940798963 1.020914241610896 -0.07244698924678872
2.258584856959729 0.45449087480887584 -0.04538028163570473
0.13155853935849393 1.026728775107614 -0.09812657756465981
2.161435900723646 0.6054006590316128 -0.04088275355953286
-0.15999462993809743 1.018055607280992 -0.12700383586544106
2.0575133643118733 0.7499367793020966 -0.03768126887935708
-0.4406854842326027 1.020561546758426 -0.15393512172359536
1.9208889769390396 0.8650564778467746 -0.04034726543087075
-0.7180363347542595 1.0277835495387748 -0.18020694179195473
1.6770725861860285 0.8852824533784798 -0.06194274348873208
-1.007295962175263 1.0270722110761206 -0.20838992519039223
1.4031932849267577 0.8805902957121887 -0.08874766749996255
-1.3124006185109636 1.015400519370143 -0.23912684840816567
1.13627715115922 0.883924037141643 -0.11423032207149575
0.8572126022251609 0.6361836823282587 0.5760029085193246
-1.6026926321411707 1.017976100631607 -0.26727406901973794
0.8651794871740464 0.8854748184849548 -0.14034955424923012
0.667480017352176 0.7100988448515153 0.5655854471240609
-2.0246074416054824 0.9162173003720646 -0.3172547094311149
-2.219539879042671 0.7666327061132492 0.41303761082034995
0.5861021660496846 0.8820188125552697 -0.16775863093990395
0.30653645336445834 0.8801081809147071 -0.19515101833004067
0.015155959453622359 0.87010688469001 -0.2244846097912223
-0.26163803514738504 0.8745239125836406 -0.25119082851070473
-0.5502759801270685 0.8709086956814751 -0.27983729762691567
-0.8470438250478054 0.862557663986923 -0.30977218074459145
-1.1329020351092254 0.8653483389290493 -0.3377315275158317
-1.2715457395996737 0.7466741329045661 0.39987070637088706
-1.396246334499324 0.8885971789619163 -0.36175982875484536
-2.007594698662132 0.38255360616620493 0.30689652042728355
-1.7751989002272381 0.8193128668045304 -0.40533988399166176
-2.069253257813216 0.5754307250181867 0.31641657429080894
