-1.3870523114951325 0.8837340430807217 -0.7314876911661612
-1.6831795112292411 0.48461981836419454 -0.7192887661478506
-1.2509657075015141 0.44887710460874786 0.5038753154256357
-1.468394030544502 0.5864257526788066 0.10024982714438568
-1.6808325820973025 0.18347829166572183 0.10633474612021576
-1.6317964163115093 0.7200606982701743 -0.097547948124169
-1.6398203540235414 0.679654575913176 -0.30486291623329986
-1.6525209883246106 0.26595707456163353 -0.3087329266092764
-1.6720709810459624 0.6612558872383545 -0.510638653995751
0.7635835191684635 0.6869856373778944 -0.35996049618935455
0.23052818573872713 0.7079768825231199 -0.3120412228128897
-0.32069916757716754 0.4450785399983843 0.7255254390218271
-1.3074988083966517 0.757737484023373 -0.17484039044594635
-0.7454246522250969 0.4111122774315774 0.7559080722310556
-1.5934055003389815 0.6464541381020297 -0.15567344403481354
-1.0712464472459118 0.3209864503170863 0.7763081195333017
-1.7045420044629438 0.4316849700582708 -0.15718644833779205
-1.166431622226284 0.09412153198312723 0.7732692363240732
-1.833473503487859 0.22756719491787436 -0.15668147778725494
-1.168749880147601 -0.18930275344627034 0.7606826426961435
-1.835727865080102 -0.05383861657782063 -0.1713098881266104
-1.1425540664946539 -0.49132511025295855 0.7450571658589853
0.8584411395920739 0.6457554923366828 0.5076189639546884
-1.8561851309825883 -0.32523811401678415 -0.18392032361245025
0.384700592967711 0.6320017537601998 -0.4543098804972159
-1.8144037022057304 -0.6362497286695685 -0.20409673428749908
-1.3381325552030816 0.7886653309223774 -0.29268497204995025
-0.9279733427945231 0.5461741000774438 0.6406999232747568
-1.5726500706664055 0.6468882033030283 -0.27934497571205963
-1.2148332092974528 0.4336560733796233 0.6575570704915537
-1.7178961865731779 0.45253976806214524 -0.2767791149637686
-1.3480468317861138 0.23038212896761934 0.6584444644429697
-1.82122780006965 0.23301407248784756 -0.27934497571205963
-1.4776887048418104 0.025025685419350907 0.6588874461629404
-1.8616898182311985 -0.02507947990577719 -0.2896065113565909
-1.459248553403036 -0.2706522319012734 0.6438050868489755
1.5027151295423735 0.2177253803538406 -0.7025975582621085
0.7846658882867246 0.6294850110696188 0.38740021013999115
-1.8185006480922539 -0.3354430179456429 -0.3101300594828116
-1.3954791434230884 -0.5956059546440002 0.6238432528951181
1.4547618069216455 -0.044960236623744265 -0.711988866092919
0.31146889370801745 0.6159675039547352 0.42403656267905365
-1.8697626498042226 -0.5888959101339353 -0.3193663952372061
-0.18257223416026847 0.6178536194933315 0.46293407702231537
-1.3526783199635446 0.7398211936205357 -0.41614288068032135
-1.612926898863826 0.6134566580459335 -0.3994454739115225
-1.399226837547026 0.4859060258307579 0.5520353915669931
-1.7966264146704631 0.4423356063410111 -0.39214080548500885
-1.135438721914305 0.04455241560729206 0.5108771922566904
-0.9549091539315242 -0.35002149403113947 0.47831159853720795
1.4539565157825152 0.6199504807183018 0.20789104723715912
-1.188533462760816 -0.4944096157327138 0.48961931490683686
0.9193642028768352 0.6370883041308915 0.2516842486836923
-1.6434628424983444 -0.5014635715858589 -0.4573625919840323
-1.418202393586057 -0.6402192061729011 0.5004740359761728
0.3816503921001697 0.6883765378842313 -0.7009229061624991
0.39428680017972084 0.6525500927117562 0.2945562007405771
-1.8516712113396068 -0.658531440858674 -0.4474486706278311
-0.0997948051964741 0.6537232433924416 0.3342009189107431
-0.5931166777169992 0.6579197643432764 0.3738456370809091
-1.4105858796288118 0.5759851929021806 0.43515688204550873
0.3777441518454978 -0.7504789434240138 -0.778369366886376
-1.54756363220757 0.37595185805464837 0.4365397098042978
-1.6809652863580382 0.17387092391375347 0.43746191286826264
-1.6917644426948186 -0.10288379801237824 0.42501503252768646
1.3348906008573351 0.4847080079482353 0.08502537035727631
-1.7122688866103957 -0.37478569334917466 0.41349035525107514
0.8134179520294822 0.4957807193296375 0.1282349231221689
0.29278867407609965 0.5100510927999764 0.17144495272421967
-0.19690964239928377 0.5099441725683107 0.2113676669576181
-0.6815581556251544 0.510283740609303 0.25081974291587006
-1.203991119594086 0.5364617417467201 0.2944999339559091
-1.5503823510994863 0.46099271792825647 0.3189225795247568
-1.6792262464927674 0.25633823685071633 0.31939274096274506
-1.8087668943698105 0.052142093932765476 0.31986194872641693
1.2813077264463146 0.7872411082914752 -0.022425591709374082
-1.8244367940872763 -0.22182537175243766 0.3076506259419931
0.8077417135214944 0.7700027493807013 0.016322195766211856
-1.8582340510915074 -0.4856587570046642 0.2973180415608896
0.2614921054281183 0.7978422858922016 0.06320148730063568
-1.8593396261838961 -0.7707598239012228 0.28322750353598725
-1.2214221057339927 0.8131417772626861 0.18709665560507904
-1.520188266268427 0.7090060763937771 0.20670992159628998
-1.6012004736390537 0.4760915607696816 0.20192581438803803
-1.5851256854465205 0.184150005884419 0.18614012026572357
-1.6213864341066682 -0.07728824809434798 0.17609459185385834
0.6460025665007976 0.5323374116295909 -0.10680812573647369
-1.7435951288123803 -0.2868741413501823 0.1756158473470224
0.10857170947388539 0.5573997389072929 -0.060051381351708066
-1.4167921340066556 0.6041004558680001 0.07096439623618256
-1.6603560057027664 0.46806056140250263 0.08460193896079193
-1.7721393326752164 0.253494583173719 0.08314043307089936
-1.7572028079043491 -0.03839977901940017 0.06706815981650482
-1.8156701643141062 -0.28657126237042974 0.05927521013999115
0.812549690185314 0.8076857434526659 -0.23285573697304596
-1.8793813433155435 -0.5321520876960122 0.051969588039161074
0.2750786803167884 0.8302375413759364 -0.18526595807289947
-1.5446231215687831 0.7631397022214941 -0.03208440518593658
-1.6510621214479642 0.5456653254093027 -0.03406804776406158
-1.7199567235932847 0.3053866420139215 -0.040512501957176816
-1.7302855008667635 0.028975256015385753 -0.05389684415078033
-1.750309038890201 -0.24259920885688047 -0.06629031872963775
-1.7037618045532241 -0.5562982749328853 -0.08661550259804596
