-2.1586281629717448 0.37280662025894173 0.2770439662380655
-2.115510605692407 0.3487142093651361 0.27916207689480377
-2.078483785815571 0.3061798151043771 0.2867046870632608
-2.3586643067507254 0.7234637465652956 -0.7575629673556845
-2.0356622773870754 0.2818286201747089 0.2888232745571573
-2.3113999547761495 0.7091907603223557 -0.758162828500704
-1.9929579877360268 0.2573380959262135 0.29094186205105377
-2.2641843369794827 0.6947535186962508 -0.75876364332004
-1.954993790737774 0.21903190100534609 0.2971307315273721
-2.2156375349490105 0.6846626061840411 -0.7610152683810751
-1.9156866089704252 0.18517451366137117 0.301963952962919
-2.1713133404131284 0.6608753535490397 -0.7583187542514365
-1.8749893644475364 0.15574933032007543 0.3054410495205362
-2.1200152310289795 0.659454077853427 -0.7638724766330283
-1.836026261844033 0.12165998965771507 0.3102757014675577
-2.075843242841252 0.6353531375913217 -0.761176916177706
-1.8004593976351089 0.07837781295971702 0.31782594103054596
-1.7635145610610152 0.039543077464175624 0.32402053255276275
-1.7186061368609913 0.023234061234091996 0.32342591661648346
-1.6721056741646407 0.01128926130514607 0.32147231477932525
-2.297882994105791 -0.6532506088946288 -0.311195226724581
-1.6339659600336276 -0.02339325379374735 0.32631030458645416
-2.2584307705938684 -0.6766552345715411 -0.3084457836703818
-1.5943317586248966 -0.05368008447201156 0.32979026216702056
-2.2114664857206066 -0.6778575589314162 -0.3139546833591025
-1.5276713681030998 -0.0120515020402987 0.3115283526821573
-2.1706209283875566 -0.697079034320188 -0.3128584347323935
-1.4486647911153554 0.06074221073839681 0.283747343008085
-2.1298584717503246 -0.7164395077793522 -0.3117621861056845
-1.3967690773158452 0.06129212385894789 0.2777058162136514
-2.0844626655947636 -0.7225875878263874 -0.3156231365756552
-1.3482970951252824 0.05266940679408272 0.27438035387234283
-2.0422349124790102 -0.7377966275532319 -0.3161810360507529
-1.2945472463599543 0.05729775591425934 0.2669745959682901
-1.9968521489896673 -0.7442706926226457 -0.320045324380831
-1.9547007888650256 -0.759782447524346 -0.32060513120456147
-1.9126017237882351 -0.7754431377973301 -0.32116541486545014
-1.407476013226173 -0.60789123617878 0.45150819200710846
-1.8656116431333842 -0.7779844726422347 -0.3266857586459677
-1.3648272078651118 -0.6254369089786085 0.45092549699978424
-1.8235760939549834 -0.7939562833923173 -0.3272479496554892
-1.3222409661012335 -0.6431282047160973 0.4503423251553018
-1.7815997131280312 -0.810071978051127 -0.3278115711764853
-1.2778589710713248 -0.6565266670997296 0.44839682954983306
-1.7362875871756032 -0.8175294223047285 -0.33168301206393647
-1.2260342267162514 -0.6523571733312128 0.44100633043484283
-1.69267900453751 -0.829551775037924 -0.333902689035372
-1.1835413541468256 -0.6705356040708885 0.440419820730253
-1.6283886197726218 -0.7890363781730727 -0.35597309690280365
-1.1392141798453395 -0.6844378878430266 0.4384705104275186
-1.595102616228118 -0.8277650334619633 -0.3482702694491904
-1.0910864015564528 -0.6896774079500556 0.433797506277128
-0.2092708774223624 0.1737266114308067 0.7669173755093057
-1.5550012799553414 -0.849056366848961 -0.34718546491427826
-1.0448640180918574 -0.6995145054570937 0.43048348802761627
-0.17856000035975939 0.12127325353113427 0.774352697317167
-1.4990424115378644 -0.8311265615673022 -0.36099323850436615
-0.41475483001001834 0.6103472248795914 0.018496183340116268
-0.16080591646531417 0.04247017633560901 0.7887188472195108
-1.4357559422699566 -0.7959813674623799 -0.38142571073337006
-0.352182021852947 0.6244599465135945 0.00694098848537994
-0.13289168632230286 -0.01442221766707874 0.7973152675075967
-1.3667537852497418 -0.7480466121312936 -0.40682968717379975
-0.3032725900112325 0.6075943589509354 0.00491919893459869
-1.3282574886700829 -0.7744717233087908 -0.40409741025729584
-0.2524198359066432 0.5949343220982026 0.0015350856228311116
-1.2733889489044046 -0.7618856627240707 -0.4162662945346396
-0.22366014752205388 0.5339897021281601 0.01314225572781158
-1.2220694336422824 -0.7582192451111354 -0.42512688260837006
-0.324692971629041 0.19366906896884828 0.11200538057522369
-1.2153605786783714 -0.8587948770829943 -0.39424452405734467
-0.3037168828470769 0.12003935339668104 0.1277233638210733
-1.1754959157099591 -0.881364644835763 -0.3931683025912802
-0.2626495564118514 0.08992510079451499 0.12980857271389556
-1.1262550770103203 -0.8824595631587062 -0.40037426572604584
-0.20931322249433038 0.08574614035098627 0.1237103022976358
-0.9815693500196261 -0.6680253287954265 -0.49041781049533295
-0.9757000316865287 -0.7689366761870442 -0.4595302067355673
-0.22838833818896376 -0.18297367029875033 0.19337048906521392
-0.9782104264239067 -0.8869422602394597 -0.422006937082247
-0.19906454340649304 -0.2348945544542076 0.20228877443508697
-0.9268010197716734 -0.8845391639599871 -0.43087992292209076
-0.8753126943210106 -0.8823570899020066 -0.4397548161105673
-0.3663206570955708 -0.7910202205236629 0.36346211809353424
-0.8237362166612598 -0.8803805938354738 -0.4486335239963095
-0.30705651602556117 -0.7778114215037029 0.35193171877102447
-0.7720842154488068 -0.8786268590193504 -0.4575141392306845
-0.25631638593192463 -0.7820343548978776 0.3458591975613077
-0.7243762052471752 -0.8856157589806735 -0.463081213052706
0.18614467418834124 -0.01974757357323398 0.09532513994412017
-0.6705649523555834 -0.8800194749063568 -0.4736259899692099
0.23743508344067266 -0.030040461420629327 0.09057536501125885
-0.6227754147867799 -0.8874102146404912 -0.4791978321628134
0.2953882056716708 -0.0277359091417555 0.08172526735500885
-0.5749627315505847 -0.8949883967932095 -0.48477110486789154
-0.5229934817143231 -0.8942808117506971 -0.4936641178683798
0.6318405432649499 0.3928409616141746 -0.0699089489535849
-0.4730368668108653 -0.8980200055151748 -0.5009010754184287
0.5603111095489552 0.1474558409793616 0.000483659688993221
-0.42513230482071407 -0.9061875940774531 -0.5064805470065634
0.5873503601632635 0.08913379985593473 0.010749486867948299
-0.3729837279370116 -0.9061146301711691 -0.515381189401583
0.5865737754884393 -0.01995611640869477 0.03742614168362213
-0.32076136652953124 -0.9062610322695619 -0.5242851696567099
-0.25988477391793907 -0.8898240579727563 -0.5398314915256064
0.5876346958316816 -0.22921514674875176 0.08806720155911041
-0.20962006098921648 -0.8946333752612894 -0.5470813236789267
0.6199000562896302 -0.27475408596510675 0.09424891847805572
-0.1593132386991627 -0.8996504236307299 -0.5543321095065634
0.6025740938868651 -0.40847647287070643 0.12916245836453033
-0.1067810402628453 -0.9006946198162051 -0.563247057016329
0.6340739919914284 -0.4539853104434002 0.1353518046780069
-0.05637886118633162 -0.9061321404039724 -0.5705035648898642
0.6581989621637234 -0.5120985029534015 0.14564957994656158
-0.0015066970156780712 -0.9034523103740444 -0.5810841045932333
0.05792333529984717 -0.8927011932645197 -0.5949905834750693
0.5585725609060717 -0.8822684410327906 0.24976077455715728
0.10403135760046922 -0.9071014185880273 -0.5989316425876181
0.5978181306169645 -0.9108342132935885 0.2504965342922647
0.16142028877092685 -0.9009841707652892 -0.611183019693331
0.6613321674063073 -0.8980737931584422 0.23753753084377838
0.23030460900291416 -0.8744753222996398 -0.6317480526523154
0.7078524846668515 -0.9145676223325481 0.23416247743801666
0.30861504069276435 -0.8318106498895794 -0.6589678249911826
0.7642084131513229 -0.9147344574187297 0.22530618089871002
0.38960208503981875 -0.7854348904152104 -0.6878565273837607
0.8628216459738809 -0.845117304976224 0.19315543550686431
0.4640400122509831 -0.7518030427908453 -0.7117656193332236
0.9819664649048576 -0.743161963516286 0.1500321902676065
0.578444053206205 -0.6488760612827438 -0.7639502010898154
1.0993967474105943 -0.6460011029935426 0.10826506990627838
0.6748758818951828 -0.5793261515877095 -0.8028434238986533
1.1418896004494314 -0.6723046679285929 0.10760608095364166
0.7128531415465531 -0.6123442715796532 -0.8001645527438681
1.110689608703396 -0.817197436846179 0.1467052974148233
0.7578092447735543 -0.6332566409867226 -0.8024757824496787
1.1806537218314404 -0.7987128173655229 0.13096919435696197
0.8003168586840985 -0.6584007915221424 -0.8031242809848349
1.2457090143725367 -0.7887021115030013 0.11797061342434478
0.8427376247079508 -0.683693359865849 -0.8037732563571494
1.3006002056707544 -0.7952305819474539 0.11045470613674713
0.8850677128421438 -0.7091352362353263 -0.804422708566622
1.3607311713174752 -0.7938978150055096 0.10019221681789947
1.4209612202194677 -0.792842174651863 0.08992638963894439
1.4786688504044037 -0.7960915409559366 0.08102956194119049
1.5390892401867973 -0.7955748751730543 0.07075658220486236
1.586907245007211 -0.8099832364186277 0.06600489992336822
1.6442348776642532 -0.8193858029450389 0.058438447897001033
1.7075413916958055 -0.8156507747905959 0.046784070913358455
1.757512500340603 -0.8321290143191415 0.04199233431057525
-0.031802233097316446 -0.4414258947193712 0.09257903475002838
2.301923013328455 0.16055956796028248 -0.46805128675265717
-0.3067248460345766 -0.2899026478956923 0.0713111438198526
2.1861189528084424 0.331910722374964 -0.47662577253146576
1.2053979896441902 0.17207105341400109 0.20803370851711822
2.0267263318920996 0.4964844419371186 -0.4897407017306845
0.8439107257494811 0.3059985910273699 0.17895284074978424
1.4605064024493686 0.5945400995878121 -0.5447219334201376
0.8168700481140476 0.4976649434941116 0.17938723940090728
-0.7948312677170435 0.42251640651526756 -0.7732213459567587
0.7855831600121732 0.6886093501155486 0.17938723940090728
-0.8656707840562134 0.6128533068312425 -0.7772568188266318
-0.19947198768362995 0.7284702654512145 0.09518351930813385
-0.793318453949226 0.8256708139922448 -0.7666638813571494
-1.0470779756890494 0.7964423468184112 0.023132471029325252
-0.07449142405146603 -0.3178896270911249 0.7746449984951456
2.239304515054606 0.14100490878167982 -0.5699666462497275
1.5646002139430308 0.021777229040431223 0.1307136096401651
0.019096761439307386 -0.10160565352151352 0.7843696154995401
2.1479567627062934 0.31680663383872165 -0.5761235676364462
1.5463644444088942 0.21266238636154355 0.13204446214871002
-0.014278120537852601 0.09212666381106338 0.7843696154995401
1.8806562707291121 0.46320550323763676 -0.6007522068576376
1.5091698287712632 0.40022943329012683 0.1316005267544229
1.451818590491726 0.5844906256633084 -0.6423128567294638
1.094322217703791 0.5251699955022922 0.09699979204372955
0.20331318792982245 0.5755593751934711 -0.7695606670932333
0.46830120022408295 0.6185794988211271 0.04332366365627838
0.3245813232421 0.792820107059951 -0.7536543331698935
-0.24625988142271638 0.7021913031699878 -0.018337102945284123
-1.1036104736180192 0.76853672905861 -0.09286245923800873
0.012383595026804528 -0.2514292063013688 0.6830836810512979
1.159829922544155 -0.009545215774460658 -0.7796104870395224
1.9830182644135022 0.13532802051429016 0.07363000292019439
0.017791199225563048 -0.05086631092875571 0.6861454524441202
1.1071703342423262 0.17682757184881304 -0.7816976032809775
1.950458904949997 0.32220475663412707 0.07363000292019439
-0.020327006901830202 0.14203516418248263 0.6857625522060831
1.6827822030405102 0.4693967057555586 -0.7169974766330283
1.7908957763109612 0.4876469138472803 0.061870244924588924
1.504201515172312 0.632999340791013 -0.7326506100253622
1.2044107004160622 0.5834704841740379 0.010760930959745174
1.4586565406568184 0.8191631147850451 -0.7342160664157431
0.5098016992048215 0.6658002547963591 -0.050298543985323185
-0.3127672478433894 0.7326625083909803 -0.12311825376315522
-1.2782406056559665 0.7831103004142648 -0.2090543232516806
0.065998230457474 -0.6504775940712264 0.5926782168789346
1.858274833597008 -0.13670980952305634 -0.037740560586885685
0.1680607012068691 -0.43211183662184993 0.6036135234280069
2.005460146901548 0.06333841599404266 -0.786727281625704
1.8590847167864197 0.05667965500414951 -0.03451380353732514
0.16298399312382372 -0.23368947973677479 0.6059571780605753
2.046130651881427 0.26290953197557343 -0.7787702999667685
1.855683687682557 0.24909416575671273 -0.03174814801974701
0.2077346718140518 -0.026838210465719214 0.6122061290188272
2.141451614729654 0.47125836045619707 -0.7649782620029013
1.8088030981178989 0.4339159478777166 -0.033130975778536076
0.2335906000853356 0.17624346351623288 0.6168924846096475
2.183624557608745 0.6698374851491806 -0.757021757181124
1.4236746543393934 0.562596419240819 -0.0663217030124228
0.0782542204335499 0.3488051209371008 0.6071287669582803
2.2854187640470016 0.8776145054523532 -0.7426994762973349
0.5523011599885734 0.6146982479068477 -0.1451500378207724
-0.7456917884015368 0.4135862541628228 0.5442492045803506
-0.2750944188218938 0.679821223938534 -0.21982941251559662
-1.2355351939220824 0.7299493666994685 -0.306955667550997
0.25543015840646177 -0.4750053743972664 0.5013410128994424
1.8090062971101304 -0.00909765354628611 -0.1361010990695517
0.25510240564631914 -0.2759807333127924 0.5041419543667276
2.0848790253752725 0.23231042134930213 -0.10651192289157319
0.3585902174389233 -0.05910076842746825 0.51534524339871
1.92017967648286 0.3961826077945432 -0.11919293027682709
0.3499325602142065 0.1376438809620275 0.5173460521145303
1.8296164741845615 0.5734148080680548 -0.12482914548678803
0.3124737772720252 0.3294001645391571 0.5169459857387979
1.4596339738720445 0.7053098342709347 -0.157236429269747
0.27076733466417835 0.5204959065366737 0.5161453761501749
0.6819511722345339 0.7743241834333432 -0.22862705808444428
-1.1433380828483166 0.4920568322862806 0.4037105121059854
-0.14998633489827995 0.8401895583293815 -0.305183263833956
-1.1199111086410056 0.890667492870028 -0.3948911152438681
-0.05926240254628112 -0.7315222167385613 0.37356582063870025
2.2268388650656235 -0.11595906870065953 -0.19438538175387787
0.14541793882676757 -0.4938916117099055 0.39359822649197174
2.19830473534185 0.07094139331635141 -0.19390663724704194
-0.8607485971977908 -0.473480076236628 0.31265130418972564
2.1606154906625292 0.2562106867469822 -0.19438538175387787
0.5135248939797705 -0.030995562256682874 0.4299837626858194
1.9420536295017143 0.41062867874597053 -0.2125628910617392
-0.10906646929156949 0.06034536723465855 0.3809243716640909
1.25265935424504 0.487672507573631 -0.2766631565646689
0.5680705106227535 0.5702206933316791 -0.34028515439792084
-0.2542033396223431 0.6354189865955959 -0.4173010311679404
-1.1305371778082645 0.49518890715346764 0.3040658511562784
-1.2143630544830373 0.6847138863445466 -0.5077112637118857
-0.23438416809575813 -0.53162017821397 0.2629052676601846
2.2757324029366615 0.11455971566792478 -0.2810252628879111
-0.759850754263816 -0.42404652222679395 0.221153406087919
2.174465067050072 0.28848229485470434 -0.28784403425021576
-0.9366982944395872 -0.2523386066539004 0.20904555696682525
2.1081044198816272 0.46884466699001415 -0.2912529430942099
0.4587642647762351 0.18806379648199112 0.3305436648769815
1.8950881959281531 0.6250123294208247 -0.3092740498141806
-0.1338857915662075 0.28688648607560197 0.28294673341946197
1.2159419317837319 0.7064822355240512 -0.37356409650607514
-0.9133756098544268 0.3592698299192776 0.21948352235989166
0.49249478814682845 0.7855276397613693 -0.442237707193331
-0.7424092194771461 0.7897969006364249 -0.5615642986850302
-0.9614366990017302 0.7556509629269019 0.22073617357449127
-1.2400128461851025 0.9149934607389874 -0.6078337154941122
-0.26643784944816673 -0.5866073510018275 0.15985360521511627
2.2702323197403658 0.0571586510279527 -0.3777817211703818
-0.7625194103929971 -0.47408913607241665 0.1197892703457315
2.1932949847649184 0.23531816947684625 -0.3822430096225302
0.5523644393967331 -0.04181537751573927 0.23699870485500885
1.9845397117571082 0.39121669716945817 -0.4000895939425986
0.4062529431031905 0.13072665505786674 0.2271954097195108
1.344426437196688 0.4760324167997325 -0.46156010251803803
-0.8792092967665681 0.11319118343043044 0.11851039308743072
0.3065793986051517 0.499930658307548 -0.5631850681857626
0.7891695478851588 0.5889502684888424 0.2659808673305948
-0.8742093985552799 0.5080982076567118 -0.6791861973361533
-0.5649956182886839 0.567780921415725 0.151329187337919
-1.0873067375138348 0.6763986160000961 -0.6975282154635947
-1.9982557589047119 0.7389497225462502 -0.7862642727450888
