2.2192696772607405 0.17150987603960743 -0.18917958838395066
1.9721862248815683 0.5404482931363557 -0.15141265494278855
1.8291950441748384 0.5927694169330149 -0.7200886498158354
1.8169246490445516 0.5994311040856104 -0.1431338082020659
1.679903955180265 0.6330623330244443 -0.7124306450550932
1.6703281717126828 0.630279179060933 -0.1375800858204741
1.5390357154255128 0.6452222929050446 -0.7079483757679839
1.542802231225977 0.5945462936493549 -0.13838451010636277
1.4023409800932995 0.6435261781601529 -0.7050539742176909
1.3887382208061894 0.6552965163512869 -0.13011090857438035
1.2566387040685072 0.6759276416237352 -0.6984607468312163
1.249559523703141 0.6638116901626088 -0.12683408362320847
1.1170049136568707 0.6487854787300922 -0.1258322487538237
1.3434523245833816 -0.6856472462834233 -0.8424455414479155
0.9717586053900078 0.6824019922437436 -0.12028853995255417
2.1447150707057716 0.4464335029264195 -0.23050229651383347
0.8331330707492697 0.6924839928376301 -0.11702029807022996
1.9610128948008452 0.6003468938861278 -0.21280114752701706
0.6984066384936796 0.6886114977371047 -0.11511867148331589
0.7775936420423335 0.33971372506065123 0.39295966523238235
1.8018343000130557 0.6736990554926674 -0.20295970541886277
0.5613301932627621 0.6948920603770379 -0.11231057745865769
0.6038917854755965 0.48595563042755074 0.40634400742598586
1.7381471219225517 0.41228640939391425 -0.22550456625870652
0.42440800776215326 0.7016959008646353 -0.1095053444569487
1.5373860911605703 0.6746431864141833 -0.8385092507069487
1.6071848500152583 0.3859117871323843 -0.22538869482926316
0.2864587243929577 0.7138360375719639 -0.10624711615494675
1.3981574461856354 0.6825329178438508 -0.8344008217518706
1.4114108436440915 0.5952631537067479 -0.20259587866715378
0.15104617380445973 0.7168236523989933 -0.10390250784806199
1.2641950684091654 0.6325165382235376 -0.196464706486978
0.014611618224734002 0.72514578399905 -0.10110538107804246
0.04149064758657062 0.5691229842094039 0.41950828927107864
1.1250879176848088 0.6414981706357548 -0.19311301810196824
-0.11825425865829686 0.7194345727495204 -0.0996772537892241
-0.09421391398551293 0.5730412464988319 0.4213503112132173
0.9937928384774466 0.6221116547839287 -0.1925431976979155
-0.251055216023957 0.7142035647490292 -0.09825294119767136
-0.22642207899502864 0.5628828458773043 0.4220340956980806
2.087302861880218 0.5448520692520393 -0.2875258217518706
0.8474284354137183 0.6610248260807214 -0.18641822440079636
0.8955640459723782 0.46323302084969775 0.32763368981429153
-0.38489167756624454 0.7143175047390464 -0.09637515646866746
-0.3574973602354845 0.5483369585268107 0.4223294963175874
1.9622475669685997 0.4981010727029265 -0.28926341635636277
0.711352887276334 0.6619268154980258 -0.18400161368302292
0.7426662473755101 0.5267730969742974 0.3346794356639009
-0.5186204516627697 0.7149195633606471 -0.09450118643692917
-0.48965778590502396 0.5391247903536183 0.42300612824507766
1.775435257167345 0.6672048100017953 -0.2697998772328276
0.5741767933463819 0.6681593333933389 -0.18112437827042527
0.9116659606668804 -0.6802869972142638 0.23811108964034133
-0.6543844618723824 0.7257332780997778 -0.09171836478165574
-0.635665236952704 0.5937141518193858 0.4286895503337007
1.6385814755812902 0.6646527848724926 -0.26730125052384324
0.4371582725773919 0.6749082568122446 -0.17824952704361863
0.789196772126985 -0.7520858229036271 0.2340927829081636
-0.7868195883395828 0.7224488541525265 -0.09030644995621628
-0.7706838517912047 0.6001271879471801 0.4305172671610933
1.513848568142592 0.6194378126953897 -0.2690488587086577
0.3026745824110151 0.6724910364340868 -0.1763054619496245
0.4762539335802529 -0.048778286894634704 0.29313809769698196
-0.8728262841480898 0.5508250575985763 -0.6717139969532866
-0.9160815014144674 0.705037820688025 -0.09026544196061081
-0.9045233787702216 0.6021623094438784 0.4319566001231294
1.3665209944355183 0.6562730903425358 -0.26278417212418503
0.1647712583022951 0.685097999936426 -0.17297284705094285
-1.037203443171407 0.699237805855013 -0.6534811745350737
-1.059606147305601 0.7563309811685173 -0.08384196860245652
-1.0280844344380426 0.5558607115184611 0.42953498261519485
1.2286833751003456 0.6600480185250159 -0.25982396704606003
1.4275355250060926 -0.08675255826653583 0.20949871438094192
0.029376932215242846 0.688522129757013 -0.1705710182850737
0.04434799331326644 0.6111813925848981 0.3501835574442964
-1.1624523759164447 0.6632179367001516 -0.6554228554432768
-1.1936763186326829 0.7642727389934496 -0.08152597052506394
-1.1358797561996 0.4318349981001681 0.4209337939555269
1.1012649393861267 0.6258576619317999 -0.2606403122609038
1.2962111628178121 -0.11682945817727841 0.2090676535899263
-0.10703050162952366 0.6973062407374613 -0.16770761115006394
-0.08211709311500215 0.5762521989972491 0.34893758194991165
-1.308505953394345 0.7300155445684773 -0.6462156067555327
-1.3226855493263514 0.7482963632790973 -0.08149449927262253
-1.2631170527473046 0.4009844045359632 0.4196577777201753
0.9496418256305077 0.6836006279297209 -0.252494979924478
1.0353755867858325 0.34527044926322326 0.2496727217967134
2.1528832732608123 0.5082632610540845 -0.35952918631485886
-0.24102478179551667 0.6968867171250768 -0.16577546698502488
-0.21768212145590837 0.580618879957786 0.35084397690840774
-1.436610375534542 0.7095713621935111 -0.6465703736012358
-1.4536495731536974 0.7425492538940599 -0.08055417639664597
-1.3953123265331158 0.39504174248349067 0.4203077067668062
0.8135589751346401 0.6841137176964853 -0.25001447302750535
0.8242126553785596 0.6301941584568471 0.27540452378340774
2.0291124204927797 0.4565117912048784 -0.3617631684010405
-0.3738194798611687 0.6920906901341812 -0.16431110007218308
-0.34649200461794294 0.5563238064792451 0.3503790606791597
-1.5780583576209324 0.7579188105328072 -0.6394898186390776
-1.584560765396489 0.7372722847347024 -0.07961766821793503
-1.562559747154694 0.5706902950283439 0.4352455844218355
0.6763568640520674 0.6899610175660396 -0.24706475836686081
0.668268229884518 0.7084766528585913 0.283835004740439
1.8446245368649983 0.6156999953453859 -0.3428866158192534
-0.5076305991151884 0.6926615166272256 -0.16238515479020066
-0.5025343346271427 0.6541244865020097 0.359781574183188
-1.7144965236670089 0.7275742651381378 -0.0791403542225737
-1.6902938670858987 0.5462193623635088 0.434347700052939
0.5393071105217189 0.6963179733664884 -0.2441179047291655
1.707546975028606 0.6128918538876214 -0.3403274307911772
1.8754190783904363 -0.0402109845630072 0.13833124535628372
-0.6413377125482356 0.6937017469577107 -0.16046254736832566
-0.6214233451989202 0.586995090439455 0.35575611489363723
-1.8398284120624169 0.6938520825374557 -0.08095185858658738
-1.8162842097546132 0.5123872235268649 0.4326720942790132
0.403619849960009 0.6983557971681744 -0.2416464577381987
1.5665531312624665 0.6249785500995078 -0.3363301048939604
1.705315136357953 0.06735166020488492 0.14982969658919387
-0.7770404848652674 0.7049769501517424 -0.157613445348062
-0.7575242825941331 0.5982265444869128 0.35804612534590774
-1.944673697149895 0.547897284055253 -0.09328000647477097
-1.9379377213360272 0.45446993020546245 0.42905909913130813
0.26687481153410886 0.7057320648304142 -0.23870532614640183
0.4294803523863635 0.02716207349730837 0.23257691758223586
1.4376937835604764 0.5944003970855221 -0.33665769202164597
1.5188781065052552 0.23811009203918942 0.16666943924971633
-0.9094657931390628 0.7021376929688241 -0.15616147620133347
-0.8903462219621474 0.5953315729559776 0.35914761918135696
-2.074226389781458 0.5345852214908664 -0.09327476126603074
-2.0106184674413328 0.12212679642161817 0.403783153467856
0.13145802718784694 0.7087811623799762 -0.23624007803849167
1.2838948488593616 0.6555494594135851 -0.32786338431290574
1.3559818542198627 0.3279477876097374 0.17652971642561965
-1.0326539026527968 0.6559057995023121 -0.1588966141407866
-1.0251261451631137 0.6026812691178343 0.36103708642073684
-2.1252097352704027 0.07538560351158452 -0.13488595587662644
-2.0725891697186256 -0.283813863599363 0.37268407242842727
-0.00497732598761047 0.7171664334178942 -0.23330419165543503
0.011286705344204506 0.6341136310503934 0.2864886035258394
1.152593326096735 0.6355965907990715 -0.32723777396134324
1.2364269633357452 0.2595995374573583 0.1728306521708589
-1.1370557290903918 0.5174107806902537 -0.17047183615616746
-1.1537518218235334 0.5812277154894705 0.36055047410079055
-2.179314893436427 -0.3839004665383925 -0.17652337653092331
-0.13898553537339353 0.716371754803113 -0.2313172112172026
-0.12416726186199867 0.6381357754802259 0.2884598483378511
1.008527700248024 0.6642345980299513 -0.32180993658951706
1.0248032104279474 0.5385839063669149 0.19871885674544387
-1.2708591746278444 0.5207676578318008 -0.16856877905777878
-1.2863722530467498 0.5797681380969202 0.3616421927744966
-0.051785677174308375 -0.15689856029710114 0.7610615004832368
-0.27178017254796316 0.7112242577499579 -0.2298061142628569
-0.2516715952991433 0.6086471287632325 0.2876046408946138
-1.1870272379544247 -0.4400024378587837 0.8177667369181734
0.8761015791913849 0.6500749736620755 -0.32070987326554246
0.8517011396908032 0.6787244796429608 0.21269400017806106
-1.4422530334492905 0.7151173930403818 -0.14852397543839402
-1.4179454590890543 0.5738967141709175 0.36233503716536575
2.0656680565588914 0.44781666271561527 -0.430689502782144
-0.2041614195420749 -0.08932921931328508 0.7668607940013032
-0.40560380976920385 0.7113994349997608 -0.22782533270768113
-0.39467666110371624 0.6476723389325354 0.2923930396372896
0.7399716045943876 0.6508702581174006 -0.318171192235269
0.7317738636447331 0.6168667063783158 0.20939977067061477
-1.5732620949444254 0.7097974720137739 -0.14755265814713425
-1.5523204650879734 0.5831821949744107 0.36421210663863235
1.8947729435172818 0.5589702182769702 -0.4163429032032866
-0.3342244644839667 -0.11854389023050871 0.7659815062815767
-0.5393247296906765 0.7120730393672545 -0.22584741217545456
-0.5243118289013182 0.6288659182767553 0.2923379649455171
0.6015154246936021 0.6618131392416995 -0.3146731148426909
0.587068629907364 0.652039983651175 0.21432692902632766
-1.7051528924441754 0.709837347891769 -0.14611976248673386
-1.6865433589974117 0.592960273629993 0.36608607667037063
1.7819870756326992 0.4698015303894305 -0.42251889807633347
1.876790600704524 0.10051221455232451 0.08202869790144973
-0.4793643053416332 -0.07906995155587637 0.7697745074565034
-0.6750639503778046 0.7229495253501295 -0.22292630774430222
-0.6593057775814941 0.634858883832937 0.29429728882857376
0.46445597665039884 0.6684449264811487 -0.31165998084000535
0.45719906227351714 0.6297495426847579 0.21431524651595169
-1.8351285955051253 0.7005647372069266 -0.1456205139820952
-1.8132821643723531 0.5640270565835213 0.36478955643721633
1.593376318228593 0.6493284927592011 -0.4013301621144194
1.6976178185630175 0.2415881063600942 0.09672624962874465
-0.6209704427798215 -0.053688568081167176 0.7725635279948335
-0.8032994404484555 0.7002738641431634 -0.2233211289112944
-0.7952118967991311 0.6462308520133586 0.2966573943431001
0.3299366975499538 0.6659258485556325 -0.3096110115712065
0.32847446634153243 0.6030816780127388 0.21388752358504348
-1.9614893612158255 0.6721737579486042 -0.14698808295182175
-1.9383404546540532 0.5257233067301126 0.3626960028941255
1.4645977201762435 0.6186706943615228 -0.4016482124989409
1.522210135448006 0.37386233111097766 0.1105883826548677
-0.7633378050886108 -0.022872344586438942 0.7756851424510103
-0.9315984375182751 0.6780461309982151 -0.22371976477555222
-0.9288763022456692 0.6483419369525674 0.2982068766886812
0.1931598136550292 0.6735789725663164 -0.3066031227772612
0.18912133459350855 0.6204611626473433 0.21716101067610794
-2.0668122106696103 0.5265858315249368 -0.1595398674672026
-2.0794562922816056 0.5761662598800381 0.3677299727732759
1.316053568446705 0.6604798763395578 -0.39463536841324753
1.3635994914619403 0.44921617777830036 0.11941940682478958
-0.8992775006704221 -0.020829182128235146 0.7767980803782564
-1.0285102177292487 0.5051665552967819 -0.23880498511246628
-1.0593847978414601 0.6363095997584658 0.29854113953658157
0.05770762494633175 0.676894740709594 -0.30407922369889206
0.051161253078305435 0.6335108386029624 0.22002012627669387
0.18106442881408213 0.045025834011756416 0.7122724761302095
-2.136767309578474 0.1753350405833558 -0.1916729698841948
-2.099926584273419 -0.05530674431323135 0.3176627864176851
1.183464719195058 0.645208470405155 -0.39349238974503464
1.2108190041242324 0.505969163130505 0.12657244103499465
-1.0270901775392787 -0.057399078874833975 0.7752321471507173
-1.2063176992364788 0.7227441258843097 -0.21600406271866746
-1.1928765963248793 0.6393890065783054 0.3000841845805269
-0.07761779332834351 0.6807205329778832 -0.30155770880631394
-0.08319769029792212 0.6325301169455368 0.2216413726145845
-0.0157098059404035 0.3010636305134895 0.7315524329478365
-2.2040043839246977 -0.20531277625396172 -0.22662322623185105
1.0854029675685553 0.5005465793672546 -0.40556256873063035
1.0713449822905403 0.5151847003403205 0.12952835457869583
-1.1560477021130424 -0.08863439732451894 0.7739957083994966
-1.341342195372519 0.7360996161479569 -0.213096786565103
-1.332143067067875 0.6722762485510252 0.3040505160624605
-0.21056595352858665 0.6753380887014586 -0.30000274283341355
-0.2196892481140793 0.6417522156960125 0.2240827788645845
-0.15001868567412657 0.29549943974166304 0.7323978652293306
0.908234527088851 0.6546372306410984 -0.3873049507801909
0.9295295992523052 0.5345617015986246 0.13332111733504348
-1.2851319958552239 -0.11943111434731435 0.7727549781138521
-1.4704036427282858 0.7206443709568475 -0.213035751408853
-1.4633777497839446 0.6665722756048993 0.30477983849593215
-0.3445531767988541 0.6752904066608068 -0.2979695091908354
-0.3504918455563626 0.627185342862786 0.22446138756819778
-0.29198941941987755 0.3244741264806077 0.7356317748362642
0.7720941824818794 0.6553047022367391 -0.38470428091935105
0.7643156862060465 0.6461675341175646 0.1450889815623384
2.013565522809344 0.6000718082678222 -0.4820329437916655
-1.394371437389367 -0.2526356677735784 0.7644761313731294
-1.6013771152893383 0.7154263074775908 -0.2120301018422026
-1.5926684375123443 0.6515485755777437 0.3046963919932466
-0.4795263867246433 0.6805903723844597 -0.29545753104142136
-0.49108596684686745 0.6568533957299927 0.22854668992110305
-0.4303936221097615 0.3393847903743872 0.7378378619486909
0.6348480764735882 0.6612959527176923 -0.3816181908314604
0.6221003053453984 0.671538916725595 0.149299453669272
1.8267047994365555 0.7687752943715793 -0.4614474068348784
1.913324295332643 0.4328329388023242 0.04168159859725051
-1.5464731805438703 -0.1649580425748347 0.7712636699015718
-1.7313717177160868 0.7057888502764644 -0.21150224310807175
-1.7201160674733273 0.6271861270051904 0.30380017655440383
-0.6122146240254693 0.6766714864070611 -0.29391210181168503
-0.6206650511531251 0.6383874002621255 0.22850592034407669
-0.5696639139780189 0.35967549995086934 0.7403839339549165
0.49654597204782647 0.6726307399365599 -0.3780438194935698
0.5019811576238737 0.610456795437603 0.14594585793562942
1.6996726834828593 0.732501274488607 -0.4622437248890776
1.7537866836105707 0.5064905509523516 0.050718139582357935
-1.6364562799167999 -0.4053050916993577 0.7555983771617036
-1.858610845742433 0.6819250127604626 -0.21240108115128464
-1.8576890675279003 0.6571758249455044 0.3073516597087007
-0.749055311148652 0.692695954878431 -0.2904416809742827
-0.7555395314413715 0.6447386466807572 0.2305243720347505
-0.7076418473709793 0.3756344374628018 0.7425859679514986
0.3632111797216595 0.6651603995618167 -0.37643163306168503
0.362439220269934 0.6271650633181363 0.14930946724959426
1.5725155778074509 0.6966709489098957 -0.46304433447770066
1.598927630606454 0.5664127829169558 0.058471034937582544
-1.9671361703707788 0.5556627897894817 -0.22326724631241746
-1.9833229078316776 0.6239305940034843 0.305638622217856
-0.8773792819962267 0.6702740787366448 -0.29083125693253464
-0.8923498446064144 0.6613325358827336 0.23336465256758743
-0.843330328918455 0.3823300986299607 0.7441008796031099
0.226406745006571 0.6726774271361631 -0.37335412604264206
0.22312167713960207 0.6444092491121207 0.1526711692149263
1.4531984011394457 0.6325113159080029 -0.4668351898854155
1.4472665259540207 0.6173657744298229 0.06536800759383254
-2.091385066723902 0.5130188621962883 -0.22607486349991746
-2.0713338401463375 0.38013431274270637 0.2865050544077974
-1.0067901767195906 0.6531808288947918 -0.29074208838395066
-1.025884595906291 0.6637983427909866 0.234964679651938
-0.9788767613998317 0.3895304455820128 0.7456134070689302
0.09091872190104766 0.6758742796532733 -0.3707682381337065
0.08519896368878221 0.6573287191044841 0.15561039345809036
0.1543556557403889 0.325756323091392 0.6586137522990327
1.2916110189703716 0.7223660064514821 -0.4547063599293608
1.3052663246556904 0.6352815489687824 0.06926615136214309
-2.183143540518003 0.2844613411626078 -0.2469259987538237
-2.1377081869800065 0.003951048128033818 0.2564171065623384
-1.1281892867313843 0.5975290690391173 -0.2945162544911284
-1.157305814488879 0.6569880493498133 0.23573596375533157
-1.111272745101914 0.38256356272925096 0.7460959662730318
-0.04443424719380573 0.6795639754852179 -0.3681861649220366
-0.0525302809967485 0.670769196572321 0.1585467566783052
-0.005131604795451494 0.4263893238065517 0.6672335376078706
1.1747740631393242 0.6495136221013755 -0.45950143439225144
1.1609248848841958 0.663367316595636 0.07401878731795364
-2.229162920876263 -0.21867510921160616 -0.2943798790638823
-1.2715980224912045 0.64964463740327 -0.2876812706654448
-1.2896650361898878 0.6555400686481843 0.2369168509776216
-1.2416495064456399 0.3662878134145444 0.745889972620688
-0.17740461987409617 0.6740607134045575 -0.3665863762562651
-0.18780348134373526 0.675022483869272 0.1606391181285005
-0.1333909735534462 0.39648158931812105 0.666375230723105
1.029448722829244 0.6828548747744243 -0.4533492813771147
1.043727991791755 0.5908749931874819 0.06977350609847122
-1.4164946630657766 0.712066355549954 -0.2798821221058745
-1.4248501109817227 0.6692373956687323 0.23933393853255325
-1.369142612335196 0.33580090089318126 0.7446521033579927
-0.3114174917864574 0.6738905568443343 -0.36450069052628464
-0.31850379183704547 0.6603312955458822 0.16104538338728958
-0.27729238672392853 0.43510851294346686 0.6704295386607271
2.08400485889031 0.24950161918672542 -0.04438130957535691
0.9021205486042589 0.6493644515453045 -0.4541708718006987
0.8769735190078762 0.7067564537049549 0.08223326104231887
-1.5475204759694918 0.7066494243906103 -0.27884070975235886
-1.55699420325395 0.6687485941514648 0.24050862687178665
-1.4710665697650285 0.17351022654179005 0.7341566790873628
-0.4464230999470544 0.6790732636571555 -0.3619267235463042
-0.45576412139583056 0.6752937457509578 0.16397364037581497
-0.4120705399701592 0.4353486103434303 0.6716714610392671
1.8491848741214483 0.6163953207460331 -0.5438186417286772
1.864360372464489 0.5283625424832739 -0.016379524297036596
0.7647292028305515 0.6548664176048327 -0.451011825627603
0.7522010378204556 0.6641268850495639 0.08055097954817825
-1.6775656392921832 0.6968181923867629 -0.2782856713002104
-1.6881183141788085 0.6638517504568942 0.24126679795332961
-1.574037573815687 0.0114939554933855 0.7236498107249361
-0.5802153813591673 0.6798860939527938 -0.35984628302506394
-0.5895863464152882 0.6761598979238439 0.16563589470931106
-0.5424487772543642 0.4165989486761248 0.6715048064524751
1.7026079703869215 0.647062260984427 -0.53753392798356
1.7419077113855082 0.47277030323015623 -0.018927742070474096
0.627486901178429 0.660884911919327 -0.4478551636402983
0.6149701492367967 0.6702271108646887 0.08315069573470169
-1.8048363679576056 0.6727739565220645 -0.2791830788319487
-1.8173583788545784 0.6496189807221011 0.24119503396102004
-1.684471748137156 -0.11592999375202595 0.7155326117808443
-0.7149577538224889 0.686051173964616 -0.3572785149281401
-0.7243636326319347 0.682388608299016 0.1677168120677095
-0.6802663771378548 0.43243614774032046 0.6737950553233247
1.5724715428417113 0.6208105416948779 -0.5373245964711089
1.5829620404935412 0.5471325727947303 -0.009691883153237768
0.4904054861179219 0.6674129394333423 -0.44470231635025925
0.48516059154898983 0.6478385551831867 0.08317501442977004
-1.9312840195701995 0.6442733270652212 -0.2805682907765288
-1.9493130509148244 0.6505555103198493 0.24236018555708938
-1.7479913971597938 -0.5031198343371983 0.6892231215769868
-0.8453903481324261 0.6732465597484083 -0.35667722327164597
-0.8579567381117386 0.6842376245963937 0.16937334435530715
-0.8189191407414 0.4536683029252053 0.676434348993979
1.4330024892556281 0.6285928320907317 -0.5335766564076323
1.440561894037529 0.5645251925337949 -0.00569741827897019
0.3582521741220148 0.655138109725943 -0.4435459862416167
0.3493433708031546 0.6500932253872644 0.08533985512801223
0.4023537464128424 0.4213736435407327 0.5963979472453218
-2.044580603213248 0.5427337895262649 -0.2892047653859038
-0.9706965919989159 0.6365638186236158 -0.35853355032853074
-0.9924655730223861 0.6914554577632686 0.17144853966780715
-0.9511750403449355 0.44612101567497753 0.6769610156352144
1.292407302758761 0.6417060191587112 -0.5293242226307768
1.2971007790180522 0.5872716574968866 -0.0012680779164213618
0.22024306506202151 0.6675077329014467 -0.4398996124928374
0.21011516788576046 0.6673804857798746 0.08878881829329544
0.2517039903209053 0.48213956984679207 0.6023805846507173
-2.1411515024310432 0.34350788742584903 -0.3075167427723784
-2.1124425485390645 0.08451411321561864 0.19668085473128372
-1.1173301451054698 0.7026583030613587 -0.35008351904801316
-1.1258226866384575 0.6942906516158001 0.17309958832808547
-1.0874217674237343 0.45860347753350794 0.6788917292887788
1.1558965259342386 0.6409371150813854 -0.5265938530629057
1.1526283356875808 0.615383196497211 0.0035961379344087163
0.08591400313646602 0.6658765338771406 -0.4377519379322905
0.07344560324247595 0.6754961413039311 0.091377090388022
0.10855717389409847 0.5143967725483609 0.6062057723338228
-2.1845967825770316 -0.16938560356786425 -0.35678069693497605
-1.2465599653501869 0.6864104096550641 -0.3499824295704741
-1.2580727490664145 0.6927216688546736 0.1743252982432466
-1.2215073464422517 0.4617989168996459 0.6801157702738863
1.0195005543422866 0.6406767011451127 -0.5238663445179839
1.0212193722075398 0.595907892881824 0.004087280207357935
-0.04946774377589236 0.6695819992666809 -0.435109783238687
-0.06649798801642248 0.6986765394721743 0.09525043862410598
-0.02511012633904386 0.5083626860644088 0.6071513404185396
-1.3836052784032375 0.7096753580323298 -0.3459555397694487
-1.3931692815574337 0.7062880535237337 0.1768134345347505
-1.3545011529047741 0.4605955179922372 0.6809850444132906
0.8895150756279122 0.616852383131107 -0.523676563329019
0.8734405661833478 0.6395640711051431 0.010258983545980982
2.2007883934148538 0.47775874964884935 -0.639727760381021
2.216497878558414 0.4137922204934874 -0.10016887289933152
-0.18359302781726683 0.6689510906397889 -0.43296830756119675
-0.1994090868224987 0.6932611448279786 0.09654552834578567
-0.16096452867923006 0.5125390287006599 0.6088135947520357
-1.5156119245104094 0.7090156687403493 -0.3443872223561186
-1.525204091825259 0.7056867789863688 0.1780341376597505
-1.4845429488664905 0.4451885030665981 0.6807940711314302
0.7520356169549984 0.6223965649860475 -0.5204488526051421
0.7298090638066128 0.6693218977000708 0.015116523676596216
2.028087031576476 0.592983604773563 -0.6240302811329741
2.0379178865582617 0.5482806249643897 -0.08494393927506394
-0.31872338150240864 0.6736459242837753 -0.43033092123917527
-0.3300371151816819 0.6786132765659598 0.09697849648543411
-0.27893161330962357 0.43940432851261235 0.6047147025401216
-1.6475397837207169 0.7088513385981461 -0.3428227196400542
-1.6562223569077617 0.700675805556374 0.17882902520247512
-1.612726408428685 0.4204374012554446 0.67989451783248
0.6122557855592419 0.6381050333946501 -0.5162107239430327
0.5938473390508108 0.6706641449431938 0.01734812157698684
1.8756276308509285 0.642052538646988 -0.6155478249256987
1.8893936674446508 0.5830567240724225 -0.07906453711441941
-0.45371843571415127 0.6788506593213981 -0.427696395940103
-0.46613161123642044 0.6887509886602761 0.0995553244883638
-0.43664569023788147 0.541849348930235 0.6135693301493745
-1.7710738375373438 0.6651375985054937 -0.34568469626358933
-1.7853411743776775 0.686332096785442 0.17877633469649368
-1.7400731690212723 0.3912280036740654 0.6786382903391939
0.4751171830578613 0.6446901871420696 -0.5129892121022124
0.4628390590150815 0.6531861086919761 0.017827342920980982
1.7440702340586114 0.6199689444818741 -0.6147991905873198
1.7357894805380738 0.6375830789564461 -0.07140510184220261
-0.5875018198927364 0.6796889540038755 -0.42556541068009324
-0.5988255550714854 0.6847912369325648 0.10084040062972122
-0.5720227711432955 0.5475390125329458 0.6152232398326021
-1.898450779922868 0.6414190616459887 -0.34658591849259324
-1.9153776234565214 0.677343582967243 0.17914230721541458
-1.8267980034262195 0.14171634378724107 0.6615095843608003
0.34408932974118045 0.6276304420157555 -0.5123054276173491
0.3270588384559119 0.6555221422025657 0.020052265101156763
0.3873124762940705 0.39684733653132476 0.5284188498789888
1.624596650019484 0.5552553536367366 -0.6186963806813139
1.5880826395366228 0.6735536720334245 -0.0655280838673491
-0.7211775166255734 0.6810153673179382 -0.4234363327687163
-0.73356492077437 0.6910467002157912 0.10298235314436965
-0.6892661806915612 0.4708655576388381 0.6107500304514986
-2.009018581498893 0.5251024378556934 -0.3568364868824858
-2.034732295349855 0.609985437457544 0.17443663971968704
-1.865436663367845 -0.38253427544332297 0.6246116866404634
0.20484014165744213 0.6448821749981626 -0.5080754051869292
0.18788291435728866 0.672885427561571 0.023588012629232935
0.24250642996621252 0.433433059707065 0.5327254046733003
1.462279757807508 0.6443305891129985 -0.6060945282643218
1.4726772046867609 0.5948950960678641 -0.07034270865372605
-0.8474607284482829 0.6487656418317904 -0.42480676276139206
-0.8681588012490948 0.6978085059992498 0.10512096779891067
-0.8246571277108927 0.47748869089272183 0.612396549158774
-2.1412399232036563 0.5267150322549377 -0.35528819662980027
-1.9276880336268931 -0.7939886216903034 0.5958007087046724
0.06929174041174235 0.6481515551121522 -0.5053698311512846
0.05125212934738954 0.6810875392695088 0.026245902949057154
0.11891002576469134 0.3832521601054939 0.5304008235270601
1.3321949351659157 0.6189380324310427 -0.6058723221485991
1.3240107011690299 0.6367384557274001 -0.06402604681900925
-0.9820676780740172 0.6559234650526058 -0.4221841583912749
-1.0005639216358873 0.6953050720523688 0.10639650719710403
-0.9588792953568372 0.47972893936951344 0.6136794795329195
-2.2408913196970843 0.3424862538239406 -0.3724428902333159
-2.186596440624953 -0.029241761045550874 0.12148029702254348
-0.06385179073186009 0.6422344814434879 -0.5036818276112456
-0.08521445564021235 0.6897923118528944 0.028899978571615748
-0.03915927291726007 0.47915233964886284 0.5391233672434907
1.1813324935151286 0.6708520431496598 -0.5973989258473296
1.183541303255197 0.6502934346051639 -0.06038348776749558
-1.1205520006203642 0.6830513953138428 -0.4175674210255522
-1.1389355256993952 0.7225593423968206 0.11025078194685989
-1.1060892027255562 0.5459647980090256 0.6196473349864107
-0.19467954652353114 0.627104937472355 -0.5030128250782866
-0.2215150611588257 0.6990048381891008 0.03155214684554153
-0.1762227060914796 0.48823423156940393 0.5412138213450532
1.0526857600397506 0.6416511149821922 -0.5977007637684721
1.0522449352102257 0.6306987856456114 -0.05986421210221238
-1.2547983362219668 0.691200427443297 -0.41495006186417527
-1.2710808465509302 0.7210366249336122 0.11152107613631301
-1.2368889120255915 0.5345628124514814 0.6198433150584322
-0.33104464089231556 0.6366971595553412 -0.4998084793751616
-0.35322191438881134 0.6892998872757641 0.03244907754012161
-0.3108986954365207 0.48810432805182735 0.5425642241770845
0.9163873513463017 0.6417680648966222 -0.5949084053700346
0.9045068106810845 0.674217885581605 -0.05355231863907761
-1.390845451322491 0.7096106328949716 -0.4113361130421538
-1.403150939399012 0.7199990808654366 0.11278803246565872
-1.369631203795123 0.5334086852860214 0.6207578887278657
-0.4661483022441075 0.6419426991357948 -0.49711434943131394
-0.485983232052277 0.6849265078989113 0.03378040688582473
-0.4323936529551844 0.43006020340532025 0.5394867171580415
0.7764736929372162 0.656831823996459 -0.590571094579019
0.7684145723425928 0.6749085511918906 -0.05125587088517136
-1.52189132906544 0.7041035639269708 -0.4102250824635405
-1.5351324277895912 0.7194277499354147 0.114051650934897
-1.496546359281865 0.5033655888510928 0.6195033301646333
-0.6000419502780829 0.6428252345231371 -0.49493186575821824
-0.6208206515791659 0.6907704911738151 0.03598530190535598
-0.5831671546860093 0.5039244029723733 0.5463624705607515
0.6416938163893917 0.6531580126371637 -0.5883023033802885
0.633667768893929 0.671280330266157 -0.049408603734292456
0.6837130963178595 0.4347533677312434 0.4612506141001802
-1.6528894681012076 0.6990684146313502 -0.40911738974503464
-1.666094057564166 0.7144398477886877 0.11488182442732864
-1.623586504490305 0.4737661867204199 0.618244241648398
-0.7338262541509692 0.6441924523800253 -0.49275271994522996
-0.7555179242180117 0.697105538316853 0.038187812739096216
-0.7153720652575544 0.4955335384168862 0.5469661464030366
0.5069994763311456 0.6499743448188955 -0.5860363732045073
0.49779992541185436 0.6729812265658488 -0.04711787802628464
0.5336592604918735 0.48950503178719984 0.46719152825423294
-1.7727685170458045 0.6358194260928993 -0.41401593787125535
-1.796080253366469 0.7050308952047608 0.11527759926863723
-1.7064674618310391 0.20930784006316472 0.5996428241068941
-0.864392551793685 0.6314631270583781 -0.4921004067128081
-0.8900714910754033 0.70394183508275 0.04038698571272903
-0.8506507847195337 0.5022488955963667 0.5486734618479829
0.374787135923782 0.637628705753837 -0.5848066101735014
0.36085890270213383 0.6800173760268002 -0.04438417059830613
-1.8984332831243051 0.6023221283249178 -0.415918994969644
-1.9260478564732324 0.6960840447325971 0.1156695594126802
-1.7766284736089517 -0.13348766575239424 0.5752440203959566
-0.9959742275663075 0.6240545738616099 -0.4909435997670073
-1.0203927775223178 0.691758367966548 0.04082853692122512
-0.9857910140088109 0.5094587528060153 0.55037791626998
0.23553113672345205 0.6547628116312953 -0.5804797897999663
0.22289955662596128 0.6924067570549131 -0.041207004613198706
-2.009156141393561 0.48601967890076914 -0.4263355026905913
-1.8233335892352898 -0.6185920688459952 0.5403431166941743
-1.1425759960949335 0.6902236720131611 -0.48216455084732956
-1.1617585457253483 0.7337252969196602 0.04609424965926223
-1.1147566252480487 0.48785824243861775 0.549863885813437
0.10347281121643448 0.6433977051110435 -0.5792567024891753
0.08629748790968961 0.7004702564915704 -0.038478542393960424
0.11553064380441924 0.5361216383033334 0.47558600800581985
-2.1014445750925717 0.2622504472913505 -0.4477755318348784
-2.0744827212118935 0.05163271287925042 0.061255763941488794
-1.2738138704594917 0.6838236312665842 -0.481012989110269
-1.293848274327459 0.7322717320987753 0.047406982355795435
-1.2398221592119256 0.44715402815658045 0.5478673686320406
-0.031988458348251925 0.6470309498903397 -0.5764867554371733
-0.04899350753714771 0.704198302238888 -0.03619926077774949
-0.018063576698878592 0.5300677324428857 0.4766197909648042
-1.4098583469937012 0.7022986328714556 -0.4773213158314604
-1.4248905322859002 0.726423378823247 0.04827864068099075
-1.375763680260789 0.4606899180345163 0.5499315966899019
-0.16844933648522442 0.6560137446120144 -0.5732023010914702
-0.18414779225797417 0.7084157551390025 -0.03392331702164597
-0.15497637119288754 0.5390655609667192 0.4787820090586763
-1.5399618029724422 0.6919734529704229 -0.47668426138810105
-1.5558850515371603 0.7210469452201025 0.04914600747176223
-1.5124720099831137 0.47962831122156047 0.5523629893595796
-0.3047391422758352 0.6655025136398063 -0.5699202309315581
-0.31695537616856484 0.7034356481746347 -0.03254382712296433
-0.2861678686021065 0.5242688341039905 0.4790545214945894
-1.6728608002405707 0.6967658460325303 -0.4745251427357573
-1.6868267392038803 0.7161406518426343 0.0500105132395845
-1.647090982853797 0.4892704780124575 0.5540519465739351
-0.4441409229333999 0.6900536934156989 -0.565088916844644
-0.4496879775384315 0.6989236565264942 -0.031167675084390112
-0.42501980877077017 0.5439904905111881 0.48196537392684036
-1.7854107564528192 0.5944682660959089 -0.48356597525528855
-1.816798331238445 0.7067980293958591 0.05043203728743606
-1.7686759560825465 0.4307806344686451 0.5505600680644136
-0.5757374498349037 0.6811388136751173 -0.5638820419972319
-0.5834303732353305 0.699764773714147 -0.029347587651528784
-0.5614739966241444 0.5545053216262623 0.48411900895186477
-1.9175429431491011 0.5952810941767588 -0.481923748082437
-1.9467494283993574 0.6979311309776186 0.050849746638022
-1.886069705550753 0.34816507767638605 0.5452113856608491
-0.7062352091249551 0.6678369381310585 -0.5631963501637358
-0.7191891675198008 0.7108223944339525 -0.026636291569985815
-0.6903349297092376 0.5314052955152402 0.48362643616744094
-2.025678024409771 0.4643622605212432 -0.49403445822647996
-2.0465834200666677 0.522829529607467 0.03631288903304153
-1.9596791902960007 0.020523838973204533 0.5213473548228365
-0.8273444557939911 0.6112238508174084 -0.5671726952259917
-0.852681949436203 0.7126477869986818 -0.024821926183022924
-0.8276022524250806 0.5477788415780989 0.4861520041758638
-2.1320425821442797 0.3190640160326641 -0.507682968205728
-2.1510381611278007 0.36761489347371423 0.02352316277571731
-2.0111771085643255 -0.44455633634141023 0.487096141749106
-0.9784942022388208 0.6961715684844716 -0.556140113896646
-0.9840148718135282 0.7052151803512583 -0.02390592200211472
-0.9615871409516785 0.5500276187779001 0.4875410308177095
-2.2207510852675227 0.006516068148354037 -0.007756401128091284
-2.095631619989831 -0.7377408543228725 0.4657822360331636
-1.11584613257439 0.718403583083175 -0.5518385658924956
-1.1334800463854435 0.7860541076592007 -0.014937091893472143
-1.0732487917086928 0.4453166876185186 0.4806118716532808
-1.2499733070870889 0.7265338388946034 -0.549092937535562
-1.2624344215343228 0.7698585539627771 -0.01492135626725144
-1.1974617965706784 0.39959432893352265 0.47821147339888626
-1.3781080413451576 0.7058802348906958 -0.549459148473062
-1.388484401525389 0.7394703063910875 -0.016252685612954565
-1.3472503369861073 0.4814377198219475 0.48563988106795364
-1.5082063432390385 0.6954389618686712 -0.548792530125894
-1.5184917064910053 0.7290686718056492 -0.015796829289712377
-1.49350670796602 0.5492005207118904 0.4919336547190767
-1.6373530188321581 0.680582099480926 -0.5486485253041167
-1.6484837321917212 0.719136011656051 -0.015344787663735815
-1.6222623429121512 0.5293867518137674 0.4914158095652681
-1.7526619464979234 0.5928607132061092 -0.5562865029042143
-1.7793814242999275 0.7145600804431389 -0.014447856969155737
-1.7464469356195593 0.485520287556767 0.48900039094039016
-1.6717924144440133 -0.5558737638021611 -0.6764723549549956
-1.9056855550191045 0.6859550160801096 -0.01579587561539597
-1.8382030049197482 0.2655481345645878 0.47294599907942825
-1.9947259722943613 0.45195326433620764 -0.03598134619645066
-1.9100576069534867 -0.07198679237821537 0.44778568642684036
-2.0661115440635314 0.11025708585863825 -0.06604879004410691
-1.9457850808702233 -0.6254904872095182 0.40593154328414016
-2.0678942600099077 -0.643577717382442 -0.13382260901383347
0.6155933282382335 0.7673635439883242 -0.17863862616471238
-0.8185003604645402 0.8203316520161259 -0.09496657950333542
1.300181522594258 0.7108967071187919 -0.34855334860733933
-0.10021805732111488 0.7523035650203003 -0.2645465622609038
-1.0677602552893433 0.4508765709741809 0.7933526744181734
1.0639909806733385 0.6946643577716625 -0.4638773689930815
-0.306809278996127 0.7316238649691975 -0.3793451080983061
0.919753583741425 0.7509668266290799 -0.5832473526661772
-0.6847599634160275 0.8391523640742573 -0.4809180985157866
-0.12367261329838186 0.7033381347144445 0.49866969483443313
-1.2214297307941564 0.6882019653171287 0.5526178588206392
1.0877305744904078 0.5291492933717148 -0.7262245903675932
-0.000573221575223215 0.4801855291575077 0.36286647217818313
1.1978321412393882 0.5833052342956702 -0.8621513138478178
1.1573285575065597 0.3279587906393253 -0.8631688843434233
