1.947077885962251 -0.33952649541791624 -0.6122550240223532
0.8986969531970024 -0.5996409430197005 0.2933841475779886
1.5143915471384266 -0.6646487161055017 -0.766943382329238
-1.1241853876209675 0.8259225829756418 0.2077713736827249
1.3898799149853032 -0.16414418500793237 0.20277745812486359
-1.7261767778966415 0.7978653896842132 0.1766887435252542
1.9890643384972322 -0.3317405598126868 -0.850009845799697
1.5518415112453667 -0.5580624076507421 0.08493812172959991
-0.9310460950643233 0.8129101978698605 0.09385831444810577
-1.4837502638193834 0.8084212567270441 0.06471068947862335
-1.8945822529355811 0.8794085833354015 0.043902946406113585
1.7207550606340491 -0.4786451775745393 -0.025541233128798524
-0.9485841019363073 0.8722783484639809 -0.029972480839980165
-1.4967561263880822 0.8705160684553763 -0.05971615225721649
-0.7736863673718202 -0.1491523113955302 0.847213340693223
-0.845020826758129 0.09331614105066999 0.8460145720775003
-1.2299581337307068 0.1719215915962784 0.8300679454142923
1.8957545828166427 -0.45074998140434097 -0.13588325888563446
1.7442250851370371 -0.26017068566010604 -0.1413668862049704
-0.025520210809432342 0.7160175791663952 0.7515264281566019
-0.44086032053147006 0.7895254732581316 0.7335677871043558
1.9649692465520407 -0.509257334504166 -0.253273891515029
-1.0297971786429945 0.7766761089177256 0.7070856818492288
-1.4970911739211936 0.8021869762005975 0.6863363513285989
0.5512550247512076 -0.7088364227960327 0.6421364077861185
0.31885579725071267 0.5656606962485227 0.6438158282573099
-0.12608995498176112 0.6073079868141611 0.6236503848368997
1.8272310980358621 -0.2572186643537062 -0.3773407211964255
-1.0262042682584638 0.6941797367110509 0.5827766188914651
-1.783933873204734 0.5850821641853758 0.5466502436931009
0.31054085601005044 0.8623849777367507 0.5245967635447855
2.0072420673614095 -0.7077998992422749 -0.495214866704238
-0.20492607270198615 0.8685535291589614 0.5000096091563577
2.0596213252464555 -0.40318424224292837 -0.4862789383595114
0.9012524893048699 -0.740550431942486 0.4137912520701761
-1.1311754941345291 0.9449635983170692 0.45637471764634796
-1.9070498866797174 0.8297127086456118 0.41801078408311554
-1.0585960524893365 0.7172838696155117 0.33377034752916046
-1.8207264190023698 0.606400265323237 0.2948671111400003
