0.02172500408718747 0.27844097526399736 0.687721241955682
0.03310104733434116 0.46403311914180634 0.6725110902833187
0.03592665710215215 0.5267155048352343 0.6670651330994808
0.9182188923414003 -0.07811764562228873 0.19367073917858235
0.9411194878148166 -0.02908006465997559 0.19378708744518391
1.13207377970663 0.29894224188999274 0.20247315311901204
1.1519806882729569 0.3494041268850978 0.20124863529674641
1.1376859433694904 0.4173349869503653 0.18944071674816243
1.1794749237182316 0.45677855947037926 0.19482468510143391
1.2085248830423723 0.5026849936296678 0.19623755360118977
1.233449485670846 0.5507065773969515 0.19632672214977376
1.2244031595034954 0.6166376973698142 0.185833920483514
1.2113866380516498 0.6849801794640591 0.17401598835460774
2.2514097371640815 -0.1339421403295198 -0.43679095363147624
2.2488352305831825 -0.07657528575678185 -0.4464120969725407
2.238101359479643 -0.014750283630025507 -0.45927001094348796
2.2318349420234114 0.04503052506247229 -0.47051192378528484
1.9908775942657826 0.4772137028854857 -0.15862895106799968
1.799383085987344 0.6897157196182633 -0.16703082179553874
1.3572687121407228 0.8212279161159124 -0.1947951421690739
-0.4830893136547161 0.23449539394944452 0.7492256059693538
-0.8087924093623968 0.4134841228089208 0.7341470613526546
0.2205709581298123 -0.19836658000258467 0.6460957422303402
1.9080187656948908 0.6301770254851391 -0.29247571086414226
0.14037910500742612 0.05788165132286238 0.646400441174432
1.6553902753763623 0.8230185683230289 -0.3059406385374821
0.05158103904683742 0.31126760448471913 0.6460957422303402
1.1850669024007487 0.9466454329704597 -0.3366103277159489
-0.04108102215630538 0.563447021883988 0.6454868211793148
1.610863066840082 0.8786532846620112 -0.4398403272581852
-0.06615552598327668 0.34453236826538713 0.505047787671014
-0.10249884892407124 -0.5464716294147642 0.3497943773316585
1.5806545575863424 0.8560798837872774 -0.5614929304075993
0.3530617143570822 0.4545090363565265 0.39806317234508626
0.37484439871845154 0.742474051363331 0.40514277363292805
0.5047818306045428 -0.7075920411337293 0.24894808674327962
0.6589655917558019 -0.37202477891840857 0.2658033266114437
0.8098686369364287 -0.03943041331313424 0.2823285951661312
0.848587251126574 0.2540687515354385 0.2909216775941097
0.8458036499570056 0.5329952938428875 0.2965402498292171
0.5213785841624201 0.7069566448786517 0.27968453312389485
0.36358056200688793 0.9362015725138342 0.2743968858765804
1.270090785858983 -0.5275172744100836 0.16755007648937337
1.2217625943969068 -0.26362739122579626 0.17026375675670735
1.3587495361121853 0.062461137927726895 0.18620633030407063
1.3930294740673759 0.35259060467211256 0.194686402325555
1.4237091897497436 0.6406235330883305 0.20282696629039876
1.0808013605286106 0.8061480045522416 0.1841707124757015
1.676180831084281 -0.33047361342091364 0.06555556202404134
1.7822677557105635 0.5387929965562464 0.09199713612072102
1.5719462068306882 0.7459532520027778 0.08260344410411946
1.3811850992014456 0.9604596359106665 0.07460163975231282
1.9964151334198448 0.07213906915819379 -0.035959731097296554
1.694954862149629 0.2474963688751508 -0.052364359850958664
1.6730863416015325 0.5174631552730418 -0.04772807216174968
