0.41253755810308235 0.5379904151222954 0.1906864955328631
-0.7246929756449063 0.5192364078426399 0.1465590312384295
1.4565142106665974 -0.5848622510706347 0.05218771242129083
0.32860098788648173 -0.5990182562495461 0.006675036182277161
0.24800834989554943 -0.24408396295227952 0.0035565211676287234
1.4502646365818137 0.5479650243060288 0.05236843370424982
1.3358862444380506 0.8859468203451657 0.04780987047182794
0.4073782430681234 0.9526706345120433 0.010238917102687317
-0.6974228203208455 0.9676626485126993 -0.03450700498593573
-1.8270497783827295 0.9822483423079369 -0.0802938625909162
2.1054528218990853 -0.7349171728347077 -0.09997674680722479
2.0902424090268212 -0.3626513320608531 -0.10018750883115057
2.0528755937673324 0.001080512461475891 -0.10137483335507635
1.9271354688414064 0.33370718591572324 -0.10634204603207831
1.4431886949904538 0.5442692258833093 -0.12651845670712714
0.3109261262721361 0.5391573787700423 -0.17418596006406073
-0.7988289142820548 0.5494567128412076 -0.22093221403134589
-1.9239342338251362 0.5624205016983819 -0.2683608219720197
2.141245596984014 -0.9027417751290603 -0.2769834683038068
2.2631635091826396 -0.5004340370793168 -0.2709514782525373
2.2829851633599034 -0.1357112613988649 -0.2694723293877912
2.2228485511021177 0.2190299954278796 -0.2715356037713361
2.07795025127718 0.5630039936647133 -0.2773587391473127
1.5756783778688828 0.7672698051039681 -0.2990448162652326
0.41998764292291213 0.7555409268930218 -0.3496424839593244
-0.6809697389870593 0.7891869362919355 -0.3978306934930158
-1.895999776494449 0.7741710142849216 -0.4511129543877912
2.328530060277629 -0.5727759273333186 -0.4460508511163068
2.441142463432115 -0.1566069625682145 -0.44000026441586737
2.371480573122412 0.19435190105321887 -0.44239017225278143
2.23696570917042 0.5226372171793932 -0.44780894971860175
0.7639576744560443 0.7749297836508822 -0.5142008946038557
-0.4161987714840336 0.7609118674349844 -0.5678674862481428
2.370629475268231 -0.8608992210730078 -0.6227848217583967
2.4396335256614705 -0.45925775253394363 -0.6183597729302717
2.4301296466545637 -0.08664978586192706 -0.617743222484715
2.4267947609606395 0.287258679093533 -0.6168772862054182
2.3067963343137023 0.6202433339606506 -0.6216451809502912
1.7811638763161852 0.8156324788066174 -0.6458832905389142
-0.606686232616191 0.14040196353488366 0.697745115985744
0.6259136363880984 0.8030370326247089 -0.7003051922417951
-1.1159330720258183 0.3540960329834162 0.6800673320196795
-0.48792548668103564 0.812265410000875 -0.7527692005730939
-1.76724277758845 0.5239415156624041 0.657647402515285
2.3663291471719248 -0.9012796747824758 -0.7833158657647443
2.477519955447356 -0.4844963640319149 -0.7764789745904279
2.453786312571964 -0.11693396100420017 -0.7763836071587873
0.8327863644077524 -0.41921058897370855 0.5674240901373553
2.3748400832268928 0.2306995886884824 -0.7790734455682111
0.8095111746687849 -0.04651488376281954 0.5661027743719744
2.2877002074329695 0.5752308346661561 -0.7822153256036115
0.7545202392025487 0.3146355465760813 0.5636456324957537
1.3600497576420096 0.6340048102951403 -0.8270570919610334
0.45461665719547995 0.5927753302001442 0.5525949313543963
0.27064476525744396 0.6447825509092038 -0.8799373791314435
-0.5699098312811586 0.6309753920798329 0.5161660029791522
-1.6238402816070092 0.6665493005906855 0.4786684825323748
2.2893793601253805 -0.6283443238270419 -0.9818842098809553
2.4205666516826696 -0.2052949479468582 -0.9735843823052717
2.4167613640125296 0.16878006427559988 -0.9723078892327619
0.9486353897748714 -0.3230268503214182 0.39156320833193536
2.357742883339391 0.5229553312577648 -0.9739319965936017
0.43430477602900197 -0.1199362997636566 0.37233618043886896
2.2527505898488656 0.8610343474084576 -0.9779765293694807
1.3301342297173093 0.9237992753543196 -1.0242407009698224
0.8935302994988774 0.7961333876583865 0.3885634257696795
0.2868801339435265 0.9720448259303724 0.3658421351813006
-1.074516144895199 0.9037037719121539 0.3152911975287127
-2.3520213284000633 0.8722677533597993 0.2677882029913592
2.130320432256255 -0.4219784004079603 -1.1672103092767072
0.42979774582939 -0.9840211223322521 0.19169595979677911
2.201138130264866 -0.020404749924588295 -1.161711900005467
0.2628911338985276 -0.658951014703848 0.18520668291079279
2.32918734418125 0.41821719570685545 -1.1531302616692853
1.2421981639286628 0.44052709294579984 0.222896368732326
1.5664710540348707 -0.8622549461220537 0.43168953203188654
1.4575271361803672 -0.7459717231683687 0.42126730226504083
0.9383007770171261 -0.8205177723224768 0.942113430728786
1.182032424401001 -0.6545467058472214 0.3911583735846209
0.9473325752437987 -0.683697531057244 0.9451399161719012
0.9067183100824394 -0.5612682588799824 0.3610489680670428
0.922417397417135 -0.5521579196251016 0.9446356608771014
0.3858944059767353 -0.5019858348932997 0.30198887132632013
0.9127182498621593 -0.41836353153010464 0.9456444098852801
0.9035037505569576 -0.2845676684236862 0.9466533973120379
0.909531652453822 -0.14872694831826472 0.9491751506231951
0.8864691272005985 -0.01699175565894162 0.9486706569098162
0.8589391462382352 0.11419691384320352 0.9476621463202166
1.8963334463940598 -0.8149415636561681 0.3382695033453631
0.8121244877914009 0.2429865358865273 0.9446356608771014
1.8856838038621078 -0.6844396267775794 0.3394620730780291
0.9310937806218575 -0.8273409687447639 0.8737016036413836
1.4940523918837414 0.4560316704465581 0.4450071170233416
0.7657404219946926 0.37204459229015985 0.941608937015407
1.860771501923736 -0.5561929729279775 0.3388660266302752
0.9794275165054955 -0.684472173516645 0.8808849170111346
1.4632343045951757 0.5845974490458667 0.4432695224188494
0.6654768195436631 0.4948014548315758 0.9330339743994402
1.846123165865059 -0.4263733951472135 0.3394620730780291
0.9692608090655312 -0.5508395683177216 0.8819108321570086
1.3934053856452877 0.7086910094619769 0.4369004084967303
0.3531588731491979 0.5932743437856338 0.902769358386867
1.8270206494655028 -0.2972336068344923 0.3394620730780291
0.8955951355056371 -0.426538872468047 0.8762672259710955
1.3239894543504818 0.8332141137388547 0.43053177141176935
-0.6459524912754802 0.6157070003717955 0.8023908450506854
1.808365067308344 -0.16803382555659052 0.3394620730780291
0.9848208481711822 -0.27866623327270545 0.8875549151800799
-0.7787953747323542 0.733596113295774 0.1856057956122088
-1.541534713380699 0.6565025475145454 0.7126047923468279
1.7950758126200483 -0.03808375569659894 0.340058119525783
0.9908666079936026 -0.14310672479926456 0.8901205375097918
-2.117279358583673 0.7304218857545601 0.03042820238100763
1.7724118779795646 0.09056132148370644 0.3394620730780291
0.9776874852095006 -0.010320712775751417 0.8906338527105975
2.303718800797128 -0.8531988521002063 0.18933132432924982
1.7501901380062534 0.2193019126503737 0.3388660266302752
0.9649669657996895 0.12249310261786484 0.8911466910742449
2.3174166843952335 -0.720182248286835 0.19368770860659357
1.713639777743154 0.3462416545582574 0.336480410327785
0.9428553577305578 0.25406963594805365 0.8906338527105975
2.282578872988225 -0.5949843110937998 0.19182089113222833
1.7021613285790025 0.47645223652562496 0.3370769336126971
0.9014543326017304 0.3832826428406042 0.8880682303808856
2.2874086822939574 -0.46362921489653885 0.19493273042666193
1.6763514793890124 0.6048874075763857 0.33588388704287286
0.9296203036260806 0.5210876897121421 0.8926861598395037
2.2828882958630743 -0.3338424375374709 0.19679954790102716
0.6916095821174082 -0.5640395388586636 0.785422117938869
1.650989114629077 0.7334521353659635 0.33469131731020685
0.4988988673240229 0.6046658187068878 0.8495860412024188
2.2739253814444993 -0.20480282193624166 0.19804409288393732
0.347241048986092 -0.4780288936184478 0.7509854152105975
2.2605005204527657 -0.07646615426069925 0.1986663653753924
2.242615599602665 0.051220971983809704 0.1986663653753924
-1.8744025103583368 -0.5107143806821215 1.0984461619757342
2.230095029603561 0.17963328679468393 0.19928911470400568
-1.844429629158853 -0.36195340747194926 1.1029689624212908
2.203265847654741 0.30613624772516435 0.19804409288393732
-1.8583527780890208 -0.21928822368874812 1.1034214808844256
2.1670271185972467 0.43150802636641394 0.1955545260809588
-1.8816499501019308 -0.0778515925958132 1.1029689624212908
2.1755341960276127 0.5625724881140002 0.1986663653753924
0.6827770635244335 0.384161208527515 0.7979452922247576
-1.9588149272820914 0.05694876321893272 1.0975413634680438
2.1352510174849684 0.6875864065428674 0.1955545260809588
0.9972909723902532 0.5571555588610444 0.8329038932226824
-2.040477763471401 0.19163002463509837 1.0916617228888201
2.378596095372295 -0.6560577699113628 -0.5840017483331037
2.192928283893451 0.520352110191574 -0.12716695524228339
0.30656029180348554 0.28401377690883134 0.6890175654791522
2.363577761149763 -0.5280230789919615 -0.5832755253411603
-0.7208322465662604 -0.4337138823566642 1.062711746921413
-0.7399476566524754 -0.29561811247990555 1.062711746921413
-0.7585795248737455 -0.1574557751864658 1.062711746921413
-0.7915419000995954 -0.021147693646456744 1.0613029315375018
-0.8684810580400253 0.10972506878450083 1.0556667163275408
-0.974633445359153 0.23744335518315118 1.0472123935125994
-1.1100387251343236 0.3623151688295003 1.0359404399298358
-1.2499986321395227 0.4875010165472 1.024198563327663
-1.5181942002240874 0.5992249887069239 1.0002451255224871
