2.009367343531668 -0.6003251575870125 -0.17772299201608277
1.8946388775742662 -0.4921358367996085 -0.18715149314523316
0.6134994357914145 -0.9034373196623369 0.25659030525564575
1.9785552857148652 -0.31797427361996 -0.17425972373605347
0.7718273325103198 -0.6999141856464046 0.2749122962224426
2.297282690596159 -0.08371106635912895 -0.7330766335260925
2.0868486910205526 -0.13686216965140385 -0.1586981430780945
2.222056981223112 0.036414229337943915 -0.73875624091745
2.053955048980754 -0.0023278712273873126 -0.15907722861886597
-0.15064764255278362 -0.6956088955161039 0.19069331734060668
2.1424867550134685 0.15541197352593894 -0.7450423851740418
2.087885304709552 0.15337160509689074 -0.15200382621408082
-0.28985836928799813 -0.5864351281589091 0.17993539421438598
2.0180807888411856 0.2759243391617794 -0.15663153083444215
-0.29103004047091474 -0.43324892824598216 0.18256801216482543
1.896430372588398 0.38261776072788223 -0.16711479575753785
-0.31064281105967595 -0.2861028214909398 0.18335860817312621
1.8083497043975036 0.5002120193577415 -0.17387300880075074
-0.3582840689707574 -0.14770870598196773 0.18138021080374145
2.0891440651883 -0.5805761027578482 -0.23891073615670777
1.7301491108725884 0.6211588095928384 -0.17956692130685425
0.03779795470612157 0.12475584054101763 0.22241014091848754
2.1301258879180622 -0.42078317747661576 -0.23064714820504761
1.6523248511821187 0.7425101818078232 -0.18526035697579957
0.13471566019605774 0.3046565093697353 0.23433202354788207
2.195368340729292 -0.2536507181445087 -0.2196732178461609
1.3555308018142895 0.7995873397304845 -0.2154775276911316
0.07001257937215044 0.43591427933066207 0.23053258507131957
2.176237832847228 -0.11483810370367298 -0.21841484458566285
1.0701242600051621 -0.46732232251552297 0.22791999428152465
0.9393365438184098 0.8238657306588806 -0.2590428009760437
2.0724413877210246 -0.003454927414783704 -0.22688061149240113
0.9744753372323807 -0.3490572056485002 0.22125667183279418
0.4416228415560397 0.8275830351014566 -0.3117018357050476
2.0400213984724154 0.13109982841388046 -0.22723871619821168
-0.17401151276802196 -0.5649697448975974 0.1099771842229309
-0.12827660837058374 0.8143019133458953 -0.3723970070612488
2.1408777569476065 0.30745133769584676 -0.21244865806222535
0.22858401489533975 -0.28543211665763657 0.15276998131155395
-0.818434118177386 0.7713850010251946 -0.44647365958810425
-0.956423556916004 0.7483719007455605 0.1407217368352356
2.0098686601392473 0.4107638125678328 -0.22415644080758668
0.9178930313775737 0.07959991522463472 0.22389644234060668
-1.312866911242505 0.787381772983009 -0.49870258720040894
-1.5188464481812929 0.746297268731281 0.08867734520315551
-0.382539605198005 -0.20078944861182269 0.6865810736882629
2.0359550334584533 0.5629128881722405 -0.21800810248971558
2.068529264295705 -0.5580899084174762 -0.31060892493844605
-0.4585211665944193 -0.07082640552663655 0.6822490081059875
1.9960447354072208 0.6945807029115496 -0.2194314614069519
2.12373955420761 -0.393579345637308 -0.3005428925287781
1.4581953110878203 -0.6072487967806399 0.19042390434622192
1.7184607436984365 0.7552196657104098 -0.2479320183527527
0.5846237535781142 0.42403033365785703 0.1987208708989563
2.28350690754214 -0.19545516248262462 -0.2783914223444519
1.4331049902282942 -0.4673544247766239 0.19086736290335082
1.3311991891357273 0.7853053621315453 -0.2889071121943054
0.5108008436953213 0.5508972743288183 0.193945346759552
2.0944230251915634 -0.11225797872009391 -0.2968502655756531
1.3611813526970842 -0.3428115858048697 0.18651813118338012
0.8339158928401318 0.7859849878931939 -0.3423715248835144
0.580760453252438 0.7198704942636294 0.203344760822052
2.0663522635237115 0.023769387240963447 -0.29664427192330933
1.3275671896104377 -0.20575828472712043 0.18600791542410278
0.2884110315600026 0.7762730376670515 -0.40128857047677613
0.6466438834009942 0.8868427490636002 0.21228355018972778
2.095617666304836 0.177879062644287 -0.28984171302438355
1.2897110566338874 -0.07011868183036984 0.18502181618093871
-0.28631356453854195 0.7620958855190114 -0.4634938851130066
0.08387441081873348 -0.3228588434262383 0.6493777617680969
2.0685909423416113 0.3138013408728373 -0.28962570579171754
1.223826548249285 0.05670491996867355 0.1811575278508606
-0.909469980777871 0.7384021502609066 -0.5311604157221375
-0.8925308399451204 0.7509696794655678 0.06510299293875121
0.08844944457112192 -0.16964548168420102 0.6519793853032532
2.0895237312134682 0.4644639532215127 -0.28390890510202027
1.191645173114999 0.1941401046483362 0.1806563719975891
-1.3607906145649231 0.7665605611863651 -0.57933241279245
0.05072061756442636 -0.029745371954946087 0.6508893355596008
2.0682860567154364 0.6017608823619742 -0.2831340447199402
1.126638921041394 0.321473194743632 0.1767949446904602
1.9286271876000605 -0.6637788738971162 -0.39875942618966675
0.003950965321021016 0.10738717375138762 0.6489800795781555
2.0427851586502115 0.7376264361009319 -0.2829051628840027
1.0763389458371933 0.45342605012271164 0.17437690346121215
1.992826416985615 -0.49549548932955645 -0.38740497977853394
1.6053155547575848 -0.602506010347267 0.1337661132085266
-0.0136961786749481 0.2532495326846558 0.6495413169133606
1.6367594148953195 0.7599404183006584 -0.3266959801447449
1.0217283295400605 0.5841687827146398 0.17148011772512817
2.090770309620993 -0.31690010296495874 -0.3721371308100281
1.773990588037048 -0.39920299379900825 0.1542581900823059
-0.13118790273523473 0.369508140176217 0.6414660796391907
1.2971817621623636 0.804598922765992 -0.3628054276239929
0.8816139164879218 0.6898729327078605 0.15992587654470825
2.1375457863690848 -0.15610689579816395 -0.36298948676705933
1.6124232058271772 -0.30517792536507393 0.14059299080252075
-0.28184752089410736 0.4767000144105058 0.63050645439505
0.8238328029736408 0.8126697786742874 -0.41435295493722535
0.9233892617845889 0.8491475207354622 0.16665404884695434
2.076211967890373 -0.030889349889585915 -0.3666630402338562
1.654730253451845 -0.14457855774087225 0.14792293159841918
-0.5663508506037225 0.546295227056012 0.608010230945343
0.26886876575325047 0.8006237853864473 -0.47529465110421754
0.5830606438995218 0.8983131721634319 0.1348785742986145
2.0416116392516805 0.11024285684423063 -0.3670588150751648
1.6028559507749591 -0.0146045537589794 0.14549058525442504
0.3150610224134667 -0.4088860700252157 0.6016888007390442
-0.5898789257990416 0.7141114457512643 -0.5710592880976257
2.069161463643585 0.2708512982418725 -0.3601942673456726
1.5445835907848071 0.12075389885169763 0.14249890892385864
0.2885967235493645 -0.25837830033896303 0.6017855986821594
-0.9834680907505771 0.7561152642559712 -0.6133423462641296
2.0445033306387757 0.4002524794788247 -0.35987907798410035
1.5031217059598738 0.2541284811246278 0.14104837028860473
0.3124267160977148 -0.09997879138512289 0.6061477050054016
-1.40118881333553 0.7941434846041382 -0.658405841900116
2.0277804597134512 0.539191313239467 -0.3585138932001648
1.4240587130119273 0.3759798218603123 0.1356868132817688
0.29400136065673266 0.044974933776676274 0.6067489966618957
1.9660045951186973 0.6570868429852155 -0.3626609459650574
1.4018077550946018 0.5007165775284292 0.13585275261282348
0.2897905488719914 0.17902620786680412 0.608341155933136
1.9546248776689978 -0.5447421590009744 -0.4631562844049988
1.7949446237443922 -0.5832091755528426 0.08205503075003051
1.6904182035511504 0.711043608777052 -0.3919573441278992
1.277854113514909 0.6021928333446773 0.12567037193655395
0.25534966292364913 0.3113042922210756 0.6073498114812317
2.0262088852765174 -0.3818513444945344 -0.45095640571237183
1.7437603679802294 -0.46046151643833344 0.07967036812185668
1.355638477110169 0.7564658701836517 -0.4280481949579773
1.1311086207853904 0.7121925766791541 0.11338180153250121
0.20294348194715184 0.45323568636704614 0.6049546584355774
2.034938269901179 -0.23311948605184796 -0.4461789742243347
1.78064916014009 -0.30146698544602923 0.08665507881521606
0.8776405603199748 0.7622747835265447 -0.4809365883600769
0.7907648385350257 0.7592230295996423 0.0810765609013977
-1.3525333500297165e-05 0.5438984933423594 0.589213787006134
2.025337558149282 -0.09072309539266588 -0.4436612740290222
1.7613784421550953 -0.1612571652765551 0.0876836165654602
0.3447378529253804 0.7630117553909734 -0.5400815621149597
0.3163832788439791 0.7699430764747746 0.03503078071951293
-0.5140665382453378 0.5463460676439027 0.546186386035675
2.0141759977510816 0.058173575047388404 -0.44120937736154175
1.7926505825472425 0.002219821881787709 0.09411376564382934
0.3440108655290004 -0.44504739452106623 0.5237259253728332
-0.13642346923588988 0.7975983958808239 -0.008667053295379645
-0.9682727023217872 0.5770269991948407 0.5085081443059387
2.0083425106195847 0.20848804494562767 -0.43818575294137574
1.7581774072430676 0.14435163177010768 0.0935892447698059
0.5692529319901887 -0.215298607287278 0.5465401992070618
-1.1539484032691476 0.6394331140222302 -0.7092691078913269
-0.6211277699731532 0.8119928507313379 -0.05575233848214722
2.083057474841695 0.36918952781750747 -0.4259415283930359
1.7378569269478454 0.2762707985126234 0.09420817940115356
0.2433302236521584 -0.17422559961841078 0.5194405898320618
-1.3611613216745546 0.7358270482317621 -0.7303810730707703
-1.4946915096128954 0.7222557100602831 -0.1426029816401062
2.0377355107136985 0.49923821642186184 -0.42793613822579957
1.7254629924700815 0.41775562913613307 0.09575408546804809
0.4531972038808476 0.041285620768348075 0.5406422003972473
1.969092107972937 0.6222245120089926 -0.4327655449640808
1.613633298342016 0.5287865938745053 0.08684819786428832
0.4114421773216108 0.1784569284999158 0.539157806323761
1.7548099943455888 -0.7517716940255275 -0.5616264954340515
1.8531249987669156 -0.7033555419383895 0.014756141589874261
1.9151209490050327 0.7498406086350347 -0.4358921662104187
1.5164122050953033 0.6447493459641969 0.07943433372854614
0.37016663966652175 0.31577268156863525 0.5376762732732239
1.9834909597607222 -0.5275673610376028 -0.5297713890802918
1.9550196003091216 -0.5221044968014921 0.02895110695242309
1.6996548953732038 0.8296248441148268 -0.4583187714350281
1.4147600223393653 0.7598360519971941 0.07152026741384887
0.28638866118362216 0.440506432616667 0.5323380812871399
2.0670892072158615 -0.35353570983670046 -0.5157099381220398
2.0104962041044985 -0.35734247939252395 0.038105903552764886
1.2697676713822403 0.8479150143596321 -0.5063100472223816
1.170208719793365 0.833569882042303 0.04865020363211059
0.2460295880075698 0.5782579267565531 0.5308608397710266
2.080632311155 -0.20341845184376872 -0.5102601662409363
1.957900837224873 -0.22868343399292446 0.03564351646780395
0.8253284601505158 0.879879952416843 0.015295444415801995
0.20136226079198138 0.7147667928514405 0.5289568289983215
2.07586236097249 -0.059664509243541275 -0.507104457927948
2.0051546229819976 -0.06768856524767397 0.04380363075613403
-0.07068151828718428 -0.7303906705495198 0.41044419853567504
-0.3219456567791177 0.7150385821598899 0.4841217383611145
2.062172953685259 0.08094935976561235 -0.505092681957489
1.9345995546207782 0.055006925342359736 0.03932517616629028
-0.18630149137510088 -0.6140917556128347 0.40237563698171996
-0.8793106964769493 0.7093926708087857 0.43624633400320434
2.0774284769109066 0.230486829029382 -0.4996243134272156
1.8976450453000169 0.18851821826017723 0.038389621661895745
-0.30158887526620504 -0.49713853259482566 0.39430469124197387
-0.713466926608735 0.8927455829892867 -0.13730389030099488
-1.283566091093821 0.750085839325541 0.40208619682669067
2.0411076383637727 0.3634984879899257 -0.5004807129633484
1.8564148113476726 0.32066168349835245 0.03695100395559692
0.31585264697035953 -0.15149857358716545 0.453494964526886
-1.4336036721508059 0.8474386452478022 -0.20970779807687379
1.3136196206931636 -0.8787636556300633 -0.6865187302362976
1.8343297240722691 -0.687447777458182 -0.05719095618844605
2.0005087486326687 0.4951564741403143 -0.5019097939264832
1.8204040770116805 0.45441284902429047 0.03602164833425903
-0.8311149939751132 -0.35352491895064997 0.3506264075505676
1.240444300931582 -0.7540024936726368 -0.6915045395624695
1.7145746452476303 -0.5802914982703644 -0.06687933356881715
1.870085802748509 0.5994843519228059 -0.514280857158905
1.7753442519470823 0.5853779363908433 0.034081874774688714
0.15523367121105736 0.10079867136325493 0.443515716480011
1.162953078849288 -0.6304491547925695 -0.6970735207331238
1.873747571222431 -0.3804318918331697 -0.046240390850311286
1.630528761046019 0.6717069274705327 -0.539908470226532
1.6211559913973623 0.6836333231189204 0.020488201068634027
0.11368773884267824 0.23901051859853872 0.4420241698491516
1.062254095679485 -0.5142229449920412 -0.7055616989862976
1.91092286868545 -0.2219584601031972 -0.03895384223580933
1.3529294553537277 0.734164580045146 -0.5701594963800964
1.3002604346163515 0.7333629344418853 -0.010856212688690192
0.07263248645800502 0.377369871392224 0.44053596107839965
1.0044244604632375 -0.3837143656093822 -0.7087965622675476
1.9487284000633132 -0.06390433253315564 -0.03165871055245972
0.4691324872844973 -0.5332604528018683 0.388065277026886
0.9124175953705524 0.7656474715031791 -0.049319328380828864
-0.053993361215482594 0.4907170736925348 0.4311723098027649
1.0842403021698779 -0.20917793627578796 -0.695092739177948
1.9540067628339308 0.08316525173569733 -0.027957023693328864
-0.2247491124476042 -0.6031915978966369 0.3255800589787903
-0.18510064151160677 0.6034249364657249 0.42136758415579223
1.6573622793723253 0.11992250758409728 -0.6206236496698914
1.9835741796111854 0.23752184057730297 -0.021675170971160895
-0.2877416757733009 -0.46962175119672356 0.3222760543096008
-0.208414114685894 0.739794047725745 -0.16285807044625855
-0.8045281543740543 0.5777755961577693 0.36687892525076293
1.6917813426670456 0.27654786541871523 -0.612721027446991
1.9187746542035562 0.3619834788527303 -0.02568441779733277
-0.3265073333829953 -0.3283750588070449 0.321201263355011
-0.8271172591867177 0.7163816793186264 -0.22577291877389527
-1.3574840289712853 0.5751758107429907 0.3184856757390442
1.86447583171568 0.4751244411456703 -0.5878592148554382
1.8258559542304695 0.4779899924160773 -0.0327840462458191
-0.3647762601552138 -0.18701220170465405 0.32012837974905395
1.839390879874479 -0.8852518774189893 -0.7043262139093933
-1.4320928076679884 0.7011416135352047 -0.28720480353952027
1.8670356753903512 0.6203916983260473 -0.5840273514521179
1.8332343731158858 0.6248234203052601 -0.02906280906320191
-1.1174463510928874 -0.26226557244209925 0.25218051521658325
1.7615254742275326 -0.7640481270513977 -0.7099457398188171
1.8216346916781063 -0.735809828244383 -0.13010126502633668
1.6798815587066258 0.7084316714065988 -0.6035862580072937
1.7887692786702658 0.7557650304378125 -0.031005443645721442
0.03728428988576482 0.2388833791020364 0.3625983580815735
1.6558113100169045 -0.6519314634998334 -0.7191229477655945
1.9327717305558743 -0.5512172626787715 -0.11432558448434449
1.516703551636116 0.8046923573236509 -0.6202264443171082
1.5349058201390484 0.8248145559100273 -0.05563694388986207
-0.00376927419429407 0.37751235852294407 0.3611077651250305
1.569264397975953 -0.5329809203413198 -0.7259293213617859
1.9880901163362665 -0.38633076979572767 -0.10480839164376832
1.272699643721424 0.878268511759936 -0.6468244210016785
1.199906012224826 0.8718072291429522 -0.08905178458810425
-0.04433748910714641 0.5162821845254832 0.35962003319143676
1.4830893058420997 -0.41357956809082275 -0.7327371254694519
2.0393765212289168 -0.22353197972993755 -0.0958033219111023
0.6442666172571734 -0.6651231332615035 0.3289532050359192
0.773967791666351 0.8948337440367435 -0.13229137809396363
-0.07006952425957635 0.6593263060514332 0.359475074695343
1.4067274656902953 -0.2906716654417192 -0.7383580818903503
2.0392947017187915 -0.07809296191593607 -0.09254270942330933
-0.14856035782161925 -0.7706526716372188 0.25578445045828246
0.2903352577733642 0.9043806474163478 -0.18175131232858277
-0.23899263632371515 0.7615686926517835 0.34593146889089965
1.3165719587570521 -0.17192120932723576 -0.7457595482599793
2.006612189615179 0.05659383074494073 -0.09293800742745972
-0.18364406249052223 -0.6283355896225729 0.2551669463384094
-0.26073942794772265 0.8983572761991052 -0.23847061545968629
-0.8152723311152847 0.7505543493128926 0.2943920478093567
2.0218283520408384 0.20634419069985022 -0.0880966797602234
-0.275208096920462 -0.5039161994088781 0.24910396187185668
-0.9561188325062773 0.8562427904273164 -0.3107243195307312
-1.30091449651405 0.7686587880677571 0.25131124107717895
1.9616810694638467 0.3321314687190817 -0.09162527473092652
-0.31409792438621054 -0.36270996306319514 0.2480368003117981
-1.4891426271637371 0.8634004332404945 -0.36545187385202027
1.9256997875699433 0.4655181481647812 -0.09253412635446168
-1.023487146705751 -0.4280259088545044 0.1829132422673645
1.890204245112379 0.5990174990867043 -0.09343964011788941
0.04791365820155846 0.05336331410444206 0.2877268180119934
1.5178549346797645 0.6235654805333066 -0.7019444123041687
1.7170838754049704 0.6910951118155424 -0.10954195411325074
0.09205466767140891 0.21773788449882048 0.29441541283010864
1.3782341142439556 0.727361161191693 -0.7158661499750671
1.1055821190217898 0.6540246423791274 -0.17389017493844605
0.036613404939704 0.3519307627340371 0.29156106560110473
0.9562426468832363 0.7567686274429555 -0.1874013558161316
-0.023158596817218324 0.48496621140832197 0.28825372307180785
0.4106842499936505 0.7457061279127704 -0.24446684272409058
-0.17337425688238994 0.5920151980175046 0.2762984618413391
-0.12584543094591538 0.7410539610025797 -0.3005171433222351
-0.5819066761777307 0.6262328758144964 0.23974650947927856
-0.8208190052978814 0.6955087205244119 -0.373928131176239
-1.1776075377789006 0.6105659000982957 0.185402809070343
-1.3153729854948608 0.7106204855584295 -0.42532545478463746
-1.7355160764930346 0.6095784655345255 0.1346663817632141
-0.9640866427171417 0.4222367532998881 0.6193818434941711
-1.032663062584561 0.30956290199835834 0.6382278784978332
-0.9907725040886461 0.23770042642544098 0.6355356559026184
-2.1587796674642554 0.5052692283961093 0.24867004005789184
-1.0046806536925317 0.14571968762652165 0.6436128005254211
-2.1619803878959374 0.41981157960846716 0.2557911261784973
-1.0282334673655065 0.050645675213281116 0.6534847602117004
-2.1518295748308844 0.33978445222912335 0.2598604544866028
-1.0057599513444337 -0.027887042109266957 0.6543821677434387
-2.1511232648319876 0.2562800922596917 0.265964446948761
-0.9975115322480868 -0.11131778783359092 0.6579717978703918
-2.1507474970117606 0.17286852663198093 0.2720689162480774
-0.9849224913495505 -0.1931160625445285 0.6606640204656067
-2.1461177027812752 0.09127266478274088 0.2771558150517883
-0.9633215345782453 -0.27175158127222154 0.6615619048345032
-2.1418013585549396 0.009741641412210456 0.28224223701834106
-0.9373356712762977 -0.34888254678894093 0.6615619048345032
-2.137797181548244 -0.07172277048160947 0.287329135822052
-0.9069454675915622 -0.4245556574242766 0.6606640204656067
-2.1249068603703876 -0.14977445651996568 0.2903813704717102
-0.8487709909561367 -0.49117036762011246 0.6543821677434387
-2.1215189852901872 -0.2311367288613999 0.29546826927542114
-0.7112333035096796 -0.5323658713776256 0.6328434333074036
-2.113834307240861 -0.3107897254778944 0.2995375975835266
-0.48000401147014315 -0.5444793109787467 0.5933555945622864
-2.0879762259786148 -0.38390409922638824 0.2995375975835266
-0.3611664784987134 -0.5936719334190954 0.5754069670903625
-2.0623748800100685 -0.45710850749753806 0.2995375975835266
-0.13908918696676764 -0.6113772248700302 0.5377139434087219
-2.0323989850823914 -0.5288086754966566 0.29852002708792114
0.11604087016829823 -0.6204083460512173 0.4937390670049133
-1.9887641865787096 -0.5958997365650811 0.29445069877981567
0.29138778304663404 -0.6554784333456558 0.4650205954778137
-1.8943014215449239 -0.6460445115218407 0.27919047920584106
-1.7767040565296242 -0.6890405579128753 0.2588433608281555
-1.612644114819549 -0.7174934964290278 0.2283224448430481
-1.4485258114291497 -0.7470067293174623 0.19780200569509887
-1.2750292278189903 -0.7745889509020891 0.16524690239309692
-1.0594666813163833 -0.7899863056945353 0.12353509514212035
-0.8811187853270894 -0.8185056107990691 0.08996242134451293
-0.6652911106371171 -0.8366141125760533 0.04825061409353637
-0.42591461085396887 -0.8489959606933972 0.0014523848760070734
-0.16760563823062924 -0.8573096945072969 -0.04941517264962769
0.11906839426122673 -0.8589586453590705 -0.10638719947457886
0.4153993640649709 -0.8597636788499194 -0.16539341361642457
0.726109697990573 -0.8584602576754499 -0.22745233924508668
1.037108580244439 -0.859244661575084 -0.2895112648737488
1.3672344204429692 -0.8567880813072488 -0.35563951881051636
-2.2405812760530317 0.2633374447005412 -0.460043968273407
-2.267220507658834 0.16988703489027568 -0.4459763184320984
-2.2396840563855314 0.09730520413531263 -0.4459763184320984
-2.2624963119905814 0.005931583449629407 -0.4330807343256531
-2.2628902731347083 -0.07676728381044029 -0.4260469094049988
-2.2636101293902513 -0.15936976979575945 -0.4190130844843445
-2.264649351870137 -0.24187181362102628 -0.4119792595636902
-2.261437006138401 -0.3226393640529217 -0.4061175003778992
-2.258532180559037 -0.40333671607507515 -0.40025574119210816
-2.2284120160350653 -0.4743431316365907 -0.40142828376412965
-2.2169028760778957 -0.5518182364219273 -0.3979116097223816
-2.1918874595637803 -0.6245718832293337 -0.3979116097223816
-2.1164730027741996 -0.6803008373691029 -0.4108067169916687
-1.870605411887265 -0.679503119964477 -0.4670782700312195
-1.7121835051131207 -0.7092847005548739 -0.5010753288996277
-1.635669736877876 -0.7709548772957211 -0.5139704361689148
-1.597542785161611 -0.8412647449926016 -0.517487587047821
