-1.7861887285806226 0.6456603769237077 0.08801637665746931
-1.9907734261911507 0.3703186936809928 0.09977613465307478
-2.0717809754855416 0.08908441589888128 0.10282312409399275
-2.0931577191178192 -0.1811128740336656 0.10176740662573103
-1.970527441704803 0.4693117837572629 -0.044065608816163504
-2.016349765020106 0.1859231236192258 -0.04341329558374163
-2.078093259982957 -0.0962977884647529 -0.04167665465356585
-2.0164046960389435 -0.3861342439369153 -0.048876895742433035
0.9981039962437137 0.8283476531558094 -0.40123380644799944
-1.9098677794906287 0.6806684262219136 -0.18993677123071429
-1.9947985512061628 0.3991535099680874 -0.18630994780542132
-2.065747992864086 0.11731919876372388 -0.18376935942651507
-2.0431292389286533 -0.16990746002318957 -0.1881839178371596
0.7394436061982219 0.8702398424390552 -0.530073299245851
-2.1630717241248405 0.7221385609829554 -0.314095630483644
-2.0039198393874074 0.4282512578053428 -0.32872690184594866
-1.9702434648583775 0.1403871027003163 -0.33397211058618304
-0.7817182404658176 0.04850906311449421 0.7394693948459459
-2.0470718506702354 -0.14107128137267466 -0.33095182402612444
1.48474385323129 0.6265670421842628 -0.7375556371975112
-1.926379370908581 0.49559399062575693 -0.47742475493432757
-0.461561793648265 0.3940604547750013 0.5771692849826646
-1.9812682002232975 0.2268337697936289 -0.47577585204126116
-1.5837109743849034 0.16688558466407954 0.6454208947849107
-2.1192360837531687 -0.07951865996307816 -0.46819318755151507
-1.571691524626523 -0.13566985602125214 0.6419676400852037
-2.1163044398886584 -0.3511589549612708 -0.4711285970974135
-1.5888163269132711 -0.40780742946928683 0.6405600167941881
-1.488577049554248 0.5873158208049816 -0.6544314764309096
-1.3150351886127574 0.290020778497869 -0.6708594702053237
-1.8739844324130885 0.03457093324549021 -0.6295586965847182
-1.6678139007701702 0.25782910261354175 0.507733211679442
-1.851675478988117 -0.25337509243946243 -0.6341821096706557
-1.6645852898743065 -0.029490201278946415 0.5049475290012193
-1.6125397554362841 -0.32002552820354424 0.49894033448217634
0.81225020248527 0.66583053026757 0.20360551850317243
-1.4143956173187817 0.511513584718287 -0.8054629705715346
0.39843283130442586 0.3921715623531057 0.22857557312963728
-1.8192797708576407 0.22335201304947105 0.3736475564670396
-1.6041625256623355 -0.34071691281560845 -0.7987119100856948
-1.7941534909264227 -0.3516132434287087 0.36669717804907087
-2.0382930345445445 0.23574362642378333 0.24505601899145368
-2.1247658042265734 -0.044921658748599214 0.2483376123142076
-1.8696264633533417 -0.36114045420987395 0.2280586816501451
1.608470481617669 0.22812490269632946 0.20296369568823103
1.402356946986174 0.2451202322928694 0.22329460160253767
0.8242291110590472 0.7567529765513399 0.33438812272070173
0.77496517064667 0.571173881573813 0.3169611550998521
2.09631576427887 0.8487852331144055 -0.4664899252224135
1.902876555128472 0.846828896799714 -0.44722188933374163
1.7036768192673541 0.853573725195595 -0.42634834273339983
0.0034938181407007107 0.6042482220509484 0.38811908738134626
1.550265187410183 0.8028234809732311 -0.41751684172631975
-0.15802804269974047 0.572709350525237 0.3982843019199205
1.3275101460107628 0.8426182814108429 -0.39021934493066546
1.1383607065386308 0.8404400618130055 -0.37175430281640764
0.9405617610635808 0.8509482510575026 -0.35087980254174944
0.7728799188164288 0.8230267096059336 -0.33803380949975725
0.5609452115068727 0.8550980244788065 -0.31314577086450335
-1.0603542736673859 0.5636328766625383 0.4737990953159166
0.3731097275976545 0.8565490002150682 -0.29467977507592913
0.18559888662192137 0.8588918680973734 -0.2762147329616713
-0.01908674042894276 0.886007186226422 -0.25293172820092913
-1.530321299886122 0.46840460051483745 0.501390323801024
-0.1797227282313223 0.8542688971293515 -0.24169172270776507
-1.7126793434762888 0.4762681010475802 0.5173648454379869
-0.3431666414487502 0.8272394775962439 -0.22964920027734514
-1.8175607902541202 0.369916961961259 0.5130084611606431
-0.5179925073896001 0.8169712953625634 -0.21439470274926897
-1.8927570222443215 0.21856940147958426 0.5006641008090806
-0.655390293994305 0.7552326139676211 -0.209577693777101
-1.9196647740719222 -0.006980161743435076 0.4752510644626451
-0.7559025305400802 0.6416301190307294 -0.21519769652368304
-1.96955594648281 -0.19966424983656594 0.4556463815402818
-0.9277382326312704 0.6293289486852132 -0.20074619277002093
-1.9557782256039147 -0.4919688565329068 0.4186152078342271
-1.0570743261591566 0.5570431666279063 -0.19833768828393694
-1.4138237390666468 0.814147894985922 -0.13089860899926897
-1.5787077462628112 0.7965323000356435 -0.11805261595727679
-1.7573111053585961 0.8000534803379438 -0.10119260771753069
-1.8637787821964444 0.6980635919391673 -0.1052070997524428
-1.9404477342799993 0.551308692358802 -0.11805261595727679
-1.968650112022825 0.3307066318173639 -0.14535011275293108
-1.973640572157688 0.07282085637350377 -0.17987216933252093
-1.9963781324984353 -0.16068781260271692 -0.209577693777101
-1.9881774402904675 -0.44411349772079234 -0.24891723616601702
-1.8826636575721416 -0.8814480343827995 -0.3179627798366713
