1.7352256210112316 -0.6794670736384365 -0.33721885614548697
1.8706454148498466 -0.31509214629638826 -0.3292747490898229
2.010362382335689 0.03249315831474675 -0.32116374902878775
1.9842402135352195 0.34928856008898457 -0.3223496430412389
1.6198526942580607 0.6071779153399675 -0.3424454682365514
1.9165171723948404 -0.758745191411025 -0.4862733834282018
2.172270569939837 -0.3884645178570292 -0.4710608475700475
1.9875016407457018 -0.1007177324748536 -0.4812499039665319
-0.372365016006853 -0.48577745425458296 0.6852458960517787
-0.5281526363670395 -0.1834468227947159 0.6780766493781947
-0.5943647430533261 0.13523607795115566 0.6747492796882533
-0.5905301383238921 0.46596356758930746 0.6744188315376185
1.812677561484648 -0.6979662772674615 -0.6513343804374792
2.0882940757599897 -0.3239619519454173 -0.6343971245781042
0.14797507228026063 -0.6544852543976507 0.5462535864814662
2.119856828481229 0.0033812901856631328 -0.6319948189750768
0.3111504446024931 -0.2963966875687749 0.5533241278633021
0.2445552602661465 0.019325920792772067 0.5499962813362025
0.041250169443408424 0.31137188340046507 0.540464306543722
-0.06756811966071297 0.6205592568021352 0.5351532942756556
1.7267940523247418 -0.7307092845744094 -0.8158670418754674
1.9482763400126863 -0.3663345448693125 -0.801640128423319
-0.49738940315992863 -0.476063722567158 0.37027301854933725
-0.2715095217490955 0.22387464015512926 0.38031473226393686
-0.1777108013450217 -0.48454056477867624 0.20660343236769663
-0.3285405975947242 -0.18202703087337824 0.19915523595656381
-0.6751511928495546 0.086924366189713 0.1821393019660853
0.34255257771283354 0.5916890313280962 0.23145141668166147
0.44158906596726055 0.9346752118777442 0.23603000707472788
-1.4984034952502512 0.9418887870981916 0.14135875768507944
1.3329786829501167 -0.6478420095767845 0.12029018468703256
1.3359650500178084 -0.30651644450775883 0.1204933173164271
1.2988311651698439 0.010924636082441097 0.11862506933058725
1.2579011310707884 0.3275680812622568 0.11652078695143686
0.6176794991575214 0.5407767344558874 0.08415451116408335
-0.5687023384242593 0.6660034767869671 0.02420034475172983
1.7565493735713638 -0.8119321944194944 -0.176914786626444
2.046501967020987 -0.4346061119174731 -0.1609693520561315
1.969620631627901 -0.126739985691259 -0.1648770325676061
1.8769300578377823 0.16233953941951285 -0.16969451837693228
1.568781769639834 0.4138402030907784 -0.18618402414475455
-2.0249052464852753 -0.8594460363297021 0.6040185935005091
-1.7161454795381275 -0.8360972169004679 0.6419581419929408
-1.4122959294178088 -0.8130439789004029 0.6792320258125208
-1.0808285031170826 -0.8023082647001765 0.7204998976692103
-0.7729015498402774 -0.7850276201845823 0.7584394461616419
-0.4652634859488032 -0.7697481875360292 0.7963794714912318
-0.17643294109781493 -0.7493739493892111 0.8316563612922572
-0.04498724390987263 -0.6700375482912211 0.8443030364021205
-0.01492134762242614 -0.5517579693704686 0.8423060423835658
-2.130115939672095 -0.8544314425816903 0.1351412779792689
0.02940685974985513 -0.43899680595341906 0.8423060423835658
-1.7286851927511933 -0.8640145030186392 0.1910509116157435
0.0741286413943456 -0.32639276706044207 0.8423060423835658
-1.3788440077539406 -0.8575372284404015 0.23897352285231577
0.09166735136064119 -0.20282493552920933 0.8383125311836146
-1.0293758314311603 -0.8533510573027563 0.28689565725172983
0.10967634619376554 -0.07922326037301453 0.8343190199836634
-0.7358958140210348 -0.8306498579577433 0.3261054999336146
0.11899233102571571 0.048179007397827434 0.8289937026008509
-0.43340595643452673 -0.813348965779868 0.3667673117622279
0.10134638207127722 0.1870867612982572 0.8196753508552455
-0.1959003747757464 -0.773288081868925 0.39726343221510874
0.08884759176605428 0.3243597571321004 0.8110226637824915
0.35068274713660585 -0.854111674135611 0.476407910059347
0.05866125982617376 0.46961747368083095 0.7997068411811732
0.4216110350928126 -0.7534135566728484 0.48076477117384897
0.7229643888016994 -0.7437609642282883 0.521426106165304
0.7298479473905992 -0.6189338195617893 0.5156172759040736
-0.4282118813619533 0.10772398631789137 0.31811800069655405
-0.26716242344551944 0.17496869488168976 0.3362707144721888
-0.10604422086722565 0.24125061554363114 0.3544229514106654
0.19485217351039807 -1.049744572732683 -0.08026180200730337
0.004937698800610235 0.32758522045687855 0.3645886427863978
0.5417020871380949 -1.0539721294852775 -0.027273272801981108
0.3713057691753008 0.3054572555595687 0.4154156691535853
0.8466960377019035 -1.0444714584451233 0.018489266107931
0.37312375237645057 0.4362807885699844 0.4081548697456263
1.1835477668080365 -1.0495049486503998 0.06987180776442514
0.3300335839566735 0.5868347028610206 0.39363231725539194
1.405192715480318 -1.011503579164529 0.10118331975783335
0.26946536921792585 0.7457468086107699 0.37620630330885874
1.594628543019983 -0.962120369876029 0.12687435216750131
0.7576708473431033 0.6645407225309476 0.4466380125984095
1.7382425636923529 -0.895490954491601 0.14453735418166147
0.8288493360046942 0.7645712310932815 0.4502681738838099
1.900236054270028 -0.8371483392448216 0.16541137761916147
0.642965962701826 0.9794637076109272 0.41251125402297006
1.9298563536180673 -0.7254490208264635 0.16300239629591928
1.9416520864701 -0.6062506030829713 0.15738239354933725
1.9630163314066351 -0.4907940820191481 0.15336885518874155
1.9893626784061063 -0.37725427337903916 0.1501573569282435
2.0070525178377814 -0.2598689078182481 0.14534034795607553
2.020662736757046 -0.14049702555098342 0.1397198683723353
2.034734777197862 -0.021064849265687968 0.13409986562575327
2.0402370716013323 0.10239909079031406 0.12687435216750131
1.9940875944862277 -0.738283302910201 -0.4738389008537389
2.0778140533434026 0.21198006689485993 0.1252688414558314
2.0422931581134662 -0.6344195502969949 -0.47294149332200064
2.075244397326646 0.33960589221631743 0.11643734044875131
2.163446933026112 -0.561153186932307 -0.45768508844529165
2.1941357979180154 -0.4502452860990651 -0.4603773110405065
2.157386505325487 -0.3104170840640226 -0.47653112344895376
2.179958979411044 -0.1955007077416635 -0.4810186379448034
2.184931722888944 -0.07273133488420136 -0.4890953057304479
2.199397857472146 0.046202509714847295 -0.4953776352897741
2.2098298676842916 0.16719216923887892 -0.5025573723808385
2.225230754762837 0.286260884666552 -0.5088392251030065
