2.1105896092347223 0.8225761813782047 -0.16112299941818353
2.009958841419831 0.7543286794582693 -0.7180120565776074
1.9714981162382088 0.8419640405827815 -0.15668459914962884
1.8592271008792096 0.8120957829216717 -0.7084352590922558
1.8428537098636184 0.8285620992026432 -0.15543910049240228
1.739194024950308 0.7705409954494078 -0.7100045301799023
1.721432629053453 0.7918072317384954 -0.15647717498581049
1.6033846988178198 0.7818121001197023 -0.7057373144511425
1.5899351595022324 0.7888813655622355 -0.15432520889083978
1.9360951066489775 -0.412071469836258 0.26583126999099616
1.4719913646598002 0.7792948304683245 -0.7030651190165722
1.4402962289499328 0.8485374102281726 -0.1462423422221386
1.7948804455671024 -0.3965528052592511 0.2689955613728321
1.3323824080608517 0.8059127679145162 -0.6972081282023632
1.3050705537869476 0.8610026054273332 -0.14272328399459955
1.6317053277620914 -0.3038812002289566 0.2783368013020313
1.1999384527072863 0.8091887262988804 -0.694008074033662
1.1782865220144885 0.8452589794924341 -0.14194651626388666
1.499466642359323 -0.31594709892904405 0.27918294883926276
2.2522418408225064 0.8157495532828625 -0.2287304022196972
1.0974185011630198 0.7077141129780289 -0.7025038816813671
1.0488004666837867 0.839567871861238 -0.1402585127238476
1.0706556974246553 0.7231197254124178 0.3646576783772266
2.1069693556378297 0.853574161452471 -0.22232886337082025
0.9328125026041079 0.8268175974627914 -0.6865508177165234
0.9167210912711568 0.8439527917274576 -0.13765927337448236
0.8726128081193281 0.9627662937611365 0.3856323144551075
2.032718121918009 0.6637094941490673 -0.23822470687667963
2.278839455465743 -0.14627979624014387 0.20890096641738776
0.79291933075217 0.8603583622879505 -0.6801650144938671
0.7861159754417315 0.844026590164944 -0.13551922820846674
1.8772660399853862 0.7747468320366977 -0.8413235762004101
1.9165440775028912 0.6072413337127598 -0.24112339996139642
2.1190645730609674 -0.07016174192169888 0.21732048011978033
0.6612015171111665 0.8656606951542809 -0.6769711592082226
0.6530230943093045 0.8541977717800693 -0.13246651672165033
1.7413025092852337 0.7854595568036409 -0.8368813612345898
1.801544530150423 0.546400301466373 -0.2444917776469433
1.9196470752473402 0.14024220408462007 0.23681024528701666
0.5309283033019341 0.866654728997557 -0.6743118383769238
0.5213990074034598 0.8600725802692608 -0.12987252258102533
1.6240132219608938 0.734791264398269 -0.8395688154582226
1.6962013058797965 0.4525336588792861 -0.25112124465744134
1.7189864612145982 0.36116036868604073 0.25710109688003424
0.3995003165950948 0.8729455734270521 -0.6711222746257031
0.39247678085308735 0.8568005859391148 -0.12819596313278314
1.4784135001800394 0.7798651366673282 -0.831292352903291
1.525701842513513 0.578679653517657 -0.23636265777389642
1.543903439657484 0.501751934422936 0.27067855812271
0.2732423291780748 0.8604871809966772 -0.6700636961344921
0.263642962518162 0.854014241491023 -0.12652131103317377
1.5441430273299517 0.10015374708430524 -0.9064004042033398
1.3006843343597723 0.8968100005853019 -0.2029888250712597
1.368533135808363 0.6479193539177261 0.28465799308975104
0.14453684063114736 0.8581213589705898 -0.6679427244548046
0.13613244574942485 0.8468874747721893 -0.1253068067912304
0.3712201831262121 -0.13159879793494422 0.8179803273793018
1.1891080742122568 0.828443239010924 -0.20729514144699213
1.235495300225054 0.6511311310422752 0.28676871277053717
0.017145370704241714 0.8513949010143103 -0.6663572409037792
0.008688459460671538 0.8402175302219881 -0.12409516357223627
0.027181403396767223 0.7233877385854726 0.37698749519546393
0.22812241987961102 -0.0906831312707741 0.8216541192646778
2.224142603446211 0.8183174855745046 -0.2921278097514355
2.3343677898986215 0.4559498569025857 0.1903050325032032
1.0595611984484918 0.8227059124125358 -0.20555563949386713
1.017174762386631 0.957010043530282 0.3138254068012989
-0.11259251574644225 0.8548024196561661 -0.6637084104899609
-0.11989969530405631 0.8388424058903396 -0.12242814086715814
0.14440613669974312 -0.28648058146825495 0.809696473848418
2.105657202436774 0.7707224849638781 -0.29410286926071283
2.199744691417777 0.4555263077145453 0.19249347664077643
0.9314388720029001 0.8126558166182782 -0.2042843916300976
1.9913770101355226 0.7092688924331991 -0.2975031950358593
2.0153094007576016 0.6175156051040513 0.20840648628433112
0.8007222302915267 0.8126764461106175 -0.20208426498214838
-0.383798590068011 0.8665581540621039 -0.1163489439372265
1.8869564684580524 0.6148640510413612 -0.30422278426925775
1.8582819933925947 0.6945560974392446 0.2170577428456104
0.670117196006558 0.8131893491713136 -0.19988604568283197
-0.5021639850854882 0.8727108644992541 -0.6552402593974316
-0.5177519801212327 0.8908466267522597 -0.11239405654708978
-0.4036825486812745 0.3456077722915243 0.8539231202717579
1.6987975399275825 0.7972110966674917 -0.28348465942184564
1.7205868256005203 0.7102265522990097 0.2204587838764942
0.5383479427319742 0.8189926022777563 -0.19722386382858392
0.5763876769175766 0.6602576619912099 0.29610351539810065
-0.6234040897301583 0.8441582723713292 -0.6563331701640331
-0.6446233604298754 0.8865694475948258 -0.11119290374557611
-0.6270889253633811 0.7647352009811286 0.38666490532119635
-0.523391716507632 0.3020792735930087 0.8518541238423145
1.5801088275712232 0.7514134802327597 -0.2854749777201855
1.5831318560789214 0.7264310132126335 0.22385863281448248
0.5794785486175158 0.26180194016293523 0.7774775407429493
0.40673470493803165 0.8252907719035223 -0.1945635893229687
0.4340220263726593 0.7050154411330638 0.3013763806935108
-0.749212841458629 0.8353947377719679 -0.6552955725077831
-0.7714164475072351 0.8827386493302045 -0.10999365829269525
-0.7554383665927986 0.7657139645802138 0.3878960988636768
-0.6500150179932973 0.2881278275334447 0.8516986749287403
1.513082747207008 0.5293006207320143 -0.30500193618576166
1.445921391854796 0.743163182785449 0.22725800491531256
0.42330035861492377 0.35493322284077866 0.7848956964131153
0.276532426489112 0.8272622560686278 -0.19237156890670892
0.28204493353021576 0.7889161298427965 0.3098249814625538
-0.8683811841797677 0.7980084668800931 -0.6574637510661328
-0.8959393394369073 0.8696691649848844 -0.10971566222946283
-0.8792851202934031 0.7477366561137995 0.3875706575032032
-0.7766385642261753 0.2746429923350293 0.8515401265736378
1.2826075009933504 0.8666211854312573 -0.2690884687785351
1.3103389676365964 0.7556431915229727 0.23025135017593268
0.2554514122867033 0.4970432443134323 0.7955909154530323
0.14769239230398057 0.8249107092167627 -0.19064732574264642
0.16048119843264885 0.7575864681022804 0.3087478063221729
-1.001809965458321 0.8240976682640007 -0.6526949026469433
-1.0096044100473307 0.8084514148279673 -0.11403342269699213
-0.9912207885851956 0.6766654081111954 0.3829641721363819
-0.9325563765107177 0.39309830250233535 0.8600206754322803
1.1585907180924977 0.8413918883130442 -0.26919051193039056
1.1804437121813152 0.7494827321693922 0.23162535644729498
0.10587848919129783 0.5721850888673368 0.8017073056813038
2.331374838284688 0.5911402917704969 0.1366107843037403
0.018950538717916743 0.8230237665494915 -0.18892642043869134
0.03881083177091682 0.7266830062129062 0.3076663396473682
-1.1306952892886244 0.8312725463767903 -0.650062761533662
-1.1225369269328809 0.7427433937293451 -0.11881609939376947
-1.112096949278694 0.6449047990386783 0.38146308876235846
-1.0651136532042784 0.4098518117311434 0.8617818734761036
1.030467494373326 0.8309714534904247 -0.26787301086227533
0.9938216571325711 0.9452528383332037 0.24999526954849127
-0.028544562111619598 0.5898623899214943 0.8038947961445606
2.1519181742436473 0.7915430296603416 -0.35735388778488275
2.1554543942218487 0.7238339290267533 0.15041641212661627
-0.1085006586048678 0.8167833173846937 -0.18767424606124994
-1.2531214907722301 0.8097654013119762 -0.6506383039836132
-1.2642050036750874 0.8087938071908081 -0.11119671844284174
-1.2572690051732707 0.7256400194169572 0.38890842415054205
-1.1953624609447502 0.4173512176842662 0.8629007718678272
0.8997193004531141 0.830619264149262 -0.2656099417094433
0.8995166427712036 0.81541435090677 0.2408435723896778
2.0274270802378567 0.7632163930756635 -0.3574220754985058
2.0174430189695443 0.7383314532742729 0.15391806579788092
-1.3962884297270648 0.8859471484775403 -0.640529356229707
-1.407389970158107 0.8851573304544926 -0.10265608810226556
-1.4017836196007352 0.8069681575158638 0.39635662056167487
-1.3244258409092708 0.4204482552216984 0.8636975667591846
0.7690880161701159 0.8307583531926248 -0.2633487799052441
0.7767278847306613 0.7867407540732607 0.2401874444599903
-0.2672999258188895 0.5055187703716424 0.8000667474385059
1.8809964124021405 0.8067144482545121 -0.3502633192424023
1.8767548097376334 0.7628987239334428 0.15824345565994147
-0.3795822398834616 0.873434909595475 -0.1786367514018261
-1.200198726372335 -0.6577440585473191 -0.8084237196330273
-1.5316435099260843 0.8743563929204026 -0.10239096664230463
-1.5232720310512207 0.7815085651527065 0.39523962951858405
-1.4208323728063021 0.26770066062822817 0.8542297265644825
0.6359754271246203 0.8409853793216362 -0.26014014266769525
0.6551570366231942 0.7536916261698225 0.23912219024856451
-0.4188289742048852 0.5974069377982261 0.8071687600727833
1.7422117949930112 0.8269915616379615 -0.34551545165817377
1.7406864094595846 0.7737107223935666 0.1613304994221485
-0.4996803295656491 0.8395906459463243 -0.18019410156051752
-0.48585274630946174 0.7624766639871234 0.31602958656509283
0.603322882558686 0.5408553034919121 0.7319665334339893
-1.3227730619301212 -0.7033338285683648 -0.8117296316508495
-1.6568871114556885 0.8688817299603686 -0.10166808151046869
-1.646850509375355 0.766247359028883 0.3948982141133106
-1.545213980736861 0.24718078708167912 0.8534126660939014
0.5056172311053189 0.8420969101498796 -0.25788327239791986
0.5231921072945909 0.7595782626458716 0.24129489875991705
-0.5467766380177324 0.5927911022923817 0.8077090165730274
1.6150942461079438 0.8096610900462187 -0.34462662719528314
1.6076771406474677 0.7754954869883663 0.163589992296294
-0.6312723917033907 0.8546288166414131 -0.17708130859176752
-0.6143209243979442 0.7629397916610721 0.3173208615895069
0.4630656200325092 0.5759217345744858 0.7355893037434376
-1.779126724181694 0.8492168013275991 -0.10232897781173822
-1.7684792744781532 0.7416484378214463 0.39377359367568854
-1.6686688272009462 0.22221103729454583 0.8522713563557422
0.3753800886044161 0.8437071750869558 -0.2556283094767773
0.3913810399331368 0.765962964338577 0.24346617675979498
-0.6746493204424553 0.5886332472848261 0.8082466504689014
1.4950185729808254 0.7689321586043514 -0.34615345977584955
1.4719900426719335 0.7873446957839931 0.16667417503555182
-0.7450279458003877 0.8451014871158744 -0.7802664854411328
-0.7548227925799296 0.8361979326139632 -0.17724247955124017
-0.742685782822349 0.7638802814547478 0.31860951400955084
0.3231647149774233 0.6115415370234665 0.739212550890044
-1.8946597722970893 0.7957982278425835 -0.10621567748825189
-1.8969522985840115 0.7517072454923737 0.39537481285293463
-1.7719231577562482 0.09487561695137003 0.8443813703175342
0.24652026496174528 0.8409723681257688 -0.2538497068766796
0.25972913674965525 0.7728447360641013 0.2456357858296192
-0.801347342658687 0.5800887673482231 0.8084535977955616
1.3678342488116186 0.7525034380705282 -0.34527178787033197
1.353202546002919 0.7422929127798676 0.16479925132949713
-0.8696660180557103 0.8319301187441832 -0.7797128775004589
-0.8188710824222198 0.5560783002927288 -0.202667913663789
-0.8709471584368487 0.7652843802491827 0.3198960206623829
0.1910649788976002 0.6187132009756438 0.740818300020293
-2.003839709322847 0.7085414025135748 -0.11333199523727533
-1.9560311891086712 0.40499274366938653 0.3684969327564991
-1.8693387405982378 -0.06646498517777832 0.8342314145680225
0.11775100304801356 0.8387200623493083 -0.2520739652995312
0.12823540256030697 0.7802182756116176 0.2478037259693897
-0.9323690824593314 0.5914685105438986 0.8099723241444385
1.2172908259985888 0.8178539265164986 -0.3361861326579296
1.2204805427184624 0.7455497016152837 0.1670523069020069
-0.9932107904866996 0.8143626956603507 -0.7797138311747753
-0.94339666594486 0.5383299494007474 -0.20284434341232416
-0.998018130356229 0.7623126216820397 0.3207826993580616
0.06034571037335468 0.6215419465430498 0.7420864484425342
-2.1181989616008963 0.6460816950934651 -0.11815234206955072
-2.0397989097586873 0.17580164382701735 0.35096076942642096
-0.009708547272666124 0.8321134180373111 -0.2507764913920605
0.0017719666487181485 0.7687562746137084 0.24834588981826666
-1.061066446674431 0.5935911649123842 0.8108315847035206
1.087693391622878 0.812008075896542 -0.33434220336715814
1.0797656424653468 0.7780755416765066 0.1717832467671192
-1.109307781886244 0.7632620365941589 -0.7835781195048535
-1.0722244319169931 0.5404743346677696 -0.20115204833786127
-1.1228691231393384 0.7500539676993316 0.32086900688369635
2.1888619892764467 0.7783542477218237 -0.4236914732341015
-0.07145144083716559 0.6296969829933952 0.7436890981312549
-2.189925357604622 0.35397709191600235 -0.1446387388591015
-2.1589176394418246 0.1280785091350758 0.347852744829253
-0.12990049416113436 0.7969941113681607 -0.2523343183879101
-0.11745403132846377 0.7287378720965894 0.24644903160293463
-1.1896551890146299 0.5961901862167664 0.8116891763325489
0.9608586380357025 0.7970616414244409 -0.3334672071818554
0.9487834497590342 0.7775586901260194 0.17361954666335944
-1.2435381435975472 0.7951114454925579 -0.7780706503276074
-1.198834535412189 0.5333487263355252 -0.20039816879074213
-1.246661288622903 0.733361817237089 0.3205538175221241
2.0598779151745816 0.7641515419796399 -0.422270021665498
2.048875925744767 0.7640675868879931 0.09139827705581549
-2.2761755247532705 0.1305103891651056 -0.16469260238449213
-2.2899483851652604 0.14449884385180756 0.34981683708389166
-1.319174004721404 0.6041426457326038 0.8128738782521046
0.830062936290588 0.7969681183927442 -0.3311454870585644
0.813940235171259 0.7919446071179275 0.1766946694966114
-1.3957662335862864 0.857803095381712 -0.16779490493576166
-1.3756511557963762 0.7415004251705195 0.32222990013320807
1.9177733138587882 0.7932358882515596 -0.41643639587204095
1.9096721400638472 0.7837345055161995 0.09541634536941412
-2.3547727346738725 -0.2065796225088734 0.32247427917678717
-0.4022031830537145 0.8586475807268474 -0.2426144697550976
-0.3879427762031469 0.7807250687554639 0.2536132714863575
-1.4475199874415239 0.6076841227787817 0.813727178346709
0.6993915999070168 0.7973617298644129 -0.3288256742839062
0.6819337691777037 0.7972297608029804 0.1789410493489063
0.7275710198713625 0.5885927300085569 0.6767926595326221
-1.5292750868467522 0.8908207200292786 -0.1632868864421093
-1.5116244772386267 0.7842570198644871 0.32669738746841315
1.7832304170339341 0.799073956312526 -0.413056097257539
1.7808640666637672 0.7705718651329789 0.09648517585952643
-0.4739278250416561 0.6910907825466861 0.7508447549458301
-0.5327006075258254 0.8684633512419238 -0.23989697479049799
-0.5164267630138255 0.7808261451633758 0.2549586675282276
-1.5707208011994283 0.5872554962761143 0.8129310987110889
0.5675475936256902 0.8030445330521632 -0.32602473281662103
0.5642747951805802 0.7500752026568742 0.17663172699172858
0.5936853195386789 0.5990581761128784 0.6788099191304005
-1.330159812676385 -0.6347181317134609 -0.9348933317546093
-1.647457267167951 0.851201957439458 -0.16580983184616205
-1.6361957581286646 0.7738395708211012 0.32677439666946295
1.6545672489464778 0.7863616612485647 -0.41164179824630853
1.6463726420333131 0.7769766171685122 0.09923652626235846
-0.5958358940306283 0.6623863676890194 0.749745883714751
-0.664160750667449 0.8836194757416749 -0.23670550369064447
-0.6538807388318304 0.8202269297880793 0.2595553777333057
-1.6929864025826902 0.5623781518625233 0.8118017099018848
0.43585529579802085 0.809228550153894 -0.3232256986979687
0.42984577288852677 0.7659367657153151 0.1797013661976612
0.465084276766234 0.5907418868913252 0.6794515035267628
-1.772710070099265 0.8461461854431871 -0.1650559522990429
-1.7607522091714713 0.7638666917575723 0.32684830642898444
1.5287699997672064 0.764587039828978 -0.4112126448039257
1.5106450841210943 0.7886687500071758 0.10240749336440924
-0.7167242415634831 0.6292448182170114 0.7483058354969776
-0.7251076381372457 0.5936742597626585 -0.26352520965377924
-0.7797893842190007 0.8115891799360089 0.260084190141753
-1.8279711633073816 0.6015405329346732 0.8149564645405567
0.30683619375822957 0.8062738890527879 -0.3213951208476269
0.29312617858656154 0.7919520132849769 0.18359807945449713
0.32648835213221616 0.6215142288895077 0.6828403852101124
-1.895013733557036 0.8268857420719078 -0.1657116033915722
-1.8852873698265284 0.7543289365819179 0.3269198320027149
1.3931856830915876 0.776691407327319 -0.4073483564738476
1.3765202134903376 0.7961052470215639 0.10515574432571295
-0.846570309605994 0.6354390972537107 0.7495596788044727
-0.8319448295056588 0.4979308465604344 -0.2713048078898632
-0.9078651498369794 0.8131340891455192 0.26142386413772467
-1.904353881336604 0.3425028650319737 0.7979817769642628
0.17790765344736315 0.8038017291364072 -0.3195678808573925
0.16538200563228145 0.7847208990435179 0.18459300018508795
0.2092908338500905 0.5706914871692472 0.6803822896595753
-1.719388805287835 -0.6615571643166671 -0.9328872778300488
-2.0116652711323155 0.778737957556487 -0.16918583892624017
-1.9689482311572561 0.5348607534873473 0.3098025701161182
1.304678090940186 0.6267673628251851 -0.42019244216720697
1.246708423006055 0.7896876059798217 0.10663632370193366
-0.9719291073146792 0.6226390304195046 0.7494621656056202
-0.9869617553880659 0.6162582348327756 -0.2581197836283886
-1.0304141178416586 0.7908266365383554 0.2607264897938526
0.0490751402221008 0.8017973221019457 -0.31774254821579095
0.037690446893165586 0.7779601969438357 0.18558577514846686
0.058831185022953036 0.6508328269761847 0.6872096440907276
-1.851564338371034 -0.6565586399987176 -0.9307500936869824
-2.1192471212358583 0.6820831676927197 -0.17735882781784174
-2.0232700902116534 0.1539928036820637 0.2794757268543995
1.114467091236392 0.8311838572576526 -0.39667387985031244
1.1156184078450764 0.7885378009739448 0.10853675819595221
2.2927257024446135 0.8491456363681706 -0.4834158041362011
-1.1015620754885447 0.6297785876036794 0.7507119557972706
-1.108035925103806 0.5845100900215261 -0.25971098922531244
-1.1583515202888606 0.7932841949012968 0.26206115699966315
-0.07966681127422248 0.8002754162522168 -0.3159191229228222
-0.09596570897278411 0.7958338756189134 0.18864921547134283
-1.9817874989730626 -0.6608544178939795 -0.9297215559367382
-2.1578480177071953 0.213893109923049 -0.2212245085124218
-2.157107974046113 0.18459939071841092 0.28271869636733893
0.9917242585461139 0.8017606257129106 -0.39723797820846674
0.9711791685533058 0.8358611647813756 0.11465672470291022
2.192298427651693 0.7443882858276236 -0.49143000625412103
2.171120677991226 0.7766095745327402 0.02615431762893561
-1.2321019178180421 0.642278206685619 0.7522979161854542
-1.2281941009205042 0.5483278124563267 -0.2617833235148632
-1.286183449558493 0.7962159666866402 0.2633943936939991
-2.110161851505211 -0.674455249261027 -0.9298011877421581
-2.2780607635532846 0.14707873722029774 0.28036002136428717
0.8595895769837227 0.8063480410830604 -0.3943631269816601
0.8471249764458975 0.811733944402623 0.11444286323745612
2.0144517305776475 0.8869394342826862 -0.47349139236251947
2.0258658287505966 0.8148205915089983 0.031997957002714905
-1.357282332930069 0.6308525870926447 0.7521925351734913
-1.3804744169562184 0.663498607222623 -0.2490689375285351
-1.416993019780378 0.8142387437099101 0.2659476182575977
-0.34037724920187884 0.8131460186337165 -0.31082697891037103
-0.35789012508178075 0.8137297175050993 0.1931136033650196
-2.243839526083349 -0.6582461874188192 -0.9265653707865917
0.7289228576098878 0.8066200279974911 -0.3919813253764355
0.7190853154941266 0.8024752158050941 0.1154923818226612
0.7519891163880317 0.6416002213564695 0.6103124997731006
1.907846710090297 0.8020398741339125 -0.47951718353073236
1.9029338297011549 0.7821669105542295 0.031393565904692444
-1.4855061690377056 0.6345330636409443 0.7530982873554981
-1.5511315977916382 0.8718884328145062 -0.2272808172587597
-1.5425122546713084 0.8083629725670889 0.2664614102955616
-0.4722393488162595 0.8275789378749625 -0.3075558760050976
-0.4816682109839263 0.7943343368545541 0.19285229660232428
-2.37645323429696 -0.6464578641210137 -0.9238836386088574
0.5983718895436283 0.8073917442045904 -0.3896023847941601
0.592394471978821 0.7888657868068272 0.11611656166274908
0.6169501930715313 0.6567858422340986 0.6127713105793751
1.774788269434211 0.8031532320132007 -0.47655840896408197
1.761117342316851 0.8119381949558102 0.036375560533598694
-1.6106095308494872 0.624015133591115 0.7529878995533741
-1.6753679747441623 0.8616029843686208 -0.22696705840866205
-1.6669862522358443 0.7980397886799357 0.26656464554031256
-0.6039020200796017 0.8425041143756751 -0.30428668044845697
-0.6123070821455343 0.8044785507666745 0.19507936454971198
0.4666673069094003 0.8134518200897682 -0.3867332556132519
0.45932957015598674 0.7998001767974436 0.11885169960220221
1.6475769122125854 0.785703142540779 -0.4756004431132519
1.6282127799367885 0.813637438976393 0.03877619720657233
-1.7347153752322697 0.6090587474514617 0.7525358579273975
-1.7966532218554647 0.8371234689693736 -0.2280885794047558
-1.7924241267995455 0.793065409685604 0.2670731923695362
-0.668002304513152 0.5670351897798689 -0.33011647247116205
-0.7427824821021858 0.8151135373169538 0.19730500198562506
0.3363756739878738 0.8151958149359215 -0.3843581297282421
0.32771788221891995 0.8064136729756912 0.12116269088943366
1.5189660320486666 0.7734887658565386 -0.47414608978073236
1.4926221006309675 0.8253862157491785 0.042035140764311585
-1.8656066485527276 0.6287957047357278 0.7544505975361622
-1.914164060468977 0.7935364013754196 -0.2311250784281933
-1.9178100560402527 0.7885286343842903 0.2675791165943897
-0.8157456554618108 0.6506379924022179 -0.3200671293620312
-0.8697662203877314 0.8116560962499779 0.19828227974136237
-0.7888510976074201 0.40693390042577704 0.6767492673512256
0.2074570528975812 0.812601035278468 -0.382477483976289
0.19751085623221343 0.8086961766662872 0.12304882026870612
1.3862043030122067 0.7760806085169225 -0.471194467771455
1.3614255355641376 0.8233177904868629 0.044002094041899475
-1.8698703198727316 -0.002297614308070628 0.711312331926421
-2.023378943148103 0.7063712145605621 -0.23846789382736322
-2.0033850650303293 0.578967835899407 0.2509305856343067
-0.9867631408041575 0.8416815946912006 -0.29933758758346674
-0.9977643779755141 0.8135267569788995 0.19967273689468268
-0.9639511230471527 0.613001438994706 0.6922068975086964
0.07740470460713311 0.815312838590871 -0.38010664962570306
0.06865463804962246 0.8066385843777928 0.12450961090286139
1.2343051617114327 0.8460959655864517 -0.461243353116914
1.2330983643944506 0.8121616861444751 0.0451047799702442
-1.8821854239266713 -0.6141722307781814 0.6694865605946339
-2.1080396872660714 0.48752707713660826 -0.2587267973307812
-2.065240960216684 0.23738806005486168 0.223235406648711
-1.114547138046973 0.843962157111597 -0.2975308515910351
-1.1245792613008234 0.8109981979894618 0.20064524627883795
-0.051315891208972175 0.8136853779621891 -0.37823029540817377
-0.05889186853990225 0.8002266535537625 0.12554458595474127
-0.039122967602821745 0.6775174281062135 0.6204493425007618
2.1670988462142304 0.7589543381531758 -0.5538141348246777
2.1596326163562196 0.7475718126540016 -0.04031868957321283
1.1102345572821406 0.821033206826077 -0.46129532836715814
1.1034495556776562 0.8062760770978024 0.046635665666655335
-2.197792202735087 0.2884192361321647 -0.27708931945602533
-2.1832351477925016 0.18486505428147026 0.21962884880264166
-1.233782859708839 0.807796112527444 -0.29961129211227533
-1.2502678732072212 0.8040591622767268 0.20119956947524908
-1.2073445850326863 0.5545691684286567 0.6896298310871876
-0.17873937022133646 0.8076949647439955 -0.3768493749980175
-0.18757525102692796 0.7991191521860923 0.12700060821731451
2.021845971032377 0.7970881386264308 -0.5467192747477734
2.0084199245446683 0.8048528420334344 -0.032583437192841735
0.9874575946676032 0.7916328482006421 -0.4618503668193066
0.9685056480678753 0.8200524029911032 0.04988817192275885
0.9954074737659226 0.7082805294062426 0.5488629720326221
-2.3122565997356332 0.19156323916671436 0.22092298485000494
-1.3272295341177909 0.6503762263177464 -0.3138391592387402
-1.3759111634769425 0.7975809294679603 0.2017507932301319
-1.3577072131844972 0.6601585095593876 0.6978435895558155
1.8842853815532123 0.8120279977958678 -0.5421654798869335
1.881076844147458 0.7865547251212766 -0.03186388992111322
0.8553026994457582 0.7962295465169511 -0.4589063742045605
0.8390896634416976 0.8151440485026606 0.051414527666167054
0.8589387805218252 0.727327056921391 0.551775970232085
-1.5053969152582027 0.892566241963781 -0.2882353880290234
-1.506604019825204 0.8159330961454438 0.20438174225051764
-1.4899093563707169 0.6833662939219423 0.7001817605610645
-0.43688162877593584 0.8116277366594558 -0.37261553787033197
-0.44695701994200476 0.8079996208115858 0.1307540319081104
1.7613756843842197 0.7799025638644395 -0.5426952459696972
1.7407602301269094 0.8116395731465849 -0.027198992002412048
0.7246061571746765 0.7965181089560263 -0.4564649679545605
0.7084450012580703 0.815518930936185 0.05337003685195807
-1.6235580661908244 0.8528694308329525 -0.29081030868332025
-1.632071994594213 0.8103742993222358 0.20492843605239752
-1.60782802464972 0.6386591709870144 0.6976735971089161
-0.5720637453132866 0.8409359834976478 -0.36778756164352533
-0.57987845265923 0.8277114373300325 0.13389924980361823
1.6340960673141183 0.7624982202306274 -0.5417029478434765
1.6107307880567276 0.8038575998477793 -0.025606832731171814
0.5953235598001072 0.7924958925669081 -0.4545261480693066
0.580510487192214 0.8067619219989961 0.05446104026992682
-1.7468435198998549 0.8379703901943216 -0.2909581282023632
-1.7565023509069562 0.8003859867548258 0.20505598999221686
-1.7308960058290381 0.6188066582420131 0.6968913457508839
-0.7001830705816872 0.8416931636452327 -0.3659212210063183
-0.7103068179195589 0.8382168378523982 0.13619593597610358
1.5040070446849825 0.7551006816796928 -0.5396983244303906
1.4765428782438619 0.8108997428937315 -0.022700510251923767
0.46357225245232314 0.7985702273174144 -0.4515878775004589
0.4462388671487645 0.8225555188828171 0.057705917131499085
-1.8711125748300361 0.82838817803776 -0.2906233885173046
-1.8818815096244208 0.7957244381989428 0.2055979154225147
-1.852078569209084 0.5895955641706498 0.6954131505604542
-0.828190462132028 0.8429151111232365 -0.3640577413920605
-0.8394528146789639 0.8443538204286138 0.13806656814773444
-0.8123373308525288 0.677643620313022 0.6266229531880176
1.3684258930155835 0.7672950236161684 -0.5356604673747265
1.3425330247929281 0.8184518770534668 -0.01979561828415033
0.33324250887120854 0.8003158862395923 -0.44915267013351556
0.31471765939619445 0.8292124116225805 0.06008724189956549
-1.987748548373375 0.7801770932841343 -0.29418393157760736
-1.9805607818806408 0.6545707880190568 0.19446019149978522
-1.8563733849018291 -0.04145897532138232 0.6513033292408741
-0.9561008314129396 0.8446101136939825 -0.3621961691264355
-0.9684595346281952 0.8509696497458616 0.13993553138931158
-0.932099847477275 0.6403963162485518 0.6248054883595264
1.246807276197913 0.7322074648625225 -0.5367123701457226
1.2114462562395403 0.8169391887435395 -0.01777096771041986
0.203034977138131 0.8025518283624589 -0.446719370115205
0.18583799731239026 0.8267228441435401 0.06160263038833502
-2.083102289138651 0.6199370181514459 -0.3089434721354687
-2.0250004100410735 0.22493354478698002 0.15869621254165533
-1.8276226897347527 -0.868882274845987 0.5932810685749805
-1.0828206338529043 0.8419155057841801 -0.36083050750534174
-1.0940970495015705 0.843469379106315 0.14052871681411627
1.0978958578172637 0.7932391803918399 -0.5275899984721386
1.0831950779507054 0.8063341880349055 -0.016627512205048767
2.318406923029883 0.7932640563264455 -0.1036069013957226
0.07295396428008871 0.8052717562913623 -0.4442879774455273
0.057058669341159884 0.8246947321517659 0.06311611152847174
0.07495463145501446 0.7366048642084984 0.5605376145954883
-2.150101819796177 0.30344681384897765 -0.3392955877665722
-2.1567667113497606 0.24574042288830622 0.1612992665882862
-1.2105240375140056 0.8445377263564477 -0.35897322677414056
-1.2196945449490642 0.8364309065545719 0.14111951805312994
-1.184820569865252 0.6256039967722602 0.6254189393635547
0.9790471327652313 0.7495135047660382 -0.5296651937846386
0.9496191410174646 0.8153939446719187 -0.013728342283173767
2.2277157318946337 0.6709670584789897 -0.6350228407267773
2.151959361590073 0.8973357568812128 -0.09122630142013666
-0.05579330573594632 0.8036630247008194 -0.44236060165207025
-0.06921101564853416 0.81349002706117 0.06376294113357428
-2.218324121517483 -0.017891209984512102 -0.37015744231979486
-2.2739012715957045 0.18862919395550914 0.15722040153701666
-1.3391595049093468 0.8525027807185284 -0.35662337325851556
-1.3462797854988793 0.8347018067605827 0.14213208175857428
-1.3225723998929766 0.672542192102604 0.6296296498890674
0.8401447568026725 0.7781120871644776 -0.524107179868623
0.8202066476891474 0.8105480583836719 -0.012150011289521423
0.8508501058262823 0.683412792807153 0.48516134239395026
2.0421736656561507 0.8370612784229428 -0.6138069250468456
2.030776521414367 0.8594960081677714 -0.0922543623332226
-2.3083146746269705 -0.3290315014144731 0.11387423492629889
-1.452275576245114 0.7879077996904345 -0.3616940595988476
-1.4738192938100383 0.8383142192809281 0.143568076860503
-1.4773236123747466 0.802988819048938 0.6398842713948047
0.7067911863753409 0.7880495146837747 -0.5205871679667675
0.6895643184737139 0.8109938599255404 -0.01013394378463861
1.9164046569564164 0.8138871507115457 -0.6132871725444042
1.8918981772700931 0.8792006459283597 -0.08791943572799799
-0.3271041382628397 0.8598389351767821 -0.43248911880294916
-0.3440160386352744 0.8844175196811292 0.07326368309219244
-1.5929609821129844 0.855231102715341 -0.3534133055094921
-1.5992201833691126 0.8326303066026144 0.1441512487049854
-1.5786816768728613 0.6800976139968933 0.6316528699513233
0.5774940201526704 0.7840959007436812 -0.5185963728312695
0.5577534632416956 0.8167363089078075 -0.007680616605683532
1.7906049117200382 0.7911634009371902 -0.612770281064912
1.7605270145783294 0.8756170935377803 -0.08582278274337884
-0.44260088663160957 0.8064821609997788 -0.43608876251022455
-0.45943126347405894 0.8310564221682482 0.07001213051040533
-1.7152529969816896 0.8353454715957493 -0.3540379621867382
-1.724575751291482 0.8274071968282719 0.14473179794509772
-1.7025989746342844 0.6650344821308574 0.6312384984608448
0.4457420602216047 0.7902252479700715 -0.5155894377116406
0.4248257826258026 0.827787657519246 -0.004788122404023376
1.6676395984185461 0.7593557896722727 -0.6132938482646191
1.6249647388409585 0.8868445732651802 -0.08238621734420892
-0.5743605149288129 0.8212855661063205 -0.4326626875285351
-0.5922632111906125 0.8508063330373874 0.07324532486160162
-0.5805606892742219 0.7819349883269586 0.5695996663685596
-1.8395470946535397 0.8256444572876314 -0.35367651962082025
-1.848905137217244 0.817737506347604 0.14488390899856451
-1.8323746951196824 0.6797482065869955 0.6329563043232715
0.3154030500032121 0.7920385141574382 -0.5130936720256054
0.2945997992195686 0.8297059564303151 -0.0027780153636181026
1.5318681055806564 0.7709161992784139 -0.6091582395915234
1.4966786476304037 0.8747229281891968 -0.08118887923996088
-0.6969105269870681 0.7978173861490125 -0.4332573034648144
-0.7226032497799366 0.8613582788185967 0.07561210609634283
-0.7021483905559904 0.7536068183651041 0.5685012719746387
-1.956163866030181 0.7773309664523795 -0.35727950118820306
-1.9588699485661323 0.7351893540966952 0.13864830948074225
-1.9370967764742488 0.5676814727392356 0.6254141709919727
0.1864252888647684 0.7895234471170172 -0.5111105062846386
0.165738376736428 0.827284322508115 -0.0012106516246044308
1.3935119067148065 0.7925400415926633 -0.6039883711222851
1.3712293050140403 0.8535005198063539 -0.08088990234176752
-0.8206320506134119 0.7796299469996404 -0.433352670896455
-0.8516566128413388 0.8675355092589996 0.0775442502613819
-0.8238299654667856 0.7256997091893904 0.5673990628834522
-2.0814964958546227 0.7733852326662456 -0.3564297773722851
-2.0552268026450804 0.5795918783248881 0.12601760841567877
-1.9805254766303193 0.13265365951106567 0.5943508527394092
0.056317112369313804 0.7923033634409729 -0.5086190321330273
0.03697497170655595 0.8253410458894797 0.0003540895100391239
1.2457789335713016 0.8481524899405093 -0.5951902487162792
1.2457575136233743 0.8327434008091812 -0.08059474014083978
-0.9618580204734855 0.8395402699160011 -0.42540951751510736
-0.9794846102453647 0.869333064748302 0.07904128051956061
-0.9357802515333447 0.6544336008618865 0.5630212209339893
-2.163392568474805 0.5400993416194169 -0.37887116454879877
-2.1332113430722757 0.321436693963955 0.10442856765945319
-1.988174910704771 -0.5083485454142123 0.5482867143269337
-0.07245301425713535 0.7907483228508285 -0.5066401579264843
-0.0880710769373394 0.8093672714896378 0.000594892274931702
-0.058245594278119484 0.6719811357589212 0.49393514610488776
1.1298917141160985 0.7943530382410513 -0.5983163931254589
1.1175364682145528 0.8220064974133141 -0.0794069387797558
1.1447550738919006 0.6877224158413471 0.41829685188491705
-1.08751310605534 0.8320048741683728 -0.4245035269145214
-1.1050516954478837 0.8618717204974589 0.07966975189407233
-1.0610327766442254 0.6419511609305912 0.5630004785176075
-2.232343264072526 0.22869863956896275 -0.4092604734782421
-2.239176898644459 0.20546464525364172 0.09517864204604987
-0.18684543412109633 0.7317089981731417 -0.5107881643656933
-0.21312151420957548 0.7938526522266365 0.0008325955982959599
1.0097146136684358 0.7553063106494236 -0.5998913862590038
0.9866704020910504 0.8213333693260889 -0.07732506774704095
1.0066672809875001 0.7109810031645383 0.4217806241627491
-1.2131270138816603 0.824922825600404 -0.4236008741740429
-1.2316298881094667 0.859726878437038 0.08072952247817877
-1.2159209815530403 0.7663746232779332 0.5731652162190235
-2.361864180608592 0.17804819444000497 0.09359292007644537
0.8774243244615008 0.7598104078855208 -0.5968019583110058
0.855919092091284 0.8211546683207169 -0.07524510406295892
-1.3345371646617252 0.7988420099153819 -0.4247128584269726
-1.3550130329231678 0.843430011891507 0.08048514343459967
-1.3406773829452021 0.7548831420971656 0.5731432817097462
-2.393172085401943 -0.3639654894836868 0.04722217537124518
-0.45355950978346016 0.7695616268931662 -0.5027591802958691
-0.4817419392064721 0.8416688363618885 0.008357324373320374
0.7465965320864711 0.7600138249686994 -0.5942337133769238
0.7252805478475892 0.8214597899755542 -0.07316752456466791
0.924428712716292 0.052114960227073404 0.37303785301406744
-1.4693492200481018 0.8364679897804264 -0.41928597472946283
-1.483534396778083 0.8519445058113222 0.08240703560073737
-1.4705514471185808 0.7682540531222877 0.57493881202896
-0.5933999867866788 0.8182833063296338 -0.4956805326823437
-0.6133683107231747 0.8566558121706089 0.011236467134550843
0.6210706416885046 0.741498138072024 -0.5937440016154492
0.5908760952255676 0.8366772731017118 -0.06974574111740228
-1.5967594033874377 0.8405062269335959 -0.41738339446823236
-1.6078790203871876 0.8414186469655256 0.08259133316238287
-1.5851300153431964 0.7088517146125035 0.5712683580036915
-0.7193272306839589 0.8094294873093766 -0.4947335340861523
-0.742542710994087 0.8624221294268146 0.013231076967314515
-0.7062197988818042 0.6858106467880454 0.5007205388661182
0.48785310146375593 0.7522772956364054 -0.5901419737223828
0.46053052661335414 0.837973059833212 -0.06767197631637689
-1.719098142969699 0.8206348546793372 -0.417999944913789
-1.7332021061524472 0.8362223745369368 0.083206691515044
-1.707952610203435 0.6889174662650221 0.5705075643177784
-0.8474264075853881 0.8107180631776263 -0.4927670576457226
-0.8704685463966655 0.8638153954182268 0.01478222824294928
-0.8403124658590713 0.7114041974679521 0.5037093541737354
0.3573530019352802 0.7539341710678835 -0.5875804045085156
0.3303083281788446 0.83975067885725 -0.06560011886398431
-1.850246533027402 0.8450994425181557 -0.41408749603073236
-1.8574948660399428 0.8265869771263423 0.08338550544937018
-1.814282550863851 0.5862697426494838 0.5635447881336964
-0.9754189529795809 0.8124724015601306 -0.4908029653910839
-0.9971985127474596 0.8608180557452547 0.015889205705717835
-0.9599564903150082 0.6742471778243821 0.5018575570698536
0.22573309147144016 0.7608840394960712 -0.584501466977998
0.20145698806210532 0.837192672075008 -0.0639798262004101
-1.9629754612010544 0.7773030682317765 -0.41974850677291986
-1.9645679485949188 0.7294112981102145 0.07574275947769049
-1.860996861279915 0.1756150011064257 0.5335908315296924
-1.102232694284126 0.8098475707379027 -0.4893519499186718
-1.1206363273795716 0.8436888889377334 0.015667714845732483
-1.0593853327870306 0.544994396742938 0.49292520500381354
0.09426803815857454 0.7683372753517341 -0.581423959958955
0.07270267021478105 0.8351077203855057 -0.06236144088546869
0.09113919854121377 0.7196443003003914 0.4328608892079151
-2.0460437471839583 0.5535492795218095 -0.4415456869487011
-2.046885914323923 0.5004722899315395 0.056358375322417054
-1.949940210063815 -0.02944658626192176 0.5189354798908985
-1.2310791733271031 0.8174048769220041 -0.486880502927705
-1.2514912518559385 0.8610752212077495 0.018538274538115296
-1.1891839420451618 0.5524504714270337 0.494414605867461
-0.03460932363172731 0.7666349474971481 -0.5793873884562695
-0.05353885595366137 0.82384832911068 -0.06164427779953119
-1.9378920440181133 -0.6917079305475315 -0.5687358000163281
-2.129796307994482 0.26679768967070316 0.036521949541167054
-2.084492636119208 0.0009208628663994745 0.5217905423756397
-1.358739229410304 0.8205651169012427 -0.484922609556123
-1.3717413928200415 0.8302372784194976 0.016984500658110413
-1.3489664316796421 0.7018151576326161 0.5067115209217823
-2.2441115757939514 0.19492158223770062 0.031018771898344788
-2.2042690030900047 -0.046665115911088684 0.5188007733937061
-1.485271186852728 0.8193392376977906 -0.4834782698039257
-1.5033529839285649 0.8534330227227009 0.0202937505360401
-1.489221803456374 0.7640161009162183 0.5123038671131885
-0.2932561731220886 0.7694877814077747 -0.57480164550583
-0.32714712886702557 0.8897757718045751 -0.05212327026168939
-0.02927964473042266 -0.42574441432016563 0.8668752095814503
-1.6127211286187872 0.8234288491920418 -0.4815241911296093
-1.6276836749639898 0.8429813948284028 0.020503558885649475
-1.6068412149611788 0.7193241667948991 0.5096907994862354
-0.42646720439209673 0.7885486169426539 -0.5706913092021191
-0.44601848243274844 0.8509011295857452 -0.05411120437423822
-0.1876122624350387 -0.320111008248122 0.8744447610493458
-1.7341298601269557 0.7987447173931495 -0.48264571212570306
-1.7529885211285716 0.8378530559566544 0.021153726350859436
-1.7296266780367802 0.6994707730852161 0.5089388272877491
-0.5548658337743859 0.788768152901584 -0.5686633207682812
-0.5787999041551188 0.870583922627163 -0.050703249204560485
-0.5658655868937501 0.769496981697138 0.44299773193557623
-0.33136554252902783 -0.2721012772929505 0.878288306963042
-1.8565960975161317 0.7793638404120724 -0.4832584478739941
-1.8772673484423734 0.8282918894975557 0.021358051073149475
-1.8505204259184609 0.6702631050761623 0.507436313402251
-0.6910575731495214 0.8233569447841083 -0.562993726957246
-0.7068275909093416 0.8713760484281163 -0.04909726165573236
-0.6886235598125694 0.7459882438928851 0.44227985359390143
-0.46565884414582115 -0.2624183559500022 0.8796446702595508
-1.9876923627961247 0.80434009974958 -0.4792620756510937
-1.9881876511178262 0.7507424167705539 0.015356101762846741
-1.9677196410651732 0.6219024979432177 0.504436054002837
-0.8169073721624187 0.8148426304022331 -0.5620104887370312
-0.8414204442836422 0.9017620634487571 -0.044790468442841735
-0.8158865369764641 0.7423444423358223 0.4430818936939991
-0.60311934482894 -0.23763080677820092 0.8819330117817676
-2.1072897443676197 0.7711895284444381 -0.4814183332804882
-2.0873896398051954 0.6099476038668863 0.0035848996754443974
-2.0214783074428766 0.24092060774332413 0.47601965881545905
-0.9449102119954915 0.8164836319898239 -0.5599877455119335
-0.9691367689687809 0.9035112138395958 -0.04318781875412103
-0.9365121069933906 0.709974176929137 0.44159535385330084
-0.7381141211472908 -0.22206375301309134 0.8835978887196339
-2.211390777869795 0.5966896218838107 0.0033307454701221317
-2.098047254523223 -0.03229861409560364 0.45580057121475104
-1.0706524659186982 0.8088932400752045 -0.5590097525004589
-1.0956678290237818 0.9008717489337217 -0.042037687528535095
-1.0518788286526473 0.6536838282214266 0.4381993196125782
-0.8653597224553806 -0.24010571603870634 0.8830814740772999
-2.2695542605906525 0.22632411144264708 -0.029307089078828064
-2.2359951034332397 0.01823049937923038 0.46024588562209967
-1.1995324386115271 0.8163305857780898 -0.5564705946330273
-1.2231814951160942 0.903554414720734 -0.04043932937423822
-1.1972257432851734 0.7341746737733503 0.44547227836807135
-0.9936991130822008 -0.2528184026298703 0.8828730962391651
-2.37978369218915 0.13040502354562822 -0.037122926938935485
-2.3558146222752896 -0.028839647709518523 0.45720819450576666
-1.3355574443206848 0.8582707868425308 -0.5502841093424999
-1.3380661724672507 0.8482823678556732 -0.04425402663986322
-1.3064575605691573 0.6495074155460756 0.43978075004775885
-1.1241172972688247 -0.2553018849006108 0.8832850835438526
-1.4547940143863798 0.8228898283693393 -0.5524403669718945
-1.4696602254850575 0.8713375954176721 -0.04085703872482416
-1.4592823568939082 0.7700827781746389 0.4501064202900684
-1.2585574461516416 -0.23778878923608726 0.8849425695057667
-1.57721685515709 0.8025265088383673 -0.5530368902568066
-1.592936004663784 0.8558905835337258 -0.04107066177169916
-1.5809011374836643 0.7448205585593008 0.4489865682240284
-1.3837039425010147 -0.2637583892496371 0.8837900540943897
-1.699686012805273 0.7825890465580025 -0.5536362745646679
-1.7182150249753505 0.8506366393693989 -0.040384969938203064
-1.7045899344334146 0.7297611953561116 0.4486267945881641
-1.5158832607836814 -0.25505133558308035 0.8848193071003712
-1.8405101069969305 0.8311879593595268 -0.04105683349411127
-1.8224466566244075 0.6858081609963387 0.44597152687271
-1.9542376456936807 0.7681897757696872 -0.045797548520966735
-1.88400719479678 0.3535810933992751 0.4207620999928272
-2.054201456330148 0.6322118336740328 -0.05732270263473627
-1.9713262395628988 0.14377952549119133 0.4050877473469532
-2.118059108028021 0.3007891684030186 -0.08694191955368158
-2.0877368926987714 0.08112301619131657 0.40087226844985846
-2.224972715511356 0.1897238344108132 -0.09623499892990228
-2.2153799486568744 0.07767679945456951 0.401242055666045
-2.118973733832817 0.5972240743124821 0.12518838859756354
-2.1466736429988202 0.3704333296450333 0.1257796666737354
-2.3442689479081906 0.15785605552385729 0.13642362571914557
-2.3685076391767836 -0.06850848906472073 0.1367190263386524
-2.4134289658872206 -0.2929725921219264 0.1381974599476612
-1.1143790179808946 0.6009134003644103 0.8789306066151417
-2.2367435262240605 0.4565687491528294 0.017206229936674866
-1.2665485208559062 0.3803754225401157 0.8852665803547657
-2.3693753451876063 0.2387775950944615 0.024206676256254944
-1.4841611722038124 0.16615132942342647 0.8946528813954151
-2.363511966466362 0.009944000494085614 0.022685088884428772
-1.5133580829457713 -0.0627955552655477 0.8951223275776661
-2.3733490864560594 -0.21767176702710422 0.022076167833403382
-1.5632546940916967 -0.2898305619634982 0.8965301892872608
-2.3641221157065218 -0.4471257037569387 0.020250119936064515
0.7942690116488507 0.8749335687395794 -0.2848393537883007
-1.8820749210464243 0.588504367282118 0.8001058480854786
-2.26817504435256 0.400834974787144 -0.09542437576095697
-1.9785826806859461 0.37783938678775897 0.8039994619007862
-2.396014529446475 0.18284143972865952 -0.08853646301071283
-1.9970916234409088 0.1497599444609321 0.8039994619007862
-2.420159069777995 -0.043343172292531484 -0.08822365783493158
-2.0114211841947025 -0.07867304901245831 0.8037562749501026
-2.4351713759105422 -0.2703251709708079 -0.08853646301071283
-2.006648364094957 -0.30887180796483626 0.8025393865223682
-2.3565567708035076 -0.5060895824271006 -0.09479876540939447
-1.8535247435932547 -0.5531100284388106 0.7940214059468067
-1.6699317380627434 0.8247806482516928 0.6755383393879688
-2.201364398362344 0.6460146208977227 -0.2128002264384472
-1.920898590782386 0.6133478325228356 0.6873867890950001
-2.2139579501032642 0.41832065782778827 -0.2131220915202343
-1.9983212785375883 0.38979962312016525 0.6904116056080616
-2.22734967218193 0.19065849165696047 -0.21344395660202142
-1.9919143007766564 0.1597387543807809 0.6891515634175098
-2.3011927151634097 -0.031832554579119154 -0.20990439437667963
-1.9663925268275904 -0.0721533335892941 0.6868822953816212
-2.181973208833611 -0.27125238911248495 -0.21891423248092767
-1.946693738632888 -0.30383622116628395 0.6848659894581592
-1.8830495095611752 -0.5399030716797224 0.6805801770802296
1.007724557917797 0.7142598414210726 -0.5388996221904003
0.8284595863794664 0.7030750855748398 0.4297895810719288
-1.8279424047578345 0.6627127747128654 0.5680184743519581
-1.979856602263979 0.4446463286412037 0.5750604055043018
-2.1646256486046695 0.2531024359794767 -0.3316766836528027
-2.0329701055784284 0.2194226874486951 0.5768864534016407
-2.2133848296355296 0.028208723089981014 -0.3296939947489941
-1.9425786540200818 -0.017802898339251527 0.5711484334584034
-2.2629303693261704 -0.19640017140229915 -0.3277103521708691
-1.9823608332212643 -0.24423332184928714 0.5721915147419727
-2.203951938997079 -0.43080087181955395 -0.33299847625534174
-1.948343025079268 -0.47734405308312233 0.5693226239796436
-1.9400124541362942 -0.708386222237765 0.5677578828450001
1.0793078576167972 0.7800963365257418 -0.663483343351289
-1.7436221970081505 0.9429988161733309 0.4496775052662647
-1.9642977316066492 0.7291986550043372 0.46072796798904303
-2.132042621405958 0.318085859984663 -0.4480869390849316
-2.016433311470678 0.503774998169976 0.4626148126240528
-2.2054305715303713 0.09513888891044786 -0.4443556883219921
-2.1091383574666196 0.28187386654161894 0.466657676469878
-2.219951713440622 -0.1325747658775489 -0.44469519637863275
-2.1926605291071724 0.05972297690095907 0.47016147590835455
-2.2154031198002713 -0.3620672703713188 -0.44639082931320306
-2.2719608195155416 -0.16235032073372224 0.47339562393386725
-1.9791125899284907 -0.41807031469736167 0.45641545273025397
-2.432821936803066 -0.6050297210155025 0.47986439682205084
1.3711024852653964 0.7104178826997511 -0.8043181517008984
0.9672969783599115 0.7269607871185357 0.18308166481216315
-1.8877656522637238 0.6994951694755054 0.341676511537627
-2.0544597052389264 0.4827262468480997 0.3500237844105518
-2.137277726950771 0.26017423277269724 0.3536405942555225
-1.7301706570421231 0.008035832368034512 -0.5924398519877636
-2.270616094046801 0.04236200034215365 0.36004022575576666
-1.2928618346465015 -0.26121851029698995 -0.6244475462321484
-2.3549351309154503 -0.178975154985765 0.36365703560073737
-1.338435218841056 -0.4894052710970236 -0.6227080442790234
-2.3455542329062666 -0.40847170516577247 0.3619876287098682
-2.0586891810531824 -0.6646605128292506 0.3447370908375538
-2.0022927182118053 0.9361625206598658 0.2343914888020313
-2.0736057908455336 0.7122360437744568 0.2375479123707569
-2.09591757708894 0.48487859916514786 0.23783472992141608
-1.2133448041019221 0.18394740954967226 -0.7436415769938671
-2.263314132282659 0.269353053072817 0.2464433095570362
-2.3866477823460173 0.05113680913561769 0.2524693391438282
-2.3466236299338306 -0.18078216419596238 0.24902562118728522
