0.8224852843475645 -0.7955274479263181 0.22609105679253716
1.8025424330836728 -0.7281643244564258 -0.6822193565680585
0.9274716629036135 -0.5615935096270857 0.2304746207878985
-1.0962240550470455 -0.5273674447815573 -0.04442772296210151
0.8371092351151503 -0.632195029952678 0.0995708999321856
1.6231593222561713 -0.5295804595966356 0.15604844662408013
2.134982216328879 -0.5761121858973226 -0.03966173556586128
-0.6567079358093224 -0.3723964950436933 -0.3984478416754804
1.7255303144784762 -0.571136999657984 -0.2075885238959394
2.1882409020899445 -0.41063513642725624 -0.1735776367499433
-0.13453681108606474 -0.7270802783120782 -0.479163497955998
1.9832637462908593 -0.8695221822317212 -0.30623134997626167
0.4325259890605082 -0.14228492953503213 0.5675698814080157
0.48100869447956995 0.10419775588254865 0.5675698814080157
-1.7020020685330195 -0.6590353794975758 -0.7365773620917402
-1.6749055433264033 -0.401460310719596 -0.7382477226569257
0.1155329517120407 -0.47747556847719785 -0.5896109047247968
-0.547181088366699 -0.15774554731775758 0.37454286190728325
2.0219454640647285 -0.5884791437725472 -0.43095287707587104
0.6858766929472893 -0.13955561919117798 0.45873752209405083
1.930924607723469 -0.8824674488486242 -0.5574477615668378
0.7301827539457832 -0.6435819894638666 0.34291043850640435
