0.2502670129903066 -0.7426604614288088 0.25664938856318464
0.3829713616075523 0.7875097930035135 0.2504915135021495
1.5584764792578412 -0.29021176552414296 0.12536324430659285
1.5013615984425854 0.07193531812918863 0.12015665937617293
1.4454838546488418 0.43429630701280786 0.11496104170039168
0.9941748210741679 0.7486512143507245 0.09258784223750105
-0.33428477688723035 0.9623456436796722 0.03211916853144636
1.7289706864623327 -0.5643505402037547 -0.048346148241014575
1.8640429962108627 -0.17741454963131886 -0.044879542100877856
1.8122615296633242 0.18430106265865298 -0.049864397752733325
1.7617523965628692 0.5462158695314354 -0.05483685563847551
1.4546371673268865 0.8771406955479293 -0.07142554353520403
1.5485055963179732 -0.9970222534126751 -0.21894846986577043
1.8799578208564398 -0.5819213236544343 -0.2060037715320302
1.846590072927306 -0.21765662478719427 -0.21008883546635637
1.8144973213795978 0.146667236914638 -0.21415959428593645
1.6250882381802967 0.4912565064965513 -0.22561560701176653
1.999390641930738 -0.2726847062121589 -0.4034963710193349
1.8779639993862887 0.07961621082794501 -0.4118639094714833
2.0723411393183966 -0.37471980238850655 -0.5819169146899892
2.042062375683507 -0.029215204024598762 -0.5856925113086415
2.0034109510141818 0.3518823590212907 -0.5901790721301747
-0.07135852644486107 -0.21151543312819854 0.6114133732433604
-0.12822982116799153 0.15631481537626968 0.6061953442211436
-0.16397648591151892 0.5268097168129806 0.6017435925121593
-0.20338229640434236 0.8967998221107631 0.5971168415661143
-0.28563515994541433 -0.5979270532537555 0.41949166227534285
0.21110067398505805 -0.15758529843088276 0.4362882511730479
0.04538546651751574 0.19555064618767304 0.4267286198253917
-0.017736379645050704 0.5433611861786272 0.4213594334240245
-2.0084314902437086 -0.8240890192423933 -0.2905059916858388
-1.1486262181140603 -0.8672563781945275 -0.1920724971179677
-0.2560351630879225 -0.9249628290747971 -0.08958588670537004
-1.5662735812462145 -0.5785587935111991 0.48529042173579207
0.39533157992215706 -0.9259385057258154 -0.01604996751591692
-0.6961565048978642 -0.6319971622184379 0.5720499889965343
1.1565388726380448 -0.9605956498821548 0.07080305982783308
-0.004892076510763843 -0.6441412818980954 0.6401456730480479
1.4517430928560913 -0.8753104127419391 0.1014908688183116
0.11410147041200247 -0.5071324676606714 0.648216618787794
1.6080503131731234 -0.754050970740952 0.11538733411982527
0.13751391992450124 -0.3446139964830799 0.6461986439342784
1.7072358004281156 -0.6178665210813232 0.1223358051891612
0.16630455690268064 -0.18343875913040364 0.6446856396312999
1.749448000722353 -0.4661476674476095 0.1223358051891612
0.19088443225473384 -0.020964179711734587 0.6426681416149425
1.7874074410592442 -0.3132161072497208 0.12175692487910261
0.18255447681202952 0.15099855507217974 0.6371191876049327
-1.1554412299243424 -0.8730366593215404 -0.36179076265141497
1.8020545741685865 -0.15354012523825666 0.11828268934443464
0.17009295986010642 0.3245549808990056 0.6310662167187022
-0.3160659787666944 -0.9168585606075119 -0.2627960307483388
-1.381663226421999 -0.6337434755944606 0.4200657742138194
1.8125069477358693 0.007577352151136196 0.11422957349970808
0.23948553173776332 0.4746659926189505 0.6335886852855968
0.4359676977262339 -0.9438058455032685 -0.17453633378788957
-0.540719625575953 -0.680090496934092 0.505239381086378
1.8283212661181736 0.16736417275188842 0.11075533796504011
0.1614864624665202 0.6681566126216527 0.620473756086378
1.364805782580433 -1.0229109160515417 -0.06421052049443254
0.07336884609613037 -0.6722386713669497 0.56629790235713
1.8019109087624159 0.3400048074313293 0.1020702259655284
1.6069593524964318 -0.9241086666017679 -0.039163695085497
1.8712284731621764 0.4841910276766832 0.10496510435297957
1.7007948544290201 -0.7863918343925089 -0.032603846300096606
-1.1039941190174645 -0.013413332498558361 0.431353940259962
1.5849262295681186 0.7372808289649786 0.06443394590571394
1.8716133335777982 -0.6703375240613489 -0.016502485979051684
-1.2370239251369313 0.19714734755303098 0.41236962248042097
1.9949090069838178 -0.5419462427374064 -0.006364451158495044
0.25915841614390445 -0.04745826642938944 0.5678371327038096
-1.7018789477315508 -0.87252222216018 -0.6822181804065419
2.0230577876467635 -0.38716174026688677 -0.008153544176073169
-0.1415806492839593 0.23565993873621593 0.5201195614452647
-1.2518684548384016 -0.8129348451595497 -0.62931977342412
-1.6858260668467437 -0.6937494934486388 0.3059300320263194
2.0374484789459615 -0.22831793157553548 -0.011731730211229419
-0.09159414220570739 0.3924530028316937 0.5206326382274913
-0.08630648165955535 -0.9412122222247099 -0.48369227479741106
-1.0516769353690663 -0.6832522089076907 0.3701084988231944
2.0428891230961312 -0.06664626869017631 -0.016502485979051684
-0.2129614181642836 0.5991695426073402 0.5026744740124034
0.6746504673030742 -0.9718526817813427 -0.3903418643359853
-0.220817994189332 -0.728748078731531 0.4556797878856944
2.0441740061546696 0.09654733682480376 -0.021869288194627856
0.2246473225993526 0.6420730381323274 0.5447482006664561
1.415662854436718 -1.0025658599085165 -0.2994805438403798
0.412108129570413 -0.7274920547914281 0.5198577778454112
2.0270441795218446 0.26557204756637454 -0.029622183549852465
1.8062165392215945 -0.9440636356593597 -0.2540498835925771
2.081842310920287 0.4132948295376355 -0.02842961381718645
1.98128282127675 -0.8293001690918107 -0.23662482332036028
-1.1968730169477695 0.04781842358778832 0.3356713192577647
1.743198126911878 0.6815527749889565 -0.07673417161747942
2.070576443380787 -0.6917795502590565 -0.2304006678943349
-1.2433671837023113 0.23491110825835548 0.32575787473872175
2.1268542521175604 -0.5453507872240007 -0.22853385041996965
-0.9731571487576787 0.3337090144845689 0.35028113294795027
2.1693198372257 -0.39509808405653324 -0.22853385041996965
-0.05238146493293527 0.24558594453797689 0.44576586652949324
2.2170746801810637 -0.24636478533040496 -0.22791157792851457
-0.07881391783264036 0.4241208425608658 0.43793906141474714
-0.2650216469983846 -0.9531705675899129 0.37433995176508894
2.0796182617567283 -0.04356995384832629 -0.25156079362675676
-0.27160396123856145 0.6518256271066978 0.41185034681513777
0.24269095587278144 -0.9162292312330909 0.42579354215815535
2.1238338026149677 0.10684852393427668 -0.25156079362675676
0.4139814814138987 0.6212677160833433 0.4817685024853038
1.2740313863406527 -1.0212403506290997 -0.7188573939685536
0.3944249287370667 -0.7886311529731262 0.4379943745250987
2.1638167164118727 0.2585357915567599 -0.25218306611821184
1.3052678441941268 -0.8654418064137062 -0.7201882464770986
-0.14019548812277804 -0.47778553854176486 0.37433995176508894
2.137881959680321 0.4302656862784513 -0.2615176303271962
1.337051250396165 -0.709715580348405 -0.7215200526599599
-0.5868394561801864 -0.18654321873937363 0.32023371626093855
-1.305186858390293 0.18327633262838638 0.2358917133922862
-1.2888895231137525 0.3535332091664056 0.23270882536128035
-0.2530604543045527 0.2352662638350651 0.34251250196650496
-0.20307691485278667 0.39245582520080013 0.34304322172358503
-0.1620999791826634 0.5522231760721272 0.34251250196650496
0.3611287315371925 0.5699832406240581 0.3955577747936534
0.33510317720651983 -0.8137039895030593 0.35071982313349714
1.3850779707440068 0.4347241400180124 -0.7574626071338368
0.49801981321362376 0.699383457858179 0.40563668180659285
0.1701389543771583 -0.6020068394377383 0.3275369541759776
0.3021117821069126 0.928662654389937 0.37858332563593855
0.006114744725657317 -0.3890181860618558 0.3043545620556163
-0.20490473236701945 -0.16156383551981968 0.2757805721874522
-0.453194795154495 0.07818281237616986 0.2428935902233409
-1.255288389069591 0.47645081346691676 0.1474679844494151
-0.1912736484826567 0.34733037715753845 0.2623022930736827
-1.2450582894891156 -0.9062355113844323 0.10274590421870222
-0.15045609940769822 0.5070527138812206 0.26176299024775496
-0.4720502661962769 -0.931730406894097 0.1860116856212901
-0.10907769348073515 0.6666489592313578 0.2612241642589854
0.34830088870354814 -0.974977775346467 0.2747563259716319
-0.24818867663989863 0.8799671395071353 0.24019850660517683
0.41330106140522815 -0.824846789320512 0.27749527860835066
0.5798449918012594 0.8033849288757331 0.3286155598278331
0.4740070051414591 -0.6737487177553341 0.279686345350294
0.5200480546274235 0.9831405026532405 0.31675471235468855
0.5714810042413063 -0.5411190347944164 0.2862604992504405
0.6906453426845118 -0.4065010513556615 0.29502476621821394
-0.8750633234251453 0.19678811568973487 0.11096228529170027
-0.0360123080054322 0.13340338323136258 0.20189846922114363
0.735129475925639 0.08345241872726739 0.2851642506237315
-0.3214324154711079 -0.7827966009283855 0.11493624616816511
0.7702485871583775 0.24132523269104844 0.28406895567133894
0.2678969813372376 -0.7686259787020475 0.17837466169550886
-1.065963145331061 -0.40774322963424225 0.6985615627880382
0.7439393928838527 0.41731303756388094 0.2758516209240245
0.7079751863443207 -0.7185716408938863 0.22456206251337996
-0.7153797968058484 -0.32878756234275386 0.7297328846569346
0.5515855983865521 0.6432255190344396 0.24846161771967878
0.9368545061989764 -0.6141468841963444 0.246264828931837
-0.6673451267067279 -0.16991603903914232 0.7302192585583018
0.49827448866194146 0.829076742288331 0.2369579212780284
1.0030395576170221 -0.46633278320208227 0.24904717374995222
-0.6331450349639951 -0.0072691150665580295 0.729245557081251
1.0457858816468644 -0.3121538893108493 0.24904717374995222
-0.593578578837743 0.1539568269062137 0.7287582295055675
1.0938529943351227 -0.15948029082151116 0.24960364271357527
-0.567811833429424 0.31912468683588635 0.7268103497143077
1.1185638683894226 -0.00014561738308138672 0.24737776685908308
-1.178467788585472 -0.9466752851297962 -0.06640921663090715
1.1009031366719242 0.1716379107038506 0.24014367033198347
-0.26622316131737733 -1.007630596345905 0.036039723646192456
1.0934389016188604 0.3408970369891584 0.23402251173212996
0.3180207857040358 -0.9899800089995772 0.09999979902461043
-0.9488967118516456 -0.661320969047777 0.631976498853712
1.0485231012784482 0.5217137432122367 0.22344912458613386
0.8249605176221095 -0.9560372911975641 0.15490330625727644
-0.31499566609576135 -0.6560625786258587 0.6929515736217784
0.9948205628838664 0.7058746636093272 0.21176327635004988
1.105991165943074 -0.8652820549429734 0.1832040684337901
-0.18157338797681888 -0.5216568867061113 0.7023705380077647
1.2432511758426656 -0.7374128184791271 0.1945246594066905
-0.076578810863424 -0.3802391921054724 0.70881499220088
1.2946322707808093 -0.5867072898705885 0.19565667082026472
-0.047917144281669266 -0.21834770570713147 0.7073277371044444
1.3465267137706647 -0.4362088774003414 0.19678820539668074
-0.03785371760265832 -0.051171059750714676 0.7038577931042003
1.3606878591800324 -0.2751415211998349 0.19339264799311628
-0.051117172388217114 0.12283878917978086 0.6979092495556163
1.370663132374247 -0.11266284487045475 0.18943060804560652
-0.11633822218714585 0.3121232296602834 0.6865071194286632
1.3669220498743684 0.0540412659431464 0.18377007414057722
-0.19513242738637615 0.5061686189159449 0.6736177342052745
1.3447414805876505 0.22651324391990535 0.1758459942455577
1.3089450436458847 0.40354406793378317 0.16622389723017683
1.2072521440366373 0.6010105271437798 0.14867724348261824
