1.2615183454124597 -0.8058956255588647 -0.7003265339917242
1.6698003654686917 -0.8323240514400734 -0.01346644945803277
1.8971687453306778 -0.059644552846380705 0.01293745450314887
1.6849706265937616 -0.7683941663769751 -0.12070426531496636
1.7648395644833124 -0.5044703169326619 -0.11120662279787652
2.018290366558241 -0.17564387142062454 -0.08885535784426324
1.937309096650647 0.024395265634498564 -0.09146508761110894
1.8663561601956662 0.2282116252317712 -0.09337577410402886
1.7558172667914542 -0.7645163560337336 -0.22488889284792535
1.9519938533273864 -0.4559215237529308 -0.20620832033815972
1.8746937402101236 -0.25389235469505067 -0.20848283358278863
1.9707453325081148 0.01360429846773048 -0.19758710451784722
2.0169770855049194 -0.26926663986253363 -0.30710372515383355
2.0857544950515234 -0.0008557245398179703 -0.2978201825207769
1.968925835425567 0.19680668640195798 -0.30310496874514214
1.897453353575795 -0.6170407263484021 -0.4302364308423101
2.005789548299851 -0.34329828341335045 -0.4176011998242437
2.1059993530787913 -0.07413243532192659 -0.40569219179812066
1.9553798341296686 0.09928449134493089 -0.4139219243115484
1.6339316966422102 -0.6730059635422991 -0.5599089581555425
1.8724491627691227 -0.34850851871704247 -0.5362463910168707
2.0239493845381076 -0.059548186788060065 -0.5198088604992925
