-1.6067119150029896 0.3315792551602659 0.4940593577125689
-1.6287044203281766 0.03713141597974001 0.4936700201728961
-1.5151481924784207 -0.5827502498133033 -0.6857490205070356
-2.059582922810648 -0.7509340422720108 -0.6611327790519574
-1.2239237128542015 0.9546685758021223 -0.8355283402702192
-1.268024101694209 0.664775310555525 -0.8353509568473676
-1.3131297401784536 0.3749798328862628 -0.8351840638419965
-1.5232968285671404 -0.7785536798171968 -0.8336314820548871
-2.016536131669511 0.46650321796279215 0.217962298462691
-2.1110565552903324 0.1905346046757419 0.22022679812699764
-1.9010555509091773 0.7508482018886049 0.06948903567582576
-1.9556291756865392 0.46543452822638365 0.07024720675736873
-2.011209368251002 0.18018425943649774 0.07099393374711482
-1.9948599655533883 -0.12215478419797776 0.06878474719315975
-1.9407587688112358 -0.4341852360107872 0.06499579913407771
-2.059112146614183 0.26384921614856793 -0.07205244534224065
-2.057044077640512 -0.03481147703251075 -0.07379290096968205
-2.095367736082295 -0.36913243360825554 -0.07414623730391057
-2.0051651958482637 0.3238517568448227 -0.21937176220625432
-2.09451468815908 0.6102383652953165 -0.3591212891837934
-2.144716557205726 0.32437139536779114 -0.3586473130485395
-2.1861880168590346 0.036351225076428406 -0.35862919323652775
-2.1266525893931316 -0.27598787579190365 -0.36329456799238713
-2.063489777407426 -0.5901435847186605 -0.3681893014213422
-2.00148265934871 -0.9049700765859026 -0.37309261791914494
-1.974109922129088 0.878243824946578 -0.5081982278129438
-1.8710708410254426 -0.3390211729912149 -0.5209908150932172
-2.036255435758676 -0.5987183152877797 -0.5152539872428754
-2.138543599896593 0.5781189927906478 -0.1570057534477094
-2.061296335981581 0.7311482070911968 -0.4027361535331586
-1.4728661139048995 0.6919635832819448 -0.6658162736198285
-1.5578427352257336 -0.15050536973487638 0.8012030459144732
-1.4877601112925163 -0.6328921427256571 0.800596747467818
-1.8631406496294005 0.37963407972740093 0.3212375975349566
-2.0430794618373795 0.8485303912316606 0.08204749591142146
