2.0975278447013217 0.5448459133856876 0.006487323638900477
-1.0444994776786025 -0.2127421945655108 0.28184218585203524
1.991641403997928 -0.8387398516583318 -0.09894852459718351
1.9859513200066345 0.6410937700115724 -0.5755200845031894
1.9936770091251645 0.6577401786030688 -0.0027213555603182726
0.2726041984126155 0.25219415796494893 0.4065312880248868
2.089969521703896 -0.671196003377073 -0.08557228863526944
1.8309365782980365 0.7569675920810894 -0.5918312531738437
1.9159233980292605 0.7918591851035615 -0.00894646466066007
0.24661671595406887 0.4051932906678015 0.4058417814941251
2.0911573693528744 -0.5235851328481385 -0.0828347665100253
0.7209619458282717 -0.8791923756918489 0.35925288378904696
1.6907474946024657 0.8772296935599595 -0.606372402313248
1.7498519341654557 0.9130768420219013 -0.02464155972291593
0.21468688629790478 0.5643058562231094 0.40462870776365634
2.2303781982512625 -0.3320688368897251 -0.06482176602174405
0.8495138353823606 -0.68522809581094 0.3737225073547208
1.3685906634426352 0.949306470039966 -0.6433287125854648
1.336785226270731 0.9569323517589492 -0.06728415310670499
0.4261296262979144 0.7563249413672626 0.4258355635375821
2.3674434911073092 -0.14978770882602888 -0.04724650204469327
0.12365280770636033 -0.7247031373112041 0.3064326781005704
0.6309335144657808 0.9449789456815978 -0.14137224972535734
-0.18908809725987652 0.768203249424813 0.36997790515135165
2.283919579534352 -0.026042462088863516 -0.05401186764527921
0.009136477481444416 -0.6006252428879044 0.2975177305908048
-0.24540858827988643 0.900221851957653 -0.23379902661134366
-0.9894523143339988 0.7434003274003924 0.29686112582395907
2.2489561360208263 0.11048362497586339 -0.05548004925538663
-0.10501098609514159 -0.4758800608454372 0.28860135256956454
-1.4140684570860742 0.7979980600963668 -0.35765318692018155
2.253045784820838 0.2568546993059915 -0.05270676434327726
2.161167043737393 0.3791060922657241 -0.06052689373780851
-1.0570779439841331 -0.4041344836286811 0.20167584597776766
2.0744989952074313 0.5030630803161831 -0.06781821072389249
0.41083290174288933 0.11146707241222131 0.3433904188842618
2.007547835224372 0.63216485087246 -0.07298807919313077
0.23112581963188816 0.2195805796314545 0.32804389178465243
1.7258597010814718 0.7029254515303158 -0.6844301682739413
0.05652304079680093 0.32997869262583635 0.3131508368224942
1.4566347746286041 0.7860537663770515 -0.7153387528686679
0.051893406833666944 0.48104764454649285 0.3143963354797208
0.047819407477888376 0.6320329120132993 0.315648033020004
0.13405176400358698 0.7878878582984186 -0.2699838143615878
-0.6647458217475624 0.6228011161311713 0.24950499713133212
-1.0627703046378052 0.672721409532576 -0.3989944916992343
-1.3049570117627205 0.6346322099939972 0.19024367510984774
2.153865641543451 -0.5741159327643519 -0.1487517815857089
2.131400066770695 -0.4332576964002026 -0.1486287575988925
0.7975723042262857 -0.7759995831624025 0.3012585180969083
2.1911271081604724 -0.2707323725131925 -0.13935665905763273
0.9043635921061686 -0.5960982124675773 0.31375022113035556
0.1496753627874341 -0.641964021602524 0.24252600848387118
2.3173505043819134 0.05391948393715751 -0.12024264157106046
-0.0079712361886628 -0.5289840809699022 0.22927661120603915
2.292314159929873 0.1927791135293191 -0.1206307870178378
-0.10741010158058728 -0.40035571625342037 0.2216391104430997
2.2532907069931944 0.3280691860663687 -0.12263016522218351
2.0923980085961666 0.44064734396825145 -0.13816981137086515
-1.0658757763427076 -0.3206709495440805 0.13272948443601962
2.054234734252649 0.5766689956177284 -0.14016823590089444
0.1851399140197536 0.1390827350661663 0.2558221358032071
2.2906483321496154 -0.5367063965217138 -0.20482687771608
2.01171351826979 0.7116885287950225 -0.14270214855958585
0.1894970098708697 0.29215848211107165 0.2580480116576993
2.354704733301407 -0.3731122393245787 -0.19483761608888273
0.9797827412829676 -0.7346483911011017 0.23798747241209384
0.7000910047587148 0.5562678407758543 0.3091353911132657
2.3845891386121174 -0.23388560282798387 -0.18906168759156827
1.1240732187727254 -0.5604912193347449 0.2542643088073575
0.5863421866179834 0.6721255669698998 0.2997378843993985
2.4035699190411215 -0.09067152788039756 -0.18444590390016202
1.137229708421419 -0.4143581218847725 0.2575935858459317
0.39364131722748397 0.7780894886018785 0.282752467987045
2.342573830565538 0.04604420633660489 -0.18872122586061124
0.05802225651158821 -0.5350733338448279 0.1528687018127286
-0.409242834677336 0.7408783684469249 0.2066726225585782
2.320952199332453 0.1711838421284515 -0.1889443856506503
0.03459266310583331 -0.40276129228530344 0.15242905795286532
-1.0304748562491248 0.748874148231776 -0.4711094361572421
-1.084805406763703 0.7526899909565525 0.14306969821165438
2.331487904563012 0.33330264049721414 -0.18507866680909757
-0.0004478837498034238 -0.24273602248261206 0.1512059706420743
2.2398823038284874 0.4553791512722718 -0.19310431301881437
2.138054324073046 -0.703269785567354 -0.29632525265504484
-0.4534362053676091 -0.061618593873356886 0.7150053518981778
2.1695011276163427 0.597532252872389 -0.19853691876222257
0.9747621314734864 0.31534030367509835 0.251744224426254
2.0320051159978725 0.7021801098796079 -0.21196799099733
0.9668648826032431 0.4551488016191083 0.25271458804319735
1.4663328664435156 -0.5814791590511721 0.21393628298948641
1.7286813514049264 0.7757981568505699 -0.24410872280885343
0.875441889087373 0.5825819122563924 0.24548049151609774
2.4551021568840206 -0.1786813608088078 -0.2513790589599765
1.4342363193076686 -0.44083489090543004 0.2129125136108243
1.4254022325056894 0.8514247590799933 -0.2762656670837558
0.8329076790530188 0.7217659181287122 0.2430328863830411
2.443654414924783 -0.03647912225869199 -0.2500706177978671
1.3833758301431018 -0.30511196456267875 0.20994706332395907
0.7908505795777252 0.8611294612299876 0.24058814227293368
0.1440910629767238 -0.4971450227202947 0.6850842970580899
2.3846026390938206 0.09331413161274504 -0.2543120843200839
1.337797449136712 -0.16792358210288683 0.20747132479856845
-0.27207843410308996 0.7638368032044767 -0.46404890835572843
-0.3434296162414796 0.7556557091572884 0.13034959017942782
0.030193757907110097 -0.37276991713344465 0.6768683928222501
2.3548804774350067 0.230714790056064 -0.25521855175782804
1.3071599139450605 -0.02688333590727865 0.2064570921630704
-1.1098586324773798 0.7314518463539414 -0.5566530686645663
-1.0415056398552203 0.7544762813976398 0.06316895663450595
0.032676852160136605 -0.21873722602256152 0.678659393188461
2.3208226841634065 0.3669988862002924 -0.2566767197876132
1.2528724322883171 0.10822655506576062 0.20301385104368563
0.030901002058655536 -0.06603739181339385 0.6800388830871427
1.2232111146375608 0.24952934706142926 0.20200629412840243
-0.01874665553775756 0.07480618914669179 0.6772512930602872
1.1601840150762293 0.3827264226469804 0.1975936430663907
2.1663522236132806 -0.6070380351761653 -0.3630576592712558
1.790599898246711 -0.6871470872289365 0.1715902823180997
-0.10667714769772019 0.2066154054763878 0.6711253660888516
1.0733995673635341 0.5104791820741514 0.19074721514891024
2.2109166275417778 -0.4480953324193795 -0.35496573269654874
1.633206068791818 -0.5812290965077764 0.15772910296629306
-0.23785367923512268 0.3286504148331719 0.6612400549621427
0.9434123651676458 0.6284907291063622 0.17951531588743563
2.404960598919665 -0.2500096112100607 -0.3293838959961093
1.7213424328714169 -0.40925233362350255 0.16908021151731845
-0.3686685926973823 0.4514883859486982 0.651350929138168
1.3152716594909073 0.8555112158492513 -0.36081414044191007
0.8380048074588267 0.7528933684549823 0.17071671664427157
2.3596163221998907 -0.11641557872551012 -0.33198408901979093
1.6994819680328206 -0.2669887394803272 0.16906686007688876
0.5971023194042324 0.8470491777926874 0.14826245486448641
2.3051086280852715 0.014882748993626294 -0.33571057141114835
1.6684928679301194 -0.12718655307894444 0.16806883990476962
0.49866353023776 -0.4132904285304164 0.6489600676269376
-0.9154908553605097 0.6505490656834336 -0.6128349763183749
-0.1778321689892799 0.8233680712445306 0.07213635623167391
2.3473250309282783 0.1709681668741556 -0.3281455498962558
1.6331727146949255 0.011481128977173682 0.16657872378538485
0.375425502581173 -0.2926131104352496 0.6397838133544766
-1.2537761728025067 0.730983759190126 -0.6494927865295566
-1.036033149236662 0.7868279934014719 -0.012335346344009679
1.5983369832677852 0.15027029756289245 0.16509289920042391
0.31051372929721666 -0.15670097161250673 0.6357016104430997
1.5301675730463273 0.28083668516832283 0.16014237582395907
0.3379745359730748 0.00218829872000903 0.6396965521545255
2.212178542299334 0.5720312897162803 -0.33647112667848234
1.4575965956979964 0.41058462620123315 0.15469689547727938
0.27404025248826613 0.1384295100409645 0.6356205481262052
2.1503368025140013 0.7018608920512062 -0.34131293118287687
1.3709297910878462 0.5372430864792381 0.14776511370848056
0.2444906261416122 0.2831078084881664 0.634523822662338
1.8145514551802577 -0.5767105072860694 0.10357852160642977
1.2798245316589387 0.6632530814761708 0.14033742129515048
0.1426963667721779 0.41075129006383904 0.6270484465331876
2.003580912739295 -0.37833600250754174 0.1257242697448575
1.423060831712867 0.8217991515944547 -0.42167954266358976
1.0291649137446726 0.7526739093192347 0.1165375250549161
-0.036357070439553496 0.5210008780618693 0.6127590674133145
1.919275408173167 -0.2534777712746976 0.11920352160642977
0.6040278576387479 0.8038637410913498 0.07485957324217196
-0.5405777595113364 0.5582015844228891 0.5699281233520352
1.9268594946052637 -0.1044536819940376 0.12224860369871493
0.5839208615206424 -0.43685555321208014 0.5746006506652677
-1.3060173597156037 0.5006883020250577 -0.7358217698364413
-0.02025885558778029 0.8132026416873188 0.012802078124984462
1.906071724000288 0.0370038891295259 0.12227769076536532
0.5861165614088719 -0.2845714257845433 0.5765418547363126
-1.1741832757192867 0.6862988509641941 -0.7181339722900546
-0.9121736527211084 0.7677435639650145 -0.07660965740968351
1.8665094924824466 0.17363060371263295 0.12029643237303134
0.5115921793793241 -0.1518478205749041 0.5715412634582364
1.8322358829799796 0.31160587110528226 0.11882252871702548
0.5148599939665672 0.00041760829238057795 0.5734924811096036
1.7936163290759026 0.44852008678626554 0.11684746920774813
0.49933222277384104 0.14781735369939852 0.5737123030395352
1.8037936541908124 -0.8689561621351096 0.025404407379134852
1.731291367244129 0.5797721416428914 0.11235375582884188
0.46981050671393376 0.29171326684066834 0.5726322668762052
2.2264252118486567 -0.6046306852075247 0.07299180209349032
1.6064657594537692 0.6964358203235559 0.10130257785032626
0.4359458477922509 0.43455066838220446 0.5711206930847013
2.1750340798623498 -0.47179482970654973 0.0699681776733243
1.4819724890562966 0.8138582888116055 0.09024758517454501
0.39772187638609324 0.5763714589345508 0.5691775816650235
2.1721608521500713 -0.32592750744868937 0.07206483065794345
1.4553889783473366 0.9395512358225169 -0.48849777996827726
1.2220682509092313 0.9008892396081265 0.06505246340940829
0.2531834176145793 0.693877601085088 0.557659580108627
2.174626191914072 -0.17890814591101645 0.07467932879637118
0.4921661013719003 -0.6128143911733517 0.49033637225340243
-0.9936390428249524 0.5322873212631585 -0.7766185265808261
0.7487730575327589 0.9414179824120446 0.01762051760862704
-0.26519397173997916 0.7279397357786674 0.5125956076354825
2.1439474252088466 -0.040755928952426856 0.07371468722532626
0.27674995838948035 -0.516200457772122 0.4724182623596036
0.032487727600418737 0.9312184338180511 -0.05510287106324796
2.108928179639417 0.09625501898812949 0.0722417372436368
0.056679849489277956 -0.4194428920000757 0.4540466803283536
-0.8981860395068324 0.8792042776988414 -0.1501107674865878
2.103328926108624 0.2406638146936011 0.07384772479246493
0.6048000117918697 -0.1283044366495112 0.5061072844238126
2.0065319047217933 0.3622655011708762 0.06571717440794345
0.6178175568982205 0.026032925689136732 0.5090183752746427
1.9065355701030562 -0.6698898789995003 -0.032793567779556554
1.910110738706944 0.48442524604983284 0.057585670349105555
0.31690067683096146 0.10345984469747727 0.4831165808410489
1.9461498727653783 -0.5113335288590939 -0.025968597534195226
1.8866008609350366 0.6245718298494509 0.057149364349349696
2.034451904584728 -0.3404104233331342 -0.013929412963882726
1.6845073581964414 0.7223907012756339 0.03772683322142001
0.5149323267118504 0.4533590549013784 0.5044827002258145
2.1763834429447613 -0.15636309835597828 0.003849937316878993
0.6278836139401811 -0.5542865915629402 0.4290980833740079
1.3276232286383163 0.7853962050966281 0.001866294738753993
0.3409693781651555 0.5632950697776344 0.4901041525573575
2.246883005892503 0.007901010891558258 0.013833000061019618
0.5235584475832873 -0.42942247137049705 0.42124505221556063
0.6119509694362257 0.7685256732157928 -0.07201962292482023
-0.23080135406391733 0.5831311148847149 0.4393023985595548
2.212039364122436 0.14455514735549535 0.012364341613753993
-0.02918786646872107 -0.41815281440485563 0.37139458834837313
-0.06064225531042311 0.7663991792292073 -0.14132885754396085
-1.1138553232192372 0.5367555102537729 0.36003060519407626
2.1776724566318535 0.28132911277722883 0.010899497863753993
-0.1331381553001627 -0.2905170708314948 0.36352153002928134
-1.1610142262865963 0.6740280649103738 -0.25590805828858976
2.1823993191567475 0.4277703832057913 0.01360888659666415
-1.6474325359015438 0.1754681884268532 0.422703697082504
-1.6411763147619176 0.08828811658242763 0.43084235369871493
-1.6310747612173095 0.003683037170459258 0.4379639166564786
-1.6424752611697677 -0.09317777482782574 0.4501723784179532
-1.6204117960999866 -0.17021922074758677 0.4542417067260587
-1.6028981162703246 -0.24971307788992902 0.4593286055297696
-1.5942122028460375 -0.33403339414123856 0.4664501684875333
-1.5645647372565072 -0.406252378282451 0.468484832641586
-1.5394573175716069 -0.4809349241425327 0.471536590454086
-1.5060747117974245 -0.5509079094708156 0.4725536841125333
-1.464368754107607 -0.6162605640135634 0.471536590454086
-1.3842161207008061 -0.6606616955257341 0.46136326968382235
-1.25677724477044 -0.6798487583307509 0.43999858081053134
-1.1076745146742404 -0.6882189618076211 0.4135474699706876
-1.001604827092386 -0.7205105389467672 0.3972696799011075
-0.8089375091326971 -0.7076981057242797 0.3606447714538419
-0.702678784087972 -0.7415141353109238 0.34436745822142
-0.5442751554943719 -0.7488787438267099 0.3158816832275235
-0.3856775089183486 -0.7572207107590003 0.28739543139646884
-0.18328839524948393 -0.7442924646009956 0.24873585879515048
-0.06355636056690983 -0.7746352880105363 0.2294058340759122
0.06058897026341015 -0.8034923790361042 0.20905919253538485
0.26807682098038654 -0.7916806128848926 0.16938204943846102
0.43198544478992673 -0.8028316038393726 0.13987918078611727
0.6092712798697946 -0.8085560933905143 0.10732360064695712
0.8308353916336273 -0.7940556774772123 0.06459469973753329
1.0086241344850642 -0.8021540312729805 0.032039119598373134
1.204303582487725 -0.8029562938353916 -0.004585312011734288
1.586229216097589 -0.7173440385136818 -0.08393912136842374
1.6319155914834766 -0.7917089222786018 -0.08597378552247648
-2.4542516176065803 0.35866766307109543 -0.18098645031739835
-2.442471008664384 0.276171196983503 -0.17278055966188077
-2.43517076980876 0.191163344466462 -0.1634016495971835
-2.4282349293096566 0.10624799409651509 -0.15402321636964444
-2.417524251216804 0.02396448564691056 -0.14581732571412687
-2.411316077364436 -0.06078111508954365 -0.1364384156494296
-2.405471906518283 -0.14543069750753368 -0.12705998242189054
-2.399995582442628 -0.22998509039295278 -0.11768154919435148
-2.386524771458003 -0.30947554112056963 -0.11064772427369718
-2.3691971583361315 -0.386457499787344 -0.10478596508790616
-2.3521802215389336 -0.46342587833203197 -0.09892420590211515
-2.3312707384736946 -0.5379411157923499 -0.09423498928834562
-2.310654349182382 -0.6124698603504974 -0.08954577267457609
-2.294557176465535 -0.6894224197141998 -0.08368401348878507
-2.2491578217992796 -0.7495933945459328 -0.08602862179566984
-2.21242721114546 -0.8147109320470278 -0.08602862179566984
-2.086749528487882 -0.8302934880812334 -0.11064772427369718
-1.960955237777604 -0.8466270005476098 -0.13526634991456632
-1.835046497772396 -0.8637114025286667 -0.15988497555543546
-1.7303848000423123 -0.8931507070931488 -0.17864184201051359
-1.5015978520136777 -0.8563343602524984 -0.23139624417115812
-1.3537830906471662 -0.8645107575571362 -0.2618766289978183
-1.192903131488297 -0.8667648931416245 -0.2958736878662265
-0.9844681528034762 -0.8451501966112414 -0.3427668076782382
-0.7454701340907661 -0.8091474082276449 -0.3978653413086093
-0.406650097301803 -0.723387775619516 -0.4799275857238925
-0.3309048981266436 -0.7750012336192746 -0.49047856152345304
0.6365146797659875 -0.46864021840640113 -0.7319760781555331
0.6655060876708703 -0.5481737668862721 -0.7296314698486484
0.6898500754206793 -0.6299311046090619 -0.7261147958069003
0.7182494416379264 -0.7095920788868337 -0.7237701875000155
0.7419857215668131 -0.7914406907140261 -0.7202530366211093
0.7697882625247026 -0.8712193709926588 -0.7179079514770663
0.7929150317459417 -0.9531555936169802 -0.7143912774353183
-1.665773910918567 0.5361795437676538 0.38709635913084384
-1.670499981962653 0.44092692261769706 0.3982867735595548
-1.6464782176456687 0.3543688006728498 0.4033741492004239
-1.6624542514757294 0.25769526999419234 0.4165992277831876
