0.6084047506527916 0.28128994931946494 0.39541074726537273
-0.45100548413180164 0.6648008405366319 0.425757617687736
-0.46390002472605474 0.41420549544728047 0.41854450199559734
0.3463659881061112 -0.34722451299473533 0.3814251134152751
-0.4583700399026256 -0.3713654337333523 0.3949672887082438
-0.5306320116911998 -0.5885651772927503 0.38971015903905437
-0.5177584128243851 0.2667269301236104 0.3046481320615153
-0.6639250609845426 0.0976628524132046 0.30225822422460125
-0.819071440866324 -0.0654775703262871 0.30019876453832195
-0.6790629311766061 -0.41492624861554717 0.28669473621800945
-0.8990571358215504 -0.5374605904531649 0.2870828816647868
-0.8749061275746293 0.6940968441768405 0.2151081273312907
-1.3005598687744921 0.4435149782797758 0.21600791904882
-1.2979508594256082 0.18423449033796047 0.20770141575292156
-1.3556040698485745 -0.0380281346533522 0.20179197285131023
-1.325715713708977 -0.3167577549177558 0.1922495076413493
-1.3265416913734818 -0.5771846248459269 0.18389770481542156
0.48423573355550786 0.4883013025200853 0.6272427747006755
0.14639204020537022 0.43214046352241553 0.6307403752560954
-0.15706574185072597 0.3570520391038663 0.6331767747159343
-0.3157540808141448 0.1944606887608522 0.6309969136472087
-0.33906676017732096 -0.05187268358837471 0.6244456479306559
-0.34227698723539746 -0.31170091145162715 0.6171965310330729
0.5582569929556378 0.7051241077479311 0.5204755971188884
0.31915823559992873 0.5885848888629894 0.5210950085873942
-0.30028324526603356 0.7041823085955521 0.5346038052792887
0.3180177623142164 0.06714781167966066 0.5061485478635173
0.28594330103710064 -0.17581371201239904 0.4996678540463786
-0.2395628186774097 -0.11288937804473065 0.5100533673520427
-0.21757658337135766 -0.38897966218560853 0.5016874978299479
-2.06413984383288 0.4712594537277326 -0.391341238284554
-2.1214240726019966 0.3993522183418179 0.12735864613011882
-2.1336566408901625 0.21102208866990324 -0.36712959315821125
-2.1104524997947394 0.22704557003214987 0.1377753922696452
-2.1641132567973607 -0.004629459651006584 -0.34897068049951985
-2.083456232437076 0.07324675285283178 0.14602229092076824
-2.1414646651416263 -0.16157208615622665 -0.33888223674341633
-2.0674438567714724 -0.09134300787622962 0.15557119343236492
-2.1400595168307817 -0.3400979114821858 -0.3257677843813558
-2.042035347961871 -0.24483545171157672 0.16381785366490886
-2.1259251151261616 -0.5038685211715759 -0.31467059161707356
-2.044812723555502 -0.42712686131489264 0.17553708050206707
-2.0851822649384495 -0.6386210508108867 -0.3076088717226644
-2.010746328906123 -0.5694277858113601 0.18248149845555828
-1.0134381492852391 0.47628850508150933 0.5634512612576823
-1.9359753364237093 -0.6685470713281845 0.18421790096715496
-1.024846428007713 0.28015595642528623 0.574411124920402
-1.8408289337439996 -0.7463960130307967 0.18334981892064617
-1.0858506470973879 0.03424400066928257 0.5904850671048503
-2.038665824598006 0.5068266789496825 -0.458961038852181
-2.086821840957434 0.4541314888805168 0.0525867650266032
-1.7042205287376433 -0.781777260855204 0.17727324459508464
-1.0682427439644222 -0.12876042270329435 0.5981571385617594
-2.0978960907942827 0.257481266633647 -0.43587162997766926
-2.038519455578758 0.32200211343620566 0.05835339519933269
-1.5536130457825514 -0.8035812783520129 0.16946050617650554
-1.0305098324259063 -0.2702005655752515 0.6036367127652507
-2.1247631310881054 0.04535466982402525 -0.41791322734400227
-2.0856328435296554 0.08757832537350652 0.07654139492467449
-1.4098616279400389 -0.8332198473482109 0.16251584980443523
-1.0074806749512462 -0.4257874366660843 0.6105777928586344
-2.1154855620912514 -0.12626556305309578 -0.40559914615198567
-1.9641852492903027 0.03585570308835173 0.07254883739903972
-1.273040889594867 -0.8706183695278966 0.1564392754788737
-0.9535775868086453 -0.5493958710842115 0.6142310807462077
-2.1037094633540185 -0.29401075092498274 -0.3937976649050374
-2.0065169363654967 -0.19059332138067475 0.0898492047543864
-1.016332699220282 -0.7889978906689592 0.13560506794408367
-0.8578887360554255 -0.6307895069173242 0.6135005662198405
-1.2093031441201738 0.5183074327971369 0.5071842381711344
-2.092807747322208 -0.4615189017927541 -0.3819968989138265
-1.985091505170658 -0.34770291989070756 0.09872147533849285
-0.9214602597455723 -0.8702029408115024 0.13473722431615398
-0.6845543642948009 -0.6352945452725827 0.6047329613919596
-1.013837111715354 0.5391264659934905 0.4959635445828776
-1.9782097051686698 -0.5190687251677311 0.10936781856969402
-0.7523117511935666 -0.8783688589098659 0.12475416157201336
0.12508377074852106 -0.014425680073312463 0.5305723855252604
-0.4074549693288958 0.987344073760454 0.4402339169736247
-1.9170522995126085 -0.6326763478481325 0.11291667911962078
-0.5686705357397912 -0.873484419162466 0.11303517315343425
-0.22653298180348358 -0.5389367228842374 0.5758723923917155
-2.0531787003343496 0.6382711936275811 -0.024779110217537426
-0.4346271918640632 0.771398915486678 0.4533247658963542
-1.8356237238712367 -0.7249137970877157 0.11380383465245769
-0.4096989929243833 -0.8938652974980599 0.10435435268834636
-0.18079538851775467 -0.6715975424966878 0.5802561948056559
-2.0646050116848755 0.4397870800969663 -0.010758190417732738
-1.1960721821925873 -0.1985949082695626 0.5453345486874919
-1.733701525816759 -0.7959955787618007 0.11202928516820476
-2.0906169403348542 0.22706299313074396 0.005072087978873707
-0.24846048181741054 0.5905556142183848 0.4533247658963542
-1.5831765245619813 -0.8176842212989719 0.10404440853551433
-2.056026990953111 0.08142466109589463 -0.48813107516809895
-1.9721696013685417 0.17178468939304636 0.0014540860410074963
-0.20833899383686827 0.44637167772004105 0.45893523189977214
-1.418511299546143 -0.8259392355344772 0.09428522083715007
-2.0840194573127775 -0.13032624570366735 -0.46986892726465657
-2.0748094137052853 -0.12047107145411928 0.027234763836417653
-1.0538311948401784 -0.5897429204161 0.5587994763608317
-1.2606265010760929 -0.8421050086315738 0.08541318867162273
-1.3734327846597196 0.4814762775234094 0.4539522835965495
-2.1063771269158273 -0.3343201914704146 -0.4526505759005208
-2.0426842691916924 -0.26664164146768243 0.03492376301244304
-0.9406702311702944 -0.6531408661898652 0.5561814019437175
-1.1060768366356832 -0.8625862040159511 0.0769846150632243
-1.14070364864234 0.5429483746410781 0.43826052639440105
-2.0660941898722953 -0.47055246327036215 0.04984948131993816
0.10592096057109757 0.21093811164174525 0.4548208424802165
-0.9195448444059053 -0.8522690865818348 0.0645639607663493
-1.1135985608885655 0.38659159534331167 0.4455322930569987
0.68975337905988 -0.9007073032381072 0.03534171078160808
-1.9943661071196424 -0.5731177927543563 0.05211088154271648
-0.24635846916425663 -0.31903213942390707 0.5015737721677165
-0.7468318823913336 -0.8569345223689204 0.05391737911656902
-1.111450110955758 0.20518589862095027 0.4554831692929606
0.8576105464301769 -0.9204844492404263 0.025792808270011403
-1.9196098844688443 -0.6722849156987003 0.05392000172093914
-0.2138918650890993 -0.4657817861806741 0.5075580785031657
-2.06070838211793 0.6844493735502191 -0.0907230665926595
-0.5667186971995157 -0.8555296419746163 0.04238364193395183
-1.141439660050107 -0.0081730632582655 0.4688784787412028
1.0660185122613406 -0.9040703685029179 0.011469812130485035
-1.8175452384859732 -0.7430363660696635 0.05211088154271648
-0.1821413078106069 -0.6124507962173134 0.513542623257194
-2.038264436357114 0.5226635293744053 -0.08104231860681965
-0.38271692682378244 -0.8516094870597044 0.03040668461278484
1.2527863823022969 -0.9089431153429821 -0.0002494147066731678
-1.6705013488732803 -0.7678378214906338 0.04442188236669109
-0.10807193331690002 -0.7174440908664117 0.5150386998410563
-2.087426053258479 0.2840906030308865 -0.061681061053719066
-0.2907207388427686 0.49955603720222186 0.39539525005773113
1.6023220064912032 -0.7677143070152184 -0.03106644656702473
-1.607037262582299 -0.8786472015901303 0.04758784267858074
-2.127807900839816 0.05714287685421482 -0.04370263125940754
-1.1509373350701004 -0.5563419840675365 0.49949666950658367
1.6819113164692006 -0.8636903542418572 -0.5658684065584798
1.682770996787351 -0.8717330823235976 -0.03019836452051594
-1.442542025000634 -0.8868838019743954 0.03763744327977703
-1.4899222775878407 0.5780513092232873 -0.6307573607210775
-2.0030926639049547 0.009209438809982373 -0.048312454486336254
-1.4524136536004448 0.5903850721085426 0.39461895916417644
-1.1255788992904385 -0.7077381776852754 0.5063857743497233
2.207241850129879 -0.5703278346402385 -0.6253893664126058
1.8891677094930444 -0.8632203964894245 -0.044087677264656566
-1.2918558722633087 -0.9100830594818419 0.029496164059195973
-1.210222343193923 0.6908695566857368 -0.6599324038271566
-2.0249793767496875 -0.1953325934898409 -0.03309991862818196
-1.3120159276656658 0.5545421118432898 0.3891513058896403
-0.9634409847345928 -0.7215777494766655 0.49834844562963054
-1.1163589127146238 -0.9094109156074133 0.018188686108146168
-2.0069441289047774 -0.3559962331440829 -0.023419170642342113
-1.171565979623736 0.5180416704460704 0.3836834141965251
0.1437774790993771 0.20131336110337372 0.38812324497655437
-0.9440877260734872 -0.9131620688783748 0.007333726620231129
-2.0000342500611765 -0.5272853810285838 -0.012355833316292308
-1.185791448885599 0.318477877113871 0.3957905480618815
0.7209637009606453 -0.8555250056180377 -0.04056981113001301
-0.2585755638638041 -0.37733063849223925 0.4413222977872233
-0.7857384945844537 -0.931783803784338 -0.0017121126894612537
-1.9423308127771683 -0.6444107725554034 -0.008206634784187816
-1.135540737470798 0.18767794797726012 0.40047738048986004
0.8889454412805442 -0.8753913001090083 -0.05032923724695637
-0.2299200283866334 -0.5274703840330837 0.44782874081090496
-0.6165246544880993 -0.9407627777881977 -0.01211503055139973
-1.86094006177548 -0.7365603805469938 -0.007284908557381176
-1.0962848172058202 0.046097094774111724 0.4063355633969645
1.0901138885282222 -0.8658044069937247 -0.0640809824709554
-2.0591259901722268 0.5539889285029531 -0.14503672626062825
-0.2520487112395067 -0.7261336447750288 0.459693164562736
-0.4184751706766292 -0.9228800308754437 -0.026135950351204418
-1.7521238449544576 -0.8004142586705569 -0.0100505640749593
1.2769642349132013 -0.8707427912265366 -0.07605817821070149
-1.976728561153589 0.45840358701829587 -0.143627672458138
-1.612107907796183 -0.8327091794753372 -0.016965418124641918
-1.1977250197731273 -0.41852195578104556 0.43797084782079265
1.5305458557134521 -0.8164916232913342 -0.09602025058313801
-1.9859254441434935 0.2638549791723861 -0.12953737285181477
-1.4335622829149202 -0.8266819095732245 -0.028951196933235668
-1.2206574293380328 -0.6196593081976971 0.45046851131871746
1.8107569939922534 -0.740388057067694 -0.11908772494837239
-1.9995787549898552 0.06604925103599513 -0.11497762706324055
-1.279237515038723 -0.8463266968934526 -0.03770974185511067
-1.0795720470396475 -0.6541245735049479 0.44461008999303386
1.935179135385841 -0.8058913955267926 -0.6554763605837484
1.887569174627096 -0.8484259097637832 -0.11775687243982746
-2.0551575761933094 -0.1749239114389276 -0.0947816660647054
-1.4757702571342044 0.4340594302822929 0.3349196622128825
-1.1177010732636816 -0.8596973008824804 -0.04739025142237141
-0.9913010627319458 -0.7421220359740346 0.44461008999303386
1.8889601351629253 -1.0232352797473858 -0.6370048811678548
-1.954960912910888 -0.24865842729664323 -0.09619071986719563
-1.4521239023673047 0.27495961738177854 0.34292194340184734
-0.9276983295137491 -0.8458319485344816 -0.06075885798975422
0.051867653771175526 0.11771479993296197 0.3391596982236247
-2.0367326413700226 -0.5140170095229664 -0.07270696666284993
-1.391523392053287 0.15574080568369908 0.34652325603917644
0.6913024860968484 -0.9197363640086245 -0.09940770175501301
-0.7621027226852952 -0.8574525598806382 -0.07090070750757649
-0.28318126777179486 -0.3941501450131142 0.38602659199193523
-1.9789445148527136 -0.6310410150640635 -0.06848004367395832
-1.372799738094038 -0.006771607619018738 0.3549258420224528
0.8810371784289224 -0.9192959048497009 -0.11207201983972981
-0.5749409076454981 -0.8490271576275781 -0.08380821254297688
-0.17263924182221757 -0.46401169657168495 0.3836834141965251
-1.8905869741346777 -0.7158994425568004 -0.06848004367395832
-1.1023895041117129 0.09282846601999495 0.33411929104283855
1.0784431653207918 -0.9131399559182789 -0.12564089801355793
-0.40168835598150565 -0.8554851723237498 -0.09487202670618489
-0.20881200235732678 -0.6767782404067368 0.39735290501073406
-1.7886598975931847 -0.786775763665787 -0.07035878207727864
-1.0149895737883305 0.0013260203964335915 0.334519357418571
-2.1281505049012637 0.467378296424819 -0.19759204890772297
1.2872598844579315 -0.8980003197563171 -0.14056637790247395
-1.631265212607456 -0.8010988126690464 -0.079751997256722
-1.049857891452529 -0.21519487444254537 0.3489238927121501
-2.157131084728139 0.2510417720678326 -0.1803710749392171
-1.9822773813143435 0.44151057553555617 0.2991716572995524
1.492822897392447 -0.8873537626293242 -0.1550398161654134
-1.5539810860050416 -0.8978152470331473 -0.07834318187281086
-1.2782462863485904 -0.6264968917465481 0.3853351781125407
-2.1467822204097757 0.07908826657056878 -0.16889050509973957
-1.9172398043355656 0.32738375942156495 0.30244228336766765
1.7543560827945512 -0.8279197787153265 -0.17629769351526692
-1.3929712324947374 -0.9099038853577852 -0.0882063200716634
-1.242512754744478 -0.7668916272929351 0.39133712742284343
-2.0559461291739893 -0.005188476469626835 -0.16889050509973957
-1.8662836881462042 0.1985374954999095 0.3073479840512614
1.8940217172845486 -0.8793997238839282 -0.18262985255762532
-1.2422992756690192 -0.9333863193829011 -0.0966604044680257
-1.0349142437042325 -0.7344007696210717 0.3777329632993083
-2.0573147249376937 -0.18781765724490285 -0.15597465541407063
-1.802299354289275 0.08419698699495015 0.31061861011937664
-1.0244433211859238 -0.8909026649206204 -0.1140384962801595
-0.9257198952853507 -0.8014630458422829 0.37533208820775554
-2.0323275380157497 -0.3411667852289426 -0.14688590076013996
-1.7422412505886165 -0.0338997158212031 0.31429836246923015
0.7712981036808166 -0.8027427230719368 0.3485333630795817
0.1371354045256652 0.07317459189719955 0.2652976224179606
-2.0526990497331674 -0.5412692838849296 -0.13157847430750325
-1.6723987299926186 -0.1412533669536984 0.316751212811027
0.8950320839044039 -0.8550878427360082 -0.18199804332300618
0.9687816650214813 -0.7956217106906252 0.3368165204282145
-0.13142388507939629 -0.3715694403361809 0.30571028683141277
-1.9846807817485974 -0.6474406208064671 -0.12870815303369953
-1.6374762053370482 -0.2847785479906655 0.3232922265286784
1.092531872525086 -0.8488874490379317 -0.1958275130037923
-0.10286867123376808 -0.5219991374416999 0.31251236889318035
-2.0102966706415266 0.5671288545397317 -0.275585680270638
-1.8894713485608676 -0.7251115244871258 -0.1296649267916341
-1.5686654954918495 -0.3923582504544463 0.32574531528905437
1.301443342121651 -0.8336835461236412 -0.2110400488619466
-0.12519902933448535 -0.7208286384641163 0.32491657230809734
-2.032244088493435 0.357794527933617 -0.259026317859139
-1.900407294565646 0.5012550884552631 0.22785636875585125
-1.7875810617644596 -0.7960010885282038 -0.13157847430750325
-1.5489034190249455 -0.5501580636979071 0.33392164204076336
1.510787762779369 -0.8196358121693237 -0.2262525847201009
-2.041836710245608 0.16354796004908678 -0.24441483523889973
-1.9265457909663901 0.28812599240139036 0.24246952030614422
-1.6371749060280543 -0.8174674973952172 -0.14018896129175618
-1.4533033041729908 -0.6293947078156172 0.3331041047330241
1.6798674759528502 -0.8433867484398583 -0.23639443423792317
-2.0558781539404833 -0.03394636494119041 -0.22931650188013508
-1.9504788732577687 0.07914773385583729 0.25666543934300945
-1.4272586782076324 -0.7793824863709915 -0.1569314291720052
-1.354456292131136 -0.7054347418424314 0.33187767956212566
1.9085006572812127 -0.81492200277102 -0.25391152408167317
-2.0710028974043553 -0.23102462018296066 -0.21421769168421223
-1.938066854361594 -0.08937629046840811 0.2662682244534831
-1.18215840282571 -0.7075370553044884 0.32206580135777996
-2.0393566392570115 -0.37704668735720404 -0.20593812968775227
-1.9128459976795824 -0.2431848806395358 0.27420112583592937
-1.0166185536081223 -0.7175924021496662 0.3130714604611735
-2.0496019532698 -0.5662326743280239 -0.1918134978060384
-1.8334420028185257 -0.339104225052985 0.275453777050529
-0.296149174320135 -0.17674995072513866 0.23989245388463543
-1.9851222727954614 -0.6759948595467868 -0.18840435054346516
-1.7475159673009948 -0.4280708717522579 0.2758712479825358
-0.2700375801580819 -0.33052289723982753 0.24725124332860515
0.9498464779066289 -0.9377090222501892 0.2741002747769694
-1.8934682506699119 -0.7572514932927064 -0.18889143970056965
-1.6895952797703764 -0.5460064502285213 0.27962872478917644
-0.24823176466517793 -0.4876475589148441 0.25501868221715496
-0.6485275901677987 0.39413325410722777 0.678098172878776
1.1391110665950528 -0.9307187978014113 -0.2591674616579671
1.2099638781369748 -0.8746938665154396 0.25529453251317547
-1.7674046860356967 -0.8031543962293277 -0.19424894359156086
-1.600943227801924 -0.6318745917681063 0.27962872478917644
-2.148757510026943 0.4694111483238146 -0.3223974993471761
-2.0458955093805393 0.5730503743075914 0.16854521725133464
-0.6785990961758053 0.17975217639055074 0.6902751633878093
1.3406153370299556 -0.9226896052479674 -0.27372720744654133
1.419195380280346 -0.8601064189709327 0.24209043476537273
-1.6065566796028783 -0.8140652224997353 -0.2044768622164388
-1.509106858889588 -0.7144904311949141 0.2792112538571696
-2.177615726883662 0.2531310307685075 -0.30455115344568684
-2.0813128267701124 0.3489167199280949 0.184741468166862
-0.6713722080685756 0.005016761224009514 0.6986250588651042
1.5351148714339011 -0.9224318939515754 -0.2873475840334554
1.6325691278958239 -0.843331169527616 0.22848603222325847
-1.386071688679337 -0.7655032444542691 0.27503606769994304
-2.180689390774617 0.06661635777531316 -0.2906709006075521
-2.114619898170641 0.12901237576389235 0.20051142666295574
-0.61591095553079 -0.119846135533205 0.7021040627713542
1.7225417476528229 -0.9298673711298235 -0.3000290682558675
-1.2525606760128376 -0.8064543362439629 0.269608468746696
-2.113614370894325 -0.04304599967037248 -0.28720071818872883
-2.088078960992725 -0.024674946640988793 0.2086093137021403
-0.5610045623327977 -0.24477506746414335 0.7055830666776042
1.9660352904473228 -0.8886812274022411 -0.3197553446535726
-1.0802937229168172 -0.8092681928262735 0.2595879742856364
-2.1116300418305123 -0.22185658334101532 -0.27431157138391926
-2.0725358875106963 -0.18913836597351263 0.21798607799962566
-0.4571689050052363 -0.32051116509728317 0.7041916558499675
-0.9077387809195621 -0.8129749540177649 0.24956724140599773
-2.107190123219823 -0.39674597309382165 -0.26191833522364094
-2.0407571540506453 -0.3352762050126792 0.22523185703710125
-0.314528413269187 -0.35808738435005694 0.6989729115720134
-0.717170642933489 -0.8000831170933225 0.23745915386632488
-2.1036695758720967 -0.5713489588373193 -0.24952509906336262
-2.009704598708506 -0.48132459463324295 0.23247763607457683
-0.1967563745575518 -0.42080843920679456 0.6961896130795817
-0.5155295614626532 -0.7777550540229399 0.22409865353063152
-2.032295671702137 -0.6737485833339178 -0.24704673793360188
-1.9242633517628747 -0.5696716951075089 0.23290369007543132
-0.9897233236458689 0.39793361744551703 0.6304166028256755
0.913037039252071 -0.7972863520441109 -0.3171823313479085
0.9066114045565321 -0.8032467383335273 0.20432469341710613
-0.17910859947716062 -0.5815169209708166 0.7031476208920817
-0.36341738755302444 -0.8051767311517288 0.21658322308019207
-1.902676253546467 -0.7154199723588626 -0.25299528148218586
-1.8322412491459303 -0.6511371869978362 0.23247763607457683
-1.0016033141041483 0.2018885707376299 0.6411151597256999
1.1032999695307169 -0.7978249712147445 -0.3305764487032552
1.1006489641636996 -0.8002669689775956 0.19246885273412273
-0.06908836550315911 -0.6518445624144995 0.7010602662320475
-1.7023263924343865 -0.693599517816395 0.2273630807156901
-0.9763442301341207 0.04561161161073102 0.6478907773251872
1.2681771107425917 -0.822901683378678 -0.34062197711512043
1.2839991571090863 -0.8084303336738259 0.18183919880345867
0.12706504955642473 -0.6396713804320697 0.6906227776761393
-1.551529042015975 -0.7152826818346405 0.21969100925878093
-0.9448900191453511 -0.10338375877102735 0.6539532849545817
1.4737404634401443 -0.8120141184433258 -0.35592940356775715
1.4897548325823315 -0.7974683976780312 0.16875693294957683
0.2694940750793364 -0.6802259153121035 0.6854042718167643
-1.4320279473734168 -0.7696732028000319 0.215855331158195
-0.8931826368080635 -0.23095936636975978 0.6578762242551188
1.6501451983270634 -0.8289230097569593 -0.3674104502443929
1.7107283387385799 -0.7742827299476076 0.15403911564305828
-1.2459843678296956 -0.757345533370458 0.20392105076268718
-0.8139663689330945 -0.3302353219406413 0.6589460084195475
1.8823832075001548 -0.7969501705068041 -0.38606646564051106
-1.0806634618542468 -0.7671705749703897 0.19454452488378093
-0.7668451949393429 -0.46152484484843725 0.6632253834958415
-0.9292356883877524 -0.7919043759987652 0.18687269184545086
-0.6672991742381278 -0.540062580350412 0.6621555993314128
-0.7457854283913861 -0.7858674349764669 0.17536470386937664
-0.5147767819009097 -0.5664024212099754 0.6557364175076823
0.9932205813609194 -0.9270172108712629 0.141012162899528
-0.5868742281343451 -0.80523707460598 0.16684052441075847
-0.3300922988508077 -0.5620629709084497 0.6461076447720866
1.2092663134130852 -0.9046218405599298 0.12639901134923504
-0.17006778840114123 -0.5830680154641108 0.6389753529782634
1.3870800568010822 -0.9185583216190203 -0.4085495760683675
1.3925895266869048 -0.9135597976314429 0.11554333660558269
0.011635283120323692 -0.5840685798186982 0.6297032544370036
1.6038081491984642 -0.8985847682135955 -0.4255962660555501
1.6724267173162275 -0.8367621766102467 0.09383246395543621
0.1972350982343194 -0.5825808952905298 0.620074720119987
1.776506235830091 -0.9196374540719994 -0.43679812457605793
1.789753694245448 -0.9077849914107041 0.09049221966222332
2.068441225208943 -0.8358306898295673 -0.463585644031014
2.029841836506229 -0.8701218776298916 0.07337376568273113
0.8583686527324126 -0.8333067730783377 0.07903978321507976
1.0449052523163473 -0.8369068482448512 0.06753203365758464
1.2427724068547832 -0.8314114815753584 0.054745406841788746
1.4450605850791227 -0.8144833126322659 -0.48549321200891926
1.433631717768634 -0.8336969222914803 0.042811364864860035
1.6139991363714117 -0.8379414341762015 -0.49639943149134114
1.624809276713492 -0.8370080563489388 0.030877561306510426
1.8571085888149028 -0.8047763191440005 0.014255017971549488
