1.8333991048654141 0.5381409197490505 -0.38745752466834027
1.683425350501782 0.45996704616360073 -0.38893762720740277
1.462543065431305 0.5191938013972432 -0.37320009363806683
1.2310319263041727 0.6015526088573502 -0.354669247995977
1.0588107452644913 0.56978751329645 -0.3505665410867973
0.8218948764209593 0.6674432512103796 -0.33033863199866254
0.8978399849706733 0.4810282579486196 0.3330081354268746
0.6656245085713977 0.5709091697617961 0.3495353113301949
1.8346350583346762 0.5718999694960778 -0.4694639791361137
1.6330735555784663 0.5564434805815854 -0.46207109583533246
0.5757839752357192 -0.7852442436475755 0.22865136967980426
1.4239278506436008 0.5937435586937934 -0.448879395853643
1.50730997517838 0.415703765424813 0.2111872087606148
-0.27969349555946366 0.5928580753080932 0.38470014439904254
1.1897403735951144 0.6635508705838644 -0.431235467325811
1.274684364562571 0.4809991726725933 0.2259701143392281
-0.3699618790716883 0.39604983376647285 0.3696969400533394
1.052187396228394 0.5825491230637607 -0.4337407697550102
1.0645543407465574 0.5416852998405162 0.2394317041524605
0.8431295297644859 0.6084250330598402 0.25382455693566364
0.6684519685531214 0.6212826664783098 0.2614448915609078
-0.9574277141056626 0.5574332364729089 -0.26910892618811566
-1.04789723026542 0.7175128314984698 0.4221833597310738
0.5042415719292386 0.5954477311930888 0.26504167424523395
-1.0936296915287969 0.47884486058564013 -0.27206579340613324
-1.1525816563479125 0.5712714769625733 0.41213830815636676
-1.3767499641401315 0.7051878302770183 -0.23718086374915082
1.8835290329778935 0.40748087020815893 0.11061939107262653
-1.6661632461641958 0.9511188134636055 -0.20004097117102582
-1.5783563403558603 0.7178829266032118 0.4396675478109078
1.6279074811599052 0.5478274226625381 -0.5480786908975883
1.6275403210425594 0.5321230036760771 0.13227542744957965
-0.032075454593353925 0.5556675084836042 0.2806304346212105
-1.8126518987938738 0.8806135023761232 -0.2019149412027641
-1.7336892814210003 0.6652504633947993 0.4398077379354195
1.4073702523883824 0.6072038771627031 -0.5317994703165336
1.4091760610328876 0.5872948257386268 0.14590009557091754
-0.2633753130529968 0.6546024181003642 0.29807552205407184
-1.967395068040915 0.8288038318709714 -0.20155159128821332
1.1988253410505294 0.6454918698266643 -0.5183674444071098
1.2186447118563954 0.5903126061401518 0.15349992619835895
-0.4065138808712234 0.570240300387141 0.2952044855245308
-2.0227307743575125 0.5282964306175923 -0.23137775553381879
1.0933857238214237 0.4638513411161056 -0.5330669034830375
1.0164271464548342 0.5992300740263201 0.16204532491051715
-2.0665763435979727 0.21717073106813523 -0.26282087458289105
0.8086484999544972 0.6394706050487433 0.17369779454552692
-2.1316752201126477 -0.06997079654884564 -0.29098716868079144
-1.969637895245917 -0.4890311529126876 0.33978256093346637
0.6183362568744037 0.6279384438694313 0.1797507654317574
-1.0496236591262829 0.7210156349855303 0.3315904985555367
-2.1233351636157707 -0.5141928984831949 -0.33864132059729535
-1.2141305191342795 0.7060869388354174 0.3357728372701363
1.8793707488590563 0.48806340452176 0.0329178224691109
-1.4372568431995418 0.8187908691500545 -0.30534998072302777
0.027675869196322367 0.6986301643220001 0.20827373372399371
1.6773789739278406 0.5621958903366977 -0.6341864217630668
1.6258310745801126 0.608199982718165 0.054460371602411684
-1.6430224259059827 0.878984784072792 -0.290824090372686
-0.16046162902330252 0.7074489376205855 0.21595653401696246
1.4795668790620766 0.5771956019323343 -0.6234537710062309
1.4190527354184042 0.6412126989301865 0.06578620778405231
-1.8481390116662695 0.9400972556813127 -0.2762838949075981
-1.7454501434447565 0.6914878408091032 0.3521498094686226
-0.33227209439193217 0.7026426922721414 0.2217009912618355
1.2624173133422794 0.649889936766054 -0.6056601156107231
1.2821683793536707 0.576549380693844 0.06498369084679645
-1.9778232652046626 0.8721862813808343 -0.2785932172647758
-0.3291362897509629 0.37008178180238627 0.8598111520894722
-0.5071084338690994 0.6859949787371344 0.22637781010949176
1.0993181769632194 0.6002687927401218 -0.6036235441080375
1.0775530438075585 0.5896089774882829 0.07421096669518512
-2.056756839387745 0.6264390384342806 -0.3020602811685844
-0.5070849196088574 0.3580710101076372 0.8640869508870797
0.8383115989959329 0.6917325507527456 0.09325727330529254
-2.131350337942415 0.3670132434377642 -0.3272320379129692
-2.0290154637440665 0.11214262858422686 0.30644162999474567
-0.5393735054203859 0.013472853343586166 0.8365167032369332
-0.905665886431855 0.7416040305948512 0.24579032765709918
0.6370119320033965 0.7023069437788361 0.10200103627526325
-2.1725369934953562 0.02532279283276706 -0.36261430872595746
-2.0456034786686175 -0.28986129952165296 0.26874908315026325
-0.44354261217460333 -0.5949565034905175 0.78330549107873
-1.1171310429402155 0.8085953657746017 0.259590948689814
-2.1717114095333443 -0.3788422845795276 -0.4063817609659477
-0.6139118400135217 -0.6289379995642355 0.7854026209005074
-1.2661086516014137 0.7407063351747887 0.258248175252314
2.162952892823025 0.09343911099730562 -0.7938086141458793
-0.808857580644812 -0.6077880317877025 0.7927392374166207
-1.4955618503195751 0.8681867930082365 -0.3801828969827934
-1.4521043237752167 0.7549626941293575 0.2660087000020699
0.07509461247083493 0.7144420663121753 0.12441762791955036
2.055107932854977 -0.06947001711033352 -0.8065129865518852
1.742479054119734 0.4938278142617252 -0.04639879358923871
-0.9952756197223209 -0.6040043689920056 0.798343504536982
-1.6889095230919722 0.9013869112509831 -0.3688589681497856
-1.6519572725959364 0.801790906216949 0.277319277394648
-0.1368130480704295 0.7723305064146095 0.1378968607076363
1.8161640190592259 0.01908510877415326 -0.7855955709329887
1.5214764104171081 0.5528443535115608 -0.031740819346074645
-1.1975692985240585 -0.5630206405507678 0.8074477563985543
-1.8436232609532297 0.849129611178864 -0.3684493650308891
-1.8049786847411298 0.7448656868992689 0.2770121942647652
-0.32449812698544633 0.7818089496953853 0.14574607716881793
-0.17126609078226807 0.42463524492986027 0.7842977892049507
1.3466471326723273 0.5591645303936672 -0.7044827092996879
1.3079681493981994 0.5996071904090261 -0.018629228006963316
-1.9805236307372809 0.7564924287862937 -0.3732105840555473
-1.9561728339460132 0.6839381638425395 0.2762058626302437
-0.5012294974964817 0.7695979534436317 0.15103992329918903
-0.3385929938234824 0.38945694038265 0.7864516626485543
1.1268614086434106 0.6198228382979929 -0.6876460660806938
1.1131147621247983 0.6118821095314746 -0.009669457804326598
-2.0921493474993653 0.6050756410503539 -0.3854452718607231
-2.018465832454247 0.41820383059298205 0.25263866292321246
-0.5270304240674761 0.40001670427496183 0.7930448900350289
0.9905902370692381 0.5175285023717842 -0.6926352132669731
0.9186037040643171 0.6250006122192602 -0.0006977666727348009
-2.145745635188746 0.3170341744533798 -0.4149443258158012
-2.0843566980342416 0.15696466544673404 0.2295707117208199
-0.8751509133425088 0.7924133815814192 0.16679366933190387
-0.7088662636145031 0.3978229203812087 0.7983196626790718
0.7266872141862102 0.6344972907264506 0.007765139211054262
-2.1583403628860864 -0.07166894433807691 -0.4571148504129692
-2.112891585936481 -0.19586411398042314 0.19637330876671832
-1.0512208513503154 0.7824017624709954 0.17211803304039996
-0.8738242710731541 0.36017180257158055 0.8000582109578804
-2.2293784162062877 -0.3281017185691404 -0.4826017965189262
-1.2518910596170443 0.827403338457505 0.18361934529625934
-1.0491223805133387 0.3458039031892923 0.804022158254023
1.9359706199986562 0.8664553329478402 -0.7838455785623832
-1.4258861780855554 0.8718709445164525 -0.46507850779211957
-1.4397178899192298 0.8460928121818854 0.1920498262532906
-0.9681202362156967 -0.23520520428246972 0.7525351892598824
1.833404590538379 0.7001061748737696 -0.797291432749395
1.8481045436061834 0.6377742827531958 -0.12198797358191449
-1.6092090762555316 0.8821046509606871 -0.45648685587561566
-1.6210804042510105 0.8519578805841022 0.1989487062581734
-1.0820861768862713 -0.38998770066791444 0.7427423845418648
0.06768565019159922 0.42674136710411936 0.6848476778157906
1.6954697091695188 0.599942439677438 -0.8017608274332328
1.6892824636587918 0.5771744629852047 -0.12135187281287152
-1.7619987801743164 0.8250159977742619 -0.45663896692908246
-1.7678890573170705 0.7812775353064936 0.1971152673848824
-1.2170622916644334 -0.49897969299996525 0.7373894106038765
-0.2450663371799635 0.7300885830084658 0.054428423512812074
-0.11913552878900191 0.4310723371104248 0.6911362062581734
1.4520642954288157 0.7029467531131739 -0.7786957372537895
1.5394572261969088 0.49949798680843305 -0.12282529963171918
-1.9149526718494414 0.7684850963331518 -0.4567839254251762
-1.896960119873654 0.670131020783562 0.19065793858849567
-1.3785907522332366 -0.5482759207681864 0.7378142725118355
-0.43055985687258413 0.7355253801210231 0.06191858159386676
-0.30993337841987056 0.44517920584405957 0.6983412157186226
1.2913001090087377 0.6481908536764909 -0.7771627057901664
1.2508767163931758 0.6921356226051936 -0.09200492991126019
-1.970874969177089 0.48944807684869707 -0.48553672922766644
-1.9888784228256426 0.47272894110094565 0.1744264017232613
-0.4982706241070005 0.45559149744947236 0.7051056276448922
1.3489550237279389 0.16499715408472326 -0.8337079633585258
1.0631204934431295 0.6913095168448185 -0.08445612085974652
-2.0678816813758942 0.3014693862949458 -0.5026146520487114
-2.081945918847744 0.27544635564018627 0.1581924806722359
-0.6862849879961246 0.46679037382265687 0.7118805299886422
-2.0781466656628425 -0.09180945073040636 -0.545983945261602
-2.107832958314745 -0.08178641831867628 0.1239364992269234
-1.018664692458394 0.8287148919852227 0.09281190739953082
-0.8760564340392492 0.48329645661827847 0.7191193948873238
-2.1470727275023194 -0.35293723128368537 -0.5724212278238578
-2.091457461455164 -0.5447106003084139 0.0778244386800484
-1.1903319732059643 0.8102241697984698 0.09721263753258746
-1.0613299330170705 0.491543609714153 0.7254646669515328
0.5643338860012221 0.5502176143090107 0.5953014742025093
-1.3416550512897558 0.784380025517526 -0.5609342206827446
-1.3783057108661936 0.8286417031771394 0.10580381261193317
-1.2298756362496803 0.4642786693915757 0.7281950365194039
0.3727485726140003 0.5613598837312792 0.6026304613240914
-1.5314532748936784 0.8078488452195196 -0.5504232992044731
-1.559809446321438 0.834244762697447 0.11283811436974567
-1.40652433985764 0.45583581090858694 0.7327469240316109
1.70385904387836 0.4942204450691845 -0.2154804815164848
-1.7067252200167005 0.8003826010974682 -0.5440470327249809
-1.7329530296759899 0.8224192020171888 0.11779197560631793
-1.4940275201686006 0.24790349014729385 0.7173560510762886
1.5217717531213424 0.478313181428518 -0.20942608011877972
-0.13558077078130282 0.8640248027030091 -0.01983801020300824
-1.8878171974129359 0.807242250078446 -0.5358835805765434
-1.8698537365366903 0.7293822038230755 0.11333879338585895
-1.618858235949233 0.12208275268052216 0.7101276765950875
1.0805572911697965 1.0034496874073886 -0.8119870771280571
1.3579937994757465 0.4277597843589156 -0.20766416681921918
-0.1892129559076139 0.5771797391192646 0.6223820100911812
-1.9613266599722934 0.5691874852667538 -0.5597092260233207
-2.011159036260864 0.6458957701313883 0.10993703709923786
-1.6846336745949486 -0.1403060401706986 0.6892889391072945
0.9636861130651297 0.8659880644752627 -0.8219324697366996
1.1941340436529266 0.37783125760561154 -0.20589462412512738
-0.2920717188386135 0.40707941738647335 0.6108487497457222
-2.1032912530594245 0.48603896702044835 -0.5633865941873832
-2.1192783797402157 0.48528664386535647 0.09764226781212848
-1.7539871044203323 -0.39819565985696226 0.6688979517110543
0.8572958153255463 0.7066637527093151 -0.8349148382059379
0.9116468605988359 0.563775708464139 -0.17558780802405316
-1.9153441081947378 -0.3462647502881202 -0.664817010294561
-2.1561597681568685 0.17730344719722968 0.06813844548546832
-0.8843555187919705 0.9278511520672943 0.015068377126093324
-0.7620607631685914 0.6486489769885542 0.6469162355550484
-2.1850185905770303 -0.1753156879817772 0.03384670125329059
-1.0641884249840459 0.9268600959268225 0.021682108510370668
-0.9345208847068065 0.6292341415262936 0.6506336580404
-2.192998025476733 -0.604824757403331 -0.00890079630530316
0.39928822947201326 0.45013398743199984 0.5079396616109566
-1.2115498543987044 0.8925036263607065 -0.6369778264871879
-1.252059510940228 0.9446891743564647 0.03043159352623981
-1.1255079475017595 0.6512561088136954 0.6585152994283394
1.884859535040892 0.6218556923703389 -0.2957388509622856
-1.4251097563210777 0.9481665548103524 -0.6215626348367973
-1.403902675212727 0.8648624899171926 0.02796729909264606
-1.3153579707745706 0.652569483176217 0.6644948373922066
1.76282299230078 0.4906504595770316 -0.30377641810095746
-1.5852620346304107 0.8705411325379346 0.03514226781212848
-1.4831959841260272 0.6262488370112322 0.6673177133687691
-0.2914762282750303 0.7497350223053885 -0.1086379636637016
0.4584798938144168 -0.8367989828617244 0.3919137369283394
1.502886457049943 0.6244893255712856 -0.27902284754431683
-1.1412995370554313 -0.4908750168701532 -0.7972942937723442
-1.7562503697648282 0.8542573432096576 0.03966935979210895
-1.568091418476186 0.41404977051582303 0.6512001405843453
-0.3394436492997315 0.44847713597797334 0.532385195363398
1.2964222110446286 0.6579661787388043 -0.26682106150305707
-1.2748516837210886 -0.6040669883538445 -0.8046614278665825
-1.891049302476432 0.7567531715029472 0.03463443623864215
-1.6141290836759907 0.11081885639668254 0.6258338342794136
1.0904621704352238 0.6923543767584164 -0.254606877695684
-1.4685291477136815 -0.5804101310637462 -0.7939859975687309
-1.9785975850277637 0.5503236294626128 0.016836966145868715
-1.634184489583717 -0.25651998640987905 0.5939844499715523
-1.6283237533493278 -0.633380450737234 -0.7935229886881157
-1.9667967916469706 0.11124772056419596 -0.028097306620244566
-1.7197501502537094 -0.4779816824288208 0.5769265543111519
0.754876271814453 0.5793722443150315 0.4229591737874703
-2.047811278154981 -0.11819568112240031 -0.048566972147588316
-1.2298890401758342 0.8171028914231209 -0.06580988062537152
-1.1443500455258189 0.612957311161169 0.5729988466390328
0.7975114625675346 0.11707722134417242 0.3799608598836617
-1.390302294210997 0.8115581418360058 -0.721309815775518
-1.4259686336440822 0.8537617111253923 -0.05472627772009808
-1.3001494127520061 0.5587654852977995 0.5730670343526558
-1.594156176114403 0.8668838079420391 -0.7061826337686821
-1.6032612261905186 0.8504590431030694 -0.048492108713750426
-1.4764383122814664 0.5505671812515516 0.5778501878865914
-1.7843790638966297 0.8569510723495379 -0.041166459452275816
-1.6505255525864015 0.5385214527032671 0.5821712862142281
-0.06741061782377855 0.7791074302240881 -0.1980105985513969
-1.9171888179423462 0.7549980385297603 -0.04680172098792035
-1.7503511721726426 0.35857883968340465 0.5690744768270211
-0.17713376074529918 0.5895477667761413 0.45605214940392536
-2.034606939602874 0.617003394304489 -0.0567585576883598
-0.23300359524986902 0.320544667347638 0.43360837804162067
-2.095657748002651 0.34696656049322927 -0.08239427698767621
-2.117351599112446 -0.019141880520320953 -0.1193963636270805
-1.8839137189361566 -0.5829660475133291 0.48829301701867145
-2.201314177191705 -0.26525820301337166 -0.14186731470740277
-0.9988854689346098 0.8235685051671471 -0.15664592875159222
-0.9548949719543387 0.6920586403352011 0.4912489305623726
-2.2215742998059653 -0.6672036760888931 -0.18274179590857464
-1.2083228877256644 0.8847042555209041 -0.8118383039346977
-1.1718342384308826 0.7880220940590537 -0.15367189539587933
-1.1407186802223563 0.6835523072666168 0.4965370546468453
-1.3906472450088287 0.9108699094203474 -0.8007313360086723
-1.416095098034603 0.9499768167469642 -0.1275116552225395
-1.5910849503027151 0.9420589448031005 -0.12170473230994183
-1.7517397921160978 0.903071557654632 -0.11973014963782269
-1.6509111140701407 0.6396125543959181 0.5088971506246285
-1.8883759328454204 0.8101204506439914 -0.12433735026038129
-1.9776766620887045 0.6083229187460417 -0.14212194574988324
-1.9951370590215163 0.23788508780705664 -0.18023601664221722
-2.013009962707919 -0.13750349064694678 -0.2189118017069145
-1.8547622351347854 -0.5454554645746779 0.40667566167199176
-2.019684130656394 -0.5453242293061171 -0.26144806040442425
0.41827303607129096 -0.9861165023811242 0.6054476152547554
0.3871724100571754 -0.8782463988285363 0.6030391107686714
0.36132926281550226 -0.7695160367484339 0.6014336000570015
0.3798435793042252 -0.6544740394267503 0.6070536028035836
0.48678239065483453 -0.5275501974319203 0.6271246324666695
0.5159543478868187 -0.41187818934801435 0.6343501459249214
0.5161903795983349 -0.30028120202342556 0.6367591272481636
0.5021331511716483 -0.19059317417111643 0.6367591272481636
1.4884940770995208 -0.812176844121062 0.1738150964864449
0.4884561417154316 -0.08085909767092136 0.6367591272481636
1.5886541668954166 -0.6833653125889336 0.19535383092248004
0.4800605506501512 0.029508339288443874 0.6375616441854195
1.553015286190714 -0.5749188652166728 0.19176420079552692
0.5057391681546655 0.149347530844953 0.6439846407064156
1.582574703735034 -0.4680095436643956 0.19984086858117145
0.503058253886973 0.26016840061982416 0.6455901514180855
1.6005955170204658 -0.3467969507938342 0.20612319814049762
1.6024012159268075 -0.24954072622519696 0.20881589757287067
2.1177524178202027 -1.0679691110630358 -0.48531213892615277
-0.12446273878300218 0.41625169523070316 0.5468395601400093
1.5989545187885454 -0.14767722035254094 0.21061071263634723
2.208189359878638 -0.9521206934806656 -0.4629303563944145
-0.84736715504323 0.4501734118061398 0.4304264436849312
1.5951798762285883 -0.040540124060313154 0.2124050508626656
-1.050347673640239 0.545810922183807 0.3991144548543648
1.587552549146256 0.06068175939607601 0.21330293523156207
1.5790025189873766 0.17250688094108613 0.21420034276330036
1.551928492863187 0.27678802016542603 0.2115081201680855
1.554543346761637 0.3844976885944478 0.21420034276330036
1.2543475889897984 0.4592795714786879 0.16125091420495075
1.0521481472011764 0.5463773926964355 0.12625058995568317
0.6984834899190488 0.6194709503103217 0.06342920171105426
0.22746209772992287 0.6835045851521349 -0.020930444132451598
2.301733676741165 0.018103690222783797 -0.4151145566812797
-0.44426741863795627 0.7318524776848756 -0.142086182963018
-0.9151902380948584 0.8030869773612292 -0.22644535196936566
-1.4840093011326374 0.869020925462912 -0.32875410212195355
2.186141207441107 0.3195262038641782 -0.4313923467508598
2.1109991189134405 0.4162355119780732 -0.4446179021707817
1.6419963037246461 0.47028245226803733 -0.540249024759893
1.2947160643833975 0.5404503138390044 -0.610446607004766
