2.0895124865694044 -0.11589434118342723 -0.5737774537244622
2.0796416871417094 0.11774688957947888 -0.5649075673261468
2.011522006834724 0.29766618625284735 -0.5607683823743645
1.2009476937148023 -0.4181216797800218 0.10828779476491768
1.9143984006989356 0.4510632555005287 -0.5589943097272698
1.1870907289886716 -0.18542939274019687 0.11484001415578682
1.7954530402597015 0.5848601090096537 -0.5589943097272698
1.1706466053478053 0.04362379775639624 0.12116645115224678
1.6582418287484657 0.7025929736693755 -0.5604725049176995
1.1103102053385001 0.23278982366540646 0.12478159206716377
1.3484527005944642 0.6698440578679552 -0.5755512879529778
1.1034948816558199 0.46794442324422647 0.1315598322710212
1.1058392702888256 0.6977079798607093 -0.5853083298841302
0.9732983824898653 0.5947604206755415 0.13088224666921455
0.8478231630258435 0.7138258959757451 -0.5962474511304681
0.8245806305479846 0.7057739705451169 0.1290745570024665
2.1093474465375976 -0.18159862599814858 -0.6657872365155999
0.581857956894801 0.7248468582192871 -0.607778327290136
0.6761586869971481 0.8174125074194052 0.12726686733571846
2.0621404904628093 0.018573737136669877 -0.6596996949353997
1.4858270138424317 -0.5040152077504132 0.023943169291895217
0.3116807027673474 0.7340787519798297 -0.6196048424878899
0.3300103128722114 0.7616093234087629 0.11371038692800362
1.9787802180217682 0.18525597096575552 -0.6566560433545892
1.4786135807189993 -0.26511177931100605 0.03121755855886299
0.025827037713263223 0.7319213169630601 -0.6326139138379876
-0.01700187743422532 0.7078173827815846 0.10015366810170967
1.9333176911064172 0.38536123898597907 -0.6505687401929681
1.4614309522871451 -0.03656890625381948 0.03778813618032295
-0.27966100544172434 0.7153304279957453 -0.647101418797094
-0.2767775341647152 0.7297537598058312 0.09179375904409248
1.8328094566310966 0.5356638309972652 -0.6490466759839837
1.434162075155868 0.1817160147471526 0.043654663737696
-0.5895903132200289 0.6972712960270258 -0.6618843243757073
-0.544563380550926 0.7467140507094285 0.08298204677907783
1.7179087747614687 0.6730473499350467 -0.648742215458471
1.3517482551603877 0.35022109619009 0.04600141781179268
-2.1050814711064376 -0.3134117908616645 -0.7692096398511712
-0.8242813422283319 0.755595685233672 0.07349227207509834
1.4570550743515938 0.6826109941804219 -0.6603086159864251
1.2362192377486139 0.4892776077133689 0.046236021693628615
-1.2190179557007141 0.6600856006009579 -0.6920421288648431
-1.1353421972615863 0.7407014399118168 0.062195284541529006
1.1694292069835512 0.6706599908354249 -0.6740052865186517
1.1136415492054397 0.6221622099047011 0.04600141781179268
-0.25551858620299583 -0.5432957641711909 0.7102362944444831
-1.445619001082612 0.7166213886095036 -0.7003204987684075
-1.42375984293286 0.7464736346532419 0.05225346821157295
0.9228146687921779 0.6961820235382703 -0.6843540833631341
0.8554182737877056 0.6380055945860406 0.037318928416651076
-0.3287238087194808 -0.35948301000624383 0.7123800350984748
-1.6878564860461296 0.7617829734584944 -0.7097816632428948
-1.7398386584404832 0.7318820891088151 0.040730459865015334
0.664532752495866 0.713268776832436 -0.6956157849469964
0.6840452837821616 0.7299928787087921 0.034033520396631545
-0.4087308104712122 -0.18208990692684068 0.7141939236482795
1.998340169818377 0.022844739326217223 -0.7525868580976312
-0.8520961896960699 -0.3389276089440685 -0.8076248334089104
0.4481829155153889 0.7677381158996468 0.02675913112966377
-0.4765764298367614 0.005146738343853485 0.7165026499590095
2.0411958719407224 0.303130750244371 -0.7388115094343011
1.699529765783808 -0.00397869172586951 -0.04332114917429131
-1.1757973883167026 -0.3661954565066523 -0.8237564728895013
0.12055054365571749 0.729344759513225 0.013852579768579787
-0.570329593275801 0.16986637698085616 0.7176569535097297
1.9626923172892177 0.47304216334927673 -0.735367553059179
1.6311675587290253 0.17713332007897264 -0.03991390926035088
-1.3549220016565613 -0.2697269203568595 -0.8283219502607171
-0.1466200543127698 0.7441954229289962 0.00470088260976631
-0.6978916844017675 0.3059208252553347 0.7173272206148322
1.8587695300145057 0.6199136224228354 -0.7341151402631585
1.5934946385850495 0.3847962491961141 -0.03455950481088799
-1.476356382438837 -0.12451000970274606 -0.8283219502607171
-0.4333594616054981 0.7445135734082982 -0.005624310795385057
-0.8288472401151239 0.4392439686346421 0.7168325020631965
1.6917227656308782 0.7110483848921021 -0.7381851838270013
1.4855747194942523 0.5296173418188346 -0.033829467121679
-1.5703681820943913 0.04339797921906552 -0.8261914418378655
-0.716738303509139 0.7496076929360598 -0.015714661900121385
-1.1018702984161521 0.45525636483134235 0.7102362944444831
1.4346611578097352 0.7241213615604636 -0.7497692273298089
1.3405874196508947 0.6419072899691471 -0.035532967869359666
0.13414929946075205 -0.40010329740741213 0.6301705672105964
-1.663715939163687 0.2115373172981947 -0.824060933415014
-1.0044280845556983 0.7531021764978334 -0.02603961688669365
-1.3830043786195958 0.4664198469722507 0.7033103539308723
1.1734628116164316 0.7353122176830169 -0.7616663144269769
1.1129346405891525 0.6827863437480559 -0.04259111148508232
0.14058802291721406 -0.14875187925260036 0.6360739304384406
-1.3696507039146297 0.6953440925415535 -0.7914929555097405
-1.2925979297037884 0.7581891017394256 -0.03636481029184502
-1.6878098476468892 0.46018305428150086 0.6953948571047004
0.8926587385061424 0.7313618099527872 -0.04916240436227959
0.12178494786874694 0.07929365979904901 0.6407618357500251
-1.5614070570761598 0.7809294619354645 -0.7972762749830071
-1.577338461745292 0.768027725352745 -0.046455161396581346
-1.942659262777056 0.4965296772451566 0.6896232201418098
0.6305071252532386 0.745348509642362 -0.0584106610456292
0.06991172732745099 0.27781757257418604 0.6438870264848884
-1.9247978812143316 0.7293653405895952 -0.06030012828500908
1.93281041606987 -0.047174206326616286 -0.12651588184030693
0.3527521921059389 0.7478200883089201 -0.06863238078745049
-0.007723417007291289 0.4536392133628695 0.645796997722071
1.8752557605211635 0.1433240608249946 -0.12223030788095635
0.08980266477778542 0.7646995540728838 -0.0778808758893792
-0.2145003985605669 0.5200565982973373 0.6418036057314094
1.8222938445844008 0.33713073173879593 -0.1176924870649163
-0.1773379271208313 0.7797995299882103 -0.0873727963605706
-0.46728239724228615 0.5490026539657293 0.6357266737779792
1.7141632151802142 0.48118884201608125 -0.11693622333200615
-0.6127804613856114 0.6566919830907736 -0.850268618885595
-0.46405934218994105 0.7803864746622295 -0.09808112842233818
-0.7664567303784295 0.5409673716341246 0.62756632107107
1.523610424177754 0.5405633558263645 -0.8433864281812493
1.5728433301778182 0.595889405093267 -0.11844875079782646
0.4390621158460064 -0.4023038088082771 0.5548547341188605
-0.7435680559108491 0.7889215243956258 -0.10830332500131767
-1.0507664209395386 0.5473311287318552 0.6201003624757941
1.3561575668060826 0.6330252567209627 -0.8475697205701653
1.3679404811714733 0.6552850607309679 -0.12424709064157646
0.4525804115291052 -0.14495413936790413 0.561387760814112
-1.031229582906775 0.7926681615374989 -0.11901165706308525
-1.2968865581720337 0.5869426939132509 0.6143706871828254
1.1252787397339432 0.6829656916362978 -0.13256599170358818
0.41458152077103705 0.06601359730082379 0.5653803183397468
-1.3309798717680152 0.7885538230736486 -0.13045050365122002
-1.6478677302319085 0.5426973887644309 0.6039532257875617
0.8671998454131682 0.698880185444672 -0.1418936417737786
0.40027537782847133 0.2963964282588165 0.5704616143068488
-1.7167049472027358 0.7170504738333463 -0.14724375468881767
-1.8908339845085536 0.5884302724445831 0.5983971192201789
0.6087627774726911 0.7161894629007222 -0.15122105342538994
0.3263587751896324 0.4744731007684493 0.572639210399073
0.33094755880981097 0.7187224629109821 -0.16180898410471123
0.07806304401774611 0.503796962535155 0.5664690567812141
2.0119237682842908 0.20736192163213474 -0.20478107196481865
0.060294294144519256 0.7292204519150616 -0.17189289790781181
-0.20488996897560696 0.5054316115204642 0.5586656166872199
1.8884122409577202 0.33749477536450456 -0.20504166347177666
-0.195450513862923 0.7540318961345776 -0.1809683011213128
1.772809729744651 0.47470095271084034 -0.20478107196481865
-0.5014160556848637 0.7386949804223946 -0.19332076770456474
1.6576974262497544 0.6122968217231275 -0.20452024203928154
0.47312915181638715 -0.4201263059589735 0.4536411597093757
-0.7964266096317019 0.7346273677168966 -0.20491697055490654
-1.0604041485837357 0.5165489875309035 0.5350738598665412
1.5355664590357563 0.7437011915661742 -0.20478107196481865
0.43762052567586096 -0.20559491091589877 0.4580356909593757
-1.0919632603549019 0.7322050407222207 -0.21651341182382744
-1.3181711689015998 0.5466527757277007 0.5285407139620002
1.3121543044338395 0.7870788016116066 -0.2120835946241204
0.452142066021068 0.051370648260835594 0.46491406696645576
-1.4383506672191757 0.690437973049967 -0.23138691646249931
-1.6537209936714419 0.5150299661749003 0.5183781220277961
1.081012736226647 0.8250758911130731 -0.21990777713449638
0.4188091487247121 0.26536814584292046 0.46930859821645576
-1.766111642883871 0.6663813208001841 -0.24500014049204033
0.7852269156058753 0.809023937575283 -0.23216582996042412
0.39406596281238393 0.4856766926515945 0.47408531444875557
0.5116660736666461 0.8140477282766625 -0.2428591416517083
0.2714537468978122 0.6215461160213565 0.4738943411668952
2.17622830670674 0.05521494236140967 -0.29357363444955986
0.25673199482548625 0.8366941853300673 -0.25224830371530693
-0.022424027500512977 0.6127272877051979 0.4651050402483161
2.055903547843961 0.1881017745554061 -0.29357363444955986
-0.029126123699128925 0.8350236318215067 -0.26372362834604424
-0.3168478877481107 0.6055498215910475 0.4563159777483161
1.928612401546829 0.3147486740332255 -0.2941126988569085
-0.31931541392721385 0.8317426461066475 -0.27546025973947685
-0.5311966460068192 0.6671813673440425 0.4515392615160163
1.820382389904907 0.45845194529096034 -0.293303983036596
0.7575989903420535 -0.48715781711474904 0.36789844768850166
-0.5869367636125347 0.8491774809169783 -0.2856319115796868
-0.8187527676440283 0.6693835076997274 0.4431323839983161
1.6939881035022353 0.5859701166286158 -0.2938430474439446
0.762685928716003 -0.2368484090282621 0.3746909930071052
-0.8819270482211081 0.8458836998614743 -0.29762889606149834
-1.1453965400789272 0.6414657395072965 0.432814819987696
1.496706852295958 0.651393519470453 -0.2995028660932366
0.7690455826741882 0.013003292398231281 0.3814840151628669
-1.1813073291229514 0.8410821443323826 -0.3098869488874261
-1.3953007116323661 0.678572365015178 0.4263183905443366
1.0848266222568341 0.5308410682723945 -0.3205259011426751
0.7465274561892912 0.23612820859985106 0.38667844074575264
-1.5394197811089185 0.7908134237061333 -0.32605721217783135
-1.754158519978418 0.6289745165524252 0.4144723250230964
0.9888326458065535 0.6871375153676169 -0.3189087079206292
0.706192075826948 0.4426433784678352 0.39087389248220283
-1.773872208071964 0.8427842184782008 -0.3338813946882073
-1.9581138489977192 0.7067032120113197 0.41026876705495674
0.7192203674622206 0.6940360659012157 -0.32968975764902275
0.39394066014629203 0.41463587664627255 0.38068483608571846
2.043174490984647 0.20220244302817036 -0.38341809970529717
0.44539102175053813 0.6991682225251026 -0.3407402203718011
1.9233621135007795 0.33555202358058267 -0.38341809970529717
0.1673060846505976 0.7025746532107888 -0.35206009608896416
1.8189460987598025 0.4825910232859911 -0.3823051617780511
-0.11505647602324132 0.7042983529995581 -0.3636496232190911
-0.2447267103088322 0.5952567527909096 0.36590049999563057
1.7001163825076162 0.6167236129526188 -0.3823051617780511
0.8575434675080373 -0.12717663960316372 0.2887840105852302
-0.3978923226075963 0.7075817002141775 -0.37523915034921806
-0.685284400279059 0.467616695908859 0.3491182162126716
1.6117803500026398 0.7775934944125211 -0.3800792859235589
-0.7042587136190761 0.6933090545491396 -0.3884458707013909
-0.9541500577636555 0.4861317878295779 0.3413264586290534
1.3132470387394761 0.755110058628226 -0.393434541050512
0.7894382508977955 0.2991116925093209 0.29837535160390694
-0.9880876992803707 0.6998017453844909 -0.40003515941293877
-1.169378864176288 0.550563993837919 0.3363318278154548
1.0480800826981351 0.763681031800509 -0.4042859242597405
0.7115509638902111 0.4727767558616591 0.30066893833486397
-1.3419505586579419 0.650992310607009 -0.4164762662092034
-1.4194726782336105 0.5876293008433677 0.32953904407827217
0.7976502717336942 0.7866979082099448 -0.41402413112314385
0.6419719629608451 0.6530711772680604 0.30337951916066963
-1.6656398260300591 0.6294101592244843 -0.43076087695749443
-1.7551539139326024 0.5567646556052424 0.31835101383535225
2.0625618840580415 -0.2644547641580388 -0.49048854571970146
0.5507049189478792 0.8142898486864922 -0.42348434192331474
-0.03896041760081914 0.31171712293608067 0.2725205256303962
2.0852492337956647 -0.00029449792766200744 -0.4792976544538323
0.27299512210760923 0.8174004562048367 -0.43517019015939873
2.1093153806211404 0.26327964493636813 -0.4681065247693841
-0.024293975769872134 0.8059737614695308 -0.44824721080454033
1.9339348346514882 0.34645282186889403 -0.4724109337964837
1.0598128781778868 -0.42392686507316313 0.19511745708791572
-0.29147698471791017 0.8218038700628156 -0.45909859401376885
1.829552344962984 0.4934519923756113 -0.47126318675668877
1.057304674431073 -0.1809453947501325 0.20206855076162178
-0.5705665999363632 0.8295357594749859 -0.47078444224985283
1.7107594007124547 0.6275467551512648 -0.47126318675668877
1.0635030119716546 0.06823764874197025 0.20945428150502998
-0.8578102594696446 0.8324594298384227 -0.48302699786813896
-1.0361953136531596 0.6857185503005496 0.250627262767237
1.3822412340055479 0.5777770775469548 -0.4873321221509759
1.0033347895234357 0.2576832927927626 0.21292994755117256
-1.176459391275543 0.8117159661182072 -0.4974951909223382
-1.2471567418550151 0.7539722321146982 0.24562309521047432
1.1620866129254068 0.6249349219750826 -0.49508001071603935
0.8912650735704801 0.40122484631404376 0.2133643462022956
-1.5112573494117072 0.7802111602274593 -0.5130765603223626
-1.5279788509570906 0.7666502058109401 0.23686574238149483
0.9040362120269236 0.6405779160214848 -0.505697028462011
0.7797163304142316 0.5451280054578831 0.21379874485341865
-1.7962297478095977 0.7913342256225562 -0.5250408814588372
-1.8364608580506854 0.7589405740776485 0.22664902942983467
0.6228921343422584 0.6381018425297711 -0.5180359051862542
0.17586455368871867 0.26652295870267295 0.18599389332143623
-2.069935205037339 0.8133878836222621 -0.5361702607312981
-2.141597127982074 0.7560963650444563 0.21664069431630928
0.35644666411192105 0.6501268974470236 -0.5292267964521233
0.08579513240579928 0.6603749788341418 -0.5407047436872308
-0.20819704279183782 0.6528317990383812 -0.5539045499006097
-0.3420348396837909 0.5524306340649616 0.17687056797353584
-0.4873958328174197 0.6597232666353392 -0.5659566090741937
-0.5871935347209458 0.5885208768052763 0.16970203655568916
-0.7747281503046466 0.6617805125544933 -0.5785820649305169
-0.8287517261431603 0.629092482361429 0.162750704463404
-1.1049407811060235 0.6305510175781848 -0.5943644211927239
-1.1322494148601692 0.6201753855046377 0.15232418316213447
-1.420409340363527 0.6138434047186223 -0.608999030415136
-1.4169615365205175 0.6287615218104818 0.14298342007009346
-1.6240491726753916 0.690115705266173 -0.6153116391340081
-1.721519468826088 0.6231916557729988 0.13255642193166572
