0.8511754354906671 0.266330073317401 0.8007924431056503
0.18710182460617375 -0.17557314128407864 0.8873164528102402
0.7571517365338991 0.30705425644365825 0.8070659511775498
0.10047203404579363 -0.17126063748676756 0.8888108604640488
0.670651525639876 0.31412396088042094 0.8092706077785019
0.01392558704991842 -0.16663117701015384 0.890304314443541
0.5802284994577533 0.3409691724731285 0.8138007992000107
-0.07167349508367238 -0.1665864657247793 0.8912393921107773
0.4890576107804421 0.3730330032950535 0.8189124935359482
1.1435191947051422 0.6118563750268047 0.6267511718959335
-0.1589106368045563 -0.15643070723264696 0.8932871692866806
0.40304560785746446 0.3810874089879981 0.8211157196254257
1.0609840658265597 0.6029508824617951 0.627315747091246
-0.24354953590531636 -0.1606665554041209 0.8936629169673447
0.31044062367143255 0.42358085826004377 0.8273923271388535
0.9729585476278331 0.6185399434362386 0.6309990757197861
-0.3313948872943584 -0.144981947088489 0.8962659710139755
0.22759503209912424 0.417662410867937 0.8278481834620957
0.8905146855664938 0.6102427436987403 0.6315605514735703
-0.4159269842218052 -0.14859843669285855 0.8966390960902695
0.14106880351076256 0.431560835217101 0.8306319587916855
0.8038206197976621 0.6216283588284162 0.6346175544948105
-0.5027518423209969 -0.13719358055204456 0.8986830585689072
0.06013479624370888 0.4164755278917669 0.8299202793330673
0.7193567095774469 0.623643149946294 0.6364254825801376
-0.5871851390641396 -0.14020577832340475 0.8990528457850937
1.4000613219171072 0.6962694124235069 0.33875869447894136
-0.026188397605018565 0.43099628791735256 0.8327016704768662
0.6349734611518514 0.6259589370860867 0.6382319801539902
-0.6723303759931909 -0.13799718703826258 0.8999786251277451
1.3153811885066489 0.6960694565551266 0.34082006151385347
-0.11061635769158329 0.4360575326368714 0.8343174331874375
0.5496489478545001 0.6334492537792569 0.6406621807307724
-0.7566932614942772 -0.14041126379840563 0.9003457897395615
-0.19752116011282084 0.45610267286949036 0.8376808040828232
0.4644419125843555 0.6412480565407614 0.6430914276332382
-0.8417374850911017 -0.13760148775146686 0.9012689464778427
1.350502929832622 -0.17154325079736932 0.22175859148211519
1.897723625914594 0.7555185249664094 -0.04136921232037505
-0.2783711227802428 0.44220126592300346 0.8369624489039902
0.3822793843418282 0.6347717342913048 0.6436443203181748
-0.92603349172267 -0.13940590913883621 0.9016325348109726
1.0740529338129363 0.6442338961019418 0.3394672744960312
1.8090684549618317 0.7677834295485786 -0.03671051328473052
-0.36337055503865656 0.45307511992655236 0.8391578071803574
0.29435414365200785 0.6577946576138176 0.6479472988337998
-1.0096283127585153 -0.1458439776698226 0.901436316320372
0.9806552957932908 0.6838818866465894 0.34699939424700776
1.7218229172568797 0.7756102000603464 -0.03281236951641997
-0.445838269076404 0.449552133688627 0.8396026962489609
0.21326667343591055 0.6470540319043332 0.6478721969813828
-1.092576044313219 -0.15691207433060939 0.9006790989131455
1.1326648128313437 -0.3687141751175087 0.1997744911403183
1.6371722083744942 0.7741853966241257 -0.0304362899570938
-0.5282803113574275 0.44632844226728974 0.8400454395503525
0.1293723340164874 0.651221463999863 0.6496720188350205
-1.1761975805966145 -0.16276031917882072 0.9004783504695419
1.5501479225351176 0.7826615292093058 -0.026540053537416064
-0.6114715786788878 0.44829898212743835 0.8410708778590683
0.047385656644081564 0.6459382333809893 0.6502191894740585
-1.257960687963518 -0.18310562201933145 0.8985988968104843
1.4632553308543947 0.7914656408927536 -0.022644770792054736
-0.6946034650822597 0.45057409370267276 0.8420946472377304
-0.034584670185239474 0.6409476581349525 0.6507644527644638
-1.3434425905775242 -0.1735730105950095 0.9000720852107529
0.6404634497649653 0.705629443707509 0.35726617510027925
1.3753118762068155 0.805394316971376 -0.017989409616517626
-0.7769361454769808 0.4482291756818668 0.8425330990046982
-0.11653864647146861 0.636249738261756 0.6513080471248154
-1.424729871455682 -0.19828160206302137 0.897628533193541
0.5604952176880289 0.6888200584243203 0.3565747612208847
1.9826979331470653 0.7366976378271373 -0.5137074119358536
1.2945319978220198 0.7908356246987411 -0.01789976423077544
-0.859247155109486 0.4461760191106059 0.8429701202601914
-0.19847627221460584 0.6318444737613911 0.6518502109736923
0.4804688097657177 0.6722830282019965 0.3558814399928574
1.890070906663837 0.7628300308069251 -0.5058210021763321
1.212569952197427 0.7813688548657352 -0.01705147092633208
-0.9422328633939685 0.4493373941327867 0.8439895981044296
-0.2812336483921456 0.6326206735975957 0.6530170314998154
1.8204162762416303 0.7035768533667719 -0.5133206970005508
1.130611403529734 0.7721996353233598 -0.016205084970521533
-1.024469035488579 0.4478761444303174 0.8444237583369736
-0.3631141851013666 0.6287993572976385 0.6535558574885849
0.4554976014315528 -0.04026104792781915 0.2584764831752304
1.7280113955472913 0.7303639286390995 -0.5054371482639786
1.0464150084738577 0.7729577796155125 -0.013837588480043017
-1.107340451553334 0.45162006178702097 0.8454406135768417
-0.44335451990665575 0.6154820560240983 0.6528398864955429
0.3919123677816714 -0.15367368330012887 0.2440369003505234
1.6456889846833178 0.719338464562628 -0.5043933517246719
0.9633944523634597 0.7692049292385006 -0.012233508279847705
-1.1894973598142045 0.4507445048109151 0.8458719127864365
-0.525223211104894 0.6122358786535154 0.6533756130427841
0.4021675772972273 -0.6562082367372994 0.1747014396876816
1.567002058376822 0.6942668023703602 -0.5059168464451309
0.8804093145247478 0.7657442656123576 -0.010630381753968798
-1.2709921118598473 0.445230917715997 0.8457162254542832
-0.6086195565132897 0.6190904033908575 0.6551632755488876
0.32020117053007624 -0.6867818874198885 0.17189906770892183
1.484623649399758 0.6838196709357414 -0.5048773414402481
0.7942694887894604 0.7770750481766653 -0.0067436820774551265
-1.3543334473109923 0.45478952754274715 0.8473141067714218
-0.6919277067600191 0.62624192315561 0.6569499843806748
0.23627863696986395 -0.7073305437407429 0.17046569521136323
1.4022447363851 0.6736625564247012 -0.5038392669468399
0.715605911049245 0.7549097260420501 -0.008190406015443408
-1.435780431536358 0.4498532492044838 0.8471555584163193
-0.7736546461352134 0.6238882233744016 0.657481180974913
0.0782467644976208 -0.3180557971019242 0.22669910127825776
1.3094049371797212 0.7069121583176949 -0.49510265653424224
0.6306613818737361 0.7620243824579456 -0.005068076303529345
-0.8546329432438213 0.6169065786494068 0.6573831909389023
-0.040722752722444966 -0.13287856758242178 0.25411390001483003
1.2191537959751173 0.7309385752049318 -0.4880769378452774
0.547854776675031 0.7597727711197768 -0.0034706718235488765
-0.9398587850638691 0.6396838147286124 0.6610488765925888
-0.24052690786095354 0.5263287470117328 0.3481624000758652
1.1381662282510518 0.7169344695309023 -0.4878986007481094
0.4630964276584706 0.76750712476285 -0.0003502494602676265
-1.0200543408588274 0.62837483910105 0.6603205078334335
-0.34353070102555705 0.6444720755886282 0.36599420244402925
1.048254320976838 0.7416287176362859 -0.480873835733461
0.37845023645 0.7755508583975379 0.002768742391539014
-1.1023133764602946 0.6321006534837101 0.6614739769191269
-0.4367172884198425 0.7092895624385092 0.3762738579005722
0.9662450944151928 0.7330369368124705 -0.4798424369602676
0.29584394880541254 0.7742147067305902 0.004362809011412061
-1.1831899237859247 0.6262780525678666 0.6613700264186386
-0.5190540482316095 0.7109086487815839 0.37762092287249605
0.8820831449714461 0.7343582170504783 -0.47709966962628325
0.2113923650462297 0.7828794568170752 0.007479893514585889
-1.2647092484487459 0.6256646197057032 0.6618919246882919
-0.5857540698755486 0.6149667314400711 0.36521743471331636
0.8011783026223895 0.7215464390456363 -0.4769280082493301
0.12891369182950996 0.7821400202954534 0.009071099111509717
-1.3474395659818583 0.635180738610674 0.6636698120326523
-0.4732376634321511 -0.6360795757604816 0.19053386385149995
0.7160665389596446 0.7282843837884263 -0.47333170240216216
0.04557044995679149 0.7865594913298901 0.011423813650083936
-1.4270472949525228 0.6203703931754605 0.6623036735744003
-0.5571348518813366 -0.6538890752852957 0.18908332521624605
0.6362017695716418 0.7112442679534885 -0.4740207320957657
-0.034997020935364276 0.7766997576225902 0.01148532564349214
-1.5102434954618857 0.6353996532653392 0.6647071712703232
-0.6440185757878396 -0.6518041287397933 0.19038222963519136
0.5512225152545724 0.7185917814277838 -0.4704268104343887
-0.11910420801757482 0.7865839838321529 0.014599072286558545
-0.7287124813639494 -0.6641160145307632 0.18961547548480073
0.46834309277771524 0.7166067796300313 -0.4685485488682266
-0.1996354454510083 0.7772980265089702 0.014657246419859327
-0.8127512954699156 -0.6810428617174384 0.18815826112933198
0.3874596928870844 0.705257471207335 -0.46838547056012114
-0.2810281444692464 0.773173189889758 0.015477883169126905
-0.9016050192177616 -0.6633179394054114 0.1915171020717148
0.3046351462962278 0.7038595246812056 -0.46651007001690825
-0.3624022797964699 0.7693379015721673 0.01629661256976167
-0.9830406331732604 -0.6992788771809844 0.18730186159319917
0.2228041453345071 0.6979237736920867 -0.4654939300327774
-0.44213084967998384 0.7560385495957709 0.015585648366880811
-1.0711062520676862 -0.6858493644567405 0.18996928865618745
0.13634437853306025 0.7164827691305851 -0.46019054715924224
-0.5250873260108406 0.762531968847342 0.017928826162290967
-1.3222246667678803 0.6105776643139622 0.3724243515223984
0.05644147779720754 0.7014621746431162 -0.46089245145611724
-0.6048408666159588 0.749800265753902 0.017214047262144483
-1.4158895591178222 0.7087849020783361 0.3868448608607773
-0.029763371297924834 0.7206429938154431 -0.4555909759312149
-0.68767904973258 0.7568837607070416 0.01955436403460542
-1.4958372382365468 0.6991465185785222 0.38610862428851167
-0.10877525184965009 0.7013534608739471 -0.45715404813580474
-0.7674491337689631 0.7447210257211809 0.01883577043719331
-1.575813810335113 0.6897919811804991 0.38537000353045503
-0.19302450569995955 0.7114502871505826 -0.45357061689190825
-0.8494451159175611 0.7475054920727322 0.020409333059263624
-0.27546803226941563 0.712140930274356 -0.4517042762547012
-0.9313781847755109 0.750582995777811 0.021981465169859327
-1.6824588916477268 0.18439141471001008 0.31561301881976167
-0.35538588147809946 0.6985615678131376 -0.4524152404575821
-1.0125528215312798 0.7490582617114674 0.02278779680438081
-1.7005109000493235 -0.42532531209306956 0.23069785768694917
-0.4418195230834101 0.724145662649927 -0.44625927274517974
-1.0930240162227634 0.7429295886683827 0.022826897451353467
-0.5216927115430252 0.7111413957974486 -0.446973574808168
-1.1748189089508472 0.7468782890863137 0.024395214864683545
-0.6062546055056188 0.7276145579828279 -0.44253612821392974
-1.2559037201708847 0.7462137293138627 0.025196778127623
-0.6883906303669391 0.7297934565973785 -0.44067550962262114
-1.3369562201904444 0.7458391431443614 0.02599643404192964
-0.7349013452319966 0.4984170051634065 -0.4800646430759903
-1.417976409009519 0.7457545305778135 0.02679465944476167
-0.814108896643198 0.47669319038539104 -0.4825122482090469
-1.4989651805514086 0.7459545713950879 0.027591931173277295
-0.8997910526301496 0.49913134621110533 -0.4772260314732071
-0.9873434593295727 0.5365171207705624 -0.46936060254864653
-1.0651769772659136 0.5058945560118806 -0.4735329276829239
-1.142526587988229 0.4706474999456889 -0.4785688049107071
-1.252666389713994 0.6848523920880991 -0.4397366172581192
-1.3357775691685276 0.6991179191485708 -0.4361684448032852
-1.4151280531330457 0.6843409363096695 -0.43776298826031645
-1.4951328921169562 0.6747367739138204 -0.4385001785068985
-0.8083125497851711 0.6335736912898424 -1.0421593314915176
-1.575743310224773 0.6703027068705216 -0.4383790618687149
-0.901256879229976 0.7092420782613873 -1.025251162698793
-1.6569025295720152 0.6710510768233453 -0.43739725415997466
-0.988787173742125 0.7512849348582682 -1.0151980048923965
-1.0685442938360623 0.7402086351015766 -1.0159232742100235
-1.142407252692749 0.6856669039559735 -1.025471938303041
-1.774345786216891 0.526291556937438 -1.048062098672914
-1.936427044635856 0.5196768409518997 -1.0476009971409317
-2.0165112894297508 0.5070280561216327 -1.0493376380711075
-2.0993927856190027 0.5239628485836834 -1.0451843864231583
-2.1799358919646963 0.5167713209771323 -1.045942080667543
-2.2617656828031656 0.5245168858179658 -1.0437548286228653
-2.342708234366917 0.5227781024980276 -1.043533576181459
-2.4236415434533143 0.5213222280359551 -1.0433137542515274
-2.315012143749769 0.8259244918078705 0.0013229721278671391
-1.868681427637739 0.6735184143906165 -0.8742978698521133
-2.291132225732575 0.6160848291271188 0.001688706228208936
-1.982038210293254 0.6473985301905492 0.8310270183772568
-1.5786805466470923 0.49744137380009956 -0.8973019248753067
-2.287755211990742 0.4035605367442532 0.0035149925441269048
-2.122078981428338 0.4148200794511725 0.841079460927916
-0.2615966519498869 0.45184300404333566 -1.010586512735414
-2.2801895356563193 0.19175065572117767 0.004976498434019483
-2.1293475531986985 0.2005205202150684 0.8431491726130966
-0.4021384455877879 0.21445134394170395 -0.9958288795261856
-2.2733745654825768 -0.020017880322207304 0.006437527486753858
-2.112614320005278 -0.010529416906753575 0.8437404506892685
-0.3359035301003459 0.0034249694949837206 -0.9993012077122208
-2.2673063004750134 -0.23173753801885777 0.007899033376646436
-2.0916679969033822 -0.22100443992109398 0.8440360897273544
-0.473209464645187 -0.23194750032797096 -0.9849779731541153
-2.2768468499280985 -0.4451684836563663 0.010456311056089795
-2.0615461070484713 -0.430362552409818 0.8437404506892685
-1.7594905576673696 -0.5979304035266733 -0.8699572212009903
-2.2623672985551693 -0.655599050196721 0.011186825582456983
-1.1147653717917834 -0.5347974686265538 0.7887475364894394
-1.5722734817725694 -0.7908727389898527 -0.8842804557590958
-1.60973942464328 0.9448093946520197 -1.018217814615297
-0.7170724456988964 -0.9130886095869979 -0.957199347665834
0.7937200218534173 -0.7505088147850589 -0.21056343381695708
-2.328398158073554 0.6844794163356065 -0.10231043165020903
-2.166270009633884 0.6960451889560284 0.7353377216548447
-1.8074966439167781 0.7022392719483692 -0.9978120452671524
-2.3297257815387553 0.47139305362861794 -0.10006595914654692
-2.108224608328051 0.4903157707585981 0.7335114353389267
-1.7840460886101326 0.4906418970890174 -0.9973685867100235
-2.3021381077892684 0.26227885824443575 -0.10006595914654692
-2.130060511465878 0.2740000071993043 0.7365550869197373
-1.7613366229111094 0.27898031342940044 -0.9969246513157364
-2.285180602300315 0.051814865867778614 -0.09931827848248442
-2.1328732164718787 0.06043424009885001 0.7383813732356552
-1.8332546208457785 0.055466955178865796 -0.988052619150209
-2.2838054834588775 -0.16049614501852716 -0.09744812314801177
-2.126541334843232 -0.15180016753387715 0.7395987385005478
-1.9158847443452416 -0.1686630691249018 -0.9782936698704239
-2.2732783312569964 -0.3715454279077681 -0.09632612531475981
-2.1110437156652964 -0.36280523710628554 0.7402076595515732
-2.038905157240933 -0.3968106430979468 -0.9649851447849747
-2.25358884786899 -0.5814263426060373 -0.09595180814557036
-2.135947806093263 -0.5784167427868185 0.7432513111323837
-2.108355951540375 -0.6177517011683511 -0.9565570480137344
-2.2494962192787327 -0.7930287603820956 -0.09445596998028716
-0.5051195491642346 -0.6079028060874849 0.6446347110957626
-2.1340741615047705 -0.8331539323540076 -0.9521205550938125
-0.05032432536047082 -0.7655645184893407 -0.25865246122174224
-2.309213377182047 0.6327702214596398 -0.20928789441876372
-2.219775939873969 0.6342933599401084 0.6330509060115341
-2.330481363608129 0.417018219940692 -0.20546032254986724
-2.152042092414405 0.43003914792011066 0.6305463188380722
-2.3030874742159 0.207906497628227 -0.20546032254986724
-2.1444012202763787 0.2177489113474662 0.6317987316340927
-2.3159952420562675 -0.006274311158586343 -0.20239902799420317
-2.2117812640236636 -0.003817705834016749 0.6377472751826767
-2.304922103828659 -0.21724848488549942 -0.20125032728009185
-2.2007159230394038 -0.2151557199400358 0.6386864059657578
-2.284689485514839 -0.42703056208601176 -0.20086790387921294
-2.1903973305419626 -0.4264776709373974 0.6396257751674179
-2.3246274916353684 -0.6437073429211901 -0.19589258497052153
-2.101499776918331 -0.6286725031147444 0.6355557316035751
-0.6047674377805592 -0.6746053708169724 0.5425701015681748
-2.361477412414196 0.8481558901894468 -0.3030369407444473
0.22507311007047548 -0.7918051585958619 -0.3891689903049942
-2.3424497351944424 0.6378035749845443 -0.3022558814793106
-2.1252897575590026 0.6674433345711561 0.5206699245662216
-2.3439309204211938 0.42478814526502884 -0.29991270368390044
-2.1514296669050026 0.4503778359266386 0.5242097252101425
-2.316508811416753 0.21572228276717453 -0.29991270368390044
-2.1734001467645285 0.2342378562018297 0.5274274223536972
-2.304655940134218 0.0046923136181540315 -0.29874063794903716
-2.1515970478268827 0.02395393767268761 0.5277492874354843
-2.303435914929601 -0.20753246323559793 -0.29678798978619536
-2.150343368639028 -0.18881122735604805 0.5293583744258408
-2.3029731920087926 -0.4196737586579422 -0.29483534162335356
-2.149832350302212 -0.40148716543292373 0.5309672229976181
-2.288406174019954 -0.6300232893279754 -0.29405428235821685
-2.0509474062258306 -0.6026659350393384 0.526140438863707
-1.2243369996148914 -0.7230962041456221 -0.37607075040631255
-0.003917443904072115 -0.5868083645693591 0.39484952623553315
0.8706049308003472 -0.7120450245872219 -0.5393235809116836
-2.3662056807944936 0.484543827379885 -0.41540552442364653
-2.1368642440601917 0.5152754654283429 0.41652845079608003
-2.308929529577867 0.27942095558619684 -0.41780639951519927
-2.1190217628857866 0.3041936876258191 0.41718934709734956
-2.31167446179105 0.06647016407764461 -0.41540552442364653
-2.096971256050729 0.09371365933741327 0.4175197952479843
-2.3052938750981937 -0.1451487993412135 -0.41380525892071685
-2.070703914284003 -0.11620986295980273 0.4175197952479843
-2.289754190299817 -0.355529103486119 -0.413005126169252
-1.5943905380366559 -0.27221775495350364 0.3874442451686386
-2.2650562186304555 -0.56478138804518 -0.413005126169252
-1.1531303894882825 -0.4354949654550273 0.3596823089808945
-2.231188555690437 -0.7730005663600927 -0.41380525892071685
-2.1202474766253303 -0.760492736485646 0.4257824295253281
-1.4598101963894408 -0.9007559968417693 -0.4742243415623184
-0.6785276894722401 -0.8154397126838591 0.3312594764918808
-2.298778158384671 0.9187650249232684 -0.531777156045961
0.8577730645045776 -0.8704102204718227 -0.6594822532444473
0.8429156414297552 -0.8719797094733623 0.2314483993739609
-2.1868559606297495 0.5715004047313625 0.3131644600123886
-2.2202645267194114 0.71632780861471 -0.5358650810032364
-1.7286243080031412 0.41847596797601927 0.2836534851283554
-2.3449408117306803 0.48630995326583903 -0.5231917030125137
-1.7902932048149438 0.19586768604324512 0.28975938493914644
-2.3617746769383743 0.27144720179224535 -0.5195124274998184
-1.8874362288597055 -0.03053248952829435 0.2982394569606308
-2.3694914898985076 0.058053093890776175 -0.5166504508762833
-1.8170321551965003 -0.23580018384396428 0.2951867454738144
-2.3532409316494665 -0.15214167800685718 -0.5158326751499649
-0.8505647379925421 -0.33624675864552334 0.23073743517108003
-2.332783497634388 -0.3617659620928464 -0.5154240257053848
-2.149190676969482 -0.7011195956803551 0.3213055008143906
-2.303154285210141 -0.5702877427750046 -0.5158326751499649
-1.2579771748423525 -0.8151838400987792 0.26194404298968355
0.4641406686111722 -0.4702235562529671 -0.7423212653904434
-2.0616486070111577 0.7049718561661296 -0.6552832252293106
0.7244322337481321 -0.8189168352627414 0.12795756990618745
0.9491282142486881 -0.6387774552375189 -0.7803418761997696
-2.1834007634961523 0.5282109168610125 0.20715116197772065
-2.0974480222579146 0.48635107042560133 -0.6498558646946426
-2.1753950487541474 0.316000241359351 0.20854304964251558
-2.2180472393164337 0.25716484453993704 -0.6373298293858047
-2.1730933257656275 0.10319710814875283 0.21028255159564058
-2.2653565097531896 0.0382911879068315 -0.6310670501499649
-2.1715497989842163 -0.10952786384957314 0.21202205354876558
-2.2739003903821953 -0.17529628094839111 -0.6281445152073379
-2.1757032818999775 -0.3227630428109656 0.21410964662737886
-2.243624666984452 -0.3840155851607028 -0.6285622245579239
-2.170711583549725 -0.5347202988069251 0.21550105745501558
-2.189330508550391 -0.5899886048901548 -0.6310670501499649
-2.1615067519703715 -0.7460698254573197 0.21654485399432222
-1.9872017872999095 -0.7795899404380915 -0.6460979110508438
0.8049520021942058 -0.6889925249420852 -0.87949205701642
-2.1186146027619372 0.9527269301902868 0.09221814806170503
0.49839189719888566 -0.8884017083563487 0.03319524461932222
1.081185402741859 -0.8824703257762225 -0.9007856971531387
-1.8950939480755977 0.7803557606812648 -0.776964915445375
-2.2573342189790893 0.7197336617290526 0.1043436401576523
2.1003867601992425 -1.0022451039138307 -0.9847071296482559
-1.7627481248406767 0.5836517946802209 -0.7859156257420059
-2.268429371244231 0.5050595609608566 0.10719655687518159
-1.7742925975157604 0.3673860800813973 -0.7825057632236954
-2.2852343434720837 0.28991296338546935 0.11040614778704683
-1.1522312494848137 0.4379102033069948 0.8917379253596787
-1.7866079900222331 0.151301867326886 -0.7790959007053848
-2.287965870788362 0.07687102521874856 0.11254571611590425
-1.27332876379878 0.20580717811295113 0.9003465049952988
-1.7947561268220227 -0.06399185414376074 -0.7761123306065079
-2.28155613119187 -0.13483489287342643 0.1139719360560898
-1.1921833999665168 -0.0002655891458038795 0.8971900814265732
-1.6701175135749722 -0.2630851531703735 -0.7846372253208633
-2.2560888109345356 -0.3441152435246657 0.1139719360560898
-0.9878290787977093 -0.19193944364371518 0.8868598812312607
-1.6154117845686997 -0.4710365029445027 -0.7871940261631485
-2.310613980112528 -0.562714634565963 0.11967824632830659
-0.4717013833942474 -0.3485785981877534 0.8584518306941513
-1.556472755935765 -0.6787240454209158 -0.7901775962620254
-0.9386648434070963 -0.6196856469929743 0.022678124257994092
0.8589950775689914 -0.6284879428019963 -0.9960401183872696
0.8183189777714759 -0.8555562202285314 -0.9904992706089493
