-1.6228742041114224 -0.7557168012644482 0.3928732768891101
-1.4533676932162614 -0.5893465594940892 0.391952742755199
-1.287843689945806 -0.42149688447991807 0.39089416426398804
0.5298394700510229 -0.8852733546572651 -0.4378750427367444
1.0600634233246815 -0.9196782328729398 -0.42013765412590454
1.704683092405343 -0.7751394781484002 -0.40464902955315063
1.855707043901397 -0.6124247595097962 -0.4052283867003674
2.029091548649653 -0.4624449950659617 -0.404731999218678
-1.0902926187985216 -0.8520350684297746 0.29363869589545777
2.20285935021899 -0.3133165085717593 -0.4042294128539319
-0.916767185825865 -0.689982048241216 0.29302619856574585
2.0107399567471056 0.03970086726882016 -0.4217798812987561
-0.3972027061045509 -0.709114234717795 0.30427335661628296
2.08590198866629 0.2448197041759741 -0.4262359245421643
-0.17921899724456836 -0.5732552536801983 0.3052122489807849
0.9040657043286018 -0.9356499710863311 -0.5333626373412366
1.363122529749731 -0.9345693692443007 -0.5183084114196057
1.5620927652717818 -0.7965042034451173 -0.5163548095824475
1.7569648145467305 -0.6570768359094217 -0.5146153076293225
1.8908182986438362 -0.48505431483673433 -0.5159909828307385
2.020849503052208 -0.3111824181602394 -0.5175893409850354
2.046709261676476 -0.07950953498095359 -0.5245525940062756
0.21077690076735323 -0.9773338800921394 0.21405719679572632
2.077876385572562 0.14988777300654732 -0.5313022239806409
0.516193458652694 -0.8902706619258289 0.21847509306647828
1.0263050236442375 -0.939518364330791 -0.6378882034423108
0.6715086878374592 -0.7252308659831925 0.21743177336432984
1.4367267004668633 -0.9132110011467205 -0.6246621711852307
0.8845590233757079 -0.591612273675981 0.21849082869269898
1.657689269304612 -0.7873416794650474 -0.6213557823302502
1.0055507585193801 -0.40922332418867313 0.21616481703498414
1.9139609429598856 -0.6817748044836662 -0.6161849601866956
1.0657023643678336 -0.1938264219957233 0.21157144469001343
1.9907984686923328 -0.47906478287452003 -0.6205079658629651
1.0303441088414367 0.07445491437735186 0.2034037010071521
1.9941210622868795 -0.23541830100942818 -0.6287815673949475
1.018052860256656 0.33124652070495486 0.1960313217041736
-0.377237030594344 -0.9449970438195869 0.1004526512024646
1.9461502518419884 0.03778998278467327 -0.6398565872313733
0.9458123076417948 0.6226009903464274 0.18636726301887085
0.07045094862625234 -0.9291138209856307 0.11059116286017945
1.4598284452489274 0.5591236876825683 -0.6744454010131116
0.50871429148998 -0.9113408517512909 0.1204259292481189
1.0607921234286053 -0.9705732476932099 -0.7442667587401623
0.8581623221643468 -0.8493923253159679 0.12691472929694703
1.295004910145387 -0.8500252983294345 -0.7400248153807873
1.0619819184281063 -0.7116669502683806 0.1278417007324939
0.8437865944252394 -0.3606613034055499 -0.773231755078053
1.186946444252488 -0.5322612354501537 0.12572692793586304
0.9655793787727909 -0.17820828312171955 -0.7752521141173596
1.294947459661934 -0.3438142468894121 0.12293313902595093
1.3554105808807897 -0.12929771646659205 0.11826824110724976
1.3861047576356462 0.10210250338337801 0.11240552824714234
1.3304842526221492 0.3823661082361163 0.1031229392884021
-0.309803494464699 -0.7811649704215675 -0.02433610993645141
0.1998622755457724 -0.7990093668707132 -0.010940800488209224
0.7042925945680594 -0.8177176367129526 0.002317656695628667
1.0624969121943089 -0.7618453850555298 0.009716738879466558
1.5479586462694215 -0.7768711747415047 0.022333850085521245
1.6595012258413888 -0.5920635729500994 0.01974986952521851
1.7541320915883638 -0.39807439985034776 0.01644777220466187
1.8319754338013716 -0.19471364201263697 0.012422789752269292
1.797098151808303 0.07171034883582195 0.003713359057689214
-0.47891270124288 -1.018220181195133 -0.13273836213371704
1.7677695525305062 0.33628610309174434 -0.004832516491627192
-0.009025602493938578 -1.012862056175539 -0.12024904328606079
1.7700703043133217 0.584196813925935 -0.01213193970940063
0.49118377536156643 -1.0266776482754274 -0.10641361314079711
-0.6637066412736097 -0.39482700117924807 0.7368981735108142
0.8625145413888973 -0.9758926118664348 -0.09796739655754516
1.2026595680145924 -0.9108809283837687 -0.09080625611565063
1.5381841022502982 -0.8455214304306828 -0.08380914765617797
1.9133661660457406 -0.31395159256657834 -0.0898101432921643
-0.9141396016358136 -0.4912788586134482 0.6236054794190173
1.9478742689459274 -0.08682122770768075 -0.09577060776970336
-0.41654296398090906 -0.49993938650623804 0.6317736999390369
1.891774533280831 0.19173976212889343 -0.10570789414665649
0.5538810774831724 -0.7884255698609408 -0.22123743134758422
-0.14497967568283343 -0.392398634088881 0.6335451499817615
0.8902179913090542 -0.7200534321542484 -0.2138178451659436
-0.03648121026176909 -0.19924668396739165 0.6306531326172595
0.06827588084028946 -0.004122860455979094 0.6276335613129382
1.7115930866403843 -0.6703134278857839 -0.19222093659660766
0.05951749742585477 0.25265806228062004 0.6213114158509021
1.8147257968104533 -0.4813090991946538 -0.19516016083977172
0.04748784107841075 0.512271200078537 0.6148481265900378
-1.758058613620502 -0.8160563265212595 0.5047337905762439
1.9185272125273904 -0.292669685933312 -0.1981012924315686
-1.330645901736446 -0.7811780661205745 0.5114486114380603
2.018611136317727 -0.10196702119184664 -0.20124174195549438
-1.0635762442517702 -0.6663782625451731 0.5133635894654041
2.1150107386849477 0.09084659997740019 -0.20458103257439086
-0.38856548732780993 -0.7654771362802748 0.5276658431885486
2.042506134858236 0.37926106219471123 -0.21564127045891235
0.6906826357201261 -1.0953426311607615 -0.3170726402404065
-0.042401032271097705 -0.6969395094005755 0.5320582286713367
1.0351903962869358 -1.031339005891045 -0.30877901154777954
1.3442111671263497 -0.9505645396855513 -0.30210090714714477
1.7366952635989676 -0.9165799337393956 -0.2915036781432385
1.8389751578937918 -0.7276720100686731 -0.2944343193175549
1.9419112242345804 -0.5391233373548374 -0.29736734467766235
1.984280628809735 -0.3171260384606214 -0.30318428117058227
1.98388550182219 -0.07078227309263951 -0.31107116776726196
2.0455522366011927 0.14170647720282759 -0.3160817726256604
2.320067604414735 0.019684789100438138 -0.34450079041740844
2.1937675719926304 0.08462881094532904 -0.34753919678947875
2.1504966319786654 0.2430286978857481 -0.33972645837089965
2.1479505939398855 0.4458383546683464 -0.3267049892546887
1.33258241202115 -0.4619325377898633 0.12762545508124878
2.1197709477463924 0.6187525018257887 -0.31715608674309204
1.2912811391375918 -0.29717387230090253 0.13456629675605347
1.951594435519759 0.6368459690361981 -0.32583714562675903
1.2508043298462255 -0.1324894326379713 0.14150761526801636
1.9179169828169478 0.8025907706219435 -0.31715608674309204
1.201036764284769 0.021089082942509663 0.14735292357184937
1.8140870106349247 0.8913771440125018 -0.317590246975636
1.1790736313181043 0.20395354475566663 0.15612052839973023
2.1165386974241756 -0.4421292565389692 -0.46358252602837036
1.629135528002518 0.8930074119219107 -0.3284411533477063
1.1308839307689347 0.35739656780443596 0.16196559828498414
2.3503737482946043 0.03494208496222839 -0.4178915126921887
1.4574947185379976 0.9101232949280522 -0.33755613404533813
1.0902534745894776 0.5181001542291064 0.16854118269660523
2.2406419267984035 0.11842290670069389 -0.41877890664360473
1.26171892335541 0.9027212026696176 -0.3497090442778821
1.0504130098883167 0.6787270982378892 0.17511700552680542
0.026676105494079394 -0.395979475467648 0.6447043315766101
1.6032131078223024 -0.4428288763438353 0.07132862967231324
2.14112524751517 0.21346672425699964 -0.4183352096678967
1.0998746336168352 0.9324519303626282 -0.3575217826964612
0.9289358695623413 0.752511456292666 0.17292522352912476
-0.019491757712678748 -0.23541871001908987 0.6497304336426502
1.5616449824894012 -0.2787158952210831 0.07843517225959351
2.095171073165954 0.368140799579713 -0.4107940300109143
0.7938457271275468 0.812374336359909 0.16927217406013062
-0.04763173244245422 -0.05687228357305685 0.656234969317699
1.544267602179886 -0.08877726336937997 0.08815978926398804
2.1201142063657983 0.6003666929512157 -0.3939368827941174
1.511128761839398 0.08247068931918733 0.09601425093390992
1.992141014596605 0.6626464650576978 -0.3974857433440442
0.6280945318159503 1.0412536442621203 0.17292522352912476
1.4687620268439296 0.2425552817946155 0.10274671477057984
1.8844734090667785 0.7474885895349068 -0.3983731372954602
0.31941175197367144 0.9241791372887214 0.1510059730408435
-0.19990695563287986 0.40278243162082106 0.6695396797058826
1.4170430826018396 0.3915675288580225 0.1083567039368396
1.733166036808484 0.785163632036312 -0.4050269230010266
0.09350712504662795 0.8942295455702975 0.13785432738044312
-0.29123435146235366 0.5132950874323967 0.6704265968201404
2.174185096099606 -0.33220174435575345 -0.5227558715941663
1.3490815099645843 0.5223138050714802 0.11209725302436402
1.6190951940172482 0.8636595285859308 -0.40680147248527954
-0.08030689976775207 0.9186483159886691 0.13018273276069214
-0.41375392536465583 0.5921831255374492 0.6686527625916248
2.2671586053936004 -0.016365160130995093 -0.4956183536650891
1.274894893926664 0.6458885111008961 0.11508916777350953
0.2148693059393274 -0.47791070850263395 0.5766913787720447
1.4507955904670347 0.8844343219497723 -0.415673743069386
1.8267819683273032 -0.3475733455237453 0.017615784823680425
-0.3564249219747708 0.8415500426064142 0.11191653174140503
-0.6065883038612903 0.6009108322699106 0.6609654323456531
2.196884801810132 0.11213514870117791 -0.49109507638237426
1.1739065606310142 0.7405809457871229 0.11508916777350953
0.21943141542681843 -0.2632298834894371 0.5864312545655017
1.2583966778677542 0.8806628251642046 -0.4276509388091321
1.8682721631363712 -0.09105219669505615 0.03445576590278199
-0.4849925891432818 0.9137896996007377 0.10899399679877808
-0.7926353431471824 0.6176740645231327 0.6538696185944324
2.1636604585151424 0.28162619341091144 -0.4815969570281262
1.049237710311921 0.8102870337259063 0.11247109335639527
0.23201736236933002 -0.04170106810670404 0.596779812991405
1.0725037229322645 0.8851109143634872 -0.43874097901604125
1.764708007154404 0.0015714520731080484 0.03445576590278199
-0.6949723583826426 0.9059487724747761 0.09766911429145386
-0.9860168792916646 0.628365076685661 0.6461825267670398
2.13795452367021 0.4583927740262439 -0.47119427758476684
0.886862626101081 0.8408387534590105 0.10573862951972535
0.2320177105732668 0.16493107956761222 0.6059110061524158
1.7450411248330369 0.18701709774594022 0.04402374190070679
-0.7735223339784838 1.0286387412259828 -0.4660320385100598
-0.8911257069478502 0.9131925996197623 0.08780526083686402
2.0764055853866346 0.594375719634229 -0.46576667863151977
1.692785011619815 0.33536998721071143 0.04976486128547242
-1.0804381527711406 0.9284222015167103 0.07867216032722046
1.9718747023607683 0.6825848652967004 -0.46621895867607543
1.6412403663800852 0.48372874487172624 0.05550550383307984
-1.2843298322900267 0.9307515949065426 0.06807803076484253
1.8676409252819823 0.7711752373870979 -0.4666714771392102
0.37816453242568926 0.9157696151642867 0.08329724234321167
0.06093286956699728 0.6003772943650603 0.6177816287873035
1.5836451163620602 0.6247662718753588 0.06048106116035035
-1.4771593125756262 0.9451168472064033 -0.5150787933470959
-1.484966091274945 0.9376117163709274 0.0578489200470691
1.7569466313434283 0.852827014246742 -0.4680283172728772
0.18034221495626213 0.9139482182479952 0.07282470625617554
-0.08565686810667472 0.6530090079963635 0.6138248340485339
2.123845411782465 -0.4516813877489305 -0.6041064365508313
1.5131269233899651 0.751238393133491 0.06392549437263062
0.40471615632623426 -0.4305932865685378 0.5148613349793201
-1.6563508281054915 0.9737452523400414 -0.5246279342772717
-1.6823072112789035 0.9489677801911043 0.047985305011058355
1.6498947010171001 0.9385484448387373 -0.4689326389434094
-0.0003178292859722376 0.9308862573714265 0.06422184866645386
-0.2743308740144599 0.6637169116882298 0.6062154666779285
2.124151573873487 -0.24023909255765474 -0.5893545253875012
1.9951307436526662 -0.37658531134373874 -0.03855300980827758
1.4022868123792627 0.8341821313903743 0.0627772704956775
0.42959042189534813 -0.19444794057780257 0.526758422076488
-1.945079728765755 0.8995982370407276 0.03154586714484742
1.4511629006292601 0.9265755101778268 -0.4820492370726819
-0.19174312761292 0.9381429267881245 0.05449747008063843
-0.47031391158495595 0.6683190265918313 0.5979974166748767
2.049748800543167 -0.11494297838024536 -0.585206042111134
1.9665372454890537 -0.1985369271863462 -0.029570113003468013
1.2745936448232449 0.8994051413515507 0.05971549910285523
0.41126531034440106 -0.006037920352060411 0.5345854656098132
1.2554394943413065 0.919262361967224 -0.4947135551573987
-0.38699616817877924 0.9428580593892377 0.04439877432563355
-0.6878110914760107 0.6527905233815723 0.5879533187744861
2.0023906400911997 0.040250680550347084 -0.5773692234160657
1.955443772935066 -0.0020466209232878896 -0.018634568035816645
1.095546599614167 0.9109380962586613 0.05091284674384644
0.3629911938822943 0.1495708628083534 0.5395948783753162
1.0936495073581973 0.9490573673935643 -0.5028548343779797
-0.6108951993116634 0.9205130605402587 0.03130792540290406
-0.8986799029996142 0.645451245450186 0.5785176650879627
2.11869205633678 0.3770224552821979 -0.5469441516997571
1.9254281257523012 0.17189874131406313 -0.010042200863575435
0.9231392217997616 0.9305773801045056 0.04287575644233277
0.3154550210340581 0.30515032775895534 0.54460405272224
-0.8104236834646699 0.9238642683164571 0.020835389315867925
-1.0992789684160051 0.649731558201303 0.5699951545593982
2.0668177315774727 0.5241880464511333 -0.5400292976500745
1.8896190817798768 0.338291104989068 -0.002231131375050044
-1.0102767788750953 0.9282608291956151 0.01036261481025269
-1.2466471198132396 0.7073754940098205 0.5660383598206287
1.9821462084978023 0.6345290278120608 -0.5377245052458997
1.83116785490596 0.47876923894932943 0.002846230685496831
-1.2068791077799546 0.937173966939941 0.0002639190552478077
1.8979316755976967 0.7451104750174196 -0.5354194744231457
1.7531633011680796 0.5972448466813205 0.005580176532054448
0.3734305396238682 0.9625279535449387 0.015319337069774175
0.058778953332787154 0.6503281259129992 0.5489871398804431
-1.5222485179563066 0.8329432906293626 -0.022177468121265864
1.8040326414579653 0.844942750231283 -0.5344977481963391
1.6756655605017272 0.7159099574541905 0.008313883960032964
0.08831931371171109 0.8719391797043272 -0.004965077221607661
-0.22763191630509283 0.5606895470946966 0.5323939220307117
-1.7810711863126265 0.7857181717677015 -0.03863454896233032
1.6020804749819035 0.8283541627870434 -0.5483269794585461
1.5647402656679894 0.7982483967129355 0.007142295062327886
0.5465722235699388 -0.2974135060253964 0.4555270568726306
-0.015380068900654464 0.9672275793470391 -0.005347739041065669
-0.35699736271564575 0.6322622359249337 0.5298893348572498
-1.8345679139844222 0.9357260343515925 -0.03377224046013305
1.4439067880436305 0.8600931238045071 -0.5561640365721936
1.450657768220168 0.8773678151666324 0.005580176532054448
0.5377575628574682 -0.09816288086723901 0.46453737181403687
-0.3017783345073717 0.8792970014980099 -0.025632153332447505
-0.41574363598899566 0.7750489264286102 0.5336463348267322
1.2583170408933846 0.8635949333257749 -0.5676887138488049
1.278683377798366 0.8952625824213136 -0.0026216610076184033
0.5299918213621382 0.10078378142177868 0.473547448336864
1.7524748345455414 -0.30176820604623344 -0.6868372066619153
1.9963162926239164 -0.016998538545259123 -0.09393836098930786
-0.39488197034199146 0.9865255566763551 -0.02486682969353149
-0.6188134147325641 0.7735278035872426 0.5245668784973865
1.079277817992935 0.8752665805563034 -0.5782911880614514
1.085916626184229 0.8923104150895043 -0.013166676342701411
0.5164014463802111 0.2921770494475844 0.48191379469611695
1.970209649704195 0.15104859624313605 -0.6412787540557141
1.969476563897416 0.16058232714111753 -0.08473564225456665
-0.6116332174452381 0.9713437851611211 -0.03749681550285766
-1.134495676553147 0.46429748254009695 0.4879362480042224
0.9203543916266383 0.9191870074886772 -0.020587454617237544
2.0441267519361084 0.43928419224981496 -0.6163861854674573
1.9502305416816732 0.34539018501261864 -0.07473255234978149
-0.8146049324881091 0.9713074344780566 -0.0485956771971936
-1.1969362927259084 0.6058628252477476 0.4913802043793445
-1.216403872134297 0.6171416964836922 -0.6715607746245618
2.005981036144995 0.6013238947371349 -0.6074621780516858
1.901793002270587 0.4967601378032711 -0.06833053666374633
-1.0250769842608705 0.9653707614362048 -0.060460339367603755
-1.2694667752195414 0.7370543517023691 0.4938847915528064
0.14826549262370747 0.5207715687407273 0.4761216537354236
1.9182676752887247 0.7081603471987705 -0.6055834396483655
1.8406425381415126 0.6334012663733581 -0.06352926331779907
-1.2430996909048737 0.9536215254740092 -0.07309032517692993
-1.4382387536490526 0.7746646845347556 0.4879362480042224
0.34971349340440483 0.9297512727048662 -0.05105067330620239
-0.029818536774619986 0.5408365963040751 0.46904252928474
1.8343456414983201 0.8189143738363356 -0.6032352550627942
1.783491291397226 0.7737783551637207 -0.058327208340382075
-1.5046752451769443 0.9015723803666553 -0.0903129680754895
0.13093405975215333 0.9067922540915454 -0.06432963448784301
-0.14865097711546582 0.6222896629026806 0.46743344229438355
1.730573879576287 0.9080035945763996 -0.6037047012450452
1.6727810071848985 0.8557293607211172 -0.059527884304737544
-1.6480179341575294 0.9646384383002449 -0.094905863583302
-0.053291304999120825 0.9204373881543013 -0.07370282250664184
-0.3058732496417491 0.6652003430509126 0.4622845546601062
1.5421785265583026 0.906492153330877 -0.6159162624480481
1.5589167557754493 0.9344633663624577 -0.06112814980766723
0.557660680023293 -0.13773231413011544 0.39223598402717164
2.1443928806899635 -0.26651012267606333 -0.1708643539550061
-1.7731918647363294 1.0455150315620827 -0.09758497315666625
-0.26239283912559586 0.9103047258718 -0.08581019479057739
-0.4279194920876428 0.744201874337211 0.46035384100654175
1.380725002273092 0.9349636046735377 -0.6243705852629895
1.4008892077140729 0.9664364096529461 -0.06793047028801391
0.5769834033400478 0.09030721009715847 0.404134024798656
2.1721426868533946 -0.025420286008586146 -0.15451122361442993
-0.4507214437869642 0.9223966482581822 -0.09557415086052368
1.2054576786173286 0.9497558435862423 -0.6347034080626721
1.198205380414258 0.9521209163195046 -0.07993413049004028
0.5358060008957999 0.2526425290574039 0.4100830451843982
2.158202640911828 0.16669121715704094 -0.1434731586577649
-0.6712000634403203 0.9039005856625977 -0.1088528736235852
-1.160833087168136 0.41937747055599317 0.4120852844116931
1.0437030498920095 0.9798326761247047 -0.6431574924590344
1.0363770464045743 0.9821573335713225 -0.08713651734611938
0.5746121985983379 0.4979431073167433 0.4236333267090564
2.131990313808444 0.3436924652305784 -0.13407016831657836
-0.8637193214335817 0.9145432403754867 -0.11900735932609985
-1.2092159633603465 0.5750307631385425 0.41691206854560425
0.8433499764057011 0.980615636002387 -0.09793997842094848
0.49729824131679834 0.6202671947113991 0.42594694060065796
2.066649740020651 0.4761039664402311 -0.1295728786589856
-1.1314299656943732 0.8530758920145161 -0.13736368256828735
-1.271156859518772 0.7167249572851411 0.42045186918952515
1.9248660261423218 0.5237631818402662 -0.13447905617973754
-1.2746355161367582 0.9145398490471273 -0.14205003815910766
-1.4686269887544547 0.72655218259683 0.411763419329906
0.14930309703629163 0.6653143936621788 0.4120659725067859
1.9041505381809927 0.7044429607627833 -0.12466741639397094
-1.4429157111883057 0.952457357006427 -0.1494708164336438
-1.6843678534562194 0.7201074796700055 0.4014661208985095
0.27271677423846796 0.9926869380608068 -0.12914968568108032
-0.06688460467151103 0.6463860972897066 0.4011592761872058
1.1755254512171014 0.1151387003490143 -0.7647805317046399
1.783112126109856 0.7749470523052544 -0.12712026673576782
-2.0123461016665765 0.6079516631446964 0.38119315069892457
0.07489243125374401 0.9915816581599763 -0.14035321313164184
-0.27653661771246973 0.6357161969463192 0.39091395300605347
2.000313757724257 -0.3975061630961392 -0.2568786247374768
0.6831503837173756 -0.06404631743674472 0.3303885356781726
1.6006186277526027 0.7794900320909655 -0.6901564701201672
1.662237411393697 0.8459379444530839 -0.1295728786589856
-2.250982988593087 0.5836031153337053 0.36896537703254273
-0.13382885465757965 0.9809050301815603 -0.15275693970940063
-0.3705116556173529 0.7428997056086821 0.391574849307323
2.011163352134698 -0.17467362355103688 -0.24226547318718383
0.7674363711776593 0.23278425054427743 0.349045027911449
1.5170816139270258 0.891233413897826 -0.6877644165160413
1.432701816521476 0.8008761073370572 -0.1451084716918225
-0.3323845001634034 0.9819066535171608 -0.16396046715996215
-0.42879050588209466 0.8856365306556881 0.3955409423706775
2.066312536923313 0.0961058199995577 -0.2222244842650647
0.6101880961539088 0.271236091969449 0.3436174289582019
1.3078367324930689 0.8690529710393413 -0.7030720813872571
1.1547311242738338 0.7062434009854854 -0.16636706429741333
-0.4605022230185263 1.0541316289676494 -0.16716147500297973
-0.698977824455433 0.8176500144715071 0.37967680853583863
1.9667246538949321 0.19174608403522697 -0.22180677491447875
0.6454511904801983 0.5127977531113288 0.35718583029487183
1.1015388021553285 0.8516018810822388 -0.7179012401702161
1.0402491383209664 0.7868808867617041 -0.16800261575005004
-1.2152699167749113 0.509662451839759 0.3410084144470935
2.024390693172638 0.46155639482523014 -0.20176602441093872
1.0910767076109984 1.0410687336145124 -0.15001417237541625
-1.2774826251761588 0.6514173748779406 0.34464405935981324
1.9261057843892218 0.5573212441325488 -0.20134831506035278
-1.3855935714495402 0.7480656369569552 0.3439831630585437
1.8719067071086926 0.7011952038856748 -0.19550300675651977
-0.46791947495657027 -0.029025811946283397 0.27815054815986207
-1.4969867242886465 0.841651803433141 0.3429913417694812
1.744085936286254 0.7644910831885241 -0.19884325104973266
-0.11768122765568378 0.5352419981316174 0.32224749487617066
0.3586677448000657 0.8818385383173961 -0.20111704903862426
0.9246880303257115 0.03144603946690694 0.27562974852302125
-1.4478933985342088 1.0890679578808893 -0.22197891312859008
-1.6693419319880967 0.877006007815595 0.3363814250824695
-0.23305452856878617 0.620582808534639 0.32089065474250367
0.8147489854593353 0.12006872373006061 0.2749340431092029
-1.7387387160116816 1.0112309616719948 -0.24318529206535766
-1.9032737415856076 0.8547664959368895 0.32415293616035035
1.499027573373347 0.9036335800593136 -0.20427108842155883
-0.34817518309264983 0.7063760245387094 0.3195338146088367
2.325122082370221 -0.0780278914730097 -0.2881703479888196
0.7187582368299559 0.2236386470704872 0.27562974852302125
-2.1304691323912763 0.8406656347547319 0.31258558195807984
1.3307334156133948 0.9250909267274743 -0.7670285804869885
1.3408780826123952 0.9358666587685214 -0.21136880952141235
-0.4136839844757354 0.8420163639462395 0.3229257957337146
2.224893758275325 0.01673671252499176 -0.287744055569386
0.7122933735340311 0.4217123462044441 0.285371293246532
-2.350855342428499 0.834622937039196 0.30167888563849976
1.1930618616884665 0.9798624529760716 -0.7723860843779797
1.1586321100524017 0.9435417201884455 -0.22138954240105102
-0.6059734714211977 0.8511822427942874 0.3141066924927478
2.144861270190912 0.13418177158563438 -0.28476048547050903
0.7034379764227516 0.6158652524777608 0.29476498526313355
0.8866535970339662 0.8584336026153814 -0.24226547318718383
-1.1571839251279172 0.5074401827411812 0.2710273162720447
2.1683112541974126 0.3669187817742454 -0.2685644729735608
0.6334294896761641 0.7449416966775679 0.29789613646247437
-1.151750073467941 0.7153680023256292 0.2812037364838367
2.089689275587247 0.484402672597799 -0.26558090287468383
-1.2667820261182428 0.8046123817421531 0.2798468963501697
1.998174376191983 0.587316297070771 -0.26430250245354125
-0.2006262150123277 0.2885707501812256 0.234575976550365
-1.3851392362535329 0.8908419872687148 0.27815054815986207
1.9204997226093319 0.7052277352033478 -0.2613189323546643
1.1563040971328 -0.1206455038307972 0.20812915724494507
-0.19114017864714228 0.5024107653112857 0.24570917052009156
-1.546444764341686 0.9360990702385976 0.2723841564057117
1.7994759520105355 0.7756723821922087 -0.26387621003410766
1.0458878777689442 -0.032871837279682126 0.2074160472748523
-0.24356923671473396 0.651926229413462 0.2505800620911365
-1.765578496553978 0.9270718699157996 0.2611904041168933
0.9493044329121432 0.06993320664217961 0.20812915724494507
-1.7899108566401232 0.7630313348512665 -0.33316732484123657
-0.33046609693248996 0.7660675712833154 0.2519717113373523
-1.9851414310019315 0.9192214677430073 0.24999641340949585
1.5103480244352703 0.8670397630879734 -0.2749579055907483
0.9586179406097308 0.2860728485072279 0.2198977367279773
-0.4169113203319377 0.8804651504086749 0.2533633605835681
-2.2196583198344797 0.8988979620204312 0.2374460594055896
1.307787729938088 0.8520008406391248 -0.287744055569386
0.9144448517313926 0.44364162721676337 0.22596024435737183
-0.612666491975375 0.8862002108082976 0.24396990698554566
1.1253289790287262 0.8597285274489472 -0.2979734047057385
-0.790963163288847 0.9104580762443781 0.2363157169220691
-0.9908368285651328 0.9146787474779323 0.22657417219855835
-1.158842237924496 0.951227430448256 0.21996377867438843
0.6240795760141502 0.9478935508555217 0.23772858542182496
-1.4382073001815634 0.881235824495441 0.20256804388740113
0.023197636070747762 0.5302629271778407 0.1863756076691394
-1.563568589151835 0.9612386539478734 0.20013283652045777
0.012582997719565725 0.7219182026997721 0.19564770621039917
-1.7862916984304675 0.9489282598017112 0.18830369871833375
-1.7717956968420623 1.0127702096839215 -0.39090252953789184
-0.11265524125906623 0.7961722529209005 0.19315146368720582
-1.9985887139251446 0.9481023577342391 0.17751835745551636
-0.28343547658769097 0.8249653266274883 0.18601893347480347
-2.2585415936490527 0.904040433443317 0.16221021574714234
-0.4755247911679703 0.833457895404436 0.1767470733521228
-0.6714504367653866 0.8394226778878817 0.1671183006165271
-0.8747866736702647 0.8394082635046658 0.15677617949225953
-1.060647329744043 0.857903709996858 0.14821742933967164
-1.2503185405274415 0.8738661064099489 0.1393020049927478
-1.4689431609796806 0.8631093296138914 0.12753366392829468
-1.5853585030370567 0.9418375724942578 -0.4565258129241223
-1.698807509017719 0.8431787827779971 0.11469530028083375
-1.9400188087591985 0.8141885243229723 0.1007873908875232
-2.1745414917118 0.793384643951093 0.08759259146430542
