1.8232347105743827 0.6447556357488127 -0.3249625573941186
1.515725915262891 0.6730098108105596 -0.30720800264558346
1.2126092882650852 0.6996707992084126 -0.2898167978115991
0.9732643662526783 0.6713922470317542 -0.27840083940705806
0.693485291621954 0.6811537944238832 -0.26313871248445064
0.3921144847584088 0.7125766432070542 -0.2457842241116479
0.11716234275716886 0.7221023643721569 -0.23089593752107174
-0.12426049155088492 0.7026717001547693 -0.21917623384675533
2.0771938105108916 0.6882561822985211 -0.4379510293789819
-0.4092156113474914 0.7252563687283198 -0.20325940950593502
1.8179377102733412 0.6721178642199828 -0.424389780599685
-0.6316387322578692 0.6914610404984716 -0.19331592424592525
1.5082176874113173 0.6902027730878597 -0.4065050493069604
-0.8562321476676402 0.6489944027430079 -0.18372863634309322
1.2140424639398617 0.6968172942005397 -0.39007610185822994
-1.1156269356848014 0.6650469608507787 -0.16960376604280025
-0.9024862356984187 0.4633409341857675 0.5082440962008521
0.9556239216591536 0.7219542785387985 -0.3747786889859155
-1.3769191094186226 0.6726908930457753 -0.15583556993684322
-1.0960608521418038 0.4048018656405441 0.5139744867495581
0.6588681018029803 0.7350434424906904 -0.3580135713406518
-1.6413132990211352 0.685188259140106 -0.14172738893708736
-1.1816830850181361 0.2433485199580847 0.5112379182986304
0.3650332211630456 0.759798146693929 -0.3409094224759057
-1.797720611254178 0.5949898951640309 -0.13814967973908931
-1.2428982955684376 0.057755496146223884 0.5065191377810523
0.11597272657806457 0.7457599386423741 -0.32814020021638424
-1.9293279112206534 0.4810762951553311 -0.13703674181184322
-1.2299207556997231 -0.20104581010722278 0.4958708872012183
-0.14371852658491946 0.7431926361792796 -0.31430238588532955
-2.0861961332237655 0.39213588730558957 -0.1334790597744897
-1.2788511875029371 -0.40088024581010373 0.49000435964384526
-0.41028061621959466 0.7488006570552583 -0.2997555147000268
-2.1510777831917522 0.21264302523297207 -0.1390489946194604
-1.318091609761538 -0.6113471546321758 0.4832816709689185
1.8367864091946302 0.6053754544527763 -0.5204581628628686
-0.6399261450669371 0.7217833941083027 -0.28882163866242916
-2.1213789979332773 -0.06185564858432979 -0.15409511430940181
1.503116002281189 0.6567520962406519 -0.49920696123322994
-0.8221037938687203 0.6515098627129303 -0.2825831781216577
1.3936708756130685 0.5727597709860204 0.2332068075350806
-2.0975352293473577 -0.3202123857419563 -0.168100775320144
1.2470255984115681 0.6537372480322592 -0.4849910150357202
-1.0215780178410085 0.6714391570950866 0.43322735921659916
-1.118959601513069 0.714870093892074 -0.2637557397671655
0.9530341680112713 0.7237168278911952 0.2591486562899634
0.9593357282137305 0.6686423201987317 -0.4681929956265405
-1.1458526978887136 0.5477822540141855 0.4336140741519019
-1.3897665003120778 0.7195489822458674 -0.2492479692288354
0.7880885060861544 0.6298647735646865 0.26292186872282475
0.6611354071031315 0.6951663042162401 -0.4503006349392846
-1.263342031780283 0.41767128797663666 0.43340998784819096
-1.6360626044461952 0.7147315254235691 -0.23655599458894283
0.4936862573377425 0.654246129214652 0.2771626104525611
0.36357862520145545 0.7233494856653069 -0.43241971834382564
-1.3777098378648418 0.28447749463041294 0.43290477887907475
-1.76371081776648 0.5967373016577904 -0.23576301439485103
0.24544435997118796 0.6264844985847624 0.2872076620272681
0.10846029341985286 0.7028181580803388 -0.4193405519314721
-1.4189525508101326 0.05552452622621562 0.4254222501925513
-1.9252721709503788 0.4877025685079257 -0.2328128228970483
-0.029482995695659042 0.6370751270565425 0.29992729322233647
-0.14027875515483856 0.6902073982550041 -0.40628093584260494
-1.4928394145717903 -0.10582970614296361 0.4219875921420142
-2.040472391227354 0.369970510878443 -0.23276370866975338
-0.25998798980648985 0.6084025172955076 0.3090437044314429
-0.4397777391795046 0.7264513228734168 -0.3880676637478784
-1.562919436604318 -0.2838643474868894 0.41767436162748783
1.8773516757977404 0.6301725871940871 0.13071948186674565
-2.0947708814997696 0.17984083971077425 -0.23956579073152096
-0.5485659301766219 0.6354669799925805 0.32293778554716557
-0.6657679922368089 0.6961960104974345 -0.37724393709382564
-1.6408874093781805 -0.45480174259347805 0.4139321436099097
1.5583503592173003 0.668124828522453 0.1472206701449439
-2.0792863278188065 -0.08071062271848994 -0.2535824189969018
-0.7492883042280027 0.5820004100590586 0.3296371092013404
-0.8697555967347341 0.6465707109673957 -0.3686456094571069
1.2736506427047516 0.678029657779418 0.16094428197660893
-0.9499399109864015 0.5295053294023901 0.3363257040194556
-1.1314829877992878 0.6528847871682366 -0.3541540513821557
0.9597640199329618 0.7161349209906245 0.1771126379183814
-1.237134345615587 0.5607151323038977 0.35018664495268315
-1.4107482797568878 0.6778371353652277 -0.33783000810822994
0.6910720510918935 0.7158859192800975 0.18958312169828861
-1.4409234651710676 0.5139437584719717 0.3571532358340308
-1.6570724384259563 0.673181113442082 -0.324836672384353
0.43391816379747183 0.7070273800726419 0.20111948148527592
-1.580058375290747 0.40567944141016277 0.3587220300845191
-1.8349656716666374 0.6038733440157964 -0.31886381014070064
0.17349710454787726 0.7028989254249787 0.21295100347319096
-1.7052124856678148 0.28402065517979924 0.35908371106901615
-1.9843682493713146 0.5075208125879032 -0.3158525834866479
-0.09749889544171708 0.7103216569815407 0.22569328443327397
-1.8272139073229283 0.15931447383529385 0.3591359247378394
-1.998898679903263 0.2789326830845438 -0.3268703828640893
-0.29237916414012943 0.6603850073498903 -0.4885196100064233
-0.3497026949404898 0.7022303300387298 0.23688775197782963
-1.9461087506447825 0.03153368415646618 0.3588784326724097
-2.0393974790816998 0.07458337710448593 -0.33531564577302486
-0.5988372577097607 0.7043816576325268 -0.46913093431672603
-0.6124350982830862 0.7057036502989655 0.24899297849455326
1.7311938122738866 0.5868603674317914 0.03503852979460209
-2.0159422034659116 -0.14515304533954776 0.3544214357546851
-2.0844218593377803 -0.12636867727855972 -0.34340185030183346
-0.7774427588476129 0.6305205762347228 -0.4629735360928491
-0.8274511432129685 0.6661247850810259 0.25709348813810795
1.4013083079557305 0.63573756733423 0.052989541452316935
-2.206408106044222 -0.20162830987011038 0.3601286997012183
-1.1298291956395587 0.7220822439214452 -0.438697756368728
-1.0604069774731073 0.6447860569527828 0.26671916143217533
1.113152253648039 0.6499080120047482 0.06744295255461186
-2.038594820251234 -0.6189097265278605 0.3353021730593726
-1.3440506210895649 0.6848835484775853 -0.4287852655240014
-1.282235193535783 0.6143178279187858 0.2754126180819556
0.858947489891662 0.6355850843263147 0.07903295652189701
-1.5832626808057029 0.6729513719905018 -0.416239203054519
-1.4966351066596957 0.5780621789169818 0.2834809412173316
0.5755348194253003 0.6494527213604764 0.0931449522189185
-1.779128385100634 0.620655747180777 -0.40823596819123775
-1.7072560387352098 0.5394096310637533 0.2912316908053443
0.3221618223163176 0.637952882059345 0.1047108759097144
-1.8999260829151439 0.4962339294410514 -0.40817302568635494
-1.8355201574290732 0.4216761494021899 0.2919080843142554
0.050813312459993654 0.6446777773592522 0.1178496469668433
-2.0175983699429594 0.368750511350906 -0.40849775179109127
-1.9605960904913786 0.30092442733652547 0.29226785795011967
-0.22368617117344058 0.6562732887446296 0.131293116968064
2.0567864179959514 0.7859026486006515 -0.0645226846524194
-1.1320639494213225 -0.7500255540957275 -0.515698374349685
-2.0399483457936327 0.13501160851523775 0.2886248220614478
-0.46845302809705913 0.6421269721436875 0.14219146863737553
1.9177638557090688 0.6645212362962072 -0.06266588075837642
-1.2576393630402691 -0.8766857482008543 -0.5156649957486108
-2.0209811471365953 -0.12934685701313775 0.2763729681185767
-0.7237820442842349 0.6395267615148752 0.1540284742526099
-1.9787541526149397 -0.418989767959447 0.26196175710478276
-0.9605469203420824 0.6211251518508174 0.16427165166655033
1.168571339616193 0.8408719738392181 -0.017963827688308065
-1.9311015668412637 -0.7164339418538592 0.24692612783232182
-1.207831954761943 0.6142893866422012 0.1754532446078345
0.9146312656869924 0.825897352664458 -0.006050051290602987
-1.4475138227073359 0.6018426182009229 0.18599110738554447
0.6499288325130692 0.8222888289695227 0.006828843515305216
-1.579978614357458 0.4991312864746318 -0.5131735215969995
-1.6437776618899278 0.54904945419299 0.19271737233915776
0.3634991834598651 0.8402155715987614 0.02164894239225834
-0.48786158825869563 -0.830878474168153 -0.6456126581021264
-1.7805602620995984 0.4151489256334209 0.1931059946230933
0.12691813455320755 0.8026866929427561 0.03158241407194584
-1.9672993775733545 0.36676957771905805 0.19949132100859135
-0.14013877615258252 0.8067289667792226 0.044751225870041544
-2.060584639618739 0.21494721990106225 0.19700246946135014
1.9145466782112095 0.6171329581794662 -0.15641778810700924
-0.41402086595628873 0.819001281617648 0.05855947629728764
-2.034155258999661 -0.056227687692353534 0.1837366213015601
1.6852653084888658 0.575586942561567 -0.1465072046109155
-0.14745135263252962 0.1585455170364014 0.7341802705935523
-0.6362964336190231 0.7851131501652993 0.06779914991178959
-2.0594352674688707 -0.2653599512291125 0.1755266775301978
1.4086007718923952 0.601834976572591 -0.1312798868008569
-0.30485937393360985 0.08593194052876285 0.7376058687380835
-0.9032697635405071 0.806566545205619 0.0815792669467017
-2.1138520917515677 -0.44637772410457366 0.16984110967436283
1.1018373145675895 0.6326346392872786 -0.1143731485196069
-0.42757801427842423 -0.043669416831413344 0.737707911889939
-1.1406856862255097 0.8019948164958444 0.09274583951750248
-2.0842219704193212 -0.7259587659254123 0.15591269628324955
0.8179987782821456 0.6451186086942338 -0.09948390825471431
-0.5471463604060745 -0.1763012783421285 0.7375438799075171
-1.3692788628102477 0.7785418057669502 0.1026058782748267
0.516248766061679 0.675922542791735 -0.08293622835359127
-0.6420205054735533 -0.3327770966796555 0.7355797876528785
-1.4895449158958058 0.6526790788209631 0.10269218580046147
0.2704217585632023 0.6579145053349089 -0.07141250475129635
-1.6784503134027773 0.5930719966829301 0.10895091192045658
-0.010462929824001321 0.6616919919946733 -0.057219923574538534
-1.823308412570256 0.4794544089177508 0.1106474985293433
-0.2518624986254423 0.6430331024407643 -0.04605430467805416
2.10303746863282 0.7667997786288825 -0.25165218218049556
-1.966005827647848 0.37611953508211116 0.11265474454679936
-0.1513963349026568 0.34396791486874445 0.6513214697054908
-0.5159314556018728 0.6229352770445695 -0.033884943563552206
1.8303185261381714 0.7500831227341456 -0.2380322824307397
-2.047597656267527 0.20060203538018495 0.10847192899504154
-0.37023061180944694 0.3293418889697124 0.6593630899600074
-0.7494584122522241 0.6364002824365951 -0.021757067281813924
1.5662792735040512 0.7518238895823073 -0.22410529955110103
-1.4002433340901206 -0.6752633717634957 -0.6759681115933374
-2.0433997938410187 -0.03627933037863418 0.09744125501432865
-0.6009515967368912 0.3028613832897271 0.6674059023074195
-1.0139224951515473 0.6323258658449626 -0.008948744375319784
1.2556422845730708 0.7845935174789509 -0.20640653475007564
-1.5008850962086484 -0.8256577637848599 -0.6787075410672143
-2.0042324906829805 -0.32209663227043883 0.08249908582487553
-0.7590799751226172 0.20871105151364944 0.670149146478562
-1.2105214354790945 0.5775209298142743 -0.0018367181607201744
0.9940584993711497 0.7758926918894575 -0.19317811830720455
-2.0474916357185435 -0.5271749678312903 0.07503038541593998
-0.8741536422460285 0.07378719634682973 0.6697087873629615
-1.511418551434076 0.6238704396767583 0.014953671853928263
0.7180567555496964 0.7819441489015402 -0.17859023912629635
-0.9404671413470709 -0.09599426768399155 0.6660810102633521
-1.7026459069074207 0.590755054280514 0.022705613534836466
0.4337854284532199 0.8095260835098417 -0.16265052660188228
-1.0127022818414417 -0.2854204726555256 0.6619217981509253
-1.8535486735046192 0.47100116049982255 0.02444702283659428
0.16623185226377757 0.811857613356314 -0.14877170427522213
-1.0394624494503972 -0.5201981051315565 0.6543138612917945
-1.9987698313310176 0.3580971350459832 0.026173650186447794
-0.09582517105708632 0.7989957538699519 -0.13592571123322994
-2.114405754344048 0.2406065664145709 0.026214658182053263
-0.3697770250653605 0.8110066147101538 -0.12138456209382564
-0.10527543361651226 0.5547968146589248 0.5677683939150855
-2.084427362156262 -0.033907606959331815 0.011881886880783732
-0.5920933640150281 0.7768956001963359 -0.11165469988069088
-0.36875560184095946 0.5572853787793282 0.5785525430850074
-2.1334853175482067 -0.23139610784903386 0.00489002363005131
-0.8323888721842678 0.760974341103954 -0.10022252901277096
-0.580815307384384 0.513345894556382 0.5855005373171851
-2.130807770994508 -0.4821050248193659 -0.0071243654080346275
-0.9273413888337814 0.6092567913570344 -0.10251420839509517
-0.8253760104646801 0.5013309134059529 0.5948966135195777
-2.1084414437028443 -0.7545795983119934 -0.021152914602370565
-1.2469167074516747 0.6710090152654731 -0.08355993135652096
-0.8996372579955647 0.32878586752009475 0.5914431204012915
-1.565611883940079 0.7345745909223682 -0.06461757524690181
-0.9710477185048632 0.15289217197047833 0.5877063860110328
-1.693205120727768 0.6163262584650768 -0.06385558946809322
-1.0360617133113408 -0.02987255389568766 0.58341342107573
-1.8390681354339193 0.5159232287256774 -0.06138938768586666
-1.0446357815205403 -0.26829225958205605 0.5747402300051734
-1.963816409688377 0.39519383380270945 -0.06099027498445064
-1.0401637480059094 -0.5210487690225714 0.5649645914248511
-2.007255789808184 0.19437687480380106 -0.06848663194856197
-2.037507760088161 -0.020619012445032503 -0.07736295564851314
-2.0264898308952297 -0.2781404884819194 -0.09036392076692135
-1.8567956253259155 0.6540034262518661 -0.15237563951692135
-2.0712875268248467 0.3352593210632939 -0.14333814485749752
-2.11227289323152 0.009090929091197353 -0.14220851762971431
-2.1045108737681204 -0.31955059663731245 -0.14333814485749752
-1.0153437653923874 0.7488121962917313 -0.3562254319973901
-2.1425470105798894 0.46872466028007853 -0.30389589174470455
-2.1630953464119926 0.14179028618362732 -0.3036617647000268
-2.179810210087183 -0.18532432282810962 -0.3036617647000268
-1.3261451963756343 0.6782380548316453 -0.5072745691128686
-2.2198793669309964 0.06157946696368288 -0.4651698480435327
-2.22190776420463 -0.2661376508281288 -0.46590036256989986
-2.0171340699953504 0.7234596155344821 -0.6378516565152124
-1.9719543270840774 0.3930546027936641 -0.6408771882840112
-0.8278491617051458 -0.2600181744461114 0.46458321706572026
-0.821036789659189 -0.5931915263275993 0.4636281122378394
-1.20184367862268 0.18942644786365292 0.3141036619357154
-1.2034119103167598 -0.14181625410397913 0.31350403920927494
-1.186212825250891 -0.4742132686040019 0.3121057142428443
-2.020198758909501 -0.13341948836904916 0.18188458577909916
-1.9929891569154705 -0.4635289743373745 0.18000799314299076
-1.9669267814016536 -0.7938837999587918 0.17813116208830326
-1.7023644927244987 0.8208830116231414 0.005746900003342326
-1.93128344517514 0.5018959933668743 0.015087186258225138
-2.0764556407376205 0.18030757430710498 0.020735322397141154
-2.063103197670671 -0.14866830825380806 0.01943164960661381
-2.0608848442525556 -0.47724453531517597 0.01856332914152592
