-0.3914181581050755 -0.3261088272869941 0.5128072679105928
-0.4885418779492525 -0.2277047239948331 0.5142673432890108
-0.6280600616571945 -0.17719256925086313 0.5073536813322237
0.3109717844089914 -0.5721402698655211 0.4082654893461397
0.17434126324371135 -0.5213715893486466 0.4017819345060518
0.20206060419613436 -0.2780385937098089 0.42907132507001666
0.17940926252639855 -0.0953191721608242 0.4457720696989229
0.16097499128976267 0.09094013349001528 0.46314134002362994
0.11418735333467822 0.24339139402682264 0.47455682159101276
0.04850375732509349 0.37349840994681216 0.48200549483930377
-0.03301718110883911 0.4851690651762439 0.48615111709272174
0.5849521649831999 0.005028541849569024 0.28543557525312213
-0.48095817701630494 0.5937632387930698 0.45758618713056354
0.4147507273855453 0.013649785983094631 0.2711309373441866
1.5394703573694883 -0.38891854113661495 -0.013372522586233337
-0.6715695283010277 0.5861904185064759 0.43991507888471393
0.24430684511708023 0.023105051619364048 0.2568339288297823
1.5229111982891297 -0.19726000996640636 0.007200616604440491
-0.8491403993848294 0.5942032947473948 0.4248994767728975
-0.014075863508352882 -0.0674959298746991 0.2239688813749483
1.4697834554535945 -0.05175842539190967 0.019003766781442444
-1.0673551201939233 0.5594473138089882 0.4019493043485811
0.4832004069914433 0.7076076639014843 0.35071315169965533
1.4299755319364138 0.10901182715396374 0.033738034969919006
0.288162989170047 0.6878188564850731 0.3309291780058077
1.3657104584382367 0.2392736675648237 0.042627710110299866
1.3020534444590552 0.3696218170949699 0.05152263045942096
1.2358367060170394 0.49628625077088984 0.0596927583280733
1.825300757121184 -0.5119144698078095 -0.47847471832597943
1.1477951572110001 0.5966583898841229 0.06274928451215533
1.9676486011668644 -0.12039843495647773 -0.4150563299592802
1.069801216234147 0.708572934228112 0.06800593734418658
1.8708318708561933 -0.029947591879825097 -0.41338501571977826
-1.2845412466378079 -0.042956897692914 0.11038722396528033
0.9116360044143335 0.7269993968238815 0.05498923659955768
1.9267887879240604 0.2485554808885162 -0.37291536926592084
-1.3235613126411394 0.12038402633745804 0.12366761565839557
0.8018881661819961 0.8022229616851817 0.05294646621381549
1.8938035318688904 0.4155099323736131 -0.35539875625932904
-1.2574877306212002 0.3962376444718956 0.15827264190351276
0.6956109845606093 0.881583481709292 0.051640886074655334
1.8711078995693669 0.5937706170309944 -0.33550272583330365
-1.2269560390554304 0.6314474548354561 0.185316461331003
0.5895959309835774 0.9613430564168937 0.05034150481855182
1.8052553109846272 0.7186464846439726 -0.32668409942949506
-1.3747506380939 0.6748126288459204 0.1759175241056612
0.41497743373473384 0.9637545411521629 0.03369607329999713
1.711500846795154 0.8095440531623623 -0.3249841749605009
1.614916396968411 0.8969745609410538 -0.3240691244539091
1.4835542101506078 0.9433062777258598 -0.33185587524736615
-0.24990532159562662 0.8222310645599897 -0.04690085052812787
1.3394075858827108 0.9751983075560027 -0.3428026258882353
-0.43950925064627455 0.8140189593562752 -0.06644020675981732
1.1630111908401162 0.9703117418329583 -0.36165962814653607
-0.6060821232299745 0.8322927656684627 -0.080855470889456
0.9281598703542997 0.8991513511379488 -0.39475498794878217
-0.8097647099330132 0.8114267549605465 -0.10330448746050092
0.7995240614861316 0.9520593744828112 -0.40172348617876263
-0.9936975837079842 0.8133604508340788 -0.12135944961870404
0.6221112410913747 0.9498785170865602 -0.42055855392778607
-1.177943494469993 0.8162370410297832 -0.13940678238237592
0.44438823903755065 0.9485961591076624 -0.43938646911943646
-1.6393005785713015 0.7280167669672295 -0.19521008133257123
-1.80769164047463 0.7519013216515766 -0.2095790922578642
-2.0105613963308784 0.741005005611445 -0.231248480075247
-0.2928592328226429 0.9268784651941111 -0.520163160556204
-0.4588717830806033 0.9447372794834052 -0.535788160556204
-0.6685679269212912 0.9162476943216369 -0.5616937696870634
-0.8452077953464823 0.9250337062545491 -0.5796776831086943
1.2260596989618051 0.09398928851500088 0.13859929443036823
1.1879842371274307 0.3601360009558654 0.12245787978803424
1.0803218332951303 0.6528934472337085 0.09875096679364948
1.3093874856960994 -0.21801260520150834 0.0520318925443819
1.4323718276470103 -0.039230470993189215 0.054596799618356506
1.5515584197254668 0.14139735227488615 0.05664958358442096
1.5226525705222684 0.402098018221011 0.04125680328046588
1.5385599243133399 0.6395087179771792 0.030994790798776428
1.9543437558750654 -0.26770321512202244 0.005345720059030334
1.928215710145821 -0.011143420740875598 -0.009785753482229431
1.9075921124353457 0.24357687397804995 -0.024395090335256775
1.8357380291820249 0.5274419447108691 -0.045266252749807556
-0.23303417225178436 0.07469808465138073 0.5656045854154756
1.8104960983617602 -0.2867298332720303 -0.11514483093584271
1.9463448238621766 -0.11680827381177394 -0.1109009802278349
1.9252834789149205 0.13766982391154414 -0.12575350403154584
-0.6753046275382957 -0.5172938531685531 0.4425667703214815
1.8529602107092487 0.42121069652002774 -0.1469718038972685
-0.15381759891299396 -0.5343302558907794 0.4871863305631807
0.1454145240424296 -0.44102396776337827 0.5083211839262178
0.2766293092762737 -0.2625037489399169 0.5116089761320284
0.3113231587770784 -0.0338677391053821 0.5045637071195772
0.3072981944333577 0.21574074909006669 0.49329175353681354
0.26476264689223683 0.4867484432623961 0.47779263854657916
1.9863580117786412 0.28863634112904535 -0.23606596588457318
-0.08276846438894836 -0.8027036067872331 0.3941816270414522
2.054296524470189 0.4958743705213031 -0.24037895798052045
0.21139570074505798 -0.706699797740864 0.41522921920453815
1.9707960498079515 0.7872298779955003 -0.2635613501008818
0.2841703569308933 -0.4987537784298546 0.41235913634931354
0.2516433884666327 -0.2360436438430824 0.3980087220731905
0.3702702657215937 -0.051096232978597556 0.39992179275190143
0.3309802414448271 0.21688202937478707 0.3846143662992647
0.3807977529979567 0.4387796355123079 0.3788742005888155
2.1363002659457138 -0.02254023739040889 -0.31359396576250287
2.002314916437342 0.2933747821006847 -0.34317503570879193
2.0005679694991017 0.5388309045636461 -0.3563228666719267
0.025005926298234726 0.1677006614979426 0.24968947768842487
0.2770503099164259 0.2837272532318167 0.2662486016813448
0.43696134059155156 0.44742532747929076 0.2725805223051241
0.6499598799423723 0.5821396915677717 0.2847565591398409
0.8019435646094522 0.7488686229869082 0.2901143014494112
2.0854196107452623 0.2859067356911318 -0.44303045868242474
0.10168229266103879 0.05439810826339908 0.15056409240400104
0.300548871110081 0.19812654161017207 0.1614703118864229
0.8205865268910273 0.17061569043587 0.20856465697919635
0.7431175035362685 0.45901671228577356 0.18823994994794635
1.9613989506585128 0.05000199439578168 -0.5618120253022978
