0.03292536972577409 0.8256926555462343 0.20179302108972497
-1.241516794951579 0.8527209185267708 0.19711220873086877
-1.8747999154828534 0.6572713770020115 0.19240499151437707
-2.0337319626010384 0.292636079429073 0.18762493742196984
-2.0672400121216157 -0.11807237918982594 0.1828068555661959
-1.9758215642980304 -0.5761981126338895 0.17793363941400475
-0.13853695968128932 0.7599106047434994 -0.0008923946550565276
-1.389250678750571 0.7802691648679385 -0.0034891306093411956
-1.8110489257250464 0.5092387423703855 -0.007697576158352426
-1.9423276840070258 0.1341167602039519 -0.012498968713589242
-2.0749202651380756 -0.24057938799321832 -0.01730512964040809
-1.9887051084249379 -0.6971325011866298 -0.0226013599565702
-0.4734467071289714 0.9228768739590301 -0.20032333719045692
-1.6484105093902883 0.9170579436736155 -0.20113229142934852
-1.9522315694011354 0.6043099864121686 -0.20525693284780555
-2.0691072372666497 0.2245351175190855 -0.2101154266527372
-2.0888233517963073 -0.19132495514774206 -0.2153752981355863
-2.0914136423378977 -0.6144979689143462 -0.22072600709707313
-0.5519801203949868 0.8673299536104437 -0.40159344064504676
-1.769261606110291 0.8776723628707366 -0.4002205072572904
-2.021471169830434 0.5467247959980988 -0.40432524072439247
-2.1244701343131993 0.16201282674387585 -0.40929984437734657
-2.149127878954502 -0.25196747693100363 -0.4147508083513456
-2.109841160026221 -0.6907895926695993 -0.42060517656118446
-1.5469552493727718 0.7148391705892294 -0.5816705166032987
-1.8702179557534606 0.40880707012434314 -0.5850636898210722
-2.0018606390155043 0.033908131871832836 -0.5898907123735624
-2.1348320351720247 -0.3405566462566725 -0.5947226225069242
-2.0350311053263823 -0.8023923702177171 -0.6013437448671537
-0.6808416889010829 0.2758756557608457 0.7947472990819735
-1.2914848860575603 -0.7369862497386279 -0.8225595890215116
-1.483972900272434 -0.7100094129334487 0.7781732739278597
-0.9770201519149424 0.8093675050214983 0.5973932803937716
-1.6105146184023198 0.612750027412762 0.590822345144443
-1.685021828279062 0.21635932797044788 0.5862388969728274
-1.6671770788494484 -0.21454239680325315 0.5819687010118288
-1.58247343792182 0.5408914484365077 0.3912487090894503
-1.8967927448766773 0.2318169066478255 0.38616067779748864
-1.972741760633383 -0.16381057050108083 0.3814615072080416
-1.858046572945696 -0.6310077476217515 0.37704730642526574
-2.1777755152366893 -0.6672037054764139 -0.32080113279134803
-2.1984445802262655 -0.17575682977503249 -0.4606053768327909
-2.1610823721921975 -0.4510769532573491 -0.4600347219637113
-2.1198530961365236 -0.7252454524602072 -0.4595590768984037
-2.050992226140437 -0.6812253637941659 -0.5991964279344755
-2.0228669201515572 0.05039908869832033 0.24144697797983117
-2.098018289581759 -0.02673825445306477 0.0902182520696444
-2.100949969902544 -0.5971672761311169 0.09190416944711632
-2.1529532201250987 0.2437458073897858 -0.04829429971487098
-2.0830642746883257 -0.5939037481764373 -0.04643296586782508
-2.103582163468758 -0.3723794160562335 -0.18506979333669715
-2.0815147577353486 -0.6515029512841934 -0.18437063085348182
-2.0653010528552755 -0.9317060944575459 -0.18359410154134803
