-2.182544997221001 0.4068305776758905 0.20688515242241312
-2.1366840952083734 0.3914167539216127 0.20629816588066507
-2.1032249645236263 0.3393655068916299 0.2165396743645518
-2.057600807923791 0.32367400477694197 0.21595221098564554
-2.016755263586056 0.29418056224721845 0.2194259696831553
-1.9776525543085626 0.26001393593276134 0.22425442274712015
-1.9403361368039853 0.22120149458868 0.23043804701469828
-1.8983678710296417 0.19588071688672137 0.23255901869438578
-1.8581603359409797 0.16589702136855955 0.23603468474052836
-1.8263707556510909 0.11319347859395457 0.24628620680473734
-1.7915524999333456 0.06945322364590645 0.25382881697319437
-1.7485589857161656 0.0481670894937789 0.2545960479607432
-1.7022486512349744 0.03574481212614522 0.25265102919243265
-2.3297519417501675 -0.6081482290657299 -0.3842584556708486
-1.6611210061590427 0.009664575697934552 0.25477295454643656
-2.289014795540531 -0.6275215753927057 -0.3831579155097158
-1.6201112944042393 -0.01654682370723748 0.25689392622612406
-2.2436339391470526 -0.633677908301923 -0.3870045608649404
-1.5547628553040838 0.019887399598225386 0.24002628859184671
-2.2030183988820724 -0.6533376562459328 -0.3859054512152822
-1.4697091064590069 0.10527595056111672 0.20823031004570414
-2.159272196635257 -0.6642560658964882 -0.3881055778632314
-1.423127504835172 0.09184668546689245 0.2062733703484385
-2.1155501416612736 -0.67533138579652 -0.39030713502265524
-1.3729904173201177 0.08717851721821113 0.2016008430352061
-2.0713841741354813 -0.6917830157107776 -0.39088792268134664
-1.3223952372171652 0.0769429446155705 0.19825296934746195
-2.031484184861597 -0.706804689873497 -0.3914138740668447
-1.9895300482789793 -0.722759575855731 -0.3919684356818349
-1.945951482581421 -0.7344539280725986 -0.3941738075385244
-1.4375750455930145 -0.5683152733072827 0.3770616584648936
-1.8973046835514467 -0.7330906364375132 -0.4013335174689443
-1.3969914642662289 -0.5907523142395181 0.3778412872185557
-1.855448578518434 -0.7495162102023407 -0.40189141694404196
-1.3508379419287024 -0.6000438423822025 0.3745453887810557
-1.8153743141178822 -0.7704767173228735 -0.4007994598517568
-1.3065926088795976 -0.6139332132525972 0.3726065688958018
-1.7684161711937278 -0.7740323625517984 -0.40631265107490133
-1.256623896686591 -0.6147370385010689 0.36659079130791117
-1.7249430109367196 -0.7865249396521481 -0.40852565232612204
-1.2181982740776789 -0.6421860576045262 0.36872511442802836
-1.6637584968191774 -0.7554473477722077 -0.4272572464118154
-1.1662574933901055 -0.6389568290389551 0.361346059404835
-1.6291374717954241 -0.7901557769976666 -0.4212142891059072
-1.1260149263511252 -0.6623008824218282 0.36212044294975687
-0.22681070081402765 0.20888692082846205 0.6908457809319346
-1.5838716719225516 -0.7987941276410471 -0.42508334580756735
-1.0759732556757697 -0.66385034643808 0.3560965591301768
-0.20521317613729906 0.13861858995086251 0.7028735214104502
-1.5313264749371882 -0.7901886432460987 -0.43556327287055563
-0.4335894632437203 0.634910249271881 -0.053775495923534145
-0.18618877274388979 0.0639923709477177 0.7160580688347666
-1.467655757019763 -0.755716899893665 -0.4559633201728017
-0.3688702328004396 0.6527263881767364 -0.06666631165839743
-0.15239220037881296 0.0198648664232266 0.7211797767510264
-1.401832978041277 -0.7172055809919069 -0.4780203765998037
-0.3201457391438822 0.6353356355381141 -0.06868190232612204
-0.1297672114159667 -0.046065158959537555 0.7320659690728037
-1.3617919964036176 -0.7396997144390536 -0.4769427246222646
-0.2714693108818764 0.617767540966554 -0.07069796983100485
-1.3350004658380072 -0.792618349638488 -0.4642917579779775
-0.22694992769981326 0.5913199405012453 -0.06999415818549704
-1.2933557875296913 -0.8110071593164516 -0.46486634675361227
-1.2498667602313347 -0.8252262217851971 -0.4670950836310537
-0.3300752748171618 0.13908754670793222 0.05662708815239359
-1.208334322152595 -0.8439116847267787 -0.46767157975532125
-0.28936797064456243 0.108545154353056 0.05871134337089945
-1.159106536688995 -0.8455382576050265 -0.4748646682868154
-0.23610563567888931 0.10380520524313575 0.05262594755791117
-1.0159928714241957 -0.6412324277399986 -0.5614644950995595
-1.0014037409557446 -0.7207644420307897 -0.53889197770454
-0.26675745702440423 -0.18191831054156715 0.12760954435966898
-1.0111138436416383 -0.851612686443378 -0.4964577621588857
-0.23376692335597937 -0.22551389978476166 0.1337903076042979
-0.9596786478211854 -0.8497644583640316 -0.505315489209667
-0.9061519361170056 -0.8438663171571044 -0.5158311790595205
-0.4006327174032407 -0.7669562150328666 0.29058485563896586
-0.8545409072996861 -0.8424568229353291 -0.524694151319042
-0.33903535228397885 -0.7501021289975149 0.2777140670647471
-0.8069416429689866 -0.8497650097832032 -0.5302493042121084
-0.28390176825802627 -0.7463357574034966 0.2689278655876963
-0.7552110470550204 -0.8487753890913403 -0.5391175216803701
0.1624222499955792 0.0026875586669454776 0.02158051069878031
-0.7054685809783408 -0.8522401740065995 -0.5463330215582998
0.21134848444702925 -0.012412392313770226 0.018203549944385777
-0.6577756257210012 -0.860138789626081 -0.5518943733344228
0.27610296405516266 0.002012185480232631 0.0052798324456064805
-0.607963028790806 -0.8640011872369975 -0.5591141647467763
0.5963045177791599 0.490591234377904 -0.1603986686835439
-0.5602203886853303 -0.872282027340793 -0.5646798080573232
0.6309539012024246 0.44432299040791 -0.15425939027167868
-0.5103316956931181 -0.8765454596368869 -0.5719038910041006
0.533788805534563 0.15742995601138787 -0.0703546470770986
-0.4625453502699557 -0.8852136321458648 -0.577473349011913
0.5764279757920505 0.12831393701179472 -0.06965798798896383
-0.40610142974495034 -0.877300500537979 -0.5896737045416982
0.6236232156105288 0.10746430464177159 -0.07169074479438375
-0.3538840641778762 -0.8780074481084696 -0.5985629028449209
-0.2950174129127703 -0.8664015107503484 -0.6124278968939931
0.5639871659037823 -0.20692571710206842 0.012974553667530309
-0.24261829210618657 -0.8675762038990502 -0.6213232940802724
0.5910059053776848 -0.2611822275087654 0.021876149736866246
-0.19458549075459075 -0.8772956781349315 -0.6269051498541982
0.5841932227676025 -0.373859752497431 0.04989748533867289
-0.13091061171850527 -0.8581266441239706 -0.6440965599188955
0.5983770790178653 -0.44888045699926415 0.06563597258232523
-0.08500604842792114 -0.8724299437248089 -0.648025221265331
-0.11383707191095738 -0.4415294300115864 0.06021767195366312
2.2609695238736123 0.1396085598320962 -0.49730367127753805
-0.2985662171634331 -0.27221738017801833 0.04676228102348734
2.1471318595502282 0.31225193947710395 -0.5058786338935048
0.948276685116987 0.1287421871479264 0.15961294706962992
1.9847090581864748 0.4778364867406957 -0.5194980568061025
0.7555197986906919 0.29385904612594516 0.14528923567436625
1.4491397559380843 0.5868782303123883 -0.5714528030524404
0.7552533373070389 0.48976308544064473 0.14789372023247171
-0.7932374429222904 0.44266423230170027 -0.798439211286083
0.7507657027947161 0.6848246307476167 0.15006380613945414
-0.8569600250934215 0.6343654932431537 -0.8019701904425771
-0.2189907937408222 0.7380521567451428 0.06716185148857523
-0.8904900423299225 0.8306444024911954 -0.802474684155956
-1.0657585369064861 0.8156018608148976 -0.00488871995307516
-0.09613190929248816 -0.30766136483427076 0.7471316390862315
2.2275760904358535 0.1256260622125449 -0.5961324638495595
1.4778912675511222 0.001935764356929326 0.09740763243339945
-0.0738987885704816 -0.10454124667690579 0.751245790087208
2.128435407386803 0.3007525659594652 -0.6033155388007314
1.4765640804825821 0.1955367963768868 0.10006886061333109
-0.0804633724755135 0.09362185806519996 0.7531159454216807
1.9217886076525659 0.459403172358563 -0.6217872566352041
1.4414951175099375 0.383600550732222 0.09962540205620218
1.4108407503954936 0.5723836432777372 -0.6720702118048818
1.072376561117423 0.5201738173126103 0.06901674803398539
0.47701999288934616 0.6250902157646046 0.01800232466362406
0.17287136025375816 0.7768878062514766 -0.7952129310736806
-0.2611501971868151 0.7130381123422254 -0.04587668839789938
-1.0930306882501881 0.792594650703359 -0.11818379823066305
-0.023264076823295454 -0.24465707915241985 0.654474549852833
1.0826684194568514 -0.023123516323066085 -0.8124987548957021
1.8975821044944965 0.11074350847656333 0.04025393065117289
-0.010645658635347388 -0.04342640500649253 0.6579192214836924
1.0075678455699304 0.15999355670697213 -0.8171946472296865
1.886796891932228 0.3012759964829481 0.04206305082939554
-0.06131703800888033 0.1474988964189059 0.6563880973687022
1.630649694640475 0.4531226462994944 -0.7477986282477529
1.7537145186501988 0.47245639099655357 0.032564931475147496
-0.15567787334997263 0.33182885085908254 0.6514127784600108
1.4785187527776245 0.6225573855274416 -0.7608429855475576
1.1929661456166585 0.5787135906231402 -0.016282743848338832
1.2138058957508164 0.7759879252460014 -0.7858879036078603
0.5141273296172812 0.6710605556765099 -0.0759856170783193
-0.28296362121647434 0.7507378101066635 -0.1465436882147939
-1.2970622747742553 0.8048944871822972 -0.23700255814887594
-0.0872016970941516 -0.6636561121702389 0.555109315477833
0.06643565588679934 -0.4378298674358714 0.5699508720269053
2.0724043229136058 0.08301600227852468 -0.03983897630073141
0.06851064762161485 -0.23837789478885973 0.5726845794548838
1.791204634791569 0.2292306035084959 -0.06334895554877829
0.120506571282327 -0.031100785503701545 0.5793240600457041
1.9812859978650224 0.4326233457859363 -0.8074666923651845
1.7513335819560965 0.4154190111785283 -0.06427115861274313
0.07972236976073077 0.16091851255168343 0.5785430007805674
2.0354815450406107 0.6326411996251142 -0.798448748029247
1.4414926481964585 0.5599398892047152 -0.09054727021552633
0.03960806696448316 0.3531158144523552 0.5777619415154307
2.115001944862726 0.8359039690966608 -0.786779112256542
0.5658805614728948 0.6210121287355168 -0.16983670655585836
-0.7096119896905222 0.43841068858556653 0.5207408004631846
-0.24099914276486345 0.6982679634822322 -0.2426721519599111
-1.1909058803573345 0.7604902438052505 -0.32887620393134664
0.27814932579447316 -0.2621445536392404 0.48038654860161234
2.113548904549063 0.22501980120527065 -0.12922400895454
0.29559875867911245 -0.061116473399007276 0.48438768919609476
1.8721117279441586 0.37797111582745835 -0.14941996995307516
0.2940898807010299 0.1365468184569938 0.4867885642876475
1.7737359035312252 0.5547110519428635 -0.15599555436469625
0.25881633068708965 0.32875305247516273 0.48638802107475687
1.4938478706009946 0.7043337186515526 -0.17994899216987204
0.22421260778877894 0.5210946407867354 0.48598843153618265
0.6825791869698037 0.7768218653202137 -0.25462693635322164
-1.1556204380076096 0.5138954219516734 0.37635355528496195
-0.11897921592579053 0.8563053142676029 -0.3283655113349111
-1.1030176092233646 0.9154936543041519 -0.41948241654731344
-0.05620584758145952 -0.7161177780992478 0.348714166246876
2.1582087781176043 -0.14017987986758662 -0.2260558075080068
0.14628207166066431 -0.4818743280925304 0.3683379226555674
2.1268839072350687 0.04628675528868165 -0.2260558075080068
-0.9185394514353362 -0.46000188113205276 0.28248482283256937
2.096209621043016 0.23285892227641192 -0.2260558075080068
0.48527368205820665 -0.029176436587587062 0.4018614822258799
1.9039795861356765 0.3937338132617558 -0.24184150163032125
-0.24449488059661917 0.05195387774064919 0.34380846556328226
1.25977045385401 0.48548695428278954 -0.30163688126899313
-0.8167837478345845 0.16257730874276 0.29883795317314554
0.5811160396696593 0.5764022867244822 -0.36478013459540914
-0.21572094218331728 0.6544226014690846 -0.43940467301704
-1.1674321091273967 0.513226035357043 0.27471762236259867
-1.2392484540018316 0.7051012487062902 -0.5360338157782705
-0.29778724208559737 -0.5261173041586034 0.23231297072075296
2.2244412333740584 0.09228695906716844 -0.31126994553901266
-0.6008023029816911 -0.3758774770072737 0.20934944685600687
2.1448048281445793 0.27055470321698216 -0.3161398834357412
-0.9870505399368312 -0.2371924392561926 0.17928820189140726
2.0559363192649087 0.4477137029549052 -0.3219849533209951
0.4428639628400006 0.19197190483554039 0.30329161223076273
1.869295146443008 0.610141894079975 -0.3375703758368642
-0.197847924805032 0.289804429108127 0.25151901777885843
1.220651868374354 0.703756887892073 -0.3989378875861318
-0.907500401608516 0.38156850398806696 0.19390135344170023
0.45878545348160316 0.7850605144410956 -0.4715082115302236
-0.6282199098091468 0.8246902944235579 -0.5762230819831045
-1.0003090047157812 0.7710134792721934 0.19097881849907328
-1.2622735573194035 0.935596558740551 -0.6361295646796377
2.1760842296241734 -0.16373118739262082 -0.41547078553535055
-0.32063999041591984 -0.5790720043888324 0.13009625013969828
2.139769997006084 0.021852446886141408 -0.4159666961798818
-0.8842067684096051 -0.47237504593055313 0.0840647750725596
2.1581101510111935 0.21639286944692415 -0.4110094970832021
0.5190618308584547 -0.041234785512022754 0.20851975020073343
1.9560641535151433 0.3754059501319098 -0.428359693921581
0.3355798970675181 0.12663361130318407 0.19530706938408304
1.3464632234702023 0.4720602869438757 -0.4868561691413076
-0.9647813651314223 0.12152044618827595 0.08534365233086039
0.3778428195738712 0.5181190545097554 -0.5815402931342275
0.7581332223247514 0.5858871990112089 0.23707609709404398
-0.8716197815067872 0.5290778309869744 -0.7044817871222646
-0.5666114169394874 0.5845050238596539 0.12498169478081156
-1.0975321023079445 0.6974934398797288 -0.7243115371832998
