1.9700610446646465 -0.4769991064418164 -0.18978364121887115
1.9108161105648236 -0.30252892454451796 -0.1936507905718985
2.0214794120665545 -0.12437338939528786 -0.18240315568420318
0.494704669201127 -0.7101118795001966 0.3146809850933847
1.973004140304326 -0.48392463108840644 -0.2781987870928946
2.0083296323400504 -0.30729680461041653 -0.2735453332659903
2.118953038929618 -0.12947615177695582 -0.26209838044616607
2.09079123471372 0.04531870889950795 -0.2633572305438223
0.4563719444307708 -0.8544256869094013 0.21939795362976167
2.014763300972348 -0.4458977229619663 -0.3626628602740469
2.1099518235452592 -0.2681142830274226 -0.35239560258361724
2.1061984723533413 -0.09289258319623173 -0.351380893110961
2.1478538351138923 0.08303086973138818 -0.34621626985046294
2.049975646951978 -0.33789068003701317 -0.4470525468585196
2.105721209335883 -0.16124176962782855 -0.4403849328753653
2.142154341618877 0.014663130478375308 -0.4356089318988028
0.22413470607726538 -0.7856374350930508 0.01859133589294526
0.9160449255592908 -0.584253133154597 0.07708781111267182
1.964760095485488 -0.38208167765773027 -0.5441852296588126
1.3047976797503225 -0.39518000966969424 0.11053412306335542
2.0501851316420527 -0.2044581843047908 -0.5345321382281485
1.3604092600597966 -0.2158564594175445 0.11648886549499604
2.1362365893024986 -0.02744901368060937 -0.5248900140521231
1.4814287453320958 -0.03580338612036371 0.12776224958923432
1.528338821796595 0.14234011804025215 0.13287632811096284
1.55093933547424 0.31987431554198054 0.13593237745788667
1.232357681623526 -0.7431227952506916 0.011884144425660104
-0.332313065146181 -0.7981579768506322 0.6202220236065683
2.012540183787195 -0.5460030309321766 -0.6296592439410391
1.6204611972762137 -0.5538617807251072 0.04602520811584565
2.1222304691353457 -0.3676519718641771 -0.6174007142779532
1.6954450682724342 -0.3749535728701261 0.053761891007691354
2.157923549954873 -0.1916517821569954 -0.6124764169451895
1.7710332565782636 -0.1966059527559736 0.06148665297058198
-0.007954685670213735 -0.2396013453279906 0.6471862112286386
2.169361855042908 -0.01634668571725939 -0.6100021089312735
1.7874691495650126 -0.019822434647821296 0.06417887556579682
-0.021533326848924617 -0.05709502147589518 0.6475419317486582
1.7895738009262487 0.15661092924041498 0.06560747969177338
-0.06441971556783699 0.12504459016424363 0.6457976614239511
-0.17649879069458052 0.30674687074554896 0.639163426041871
1.5076145720988734 -0.5285857589091663 -0.05260569703552154
0.10151861425248399 -0.572903051946156 0.5606622015240488
1.7669499721806545 -0.34496117425032935 -0.02891404283019927
0.0967307825637107 -0.3906293150725091 0.5617279325726328
1.847616684704903 -0.1667960195910112 -0.02062518250915435
0.09259019048521111 -0.20833847671418226 0.5627860342266855
1.8940469573275749 0.010204449693006268 -0.015338488936156303
0.0890859437299838 -0.026019852997592352 0.563836506486207
1.9112000847433137 0.1864662465121114 -0.012622901320189506
0.0712543243916457 0.1561051107665392 0.5638069425823984
0.019144955337992542 0.3379821453592555 0.5612677847149667
0.06742766270421896 0.5208704959106214 0.5658702169659433
1.5719997472248792 -0.7554888936149595 -0.1383224214312735
0.1996829956240873 -0.7960131739570144 0.4743751798870859
1.8703047084368478 -0.5697632860950748 -0.11066491258117583
0.16919257091795714 -0.6147885366863264 0.4736151014569101
1.9800487051659417 -0.3908344325948292 -0.09960181367370513
2.030661482309796 -0.21397121552367082 -0.0937829698321524
2.0619724080195425 -0.03783032538819242 -0.08971745622131255
1.5132246211482396 0.6737511317933453 0.15610115873840424
1.198875470602161 0.963488861543901 0.14774124968078706
0.06309546820071432 -0.6180377826097541 0.6616105352642832
0.041164125277319386 -0.2046992405573036 0.6670049940350351
-0.08588889166696845 0.16566500119420624 0.6678041731121835
0.47302038303773486 0.4538509005266249 0.3034481321575937
0.22749462270832055 0.7749818723979871 0.2986687933209238
