-2.047364521307628 -0.8061368916670126 -0.4851046680799289
-2.0227942834968715 -0.8163587013592704 0.15264071232168241
-1.5557429879527938 -0.8297798768708979 -0.5485244869581027
-1.5350574394383862 -0.8410734531150332 0.09776295429555937
-0.6995510841093662 -0.6716928398149804 0.5524100185045437
-0.9009605937015124 -0.8364623892978429 -0.6333953022352024
-0.9908414705224295 -0.8710468667735789 0.0365036845812039
-0.07570846724101088 -0.8130750736797623 -0.7408519863477512
-0.33789541312940585 -0.889795223705125 -0.03722487682016329
0.35505798186316184 -0.8678044096726829 -0.7961341022840305
0.3259792042570808 -0.8899638023534173 -0.11241685146005587
-2.3136126183770926 -0.6520291210444995 0.6463369250902371
-2.07169992885758 -0.8607175990833902 0.0921071887621121
-1.309614653933746 -0.704820199561766 0.5454930186876492
-1.5195631362285802 -0.8788945482373975 0.028921020091457805
-0.9768490377964731 -0.9028527795422718 -0.03317366832406954
-0.3170295964606389 -0.9067503336620817 -0.1089736103406711
0.2945007696940962 -0.9248973913612062 -0.1791344761243625
-2.0817631665403376 -0.6952804429227406 0.5569242358812527
-2.13371754578624 -0.8204346224525203 0.032328498423977337
-1.6594389776099554 -0.8541646814255586 -0.02254592174203829
-1.116893791514034 -0.8769247601710219 -0.08554469340951876
-0.5010834666574269 -0.8884331283414681 -0.15725527995737032
0.20760365454751906 -0.8855390065357227 -0.2400003551832004
-2.212947672022139 -0.9382815623426879 -0.02344332927377657
-1.6903329784732186 -0.9627425277057817 -0.08498536342294649
-1.13340689040038 -0.9837534407269892 -0.150674450337009
-0.5129142624042657 -0.995774669457731 -0.22403632396371798
-2.237302997183999 -0.1573447021024137 0.4351366878160672
0.17125605665944832 -0.9994743803382669 -0.3050790905347629
-2.1979773507758082 -0.8078291736865566 -0.09312831157358126
-1.6170915529406535 -0.8183012422054645 -0.16267310374887423
-1.0455558822364388 -0.8347712973853305 -0.23107682460458712
-0.34727507988154116 -0.8291502038898813 -0.3149992107740207
-2.0744446678312585 -0.27526314826580744 0.35250462299673124
0.4001575241597557 -0.8184839737552103 -0.4049354671827121
-1.9743072853217214 0.593523085122726 0.8012441516527371
-1.5604985735026418 0.5596552113020614 0.76222599750845
-2.1257751570025682 -0.9469424676476663 -0.16666136974008516
-1.591194789577557 0.41367242241578595 0.7665108562120633
-1.5220902745129514 -0.948303104205344 -0.24015008205087618
-1.574078708287665 0.27973231614932814 0.7660941005357937
-0.932614018867806 -0.9565860418466272 -0.31187545055063204
-0.28466974145856483 -0.8380471366763622 0.16499270206777616
-1.5444610705335045 0.1557758378977283 0.7643593669542508
-0.24629586893343713 -0.9702916992352861 -0.395397293507175
-0.16078836323782753 -0.9747027561116113 0.1527303577074246
-1.49282213270709 0.023209980861803814 0.7605589748033719
0.4815894118804671 -0.9667400472282708 -0.4842353939405246
-1.3995069893560839 -0.09298758298096743 0.7526043773302273
-1.3356650790136904 -0.21634953330498874 0.747481238902493
-1.3939338604639104 -0.504755812873718 0.7552012324938016
-2.1444250259329003 -0.783056200575178 -0.2396327137342258
-1.631695904177679 -0.8080491412426696 -0.3026724933973117
-1.2334765631805809 -0.7306306967548615 0.19850529438345
-1.0458555956317888 -0.8212523728553904 -0.3749490856519504
-0.3982935814526982 -0.693142324888683 0.10659874683706327
-0.3916239735183815 -0.8244406902343897 -0.45586072200448946
-0.3656896297087009 -0.8267498687175525 0.10422457462636991
0.38948622805991207 -0.8065133962337292 -0.5527778744092746
-0.34329179624849004 -0.9624544746590189 0.1029414058336453
-2.1705739603408283 0.6433717973041837 -0.358405220448093
-2.044153325466773 0.6606482766878088 0.20391501194326445
-2.1959027799256745 0.5003726917070814 -0.35274325603158907
-2.0791463804040013 0.5148021500331623 0.20977438694326445
-2.236226459018628 0.3540768147435962 -0.34520112270029024
-2.095420075696559 0.37409620458543813 0.21344889408437773
-1.560012721688551 0.49218389940493523 0.701890361369534
-2.248211289095863 0.21524888600626468 -0.34139024013193087
-2.107394071339236 0.23479650873680669 0.21658219105093046
-1.6683275835957616 0.32745770732991275 0.7139452815660672
-2.270365102077019 0.07428774683111783 -0.33632336848886446
-2.134388273198468 0.09220404383797742 0.22137297397939726
-1.6466842675573226 0.19497274766503736 0.7130793452867703
-2.2592614543400558 -0.05838764691283416 -0.33561717265756563
-2.1135677882909896 -0.038636474190159475 0.2206758380541043
-1.6254973699839823 0.062455081839544846 0.7122181773790555
-2.2341498770719106 -0.18765463710917984 -0.33677827113779024
-2.088370895279624 -0.1683848393751255 0.21943415409414335
-1.5999421017750386 -0.06897906548078936 0.7108830333360867
-2.214327788222665 -0.3180998221641609 -0.3373094677320285
-2.073323742386851 -0.3004290573446653 0.21929730182973906
-1.5699951618083858 -0.1993725569293865 0.7090729594835476
-2.1998004166838747 -0.4496731460947423 -0.3372112392774387
-2.039350341860679 -0.42809259137550626 0.21696413761465116
-1.4871060554693685 -0.3178328230954719 0.7019842982897
-2.0768786441256566 0.6589930617695501 0.1404599071153836
-2.1760672197827944 -0.5790942253737512 -0.3383566021314426
-1.9912711134853822 -0.5526594234075333 0.21298302418081327
-1.453172143115541 -0.44754301209258784 0.6996992946275906
-2.2187157930647814 0.5022329231097906 -0.48399459117563204
-2.1070504351599446 0.5144576236233576 0.14588440662710234
-1.8920167149616063 0.5610092776070523 0.6594103694566922
-2.118855708573456 -0.7011505784971384 -0.34387694591196016
-2.0067294953647554 -0.6912524786926539 0.21616591221181913
-1.4148240691646627 -0.5763241734988327 0.6969379306444363
-2.2445678516065577 0.35959100871264127 -0.4781147121778293
-2.0799099661175475 0.3846096177130427 0.1446269870409207
-1.8695333762897555 0.42923390212710544 0.6585611224779324
-1.9553683853118002 -0.8005521047365605 -0.36315976375253634
-1.813780749063831 -0.7847597045064347 0.19565809971181913
-1.1336012005105012 -0.6530992062873402 0.6701358676561551
-2.232435915996472 0.2266773187811566 -0.4773532032361789
-2.0966679125702825 0.2440678328827417 0.1483949542650418
-1.895856767365892 0.2856090369026596 0.6626023173937039
-1.6562358049078476 -0.872250147281143 -0.3999758839002414
-1.4459903668109035 -0.842554092966747 0.15528811222402616
-2.249703773220478 0.08681528239585035 -0.47273837321908907
-2.0994634944479103 0.10724262600997392 0.15049828296987577
-1.8937044097781666 0.149262431019487 0.6637209773668484
-1.0317471083252592 -0.8782879921868876 -0.47876559489877657
-0.9467786014076047 -0.8755612289190395 0.0999959827074246
-2.2626776136198856 -0.05167376687468206 -0.4687563061109348
-2.102762243834931 -0.029452320163557033 0.1526082873949246
-1.921098064736917 0.006129502915960927 0.6677807689317898
-0.5040765405252081 -0.9084576963631505 -0.5450802921644016
-0.4278829320902986 -0.907993276200969 0.04245651966421171
-2.266513942293706 -0.18770239321960247 -0.46604930156381563
-2.1065678790985736 -0.16601828436968447 0.15472639805166288
-1.9151246067471028 -0.12879541971140185 0.6684254527696805
0.1648905630407178 -0.9139222654115784 -0.6296087383619113
0.1156094077615677 -0.9390794532212965 -0.017886745869235554
-2.2756803059998774 -0.3247137847693935 -0.46269284480722384
-2.0866677818199157 -0.2968915896685935 0.1540573955187039
-1.90478484108748 -0.2625426303494294 0.6685875774034695
0.9462107333417933 -0.9019192594365606 -0.7286101459852024
0.8787609965422689 -0.9307328203312473 -0.10312663310678438
-2.115137308401774 0.7586717280654796 0.07621086841909452
-2.237005104481117 -0.4506097173288026 -0.4657512783399387
-2.072078314531737 -0.4288965493896377 0.1539524913438992
-1.8706626518110134 -0.39077822503476156 0.666306865275784
1.450470601771304 -0.9489618698745232 -0.791935551106052
1.452146033684599 -0.9643460201497618 -0.16688309901864962
-2.144904347927177 0.6140944819353358 0.08174265629140898
-2.2423111366036146 -0.5863718265110691 -0.4630232929578586
-2.0434083023540595 -0.5576608744295335 0.15217531925527616
-1.822412844087637 -0.5159086456398221 0.6625613093980984
-2.107775817224855 0.4867841559638748 0.07935799366323515
-1.771201093242773 0.5636813360365309 0.5800780177721219
-2.0204630104626204 -0.6721185449226077 -0.49049674266488985
-1.986067131215556 -0.6801618283747999 0.14704502827016874
-1.5947168428699392 -0.6019806760111024 0.6406802058824734
0.6217373389235092 -0.6228751163695065 0.5197295070299344
0.5839071813933145 -0.5184893449388674 0.5277580142626004
1.4092595614379313 -0.6298306914736287 0.05370177036611601
0.5979764148676487 -0.3608289006440124 0.5478295207628445
1.5436993350200439 -0.33935686554222144 0.10934342151968046
0.585388321411795 -0.23182710680808327 0.5614780307420926
1.4459650946573568 -0.30268922020552935 0.10216368442861601
0.5803661347821851 -0.09593322795380743 0.5767320514330105
1.4455543721587034 -0.1612724729783288 0.12101019626943632
0.5864418219877052 0.05029122484033266 0.5943950534471707
1.4189592816395091 -0.04878368259264576 0.13267697101919218
2.315417504459102 -0.23896308699814028 -0.4689146160474582
0.5515775866950854 0.15419417245701794 0.6024235606798367
1.3624998341769619 0.03148245564047514 0.1362670779833035
2.248027515346756 -0.1724671997146281 -0.46789704555185274
0.5172011490220889 0.25809903622128516 0.6104520679125027
1.3199382781110742 0.1261435497105019 0.14344633823720976
2.298684425799319 0.025331695591319203 -0.43025504344613985
0.49030878898872743 0.3689554093435454 0.6200860858568387
1.2744067258694223 0.21730992733084875 0.14972819095937773
2.3012253615653897 0.1680834369647144 -0.40787326091440157
0.4569247120433886 0.4728278006173845 0.6281145930895047
1.2566142344041111 0.33685291190637656 0.16319025760976835
2.2847587210875524 0.2888660594300738 -0.3915954708448215
0.3922977162648742 0.54560849130878 0.6289175868639187
1.2222787981673235 0.4386502573083888 0.17216433292715116
2.2887747446836713 0.4311574591640479 -0.3692136883130832
0.32086157479015753 0.6117186981149629 0.6281145930895047
1.191860529567851 0.5439583901963019 0.18203629261343046
2.247050328167969 0.5228533263286543 -0.36107455485971407
0.19995661262446873 0.6300833879346293 0.6160720706590848
1.1895785582753753 0.6772558152411285 0.1990879893907742
2.1957364441520966 0.6038470280935719 -0.35598813289316134
0.06113098695464814 0.6319721209814304 0.6000150561937527
1.1221362416064018 0.7440247755486986 0.1990879893907742
2.138072166286424 0.6778177833798829 -0.35293589824350313
-0.06720449768470615 0.6448081843794959 0.5863665462145047
2.084066001771511 0.7555159823788706 -0.34886656993539766
-0.2207928006299511 0.6345605847672182 0.5670980334886746
2.010144571882016 0.8120644090577649 -0.3509012340894504
-0.34232740105128556 0.655564148606814 0.5550550342210965
0.8441497035141161 0.8697614572366703 0.17934407001821562
1.922854976930342 0.854746886665307 -0.3570057033887668
0.8019849483136241 0.9618234570638258 0.1856263995775418
1.8390411958662511 0.9013323516239424 -0.36209212535531954
0.7249552030365756 1.0196549735796019 0.18293417698232695
1.7041828368486769 0.8955750147898307 -0.3824392437330051
-0.7656468083516117 0.6687926279562895 0.5060814738878445
0.4145432691906592 0.8523026736315202 0.12101019626943632
1.579327346652743 0.9010318383541609 -0.39973412746103243
-0.997068392757118 0.5925957891192262 0.46995295292226835
0.2909058556024533 0.8673076594557578 0.10665119892446562
1.437112297443953 0.889681254703163 -0.4221163868299289
-1.1123108549096905 0.6238906031776779 0.45951594120351835
0.16357095264104515 0.8795524869816482 0.09139479404775663
1.3325000278187176 0.9173374326285497 -0.43330727809579805
0.021779056927147877 0.8789349711288175 0.07254780536977812
1.1068136349072972 0.8242237961542038 -0.48010550731332735
-0.09515775147315964 0.9026433677918 0.05998362308828398
1.0572350926976632 0.9085434681532689 -0.4750186085096164
-1.4103041510636416 0.7637934764689867 0.43864191776601835
-0.2373581208729192 0.9034561696958647 0.04113758808462187
0.9453287163979951 0.9310456900547628 -0.4882441639295383
-1.629173888980219 0.7057890527792523 0.4057248950609402
-0.3870209240783993 0.8983448673733676 0.020496261180324993
0.7949061876335435 0.9163809502023845 -0.5126606106153293
-0.5188609678666829 0.9106933689443011 0.004342448771877727
0.675703589519042 0.9332808795114254 -0.5279213070264621
-0.6544993286537562 0.9204123843355596 -0.012709248005466023
0.5458274286847313 0.9405694849045645 -0.5462337612500949
-0.8158338529852038 0.9077195577932571 -0.03604279750497774
0.4087070345841681 0.9417521994377367 -0.5665804027906223
-0.9446064928229525 0.9255412948383253 -0.051299202381686726
0.2571822727701729 0.9301386087911823 -0.5909973263135715
-1.0955183070008339 0.9243581702961841 -0.0719405292859836
0.1266603948614069 0.9395552251191219 -0.6093093037000461
-1.235656836641521 0.9337951308087753 -0.08988963359506563
-0.028996971888020084 0.9261696984254968 -0.6347433208814426
-1.3723012454689751 0.947229428617014 -0.10694085353525118
-0.17783838877880953 0.9203228624803081 -0.6581426739087863
-1.553527236308149 0.9225115656544851 -0.1347619175306125
-0.38797399043615854 0.8586818038880786 -0.6988369106641574
-1.6572249907625363 0.9665858992308927 -0.14373646968515352
-1.8986598669872947 0.8922485968868408 -0.18591605418832735
-1.1690323043555217 0.9541642335234961 -0.8056589245191379
