1.823679377987716 -0.5811976601946398 -0.664628097006494
2.132141401777517 -0.3841500245854732 -0.6420355524508299
2.1583022919560904 -0.1616195745891389 -0.6401124681917967
2.1257207310442396 0.0668209115626901 -0.6425467218844236
2.1137521570249334 0.2934736951994772 -0.6435418810335936
1.5706118531310267 -0.6592425088746836 -0.2402725901095213
1.824359796021355 -0.4557866811018556 -0.2232471193758787
1.8372059313803106 -0.906795716571434 -0.3359738077608885
2.0503819966642 -0.6999210228175485 -0.32122666496914043
2.1301020997811264 -0.4821068254343963 -0.315603324362451
2.1310952791952076 -0.2571718770816176 -0.31538636345546855
2.162672351082648 -0.03512391436024487 -0.31315810341518535
1.380805867093386 -0.831923328531186 -0.4807563509432615
1.9668255992100114 -0.6568293555597826 -0.43971593041103496
2.0764785592358805 -0.4415212384082885 -0.4319124903170408
2.07265372708747 -0.21590986550068791 -0.4320765222994627
2.064663971827116 0.010290155961879321 -0.4325957979647459
2.0872420199406037 0.23354581751137005 -0.4310522760836424
2.034580684164368 -0.7172941407186286 -0.547806807943994
2.1489936768342233 -0.5026051011929482 -0.5394907679049314
2.179693147080002 -0.2806006852835914 -0.5372162546603025
2.191338577222382 -0.056759267359108634 -0.5363712992159666
-0.45020305989629605 0.30637423194637137 0.7029656682522951
0.12893084573833846 -0.39407697744734804 0.4959582601102053
0.09918003922199148 0.05073239216030956 0.4978679929288088
-0.09600082608560001 0.4641587351189216 0.4938744817288576
0.4492711510764025 0.522543776728007 0.3143204961331545
