2.031349110380546 0.6825974426297572 -0.4770537250388518
1.8053127913421037 0.6397643606404486 -0.4668351047385588
1.5240539723669855 0.648340404830491 -0.45098408392557054
1.180720537559381 0.715621544507707 -0.42874964407571703
0.9484399688758174 0.6835907447171463 -0.41779431036600023
0.6542112247470868 0.7103641028897636 -0.4004546039451018
0.3496954013961897 0.748967989981371 -0.3819905155051604
0.10406240845618697 0.7346373339569521 -0.36954697302469164
-0.1665757990457024 0.7455853700199766 -0.3544765346396819
2.070836927148619 0.6704891632372858 -0.5812102191794768
-0.42584860115803735 0.7476752531030435 -0.3405381076682463
1.7817302499582297 0.6841806360869018 -0.5641713970054045
-0.7314483987205307 0.7960199191372057 -0.32171543768533617
1.4821195789209014 0.709505760508768 -0.5459819667685881
-0.817444894445984 0.6347410216884475 -0.3258391254294768
1.1942105451495735 0.7264156991950657 -0.5289526813376799
-1.1043289068299629 0.6683487664291521 -0.3089061611045256
-0.9287847277778525 0.4966494418362677 0.37103763886800856
0.9105578721659668 0.7415303932149744 -0.5123139255393401
-1.3905313566336872 0.7035249173969156 -0.2919765346396819
-1.1301740423576945 0.4475187987995062 0.3774232036720857
0.6457746545667931 0.7412572348068771 -0.4976073139060393
-1.665399739272658 0.7297665726575477 -0.27617939642557054
-1.2177478225456042 0.28720073477111185 0.37396518060079664
0.3632211274012036 0.7594089538127884 -0.4809780948508635
-1.833499173169571 0.6520776623810063 -0.2716742389548674
-1.2281002185589784 0.049685967624765404 0.3637346393715486
0.09579345273184003 0.7654456496693438 -0.46589478186258226
-1.9452955400283258 0.5187024513225413 -0.2731953494895354
-1.2643670544354109 -0.16348066881055434 0.3556470043312654
-0.16751019218617103 0.7695012495813769 -0.4512019985068694
-2.0821937038330987 0.4104625903652135 -0.27209004095682054
-1.2876250564253553 -0.39098581023626533 0.34632006951681227
-0.4592281203970856 0.802471977552961 -0.4334283702720061
-2.1485716247067757 0.21853359903595404 -0.27929218939432054
-1.3639192909717082 -0.5787984680493166 0.34096161195150465
-0.6854720789387443 0.7749441960642605 -0.42260082892068773
1.6764493252293562 0.5315086608178987 0.07579366036764235
-2.1546065354980612 -0.011096253162813596 -0.29173144034036547
-0.8443665771318081 0.6960225427622353 -0.41831597021707445
1.338593282341762 0.6050091557679016 0.09496156045309156
-2.13744285258133 -0.26609578811104484 -0.3068152301658049
1.229098520934599 0.6564178690458 -0.6257339351523772
-0.9450512490593752 0.6091466929541776 0.28854981728902906
-1.132153953346915 0.7428423285332082 -0.400152289186801
0.8926444054847877 0.7682462294154471 0.12319699593893141
0.9159521389781844 0.6984867778100048 -0.6055603855002776
-1.2318384010867476 0.643647918290176 0.3027166492592439
-1.4135791233483985 0.7612994153535544 -0.3839574687827483
0.766989900212323 0.6393199529533158 0.1231955654274568
0.6547668894492915 0.6948701930467243 -0.5909100406516448
-1.3293558511985424 0.4942417147691822 0.3001245624672517
-1.6563270057029627 0.7560226437287607 -0.3712197177756682
0.4729387273330161 0.6673310741043581 0.1381172306191072
0.35392346167895994 0.7300612166939677 -0.5719271533835784
-1.3707508927502232 0.28889856514274204 0.2924656040321931
-1.7889601995269544 0.6431499701999686 -0.37044724157937914
0.20620299978561718 0.6597187097158219 0.1500958568703279
0.07675861481457957 0.7331253892243659 -0.5561200015891448
-1.4679439304736945 0.113274186330381 0.2885536319862947
-2.0047249906002946 0.589027984254213 -0.36200293234476
-0.0721233538895234 0.6771965328448157 0.16371003457418531
-0.1901632800924915 0.7407591893237777 -0.5406952731955901
-1.5472646662207978 -0.04352160021482465 0.2846922046791658
-2.068459467275929 0.4198847207021883 -0.3681708209861174
-0.31009989518851455 0.6583345250346877 0.1737484104286775
-0.4385417229142803 0.732628879013066 -0.5272460811484709
-1.6159516396641465 -0.22412500608137975 0.27922145196310133
1.8226123414401485 0.6564537887069246 -0.008030974184359607
-2.1111016393229107 0.21629554477269242 -0.37745340994485765
-0.5837912314312632 0.6752432301760054 0.18702832528463453
-0.7045007784719104 0.7430651628826217 -0.5118299358237639
-1.6819751124409095 -0.4082280611000977 0.27342549630514235
1.5301261092388927 0.6750070418347542 0.006945527280484143
-2.1023823469464133 -0.04085079048933249 -0.3925352924216643
-0.8389577300256548 0.6763062591425486 0.1986812717568025
-0.9054194761122005 0.6925679209118636 -0.5035167568076506
1.2198102864601452 0.7119912080240862 0.02357856103292555
-2.084604437119893 -0.30920672344308553 -0.4087844722617522
-1.011370213962806 0.5987226346025372 0.20285884209982008
-1.209856291419726 0.7438822350581553 -0.4837709300864592
0.9212510440302424 0.7405742323702054 0.0392111904274568
-1.2658998040077023 0.60219813546159 0.214502251828824
-1.4707701896770686 0.7550243625549076 -0.46876248053201586
0.6819513854634209 0.7166055872235919 0.049520886624966565
-1.470211849721892 0.5579750595780562 0.22159234353414625
-1.706326256321688 0.7430395560730387 -0.4565192096579924
0.4210555810657297 0.7142791981923144 0.06181994744649977
-1.6318971174031986 0.4725752431535275 0.22477856942525953
-1.874341831622317 0.6654992108202729 -0.45177611044534594
0.11693211087450095 0.7543208884312422 0.07810298272482008
-1.7443223934966596 0.33848149456459886 0.22341004678121656
-1.9896152240796283 0.5358066304610807 -0.4529591434348479
-0.10303396387129737 0.7172373511966006 0.08673564263692946
-1.8642924706827984 0.21182395492241923 0.222683346952115
-1.978959910018716 0.2790915928120361 -0.468354307924594
-0.38425825359796306 0.7397360804635138 0.10101548501363844
-1.9847154385750798 0.08557877238625089 0.2219499714027986
-2.0746339213492604 0.12841172647336307 -0.47192009619363695
-0.5979802463346431 0.71275676220636 -0.6081744068015471
-0.6216373084106266 0.7223351755432263 0.11130086251607985
1.7351261040344639 0.5618223842031291 -0.10904511145242601
-2.056690985297365 -0.09016131559996587 0.21665898629537672
-2.0767935215298365 -0.11823713227086152 -0.4861503475058928
-0.8672421094181004 0.7275452646084872 -0.5920105808127776
-0.8586927946598877 0.7061738612003348 0.12158099480978102
1.3836855925682556 0.6348217163499159 -0.08816250494607836
-2.0703139325236464 -0.32663318499693084 0.20583192178121656
-1.850947650744942 -0.6012850486187045 -0.5264445178855315
-1.1252353669937918 0.7333735337309033 -0.5770598285544768
-1.0811018723959762 0.6773257809829198 0.13052598306051344
1.081035024072392 0.6660060095440015 -0.07172831228860765
-2.057415716116168 -0.5921602980484808 0.1923946506630525
-1.3791736694112586 0.7370775099209252 -0.5625172489035979
-1.3246755444262988 0.6705443821875106 0.1414617664467439
0.8193923826976999 0.6616485148787792 -0.059059225832308826
-1.607785840936856 0.7176469788827085 -0.5508013599265471
-1.5180821322821316 0.6160027754262885 0.14773551293722242
0.5472184571826375 0.6688832651008365 -0.04536970785745531
-1.7936348554617467 0.6572604946238529 -0.5439277522910491
-1.7220701744376612 0.5729367667470502 0.15500155755392164
0.26828031027508814 0.6844026398877343 -0.03100069693216234
-1.9300855842141686 0.54843896438532 -0.5427065723288909
-1.8588580775562775 0.4638510699058198 0.1559399730812654
0.026206709283897567 0.6672224501413773 -0.020056330477084217
-2.070391946759429 0.4436704926539248 -0.5410881870139495
-1.9467228009572182 0.3057385048199075 0.15221206017843336
-0.2480966376889029 0.682213968627142 -0.006038748537386951
2.0408699848850915 0.7771850113576342 -0.20607098272928148
-2.0352635828341903 0.14782340016872286 0.14847651788107008
-0.5001924503562662 0.6779999028605301 0.0059222347389802366
1.937461257428069 0.6242065563844372 -0.20812328985818773
-2.0336729222236016 -0.10255849205045564 0.13607779809347242
-0.7518784856517868 0.6751295681863692 0.017878449643765393
-2.002078326730043 -0.3855639620303535 0.12067262002340406
-0.9959721414538905 0.6666356659480916 0.029146111692105237
1.1534458682414623 0.8430656286522193 -0.15755900076517015
-1.9512272581021648 -0.6907403353766313 0.10325805016866774
-1.2289801279392378 0.6489615557197839 0.03938189813009352
0.8883191324187578 0.8413231838735822 -0.14420231512674242
-1.4758922836484203 0.6464761122696023 0.05098239251485914
0.6309716152134683 0.8342395900744055 -0.1315518253196135
-1.6621175441310498 0.5856104771188502 0.0567587978493318
0.3375031991035371 0.862491837845071 -0.11539944342264086
-1.8641270632629414 0.5168481526165927 0.06283322640768141
0.09687871936102965 0.8313311862811839 -0.10487993887552172
-1.9597060923221647 0.37905971918802184 0.06040088006368727
-0.17004819620457567 0.8387131508323007 -0.09119232824930101
-2.023413726782479 0.19639402613276236 0.054174817289029065
1.9224126986451608 0.5871345739684681 -0.3011332385886565
0.0220451230740224 0.23836118028939524 0.5882994300972566
-0.4473125061501264 0.8578365052881534 -0.07645615271219164
-2.060004469316766 -0.014736568533696648 0.04520026513448805
1.6296960728017638 0.6052380115944072 -0.2849150531638518
-0.20619943679410824 0.20940616267791246 0.596089280332242
-0.6663228949195314 0.8233067790975168 -0.06733759573587328
-2.087883156532996 -0.22351686989845554 0.035896218503628674
1.390370666049165 0.6014086672989496 -0.27262314489969164
-0.3715672426984611 0.14580227735202733 0.5999743110787019
-0.9329415564097729 0.8480810655931847 -0.05294378927835375
-2.1480248431725215 -0.40023990462265946 0.029665864194546643
1.0656552558355799 0.6528287516858358 -0.2531805866111174
-0.520784413605071 0.042267041021895935 0.6015664703499422
-1.1810918760553477 0.8568887636797644 -0.040307604585970935
-2.135712893733924 -0.6657436574568854 0.01552668877950758
0.8040481456154822 0.6485550279989836 -0.23985108069070726
-0.6346307486225271 -0.09561450853621611 0.6003393299233064
-1.3955805410209479 0.8224082648059445 -0.03155382803567797
0.5063516922131726 0.6796522269226113 -0.22293242148050219
-0.6957130661570403 -0.28577619869098303 0.5948845512520418
-1.513807199510282 0.6945844533012178 -0.032281481539095935
0.22027102976447566 0.7021613301180532 -0.2070961826194182
-0.761215335052654 -0.47241258355032034 0.5897030002724275
-1.696328436190683 0.6303272818512289 -0.026698195253695545
-0.049532266243900835 0.6992346429555321 -0.1934386127341643
-1.8496463463890223 0.5255589953441699 -0.02465113333352953
-0.30552760566951065 0.6973646998332192 -0.18048723868020922
2.082962963798394 0.7614043178187737 -0.39301451376565844
-1.96895186842481 0.3992805562720214 -0.025399767671908435
-0.19357729939405033 0.38123188366150096 0.5131816036354646
-0.5660860739007916 0.6772071389493002 -0.16829546621927172
1.802656409901175 0.7547170753299612 -0.37824305227884203
-2.0352517790894638 0.20700388712112439 -0.032144152437533435
-0.4125061539664898 0.3693706948751414 0.5215510494362459
-0.7957196623739975 0.6901731279708416 -0.15601881674417406
1.5387107454156848 0.7597384386086743 -0.3638149135459319
-2.062092800876684 -0.0015275996133832237 -0.04166659048684984
-0.657808255570032 0.35970765723189757 0.5310386783730134
-1.0601133182095026 0.6894587120620033 -0.14273985556253344
1.2359335733210912 0.7896503227789653 -0.34609469107278734
-2.016071442415921 -0.29850437316707623 -0.05929621389993578
-0.8062478494815366 0.2571890460881958 0.5326928264748201
-1.2001992078328527 0.5814020140762102 -0.1413150661338225
0.9522215165897876 0.8043891061941073 -0.3302188747275725
-2.0445909902706347 -0.5209904872457294 -0.06956108740457445
-0.9264675089046222 0.12729899362267627 0.5320200092445955
-1.5254612498791147 0.6558354137205722 -0.12119444540628344
0.68374035309769 0.8071573110530492 -0.31581982306131273
-0.9983349509984834 -0.038039116541621176 0.5278791553627595
-1.7277159551527177 0.6355947723793802 -0.11218794516214281
0.41086779232030324 0.8281056255687416 -0.30030544928201586
-1.0551355759889702 -0.24403480325125582 0.5213703281532869
-1.8800698852856499 0.5177565392230683 -0.11081942251809984
0.1543238556307216 0.8235284880990426 -0.2870202892173186
-1.0742027706187827 -0.4889995411115624 0.5116604931007966
-2.0196286023965655 0.3996112123315676 -0.11015852621683031
-0.11876098123318002 0.8241309909519234 -0.27265223196634203
-2.080620377971826 0.22679625962526906 -0.11630114248880297
-0.38164486793711205 0.8292425927574527 -0.2586403720725432
-0.1196559789615037 0.5675962984408978 0.4286598331581697
-2.113655371730829 0.012302971673798346 -0.1260701053489104
-0.6332263881971301 0.8254121256062339 -0.24573763540872484
-0.43000312688225506 0.6181504814643342 0.4438292152535066
-0.8304724304974087 0.771051304461289 -0.2383633487571135
-0.6532272884597319 0.5873725059222012 0.45182887383810133
-1.006171838444672 0.6968138038659619 -0.2332044475425139
-0.8618807317583048 0.5438153176707141 0.4586285717140779
-2.146612652084272 -0.7078902597013528 -0.16299494436868578
-1.3818518154621842 0.818424177449705 -0.20742472342142015
-0.9596626869200549 0.39320474961139595 0.45616332360616774
-1.599696895813267 0.7884299832445931 -0.19785507849344164
-0.9975256027674959 0.18336035119595095 0.44861260720602125
-1.7180542721433625 0.6613185890992295 -0.19860609701761156
-1.0612504381065264 -0.0020636942118859025 0.4431444770943269
-1.8863306488456004 0.5838784391667344 -0.19420584372171312
-1.0940091578946607 -0.21919105708052378 0.4349781639229402
-1.9913468743701088 0.4436142176331792 -0.1964445941794768
-1.0679476880010697 -0.49663828234348095 0.4217228061806306
-2.0758539014485677 0.28237808614139226 -0.2009020679343596
-2.063169711369042 0.021726265364335973 -0.2156864040244475
-2.0483965667685027 -0.243019667038876 -0.23085077932962328
-2.0524060100624837 -0.49039138302878804 -0.24418171576150804
