2.1866734383516686 0.4321901578978329 -0.20197787656672705
2.0910102750196558 0.4932289123216411 -0.19186177625544776
2.0034627478707137 0.5007760571978728 -0.189883378886063
1.9105869827909743 0.547829272016481 -0.18198552503474463
0.39802620279823486 -0.19169786485400309 0.4200979195605923
1.8167570964920188 0.6050317980099273 -0.17260661497004737
0.28441917330624733 0.17842182749104918 0.46512446031681787
1.7278731369517786 0.6282736744185002 -0.16840949430354346
0.20514799445169984 0.0736248678905902 0.45192298517338525
1.6379385447773132 0.661652849855161 -0.16273131742366065
0.11295065294318363 0.162257564278252 0.4623843155872036
0.837049232624075 0.07232960335762995 0.14532885179631005
1.54949076332624 0.6855503220099117 -0.15853515043147315
0.028793928035319993 0.12737604169162342 0.4576686345111538
0.7547528291173577 0.02023597566638946 0.1382854901324917
1.4606549545646814 0.7146769221783065 -0.1535994090069126
-0.058099666481261636 0.1373811592597134 0.4584141694080044
0.6173591883956888 0.6102900544081842 0.21785482988468896
2.0477704756636967 0.7620757750262688 -0.6290251292217564
1.3743620567713961 0.7244870605395266 -0.1516291178692173
-0.14333897550939412 0.11795380656512888 0.45551118478886377
0.5297650473828597 0.642894672286729 0.22215542421452295
1.9625701796813928 0.7599722308052406 -0.6283260859478306
1.285377966663141 0.7591686079346087 -0.1459533251751255
-0.22942588296939448 0.11369172675952477 0.45442733392826806
0.4431916265406741 0.6659318322550987 0.22512158975712548
1.878079709212109 0.7532898141714006 -0.6284648455608677
1.199919763404509 0.7646928492686302 -0.14472785367854346
-0.3155295564487304 0.10973153109073497 0.45333990678898584
1.7929210638699686 0.7517929122158091 -0.6277724780071567
1.1113853546987116 0.8000159920410987 -0.13905301465876807
-0.40248300756886124 0.12591009098719264 0.45468268022648584
1.7077921780837357 0.7505959953922381 -0.6270820178020786
1.0271858077869709 0.7963155582558517 -0.13931479825862159
-0.4868089736447203 0.0779165512008495 0.4481118641864468
0.20536167097570512 0.43038090816984553 0.1926377736102749
1.6226918984318601 0.7496937936485817 -0.6263948954571079
0.9410298933537717 0.812592930007566 -0.13661113157160987
-0.574262569347681 0.10957367487306469 0.451274486638229
0.118145208409274 0.4595258610597557 0.1962545834552456
1.5388393781536394 0.7393152670163912 -0.6273819483745884
0.8569120991837877 0.8094931228523783 -0.13687911405452002
-0.657381204610374 0.012568841196101577 0.43860206232182275
0.03235568024775404 0.46920097900936275 0.1971996747028042
1.4531813844435106 0.7439140374943256 -0.625864652537186
0.7723404817072037 0.8116119928238645 -0.13640752210505713
-0.07140722393288712 0.6469107164055949 0.22074994669071923
1.3506327743144269 0.8212959439901888 -0.6119076289165806
0.6840670952970669 0.8087396647239848 -0.13673224820979346
-0.14775004674412173 0.6527400532755832 0.22113523111454736
1.2798412325624042 0.7736122916915922 -0.6194931544292759
0.6041738947817805 0.8068883499733466 -0.13695826902278174
-0.2314641374842168 0.6386035461237909 0.21873888597599755
1.1976917415645687 0.7497313051116357 -0.6230017222393345
0.5192936958934098 0.8148264344843086 -0.13575187101252784
1.1122768011751063 0.7555415312088845 -0.6214949168194126
0.4356574199522427 0.8082746093288891 -0.13677850141413916
-0.3455322964469332 -0.6264000774061924 0.04671177492253076
1.0269328758646523 0.7616509968548884 -0.61999097242244
0.3516266932269616 0.8069477955565207 -0.13706460370906104
-0.43459422123788016 -0.6200318883852569 0.046923490620772945
0.942635205308882 0.7582592084251023 -0.6201631106365513
0.26796396508678555 0.8009816216753509 -0.1380979098308872
-0.5228804103665254 -0.633156685549555 0.044456335164229976
0.856934822031377 0.7698808236389163 -0.617826608561356
0.18293513438550235 0.8150407857385917 -0.1361576594341587
-0.6110864846780757 -0.6509241055287096 0.041314455128829586
0.7731559615046422 0.762172868849325 -0.6188422717083286
0.09962133196805922 0.8047265957812075 -0.1379419840801548
-0.701004049415431 -0.6139093333165135 0.045534940816085445
0.6876040318587826 0.7743970797912278 -0.6165100611675571
0.015048478508731478 0.8144474490719369 -0.13675036802180518
-0.8225615915862292 0.6567832533116458 0.21658310518376123
0.6038443398145006 0.7672813590600192 -0.6175319231975864
-0.0685867012985284 0.8096542983095456 -0.13779654874690284
-0.9068662206659113 0.6598570669193351 0.2161684952747036
0.5192537960648238 0.7702852090717696 -0.6168815173137974
-0.1527734901425859 0.8150328134144273 -0.13735547437556495
-0.9910508813546883 0.6582684902357561 0.21508011446110498
0.4350961420026138 0.7686686316506015 -0.6170712985027622
-0.23640761846677805 0.8108248168707743 -0.13840785398371924
-1.0752376513279813 0.6569730673723062 0.21398839578739892
0.3505797740995291 0.7722637216097081 -0.6164266146648716
-0.32005439617972087 0.8069122809903013 -0.13946357145198096
-1.1588403968343997 0.6064300012285879 0.20618471727482568
0.2664614638344389 0.7712432463497554 -0.6166225947368931
-0.4037117649661113 0.8032919940361904 -0.1405226267803501
-1.2411170401245357 0.35799082429743434 0.17152914629093896
0.18202248351477124 0.7754316345715151 -0.6159826792705845
-0.48718658110227864 0.7950177093624835 -0.14233127012141455
-1.3257845169553946 0.24361433752127004 0.15497288332096826
0.09795290372948529 0.7749996845776157 -0.6161848582256626
-0.5712484562738709 0.8018627200272745 -0.14190497770198096
-1.4112981066946375 0.1642175065019864 0.14310440645329248
0.014198622008215978 0.7699399086901573 -0.6172296084392856
-0.6549259047548617 0.7991221430613176 -0.14297404661067237
-1.4975439884416843 -0.004063743709187051 0.11913332567326318
-0.06985821276825988 0.7700960761240601 -0.617437032603104
-0.7386098276787294 0.7966673915480844 -0.144045976542313
-1.58491098259843 -0.16212599952255768 0.09648737535588037
-0.15389286488399279 0.7705428420072855 -0.6176487483013462
-0.822173533683916 0.789564001584623 -0.14586844816096534
-1.6726221774959527 -0.23565466243720312 0.08525166139714013
-0.23766401456305175 0.766364834423269 -0.6187030352581333
-0.9058912371741954 0.787699266503981 -0.1469480074871372
-1.7609702907320042 -0.3187800839260051 0.07266029939762841
-0.3219111827618306 0.7723253812273296 -0.61808028592952
-0.9897070258916401 0.7910637104062119 -0.1472827471721958
-1.8489548000228382 -0.3421461027152688 0.06813130006901513
-0.4056727991689044 0.7687334327558184 -0.6191407717693638
-1.0732659016970274 0.7798947078027214 -0.14986338987239112
-0.48944821838623653 0.7654316748953778 -0.6202050723064731
-1.1570133200923536 0.7789035077643525 -0.15095296277888526
-0.5734097524568398 0.7673479887648349 -0.6204315699566196
-1.2407660595090277 0.7782034032308238 -0.15204539670832862
-0.6571861785064073 0.7646345968599495 -0.6215020693767856
-1.3243919935798374 0.7530771677439323 -0.15688195600398291
-0.7389435717335076 0.6932406170992702 -0.6343556918133091
-1.408243774086678 0.7579046660655169 -0.15723433866389502
-0.8227236368198305 0.6812502319498637 -0.6371203936565708
-1.4920832116110745 0.7481914978552422 -0.15983405485041846
-0.9082387825850233 0.7434642904710125 -0.6272598780620884
-1.575967536786024 0.7437234780946693 -0.16168990507014502
-0.9921918411850825 0.7468449714918441 -0.6275025881756138
-1.659926477659873 0.7345997591682312 -0.16429820432551612
-1.0761162936507773 0.7505203675925896 -0.627747205637772
-1.743890204082689 0.7307151730561157 -0.16616120710261573
-1.1598275548810761 0.7397022599786953 -0.6305233515728306
-1.2437424740747787 0.7439637151919469 -0.6307751215923618
-1.327623517082003 0.7485187320635807 -0.6310292757976841
-1.4114768204317585 0.7582974794314681 -0.6304432429302524
-1.495281916221714 0.7585062390451998 -0.6315466441143345
-1.5791104884492455 0.7540784806967147 -0.633496431254227
-1.6631460399845253 0.7302347541561729 -0.6388260401714634
-1.7471078674025478 0.7263966936192809 -0.6407839335430454
-1.8308628558681548 0.7376339518136628 -0.6402126826275181
-1.9153058839069956 0.7097458203068165 -0.64640059842952
-2.142098602892716 0.681962604423306 -0.10350003614314307
-2.230383996149776 -0.5565043511150618 -0.09144416227229346
-0.9500998415746409 -0.7004110233871996 -0.18460097684748877
0.07469766694858038 -0.7910242041635951 -0.366213945292313
-0.7578586133878886 0.36903089020843405 0.4299009762775112
-0.7693982543005262 0.15776280956189348 0.4314664326678921
-0.7468030536201056 -0.051333864292221865 0.4308401070605923
-0.6754300311812074 0.6053839704070554 0.3181382142078091
-0.7608258049582446 0.388818502340742 0.32457408533207666
-0.8021676737058172 0.1756954154180841 0.32811388597599755
-0.8442685350971004 -0.03709173910737107 0.33165344820133935
-2.044677372518038 -0.7250565952946286 -0.4038282908428501
-1.165027862207502 0.4239058745218167 0.24568185434452783
-1.28590257658783 0.20708954818659553 0.2546053849231411
-1.3627474994494193 -0.006154863328010407 0.2605544053088833
-1.4204211864760623 -0.21769023013789646 0.2651813946735073
-1.4190658667478857 -0.4256215844317146 0.26584229097477685
-0.960005828484789 -0.61090472490302 0.23609742746464502
-1.559408922376761 0.45881946206866386 0.16749891862980615
-1.5755958156285317 0.2499670664428626 0.16953405962101709
-1.200175401300882 -0.3525060041422856 0.14646801576725732
-1.582920036723948 -0.5805137449215807 0.17326531038395654
-1.6973971965350714 0.6143005795692509 0.07222971544377099
-1.1357361150138772 0.4446490854745062 0.03395924196354638
-0.9677960777490355 0.24607304258518825 0.0231741391193081
-0.7668093273190664 -0.3722784337881899 0.011692854024093258
-1.787248028211657 -0.6332050952501644 0.08371100053898584
-0.27264014892229227 -0.7698250847280081 -0.02135863675959815
-1.823320424343656 0.8010312642391413 -0.023678926371414555
-1.3457788097949077 0.6276604291678747 -0.05684438123591651
-1.4409822971381985 0.41264784255100384 -0.04899897947200049
-2.1192938606501386 0.16136798297593868 0.0005711041461635702
-1.7780795041444293 -0.023882723519336846 -0.02296557798274268
-1.6714727927357416 -0.22469417752068077 -0.029741434000809086
-1.869347719791648 -0.44231200775616974 -0.014763502024490727
0.07886554144818092 -0.5522049405841831 -0.15348782911189307
