1.9860559574536936 0.6158837418080019 -0.10809204681998619
-0.00013465308795446163 -0.1275582969318485 0.630370401300131
1.8795230375724543 0.8163242340198487 -0.11069653137809166
-0.07185819926130677 0.09366730159797854 0.6311013926636564
1.493029813841801 0.9144198270143242 -0.1393430004943026
-0.16155179871533676 0.3082356256070504 0.630370401300131
0.7974093951903996 0.9029305601116349 -0.19663641556388267
-0.25049487838061424 0.523156637850569 0.6296398867737638
0.11034519452270075 0.8993852508221991 -0.25306151016837486
-0.8268915633555665 0.563413123020851 0.590915941156088
2.1814774946127713 -0.2968289069213981 -0.24549362763053306
-0.6009604635635313 0.8920450006583387 -0.3116576443541659
-1.5729605072714534 0.5474366281300824 0.5390403498780119
2.1369463809384044 -0.07231438548403091 -0.2419445286620272
-1.3083632737224349 0.8910527387777947 -0.36981890305167564
0.08925350496462414 -0.6769852209022211 0.5052817095887052
-2.105949319251252 0.8637280685321791 -0.43622706040030845
2.0223344856787264 0.6065941428923267 -0.2299678097594393
1.8924402242100768 0.7982482760070191 -0.2348468075621737
0.10340538903372476 0.320159939169276 0.5325858821045744
1.4825916110879547 0.887635110201213 -0.2663428555358065
0.16444876534050934 0.5886918062533937 0.5438063372742521
0.7121517039958576 0.8488257676128192 -0.33199570282584556
0.03445454813409299 0.8487672003050015 -0.3887769947875155
2.341085990515552 -0.18504778490394713 -0.3418705235350741
-0.9878116146318732 0.6688924535869063 0.46451308623665444
-0.6721483475618015 0.8431754555818536 -0.44822046860343345
2.125056816404431 -0.027452121082884418 -0.35498736008292564
-1.7856997508319665 0.6368078981511296 0.4072873820435392
-1.3513472658349315 0.8521421622656042 -0.5050012837279452
-2.05476321262492 0.8574197164939221 -0.564000822149576
2.006278691260718 0.6497461410170935 -0.34322760208732017
0.3676679509548393 0.23411338929208014 0.43298890487068764
1.899867512072909 0.8501272264223729 -0.34594128235465416
0.3720853554366954 0.48148164366198287 0.4398777712952482
1.340538802131661 0.8849796517584743 -0.39252731903678306
0.33060612406472956 0.7115363839705395 0.44294001952522866
0.6730294530073735 0.8844798617872058 -0.44951698883658775
-0.023357805349562 0.8782926543279288 -0.50921938522941
0.38548794114325347 -1.0087073629404202 0.29524972335213295
-0.8773500979005604 0.7714781368263672 0.3572094668518888
2.1307811352217954 -0.09656582237413147 -0.4703347454894198
0.4268370654761853 -0.7437292249537037 0.30579402343147866
-1.6420717512956742 0.7512320356092452 0.3013313044678556
-1.5171438920518696 0.8451459415155753 -0.6381237278807772
-2.197110270148457 0.8596193204113014 -0.696017480932535
2.020532066601511 0.5841920373639411 -0.4574272404540194
1.960590603035655 0.8018219349042788 -0.4555828343260897
1.4340588161084469 0.8479927236294102 -0.49983761414176353
0.37384088369758217 0.4709974241783428 0.3354771365296232
-0.9787465502454751 0.21261699397854983 -0.7298686276305331
0.4541503779067071 0.7452757840900617 0.3487556208741056
0.31980395861081234 0.9412246752274882 0.3440692652832853
-0.8844410921647992 0.7452459378657785 -0.7049758206236971
-0.8755060173019231 0.7608502091557874 0.2511165370118009
0.33088652416819286 -0.854390126095474 0.16721417800301186
-0.8544407111049921 1.0040487704929433 -0.6943733464110506
-1.5648985326670939 0.7669298447689776 0.20034434691780678
2.0555721387613772 0.04469241539811364 -0.5857679615843905
0.6846127657847347 -0.46980173550366544 0.20482613936775795
2.030876071982391 0.7571663160359883 -0.5641624699462069
0.9538244538871083 0.368360970700234 0.2488401164185392
1.840755307849065 0.9265337519650174 -0.5754349003661288
0.8744566890948846 0.5827803594950289 0.2488401164185392
1.4686744009032395 1.0304867552036647 -0.6050245533812655
0.8473512315126825 0.8162390665850552 0.25324180022591225
0.43629508822027674 0.8987723065140969 -0.7008378277648104
0.46007572737983793 0.919545430620321 0.22683312789314858
0.2790827647918732 1.086585143592636 -0.7088219891417635
0.011744772631708145 1.0035392164765042 0.19522311583870522
-0.6858736293998575 1.0026076872368677 0.14240672484749428
-1.426624376423426 0.991511234095622 0.08598878280037514
-2.130510545923613 0.9983081470493396 0.03277232543343178
1.5366774360811633 0.34443740909381404 0.17792680159920327
2.022636898282272 0.7672287504520767 -0.6778466473448885
1.4572281433231637 0.5568294242887255 0.17792680159920327
1.673767933583676 0.8781890465218041 -0.7055918942320956
1.125985885115682 0.6765239755586308 0.15585019484871498
1.4558810417403265 1.0390031354836538 -0.7199427853453768
0.6403286468343055 0.7419847937305875 0.12028243438118569
-0.014389469598363291 0.7497623310392605 0.06999757186287514
-0.6698028616655307 0.7618386470252325 0.019711755670248188
-1.3916819922231127 0.75503467064852 -0.03629706009513267
1.7107528375270604 0.6884485731082712 0.08757998839729897
1.5483107699541279 0.8692817460707118 0.08006408110970131
1.1991058749793666 0.9828814477680048 0.05584790603035561
0.5358233078553809 0.985666137537514 0.0036580790650235784
-0.10940331541542037 0.9994916841271966 -0.04686186417228111
-0.8210846621126606 0.9944045191155304 -0.1032273541319979
-1.5241403353121044 0.9972940281766434 -0.15875742539054283
1.9581163471113427 0.48116508521149726 -0.012449956976236187
1.7951082023553866 0.6607790558550732 -0.020121790014566265
1.4035802533143311 0.756843176009113 -0.04867813690787681
0.7498728532302792 0.7598027463668977 -0.10110304459220298
0.08608133132884177 0.7636751789527132 -0.15438006027823814
-0.6347267244998562 0.7518316641553611 -0.2127711544860018
-1.3469771384863378 0.7480606860764851 -0.2703101406920565
-2.187024809875197 0.7046833138324118 -0.3393575917113436
