0.15750057355218416 -0.821647983318158 0.1382656201537511
-1.2672353659311284 -0.8919917989795465 0.18321467487176868
-0.6812992372538673 -0.9203538392804731 0.12206841556390735
0.027765932797194637 -0.9121368907430067 0.04614497272333118
0.6714863414268706 -0.9301758485496094 -0.021763791162166868
-0.9223358741362944 -0.9127063808687694 0.03938199130853626
-0.3173611558707563 -0.9371601823256412 -0.025011529046688352
0.4061157148696566 -0.9269750170223006 -0.10382460506597546
1.1823328014313432 -0.9047900068491401 -0.18895625026861218
-1.628441922373426 -1.0957292268364895 0.017008791845645632
-0.9537053210583082 -1.0938136515907146 -0.05720280559698132
-0.33956971891178966 -1.116510461854432 -0.1237430468384364
0.3884288307921224 -1.106489035348723 -0.20433234127203015
-1.6291661978047216 -0.8862412737488441 -0.09924792202154187
-0.8839323423770367 -0.8586545106930217 -0.18353651912847546
-0.16605858126273176 -0.8454206332348946 -0.26420592220464734
0.505446875999155 -0.8524379261980641 -0.3388776675049403
1.1398500094444017 -0.8761715653709459 -0.408745755273495
-1.4831143868807146 -1.0953686661013649 -0.2131729021851161
-0.7237044110681552 -1.06638045069419 -0.30049036892095593
-0.062411115861820576 -1.074911663187713 -0.3750734225098231
0.6892174565285956 -1.0588021161681027 -0.4610977068726161
-1.6750891058366477 -0.88349780609623 -0.31886195095220593
-0.8926017352438578 -0.8429903362398292 -0.4106845751587489
-0.25976333127164253 -0.8577933619700389 -0.482816685754452
0.524473970748403 -0.8272297148456502 -0.5745534792725184
1.2200015322159317 -0.8310132595951174 -0.6545839205566981
-2.197201405288027 0.755833094864947 -0.1706962481323817
-2.381585487430371 0.4827260411153773 -0.16592215450445202
-2.3813851799168475 0.12492911218748048 -0.17894362362066296
-2.3826555510854632 -0.23333601443477647 -0.1919641390625575
-2.425965565727097 -0.5730275948885009 -0.20107935817876843
-2.2148693810831332 -0.6372080014778092 -0.40127848537603406
-0.8229104123758333 0.16760684206860788 0.67948056308588
-0.9685922585501743 -0.1289198103136684 0.6802463635619542
-1.0873204694862437 0.6647928565374457 0.564915190618839
-1.2131039843362714 0.3609382027654675 0.5641346081908605
-1.2697086699324416 0.007355573117351355 0.5567140683349034
-1.1714421563399782 -0.40021093744427816 0.536404620092716
-0.33482290211097165 0.4536843688220813 0.32099963275751087
-1.3087140125526133 0.511037088281995 0.39422179309686634
-1.5393869691916393 0.2554111072017875 0.4026246174987218
-1.698339501828869 -0.03234434493766969 0.4046254262145421
-1.6638058628641659 -0.4095884739940061 0.38942051975091907
-1.7256668276440905 -0.7432189988678246 0.3826184376891515
1.6335255900482508 1.031009632249905 0.025373946112003054
0.8142429293273779 1.0194205258364875 0.08669758884271594
-0.026848898850474257 1.0230725456789145 0.15006543247064563
-0.7802499217116434 0.9938381884672367 0.2056655987914464
-1.5009289399707626 0.9551527325267912 0.25840331165155384
-1.8664875107496783 0.7613091374534093 0.2792539700683019
-1.9964719590916928 0.46221297949433193 0.2788443669494054
-2.1229955323543237 0.16148838484029682 0.27802754489740344
-2.0878089802890827 -0.21426179365258946 0.26249171344598743
0.46935281620466185 0.7498221969662993 -0.06407641323247937
-0.28021543541372296 0.7171149678105735 -0.007710446435604368
-1.1244571125172769 0.7318899079458632 0.05742264835199329
-1.8312821644209407 0.6905804947570644 0.11002970783075305
-2.102082294965328 0.4554097374319568 0.12255574313959094
-2.1743123742684816 0.13006747305822586 0.11671019641717884
-2.1392900926742158 -0.24558844153168025 0.10084439365228626
-0.8250539354567366 1.0472966285550669 -0.12037943752447156
-1.6364678630727667 1.0490945182668057 -0.05687331112066296
-1.9698596374728083 0.8412816753840815 -0.03811978252569226
-2.0859571230487717 0.5363693304676431 -0.03982495220342663
-2.0311009877589896 0.15285546930678606 -0.05772589595953015
