-0.3150516710996243 -0.2527487748151973 0.46405048664242443
-0.27335097123471286 0.12046578618357451 0.46406669910580334
-0.23521743314991284 0.49232853246497577 0.46388836200863537
1.309019378197462 0.10377964521951988 0.35739488895565685
1.1550373347098315 0.43746095397830587 0.3486606627288502
1.8242444110313016 0.15724898802428022 0.22199173267513927
1.729522921442424 0.4992589605174107 0.21592636402279552
2.0786201295435163 0.468605549107739 0.03891010578304943
2.187641838437706 0.03982678486926439 -0.13020066921084705
2.2186737582214207 0.436984026985618 -0.30622558299868885
-0.2636433532402478 -0.34240853863108 0.8277923613372486
-0.32566690389551667 0.01279243327704549 0.8232605009856861
-0.49288326666978577 0.3684507581266079 0.814332678872649
-1.5238501772304005 -0.7244154699600553 0.1880147009673756
-1.0794047825009798 -0.6780904845256099 0.23665209110409435
-0.5825009490561683 -0.649185788579997 0.29165954883724865
0.4723985192350142 -0.6188648520166904 0.40920038517147717
0.0990963584400717 -0.3516944372124158 0.35882540043026623
-0.14405125403070684 -0.11907975994868814 0.32408447559506115
-1.1914560285198732 0.35170744090911477 0.19148845966488537
-1.1459232117898992 0.5059198147285588 0.19148845966488537
-1.315502158992274 -0.7872435577616468 0.05112905796200451
-0.1582521893285076 0.3765127718486667 0.3061348944488209
-0.8043417270089819 -0.7596854404518911 0.10957165058285412
-0.07939294011792697 0.5169889596645145 0.3101880102935475
0.26180827197501344 -0.8879280035064987 0.23719091709286388
-0.02854176806412312 0.6658491331029595 0.3107673674407643
0.5517060633191377 -0.8079562352508649 0.2682015448394459
0.2645710916573165 0.7389760002340413 0.3408762961211842
0.6457365192316047 -0.6746376845861395 0.2747613936248463
0.5529365843072753 0.8117141387128335 0.3704063444915455
0.73540642496976 -0.5404686571869046 0.2807251959624928
0.052992963078985156 -0.18316840545153923 0.19007940586239513
-1.0656990521077319 0.3075627776317944 0.04456920917660412
-1.8137380582603768 -0.78714683335728 -0.25291471187442127
0.8784374151093104 -0.10267766444315995 0.2825138121429127
-1.2545997621741805 -0.769282409169346 -0.185702607077058
0.8938487044165271 0.05289319811881121 0.27893610294491467
-0.6096992341411891 -0.7785656695883176 -0.10728769008487049
0.9050835868835705 0.20995784069691936 0.2747613936248463
0.09677165249487274 -0.8093135672758898 -0.020782753866608772
0.9501045180648333 0.3568530457651491 0.2747613936248463
0.5826650229723498 -0.7835388637480349 0.03709430988461193
0.8582211015180903 0.5465082371142422 0.25746746357113537
1.0920769539888298 -0.7677559989120262 0.09808368976742443
-1.0611646429744965 -0.15080731936322422 0.7559558897796315
0.8002852530547457 0.7264878463742157 0.24434728916317638
1.4055433901492336 -0.6993774228370544 0.1335570364776295
-0.9743622505152132 -0.009375702183225698 0.7606517821136158
0.7950998573415617 0.8903879190326478 0.237787440377776
1.5903228240982585 -0.5957036339135637 0.15222664173275646
1.6637255711017787 -0.468205879671423 0.1565830260101002
-0.8923158951730983 0.29112549795260456 0.7601301222625416
1.7016244041945612 -0.322541322129144 0.15596123035580334
-0.9089507932958725 0.4627442936483792 0.7533471136871022
1.7637862445945771 -0.18415140162510646 0.15845079715878185
1.7979349684136139 -0.037353217470917244 0.1572057753387135
-1.2968104636435385 -0.49129402860200244 0.6607067137542408
1.8183861865129742 0.11375632986838369 0.1540939360442799
-0.8278310298038534 -0.45498310894310734 0.7079174071136158
1.8015202981886844 0.2767205918346427 0.14600343998104748
-0.4883759599962829 -0.38546462901106615 0.7408053427520436
1.7758253779837787 0.4429568720432151 0.1366683989349049
-0.4884538326863961 -0.22144256992497802 0.7360312491241139
1.722446941468931 0.6186167118772374 0.12359924610287365
-0.44970532171637956 -0.06829932120547255 0.735501006204192
1.655635771317975 0.7993972015699367 0.10866327579647717
-0.41041471433001675 0.08471999336217095 0.7349702864471119
-0.4182588956638611 0.25174691110373715 0.7291352301421803
2.1563302298462617 -0.3557751147803607 -0.1663716286835033
-0.45879978962396706 0.4289853698034314 0.7195870428863209
2.132991369202905 -0.19307121600005317 -0.17568998042910877
-0.4272708713666802 0.584975737504779 0.7179958372893971
2.181334818024119 -0.05191716607028951 -0.1750243157562572
-1.2515367075753616 -0.3779263580499279 0.5811440497222584
2.2301702850980902 0.089051007697865 -0.17435865108340565
-0.701188145907885 -0.36567095596400456 0.6382915526214283
2.142428330275308 0.2730580121502264 -0.1929958314117748
-0.24214664093424432 -0.3313043375031324 0.6851961165252369
-0.1130198152983084 -0.2051437444497033 0.6949007063689869
-0.07420878029394373 -0.05330227120792408 0.6943614035430592
-0.04917225759292165 0.1026454745012444 0.6922046690765065
-0.02832909666323502 0.25999686955857015 0.6895091086211842
-0.030698608919109915 0.4245598088415221 0.6841175108733815
-1.5553962251663336 -0.618734301187148 0.4747707396331471
-0.0752107110948117 0.6024204270875142 0.6738745718780201
-1.0529692841753118 -0.5888553397595153 0.5273606329742115
-0.08577849910410862 0.7704276691955112 0.6674048453155201
-0.469455988833559 -0.5848560837103474 0.5892622023406666
0.013056503707595368 -0.5566050581557747 0.6396600752654713
0.1271140777223536 -0.4269688229217081 0.6478774100127858
0.1746960359917935 -0.27873015323285166 0.6484252959075611
0.19893482488165404 -0.12371101291026143 0.6462342291656178
0.1998991044451941 0.0383295677482316 0.6413037329497975
0.19195556105619005 0.20336193209132247 0.6352779417815846
-1.4020564320738984 -0.4674897781442926 0.4054209738555592
0.16562188759191798 0.37437339978084516 0.6270610838714283
-0.8230862630944955 -0.4612031531552674 0.46774645145565685
0.12570246467310398 0.5501006376976072 0.6172005682769459
-0.27810863348337733 -0.4493975839501534 0.5261766463103932
0.2138472767063604 -0.4262811598283598 0.5784861594024342
0.2805231915555595 -0.28385482040724597 0.5812680273833912
0.33813538094658924 -0.13895905644007378 0.5829374342742604
0.35335973591196534 0.01838300044411234 0.5795986204925221
0.41199275937694324 0.1629275370147063 0.5812680273833912
-1.913462022565625 -0.7049528906582427 0.26672764118344006
0.390290925175087 0.3317584594932015 0.5734774618926686
-1.401453522850943 -0.6745790418167292 0.322196677285735
0.1887752304419763 0.5564001957227322 0.5445405989471119
-0.8083001924307212 -0.6698324064595056 0.38728876407772717
0.23026745768981272 0.7072693233892196 0.5439841299834889
-0.20608338364789347 -0.6717367150733988 0.45351286228329357
0.228142417051032 -0.6308011784739112 0.49992628391415295
0.4518478483961985 -0.5330775987173801 0.5214349776092213
0.5467959879708744 -0.39969563304786604 0.5276610403838795
-1.4564454423329778 0.3446018182362227 0.28483982380062756
-0.9725871232435992 0.3703627348523888 0.336913302499358
0.4295305965397347 0.11829032715978016 0.4982282667937916
-0.10584298060138053 0.44246407981390234 0.42917414005428967
-0.24523935900707983 0.6496755621342434 0.4070994406524342
0.318486670145532 0.6400656276675161 0.46879549320370373
