1.997971931681633 -0.5048080395562664 -0.22601979985077492
2.081605608172268 -0.17633014089055976 -0.18799537434418312
2.048240929485644 0.03864266709533126 -0.1712688805087339
2.0809641156127157 0.3145521553061883 -0.1429194809420835
0.29542606077323796 -0.5947643085349448 0.4121785758511294
0.40898052447950306 -0.24098518634518484 0.44992405162017235
0.38472915406053687 -0.015276147296642506 0.4659863112942446
2.1416348261131333 -0.37705031163101665 -0.38311570896942726
0.32837701373587436 0.1802507101642874 0.47691971049468407
2.139495535967882 -0.1312067953221714 -0.35999673619110695
0.23959871869138283 0.3459315408824253 0.4827237723843325
0.15520642832892406 0.5151019353910051 0.48910671458403954
-0.06257764671060784 0.566140754512908 0.47496324763457665
0.5284829153147967 -0.641112446669041 0.3344841598049868
-0.8782884706109684 0.5862448063903081 0.4080896972195376
-1.1912787489945913 0.561416932988017 0.37974649653594383
-1.4595456625017675 0.5769946934584844 0.3582573531643618
0.07200464549178776 -0.061203466152885966 0.3434711097256411
0.37834962859186305 0.45975074266309335 0.4113269446865786
0.24608962887772634 0.5855511196136014 0.41026598200957665
0.7010915452956965 -0.679665990651948 0.2527247069851626
-1.3322520044584536 -0.06416517822574974 0.22420555339019188
-1.075640591561708 0.4054293124323216 0.283398210860895
-0.11660617891830327 -0.6796316317682454 0.18350225672881493
-1.1517160572657161 0.5850121082554054 0.2910757659451235
-0.14973740152306902 -0.45882852520620077 0.19886738047759422
-1.4652275660898795 0.5618090192186251 0.26230436549346337
-0.1818088081434155 -0.23824304376241656 0.21423679576079735
0.5239598354930308 0.6405520211043836 0.3465853332058657
0.830825906412656 -0.6571172373655507 0.17274624095122704
-1.1190022101524164 0.4190073250762083 0.18672424540679344
-0.0669595480031262 -0.48191859490520983 0.11027914271514305
0.6083506143117887 0.37708532828967734 0.24040180430571922
0.7013483263390299 0.7041380733024312 0.2756620048062075
-0.06700223661364646 0.5069296616656338 0.19232469782988915
1.2605760816829843 -0.3156302133177036 0.14651733622710594
1.256671320439935 -0.07147222812494292 0.16711765513579735
-0.8624273318665985 0.2992254091719637 0.10548120722930321
1.2467147479846972 0.16554314201528797 0.18651205287139305
-0.8039036657793872 0.5951681481145776 0.13481861338775047
1.1757641947211397 0.3451744412391662 0.19561964259307274
-0.9961130672833889 0.6735387069830416 0.12421995387236962
1.0909236993760203 0.5115064853831903 0.2023134826199282
-1.2109299418090131 0.7334963132442489 0.1100564597622622
0.9810050654378415 0.6547099516450992 0.20477682337920555
0.8273051797085316 0.7584658592717233 0.19998699412505516
1.8222651348676777 -0.5173667111424258 0.08616882548491844
0.7146165175502688 0.8992098171596723 0.20186239466826805
1.7624898979271109 -0.3252058745808384 0.09781843409697899
1.7469312320559283 -0.09221538733841683 0.11684566722075829
0.09189571273630293 0.8311804349408085 0.14090448603789696
1.674575519787723 0.08618845439759326 0.1260500548855532
-0.14160488950555816 0.8565829776035727 0.12220913157622704
1.6018311761666126 0.251343689969854 0.13400179133574852
-0.43086280140578026 0.8713762282482911 0.09758383021514305
1.4665873161798686 0.38263614274633184 0.13342624888579735
-0.6950721709041261 0.8734744210397487 0.0740762351528872
1.3378570910564633 0.5078405005225939 0.13282734141509422
-0.9770257449349913 0.8742792467242779 0.04880291209380516
1.1508119313024139 0.5800752682174739 0.12241369471709618
-1.2670239105667918 0.8702179944820472 0.022335588790582506
0.9527775462583605 0.643212174989845 0.11016994700591454
1.8411137847962635 -0.21151111746331708 0.023591101028131334
1.8620867626160873 0.05512649589006102 0.04910665736358055
1.7866395842203104 0.22971187182840325 0.05780845866362938
0.16158305686911945 0.6641278999683493 0.04097658381621727
1.7264868054615619 0.41788641385804937 0.06900840983550438
-0.06695367281534459 0.70560630243547 0.023871004439996568
1.5905941172889726 0.5354347677548716 0.06713777766387352
-0.3255869826836886 0.722158203315832 0.0018687842861879744
-0.6070851184943677 0.7206154371120448 -0.023800790451360854
-0.8777920861462292 0.7303204695121046 -0.04761594548065773
2.014427933539835 -0.6041705949003386 -0.09658759846527687
-1.1639982605116899 0.7286094362923201 -0.07387059941132179
2.090267311553717 -0.28218084137196797 -0.06058257832367531
2.099579299538533 -0.026056902545327887 -0.03659290089447609
2.052496340359127 0.17511381892338918 -0.022717893265081557
1.9810267781069797 0.35245155536937745 -0.013264596603704604
0.23760026968453474 -0.5253687354794181 0.5062890647427309
-1.0723112332935756 0.8452942474513527 -0.1494197250827085
0.20486256099731293 -0.3055365616909995 0.5209947227017153
-1.2829410588955312 0.9091093894949154 -0.16360181584198585
0.13265870122708634 -0.12257892298086759 0.5295239089504946
0.05755869127420965 0.057136098258588675 0.5374980567471255
-0.057555239343997755 0.20056708202132256 0.5393005012051333
-0.1609845975707742 0.35424972357114015 0.542795240737604
-0.3608249859845216 0.4229329564892339 0.5316954253689516
-0.6317763700320427 0.43049732250925743 0.5099368690029848
-0.9069041851401209 0.4362804565942717 0.48763090357940087
-1.190010996806791 0.43707590106231464 0.4642158149258364
-1.1540673250987652 0.7165637686116355 -0.27123445286591163
-0.48740795526398983 -0.6916395432841895 0.6652165053860415
-0.048461222096392476 -0.5645966263756712 0.6995912192837466
0.08784827529193251 -0.34054829453114976 0.7050185798184145
-1.3178549858851198 -0.7774610687676677 0.46498399958770165
-0.4283602613556923 -0.790361117479403 0.5438128112332095
0.19972182798679228 -0.7246293250186504 0.5972872375027407
-1.2129633537038558 -0.6191945876226299 0.33908706889312157
-0.42314751765994174 -0.6022180033698881 0.4095383285061587
0.43687850742871603 -0.6137202917758948 0.48703485713164696
-0.9052934140573825 -0.973619493703719 0.2468362449185122
-0.00704533376634231 -0.9901996354172375 0.32959324107329735
0.5208672212875314 -0.8932050415245705 0.37503725276152977
-0.6727913488710442 -0.6950475170622781 0.13014894709746727
0.09889068667081347 -0.7019099618972184 0.20223194346587547
0.7925927194231264 -0.6614826426640619 0.265547811843561
