2.292481389985774 -0.13777456525926013 -0.21568395325044598
2.3348834326837675 0.18458560659892598 -0.21232034393648114
2.073381656592293 0.4520082232624727 -0.22583772369722332
1.7722396154157245 0.6963154978158936 -0.24164964386323895
1.384034426883126 0.9230072613318914 -0.26233770080903973
-0.5693711604801202 0.8104109308326244 -0.36994506546358075
2.286421907339083 -0.24945877363481017 -0.36893798538545575
0.40501124180787684 -0.650337250850713 0.7699107962002376
2.308943569571479 0.06849920835295009 -0.36649514862398114
0.3678111898369387 -0.3395478934238607 0.7684593038906673
2.259692281840451 0.369218720536443 -0.36821986862520184
0.33172230155423676 -0.02874100888785236 0.7670197325100521
2.123877286780985 0.6501370546390959 -0.3749571008334538
0.18956526832820586 0.2577873989969337 0.7609863119473079
1.735632761783343 0.8751614041341771 -0.3962097329745671
-0.015048454905926434 0.5309293334948677 0.7522339659084896
-1.053219702062023 0.6223348581590322 0.7076272802700618
2.3017015421449933 -0.1683724958645012 -0.5202942056308171
0.6160241862385369 -0.5372123797591613 0.6236834364285091
2.334232771629278 0.15172387116870034 -0.5171070260653874
0.6230067104467523 -0.21696072219413587 0.6242632704128841
2.212309896007568 0.4355691637674841 -0.5231075448642155
0.5873545899923265 0.09293705786695661 0.6228957014431575
2.1643460744341247 0.736543482832225 -0.5247855348239323
0.5235812087327254 0.39623910617214086 0.6202316122402767
0.4559865749966896 0.6986556414733656 0.617359145199261
0.9538484378375003 -0.8075046816097977 0.49907396606107746
2.372316344539392 -0.1680026584176897 -0.6686191720614811
0.15307925760501107 -0.6795402063946554 0.4623503523220638
2.351376367707786 0.13937572061532677 -0.6685047311435124
2.2975236434917505 0.4388292557681339 -0.670452134097614
0.28850019739271815 0.6290499587054033 0.4699392156948665
-1.256696388336941 0.6086591957377792 0.3985133009304622
0.9373827611415813 -0.8761201751238552 0.3277554350247005
0.6029845230652775 -0.637584635849306 0.31215523055692707
2.2320065292144626 0.03256898481093273 -0.8287525338778874
0.26921558528680123 -0.3969605827753906 0.2965469198574642
2.275022785430533 0.3549287610592238 -0.8245806855807682
0.1734627732939238 0.53877433274406 0.2932710485806087
0.8558787699093457 1.0386213297554523 0.32666157058378253
-0.965293208077572 0.9290873040708458 0.2389178114285091
1.5150348739275863 -0.8321759720310649 0.20152328780790363
0.34547568374429716 -0.7957250615872749 0.14355991653104816
1.0637841060098197 0.6422111454542403 0.1820173101772884
0.889783490505863 0.919077874809572 0.17378853133817707
1.7448541246989784 -0.43031190174409595 0.06036423019071613
1.9028704690995148 -0.0784020202387552 0.0693616705288509
1.8968744951654628 0.23386575465922554 0.06979130080839191
1.8189787176329517 0.5292889016475435 0.06644056609769855
1.7226278562197344 0.8206605292639093 0.06208704284330402
1.1786480239957982 1.013570769959525 0.034445269619427066
-0.1913703611155988 1.0149592476061855 -0.03614856430391278
2.092484715822728 -0.6463407941567425 -0.07535459228853192
2.166978700160154 -0.3145816105281405 -0.0703935784945866
2.103154409408887 -0.0007524858180527616 -0.07287217804292645
2.0390508213186784 0.29730745765757227 -0.0754585427890202
1.8202005404276278 0.5601400961854939 -0.08640767761568036
0.9477024124223234 0.6620293613431549 -0.1325550241122624
-0.6759495734399046 0.6039580439406116 -0.21908141800264325
-1.360669516259943 -0.5621651879606677 0.9237770872463802
-1.3814163892669633 -0.432152798894883 0.9151244001736263
-1.3227417583524037 -0.33139751831476616 0.9177865820278743
-1.2822758505824048 -0.2238977908624129 0.9177865820278743
-1.2599448003151998 -0.1094603970416621 0.9151244001736263
-2.190634486568957 -0.7871754201032797 0.41126106551786457
-1.2371969588436436 0.0049623946982571 0.9124622183193782
-1.839278794201178 -0.7871681820414054 0.4599098997463802
-1.2186359903802284 0.1211749668674873 0.9091338949551204
-1.632708012880535 -0.7378346349807057 0.4860491590847591
-1.2411300237893776 0.25376586914608623 0.8998150663723568
-1.3191742385328702 -0.7284968386388666 0.5288896398892025
-1.1617923058225763 0.34629988359578157 0.9051403837551693
-1.0431344876684783 -0.7076246332135039 0.5659203367580989
-1.256871438285792 0.5087521372525874 0.885171874081097
-0.9111739750794996 -0.6353904872266813 0.5804424124111751
-0.5149268903242863 -0.6625933439133398 0.6363520460476497
-0.20255348878822943 -0.6609806854617784 0.6791920500149349
-2.260744895134234 -1.0097296260393076 -0.12101413437227215
-1.9474600581515702 -0.9941296503691177 -0.07364560791353192
-1.6065086871780565 -0.9903553248540131 -0.021460072482623715
0.5572090669407146 -0.6001650517106825 0.7801198797573665
-1.3077925614489239 -0.9740179120093213 0.02349947265287433
0.5967262683742263 -0.49922773840380685 0.7801198797573665
-0.9907561335578663 -0.9662797421165461 0.07167051604887043
0.6319946374797709 -0.39660017017500415 0.7793936567654232
-0.7065349414406654 -0.9488724231153842 0.11422155669828449
0.6492709269785379 -0.28670642020989057 0.7757630186428646
-0.4179251465163638 -0.9350131939971948 0.1575755911221126
0.666959467660412 -0.17679516681077878 0.772132380520306
-0.1434830561963203 -0.9179019448533463 0.19852112105985675
0.666751987198289 -0.05936109128047562 0.7655978041042903
0.6670171340178435 0.058214831527322985 0.7590627508511165
0.6677484535916776 0.1759349749648056 0.7525276975979427
0.9549909823754987 -0.9827775663578517 0.36952827743192707
0.6735120953432947 0.2918684064482875 0.7467188673367122
-1.577392248380395 -0.8653203320438099 -0.6747422380099675
0.9885641246335659 -0.8814508972941457 0.3687257604946712
0.68428190987823 0.4059700688877701 0.7416362600674251
-1.2377795478793168 -0.8646976542404801 -0.6164088410983464
1.1696522664116777 -0.8375336193958027 0.3936137991299251
0.6682367826149616 0.5318742367826061 0.7321972685207943
-0.8800447062623995 -0.8730077336242719 -0.5544848603854557
1.2634454697101631 -0.7604169152841802 0.40324829391141925
0.6935535305120233 0.6403017254712449 0.729292853390179
-0.5781737104576656 -0.8633973717049983 -0.5033302468905827
0.6830302578974354 0.7645993395282797 0.7205791311611751
-0.2996766965101436 -0.8472253362705562 -0.45666362472871747
-1.0946876146212468 0.4147637681224836 -0.023869053805865903
0.010815772478206753 -0.8449216160062853 -0.40371371933320965
0.3025542000834811 -0.8376952454177076 -0.35435439773897137
0.23853608772443025 0.11723689508858648 0.1953096227993587
0.5939778400116467 -0.8323703655780275 -0.3049945993075749
0.3444031132035015 0.1928674449445289 0.20654962829252277
0.8942598305851668 -0.8324862428460804 -0.25384046264986004
0.3821350500793059 0.296445191223059 0.2057466345181087
1.1758549387270705 -0.8274155847366167 -0.20627547928194012
0.42023556054573774 0.3999093933611775 0.20494364074369464
1.2986284800541874 0.1453650776057991 0.3526687460293392
1.3044772003633298 0.25931339474493953 0.3462457495083431
1.868093434110495 -0.7626339610165687 -0.09319736191133465
1.9161485043682518 -0.6699710220097472 -0.09140254684785809
1.1051048117070863 0.5806789289595535 0.295666201626263
1.991822643597203 -0.5887079286511376 -0.08422280975679364
1.0944998193534765 -1.1697591695353786 -0.9667020005832097
1.1713032056867085 0.6697090453142636 0.2996802168240169
2.063181663759032 -0.5059517139198242 -0.07794095703462567
1.1228723015098652 -1.0672078308079715 -0.9687366647372624
1.2332709017240688 0.7604450119819717 0.30289171508451496
2.143856049244885 -0.4273535131678745 -0.06986381241182293
2.2020886789174448 -0.33960778928838486 -0.06627418228486981
2.2334571839820896 -0.24055353502291155 -0.06806899734834637
2.238077838915583 -0.12990518920505778 -0.07524873443941082
2.2747147819938967 -0.032873830013874894 -0.0761461419711491
2.3071936240142428 0.06601789308229122 -0.07794095703462567
2.3085502976003944 0.1787800638310575 -0.0860176248202702
2.2475033379646234 0.3197926093859049 -0.10665895172456707
2.2095247078446754 0.4512601215652374 -0.12281324097017254
2.118419764077469 0.6076163054757302 -0.1497368974337956
2.0682978274379735 0.7462594604820225 -0.1685829324374577
