1.9969569222526502 0.7196389599028565 -0.30508502516596714
1.7156389978438966 0.7373557783056595 -0.2797659257396976
1.4266250254422346 0.762328551500862 -0.25343545470087925
1.1423047871985972 0.786244326094454 -0.2276261666759769
0.8913555914610072 0.7893403388008884 -0.2059133866771976
0.6571962265492886 0.7825899918497004 -0.18625386748164097
0.41114601636684256 0.785731855825166 -0.16507085356562534
0.1655195933904423 0.7903106574977561 -0.14389689955561558
0.4851300958546432 0.5586534134474923 0.4150330206409176
-0.07968499194241474 0.796329675757717 -0.12273105177729526
0.29580461773805666 0.5234485554405963 0.42703167405278286
1.9671678868719198 0.7463919298591164 -0.4446214059337894
-0.3042027114962309 0.7893517420668115 -0.10412868056147495
0.013334816142119621 0.5557918014646961 0.4490520140186032
1.6736225289223512 0.7724472219118041 -0.4168670991405765
-0.552617691340572 0.8010687607212401 -0.08246978316157261
-0.20377874423181197 0.5433326705523456 0.4640862127795895
1.4259705711991018 0.7696394620890885 -0.3949344972118656
-0.7683259211651432 0.7909186474968188 -0.0649054864391605
-0.4165484413564826 0.5291957751201193 0.4786759993091305
1.1088583371085434 0.8158643078795884 -0.36402972731440464
-0.9877518120078577 0.7849311431770194 -0.046838603352002295
-0.6451391630406675 0.5279932147277564 0.4950014730945309
0.8826591050291341 0.8021304152823969 -0.34475787672846714
-1.2228707618319277 0.7919762499732665 -0.02673753294794956
-0.8291852759623026 0.4956877062690457 0.5065237661853512
0.6281372285375681 0.8094885534391181 -0.32179721388667026
-1.4135735998480783 0.7678508831087472 -0.012261233662060889
-0.9289714916284595 0.4021926260415971 0.5088831564441403
0.3822265035917525 0.8126645338717231 -0.2999027589306156
0.6402518192344644 0.6258417057849766 0.3372685095325192
-1.6200228458991859 0.7566687122870372 0.0042492529407223145
-0.9691215799651047 0.2644839205930021 0.5046974798694333
0.13267716642691596 0.8201388852639422 -0.2774885514721195
0.4427441075069112 0.5954113241611094 0.35039965119511685
-1.7903675886517618 0.7197858430915751 0.016156830455370752
-1.0417261890689815 0.15069624569136497 0.503992714549609
-0.10020339404975687 0.8175972632880617 -0.2571957925304691
0.20069109565531562 0.5977122479512151 0.3684159895435055
-1.905045196897035 0.6418415368707824 0.0209094664111813
-1.126669171966924 0.04613526471893348 0.5045892378345211
-0.33675163423951915 0.8192834725887899 -0.2363832810863773
-0.040943446301255904 0.6014291956274351 0.3864227911487301
-1.9842806429944204 0.5373100927086285 0.021059670116015283
-1.1564809918326517 -0.10034727463929372 0.499077000285693
1.6751032944558801 0.735666269104458 -0.6334675172313968
-0.5688696955073027 0.8194453143453901 -0.21610864195673862
-0.3023974285667066 0.6210731543012713 0.40664450135380825
-2.040187393730889 0.4148906586365926 0.018140473033495752
-1.1671752192082323 -0.26206905244689294 0.4913803717151364
1.468646394582919 0.7050452779927054 -0.6160133698925296
-0.784477786778325 0.8093059228281345 -0.19795354399531284
-0.4140080603519749 0.5342833120369832 0.4104038855090817
-2.0887226017928953 0.28652239005263924 0.014194645549364893
-1.135265779093146 -0.45748131687117866 0.4788834234729489
1.2049318354011973 0.7148018753071352 -0.590806804035596
-1.0359415216170191 0.8267327263371325 -0.17505439314692417
-0.7391823433952709 0.6034125641472623 0.43772331681401333
-2.180974521093205 0.1917908289256216 0.015858330394335596
-1.1122097570111293 -0.6472888348121257 0.46725241151005825
0.9416880324151577 0.7261254125444632 -0.5656107285961429
-1.2508340826687743 0.8191667963265834 -0.1569164613231937
-0.9068939629032826 0.5596230387084731 0.44769255128056606
-2.20695662196691 0.04528644816436378 0.008836426402636377
0.6830140730773593 0.7361673942866696 -0.5409773210033695
0.7917957873036698 0.6540978958868688 0.2574230810657223
-1.4534015454725164 0.8039639810026808 -0.14037068877070347
-1.0304911320530152 0.4841552612304283 0.4527632376208981
-2.1906450446529107 -0.13520812223495504 -0.003805957172803076
0.4166550540286238 0.753431921684002 -0.515245280598096
0.6268423830101426 0.5999966514968462 0.2671844145312985
-1.635765827671662 0.7750550084042245 -0.12647183928339878
-1.1462414047534963 0.40332751129258826 0.45693747010380825
-2.1713438852615212 -0.3191931254906222 -0.016964755390576514
0.1792711145183148 0.7522690685264899 -0.4934023240551273
0.3234127591539533 0.6441538009639429 0.29235807862431606
-1.8179599523717798 0.7471436963866362 -0.11258061919062534
-1.206409264489949 0.2811926759083647 0.4548808714404782
-2.1490781344453183 -0.5067011727886213 -0.030639491413525732
-0.06177908651902442 0.7553615182370894 -0.47101338896601597
-0.10932044985402456 0.7822639127427129 0.33203188386113247
-1.9602943290523598 0.6902612835801292 -0.10397656950800815
-1.211419020979136 0.11716561443408224 0.44659391846806606
-2.108401972227071 -0.7102594836277696 -0.046871981953076514
-0.31050601764083297 0.7656326475600381 -0.44752486739008823
-0.18808380668093605 0.6714448330067997 0.33224550690800747
-2.0353952401391666 0.5829112965304422 -0.10435374770014683
-1.2964662121795811 0.013212820514817647 0.4471928259387692
-0.5385973047581984 0.7628586172461387 -0.4268158296093265
-0.267239206832798 0.560911905305642 0.3324519773975094
-2.095099950028171 0.4637146774223493 -0.10684855971186558
-1.2949025238805376 -0.15707783829681787 0.4380056044116696
-0.7743713483640846 0.7672286169378197 -0.4050067285045902
-0.3225753150088764 0.4331288553839947 0.3299314161792477
-2.1395268542016055 0.3325122694508713 -0.11146195921748081
-1.321752757544246 -0.30636180458624773 0.4319230696216305
-0.9896657182847832 0.7583231402699315 -0.3859775880321781
-0.6760921006149943 0.5226371173383297 0.360954441691943
-2.1884307108385883 0.2043908062186386 -0.11555274519770542
-1.2509961351290002 -0.5321771385260412 0.4147235533252438
-1.1806069520336706 0.7329864553547356 -0.3702791551098148
-1.028597907538554 0.6143264367218917 0.39196745362431606
0.842041339790498 0.6854063891580968 0.1851393362537106
-2.1204261491654677 -0.01563153368705894 -0.13548644575922886
-1.4672143545516434 0.7796631898462301 -0.3412922242626468
-1.1599659277880363 0.5452402201840996 0.39803806748540005
0.6117437506293584 0.6765052395467213 0.20248238053471646
-2.1551039259069853 -0.15634861641001807 -0.14169963393061558
-1.6296250161042565 0.7359898740966457 -0.32948859724848667
-1.2555197624735541 0.45000109031184454 0.40002218690068325
0.38585932570413206 0.6660784819217431 0.21935383286625942
-2.163144757940273 -0.318756149622915 -0.15161498579829136
-1.835669796404062 0.7259934975234366 -0.3115981439098636
-1.303586206457993 0.31926201699695644 0.39656034913212856
0.1440296320497083 0.668436739202424 0.23806635346562466
-2.129245502329951 -0.5155593850197655 -0.16734107527583042
-1.9819747618094397 0.6721913150437064 -0.3020251611217777
-1.387934729232768 0.21562699999172086 0.3971726080432614
-0.0892661870121998 0.666429311536207 0.25584475007206997
-2.12347304275292 -0.6910476286717642 -0.1793793061718265
-2.0729443826309932 0.576975087755002 -0.3002146104320804
-1.4211466055997022 0.0730565427779366 0.3918849607959469
-0.1724057426330745 0.5500125403825891 0.2560645720020016
-2.1327356710204555 0.44969853830546347 -0.3033879617199222
-1.3958679364701112 -0.12340019143257397 0.37934795823247036
-0.2559660536398951 0.4339003541357731 0.2562777182117184
1.6798358804875733 0.4754318515795273 0.037899651195116846
-2.1693848073342537 0.3125358597024417 -0.30934508833735386
-1.4226488673739937 -0.2723677919014005 0.3731423994556149
-0.42854252826143124 0.39942738928413846 0.2675539633289059
1.3411230540672818 0.5442069547705453 0.06828991379887661
-2.214466066052921 0.181463638765885 -0.31419929060786167
-1.4225998415629277 -0.44285782505224613 0.3637591978564938
-1.1609505706323233 0.7661495237740148 -0.7070396760448734
-1.0065338718213042 0.6547260320897892 0.3250357290759762
0.8189965493805147 0.7335843038355079 0.11940399613530239
-2.213189651256272 0.013611752797809906 -0.3257072785839359
-1.3763680785775136 -0.6505200108509186 0.3489314695850094
-1.4074527632920137 0.7829049030841055 -0.6817706445202152
-1.1538214734664791 0.5973217122390526 0.3330704351916989
0.7155314046646879 0.6365881399705877 0.12247101273686489
-2.2008312038904165 -0.15550190853335621 -0.33833344969599644
-1.4862119049716398 0.6849320783634925 -0.6810105660900394
-1.241226140858032 0.5044248476345548 0.33462015595585903
0.5015843619198108 0.6256256457293716 0.13870445695073208
-2.1970464932182523 -0.3187646453568025 -0.34985717329829136
-1.2930504013345825 0.3849919762318543 0.3320075651660641
0.29604411322569035 0.6100932032240198 0.15398804154545864
-2.1283525327500143 -0.5434098438090835 -0.371350131367139
-1.3811430063781387 0.28431002015336837 0.3330928465381344
0.05027591597546177 0.6160300786037052 0.173513092662402
-2.0840769148672535 -0.750095968879946 -0.38952573332636753
-1.4219947594975366 0.14782620147356473 0.32862774338872036
-0.20720624241519658 0.6320841643217485 0.19444052186162075
1.7488307162304295 0.7857918505476014 -0.02298100981562534
-1.4594723229389075 0.008324723276070145 0.32369486298710903
-0.19763985442524756 0.45760461938155306 0.18428913560063442
1.4678694053200871 0.8048346575285241 0.0007998129382809083
-1.51361208538178 -0.13572702512679635 0.3196941992297848
-0.4627476948945599 0.4647930795929027 0.2052199026599606
1.2082307985238856 0.8030037756888291 0.02170483079106411
-1.5010257311054147 -0.30658247740984335 0.30919901337773403
-0.7153860670497352 0.4900026019998518 0.22611395325810513
0.9529583067807295 0.8085043096207549 0.04258743729741177
-1.505150937101618 -0.47387370703516973 0.30009142365605435
-1.1558320351263944 0.6470707756969944 0.26866070237309536
0.7104244124369075 0.8070309942977976 0.06202093567998013
-1.4983441413282463 -0.6506686355420603 0.28959194626957974
-1.2630362168949603 0.5606774517886133 0.2721311232104977
0.4600911397414791 0.8126589963220163 0.08240572419316372
-1.350538627012341 0.45985378901676466 0.27323976960331997
0.22650604619327908 0.808331550273834 0.10086170640141567
-1.4343958493987117 0.3563777475536627 0.2738725325122555
-0.010772249096987707 0.8082300747980344 0.11978928055913052
-1.5225701548043418 0.2562064097720209 0.2749687811389645
1.8837573057978574 0.6598996284763441 -0.11215146574824253
-0.2395514082597714 0.8037466976406087 0.13774935212285122
-1.6110656084188264 0.15638112908611035 0.27605978455693325
1.6066132737216634 0.6758065546276102 -0.0884350160106937
-0.42750451358033104 0.7716079219908214 0.15090528931767544
-1.6722825140420667 0.03563743175208067 0.27384869065434536
1.3217712440900442 0.6989727144615285 -0.06375058684199253
-0.6516246699575419 0.7667081667544036 0.1683689733997067
-1.7618011480918057 -0.0802317879808867 0.27399794068486294
1.0745956301953612 0.6899597338395909 -0.043948493336133154
-0.8189317577061956 0.7138037350384141 0.17864290681035122
-1.8196690257149726 -0.18703695988260227 0.27223268952519497
0.8193122547861122 0.7051820264546786 -0.022226176594189795
-1.0144645346543086 0.6990556317732932 0.19320408311040005
-1.8626807465091986 -0.32263484022770594 0.26765123810917935
0.5932355145350954 0.6934515216171881 -0.004407248829297217
-1.2497497268940236 0.7065744040372048 0.21208158936650356
-1.972600327589646 -0.40568537197257015 0.2710615774646481
0.351172031592796 0.6944414295481001 0.015356220866747705
-1.4246676810433883 0.6709488976356011 0.2237607618823727
-0.24207189381036187 -0.21481795284883276 0.6365658422961911
-1.9270819303082618 -0.6124314162896036 0.25564590897709927
0.08512142899537878 0.7140684231841554 0.038039841319628565
-1.57554851650103 0.6183936210442313 0.23255602326542935
-0.28841744449482576 -0.35203414069123484 0.6330510756030758
-0.12362009884377301 0.6948884061865588 0.05387941804081997
1.9791011551418194 0.8080398590838151 -0.1910818437084476
-1.6707776380079622 0.524683415512738 0.23463312592656216
-0.3523404050596497 0.6913808907626002 0.07215181794316372
1.6523150341256638 0.8559199293363187 -0.16091903242915073
-1.7504265850298424 0.4193247259777766 0.23478714432866177
-0.5807001986521101 0.689192806136254 0.09041563477665981
-0.02728730111094535 0.2822374232430849 0.5766331335559567
1.3964108415775343 0.8585418001662992 -0.13923390898554722
-1.8304401037851505 0.31425077029155046 0.23493448701054653
-0.7966092316408293 0.6795446279222825 0.10720697846562466
-0.16824625858872366 0.21509984475613253 0.5831100126758297
1.1944466843429922 0.8263360032998355 -0.12403090987055698
-1.9147660973416976 0.21248869630203648 0.235555328990527
-1.0202306199886095 0.6770006905126578 0.12496630158574185
-0.30525943141195455 0.14571495760561293 0.5891610762134274
0.9228496211689503 0.8430202274094203 -0.10037215742915073
-1.9915746811500838 0.1049355264195575 0.23521057572514614
-1.2074580741128358 0.6491500476167236 0.1383244177356442
-0.4303494837069195 0.06813019877856963 0.5939494749561032
0.6640609877573951 0.8528520082886177 -0.07821687254755894
-2.0609231033889017 -0.008491596648636524 0.23390165772587856
-1.4144672177654627 0.6371778525993546 0.15411535706669888
-0.5355984550574675 -0.023731059418000466 0.5966378828540524
0.438443116198485 0.8415141652376663 -0.0600536683544437
-2.0602836836573033 -0.17710833844327878 0.2239600798145016
-1.5853456269975368 0.5995205557082253 0.16550604310185513
-0.6251593133462592 -0.1270789861575503 0.5976454397693356
0.18867825554019646 0.8485896489496225 -0.03891213927119175
-2.2243050179885557 -0.21619175162645865 0.23413959946782192
-1.736238150964411 0.5478059990300617 0.17445007767827114
-0.7071054579322009 -0.2360980209515957 0.5978094717517575
-0.04844088117195611 0.8485339873059492 -0.01927264723627964
0.3197231825014484 0.5901678797212333 0.49790636506230435
-1.991437887756888 -0.5710729262333829 0.19543425049931606
-1.8673216737964111 0.4818091831531466 0.18094650712163052
-0.7576899190074187 -0.36894670924479067 0.5946194311633786
-0.27299529229961195 0.8412146971418943 -0.001135192249707373
0.08998569525562061 0.5845643802980938 0.5139400145068844
-1.9747792720924622 0.39830525469277855 0.18450848069340786
-0.8206967645538015 -0.49263640691973 0.5926782270923336
-0.5093577784903687 0.8438723359014628 0.018485703136034815
-0.11913759494638043 0.5657875797165652 0.5278283735767086
-2.0666875352434886 0.30313006771371365 0.18611208405644497
-0.7170647480878785 0.8275353531849206 0.034615673686571924
-0.3320409339396093 0.551114103213421 0.542134918834277
-2.1235279646583223 0.1808478245216052 0.18331686463505825
-0.9567016124657641 0.8357597496436933 0.05471817460209927
-0.49627948519018616 0.502528352192412 0.5513064047351559
-2.1455735079524203 0.031096523180270008 0.17612520661503872
-1.1477146299134517 0.8101407282799182 0.06884113755375942
-0.608196194741339 0.4165817143265942 0.5549151083484372
-2.1526622248890135 -0.1310910702228827 0.16697565522343716
-1.3665735198124622 0.8062300713136947 0.08643881287724575
-0.7082996719034185 0.3222766682140108 0.5572353979602536
-2.1527280278172753 -0.29970106942787833 0.15684429612309536
-1.5531100913489695 0.7798597860931631 0.10004869904667935
-0.7966767637255572 0.2194905673606704 0.5582677504077633
-2.1186169754413555 -0.4965470210294476 0.14231745209843716
-1.7275136916077969 0.745578610510309 0.1121575018420895
-0.8534606983835573 0.09317221280712218 0.5558754583850583
-2.0932666453618367 -0.6876754163244474 0.1287595411792477
-1.862034680473613 0.6823177379372498 0.1192838331714352
-0.878911130215343 -0.05698811285530647 0.5500594755664547
-1.9490605676742092 0.5918739951142076 0.12092176880986294
-0.8969629905001 -0.2048574750170662 0.5438024183765133
-2.004744533363109 0.4693784357001798 0.11808411088139614
-0.892062877488712 -0.3794309047420299 0.5345574995532711
-2.045138995961466 0.33485741408124525 0.11324993577153286
-2.0861176288551064 0.20034853944810527 0.10840956177861294
-2.0846569810882443 0.02391647111581552 0.0976001402393063
-2.080001244111699 -0.14763348409382449 0.08677927460820278
-2.064483160012216 -0.328764057932009 0.07445923295170864
-2.0031759850584905 -0.547509427509631 0.05616489854008755
-1.3851330554321493 0.22503723573038492 0.6306273123279293
-1.4145667377234616 -0.09339948835826961 0.6324350019946774
-1.4351277944101213 -0.4113227664430439 0.6337906500354489
-1.7262352503005758 0.3386451408828428 0.48750225510747036
-1.8451133136799172 0.018401573659311055 0.49360338654667935
-1.8403217755721357 -0.29733125046832365 0.4938384672656735
-1.6968361581315747 -0.6094592591985708 0.48750225510747036
-1.9871163026412546 0.5647554992017714 0.3414031645312985
-2.1700723507111377 0.24278235575987628 0.3508950850024899
-2.1644853645068878 -0.07182511587614249 0.3511382719531735
-2.150029299936193 -0.3861520298013965 0.3508950850024899
-2.161615262644915 -0.7011665161096161 0.35186830964238247
-0.03262079845660537 0.9781673664825914 0.0839902540698727
-2.1623769924067204 -0.8459895523931285 -0.12079509291499058
