2.3080303379946763 -0.2545953951059161 -0.5099067057382536
2.2883750841079475 -0.057789657874877776 -0.4947745169412565
1.980115222188708 -0.47990704212772073 -0.011445697666354171
2.243758561313868 0.10239050753958878 -0.4841818178903532
1.9834510249444577 -0.24971987950003438 0.00504762279873372
2.2232896691493167 0.2947847840211004 -0.4695536459695768
1.9473065824952798 -0.07646811527133224 0.01546484577541829
2.1629376730061907 0.43061748607420824 -0.46198743236178874
1.9326101131222515 0.12485816603935618 0.02891999828701497
2.0915202937362416 0.5504608944501079 -0.4564389551889372
1.8690082809421966 0.2576109392417898 0.03499657261257649
1.994089336558531 0.6344050196819921 -0.45543020618075847
1.8149373909010151 0.40246406973102467 0.04237515079861165
1.8762176323049857 0.6907295033076863 -0.4579519594919157
1.7408107205354213 0.5193507763042433 0.046715561031155595
1.7435680939792313 0.7276054912245655 -0.46299618136996745
1.6642414864318553 0.632400643055167 0.050622049449734696
2.195807787697454 -0.42305409568156094 -0.5964278544198942
2.09503980203689 -0.5658525027214054 -0.08451836955661296
1.619882643452918 0.7769546446609326 -0.4665269221078825
1.5492006465737589 0.6939315342990824 0.04888588535671712
0.5185760404495774 -0.6722883290147372 0.43571359264736653
2.1495939375562507 -0.26234015291609225 -0.5856530035745573
2.0859212334423525 -0.35190583436904177 -0.06943601024264812
1.4812389789054805 0.8070104006552441 -0.47258013141269206
1.4132207117982531 0.7281397055905394 0.04411131489162923
0.5829511547082546 -0.36453185038524083 0.4565368329275179
2.130299255116995 -0.06529127072111152 -0.5702604616891813
2.089631382405905 -0.12207705519819356 -0.052579339863009444
1.2578921291976393 0.7270493395393594 -0.49275678050632
1.2650978016138552 0.7471161713380212 0.03760058033352376
0.5249228417272143 -0.21996091329594236 0.4623819028127718
2.1935995104959787 0.2444630423531109 -0.5405008162271452
2.045143887242375 0.03869620608406166 -0.04326361072177409
1.1430355294304633 0.7901406872793082 -0.4947745169412565
1.138131089429237 0.7943869147759521 0.034128490566067704
0.46458342897016536 -0.07930107039853596 0.4678617154348421
2.1389066478801766 0.3884449496980622 -0.5317782725107145
2.019080496746099 0.22357638897048915 -0.0312861765634489
0.9978420822127987 0.81438193690094 -0.5018362368356657
0.9898269440715879 0.8146397111312069 0.027617994426541337
-0.20062314460647457 -0.7184484124114014 0.4010079537618685
2.0438173361195986 0.47626091623153854 -0.5302390421640348
1.9675621777120966 0.37210700960426024 -0.023301299930758468
0.824967337103093 0.8040069992045069 -0.5134374464761686
0.7738792985926679 0.749254248762071 0.011558357356839188
1.9726977624823583 0.5964008533745897 -0.5245949591409635
1.9049931143331271 0.5045985589515709 -0.017090972782320968
0.6425103718038869 0.7827567974930467 -0.5265523756753874
0.6096016376219566 0.7515407588614096 0.002877536891751298
0.448195273286462 0.5466471964877258 0.5032978688467074
1.8813938871686595 0.6887340452768171 -0.5225424135934782
1.8133806483489074 0.5971838394386566 -0.015316423298068038
0.45653413606311233 0.7585297037731067 -0.5401713217508268
0.4884030505140622 0.8092432556409825 0.00027305233364582904
0.2704736802216132 0.534575955199557 0.4945302640188265
0.6872387316031627 -0.7491107367542611 0.37092882740383626
1.7666222149983781 0.749477895151248 -0.5245949591409635
1.719160475564106 0.6860574364227006 -0.013985570789523116
0.25768811880212894 0.7196923740042855 -0.555808481098361
0.2709262623951858 0.7468049254394913 -0.015786107898898116
0.13284879418177908 0.5740217313924987 0.49051171886806966
2.182401035829063 -0.3948481103675334 -0.1334134901773405
0.5793755738326674 -0.6682588154284268 0.37092882740383626
1.6430296215605154 0.7987558382417745 -0.5281864966165495
1.598317675831641 0.739440677926197 -0.01664727580661296
-0.5591489151200832 -0.08551171336983288 -0.6713194216501188
0.15892197175622158 0.8174622397668116 -0.01708811175937175
-0.09858082254793032 0.49753160131492535 0.4755335484731722
2.1970645275749447 -0.14884687546515707 -0.1144172514688444
1.4443208503865996 0.7495071816636241 -0.5446056689035368
1.4564983705171528 0.7655439148244874 -0.022414144397921554
-0.7868267169581031 -0.1510390852722665 -0.6909913386117887
-0.003065982224001118 0.826630290303104 -0.025335010410494796
-0.17696292193262764 0.612111586555951 0.47845608341579915
2.039755202464658 -0.14511849807242783 -0.6481861437570524
2.178356769909115 0.04812378522425931 -0.10084837329501628
1.2752131322266251 0.740794485168653 -0.5558938349496794
1.2692021608564055 0.7329350785783788 -0.034835037113375655
-0.1810256607029075 0.8172832040587075 -0.035751994968600265
-0.42198149307351684 0.5221534702728832 0.4620168839681673
2.2164856468999012 0.3219848744473488 -0.5975739325296354
2.1695034233962254 0.25696170702206445 -0.08592241656894206
1.1270250198960454 0.7604916849567367 -0.5635899866830778
1.1452390805529973 0.7841348705110356 -0.037940200687594405
-0.5475690661100927 0.5799080221242825 0.45945960628872395
2.176733803411114 0.48594292207314993 -0.5860947932016325
2.1178916946824202 0.4051011882105584 -0.077781137348361
-0.12706225906429225 -0.6998037885048447 0.3368924294698763
0.9421068721541666 0.73370448126159 -0.5774437750589323
0.975554825799243 0.7768120310504791 -0.047699626804537765
-0.7048549843725489 0.5997710174530368 0.45324880230312825
2.0996405229320203 0.5976832071367433 -0.5813989008676481
2.0611624058983047 0.5452062234677122 -0.07054465663547038
-0.28381803332485234 -0.6790068273734597 0.3309083615530062
0.2299393864662882 0.03382943069071587 -0.6795496310007048
0.8484853594660571 0.8252612299993629 -0.05124848735446452
-0.9229815532337184 0.5476130188436734 0.44009715664272786
2.0053382038288525 0.685602497977392 -0.5798332060586882
1.9844364429090824 0.6573038954079458 -0.0664738978158903
0.5358376366059936 0.5852950247016082 0.443489614604764
-0.038231493119990745 -0.09084952283139458 -0.7067434157144499
0.6444630241615492 0.7764042974385958 -0.06588714969272136
0.7912798476452743 -0.7768029663721023 0.30627471554165364
-1.084038758645054 0.5653501135790258 0.43352181064968587
1.8846635560392038 0.7379020128294123 -0.5829641188394499
1.8814767189807604 0.7336207551711915 -0.0664738978158903
0.26554576735931334 0.4555465839222492 0.4232922230947542
-0.2055965883924813 -0.08541762934142128 -0.7170056666147184
0.49551163894252426 0.7988589576603076 -0.07254117381686687
0.701240136522653 -0.6723673345326446 0.3085709248769808
-1.2195044314134762 0.6143081053038841 0.4298682843435335
1.7611132507272522 0.7867150763629205 -0.5866166914712858
1.7758011463647634 0.8063133297216005 -0.06692617786044597
0.15878133833625796 0.5339636282500493 0.4229181443441439
2.1825685596065227 -0.46080443585454844 -0.2042431200754118
-0.31113343745555255 -0.0014518796602907003 -0.7170056666147184
0.324686416827241 0.7947538075129472 -0.08230059993381023
-1.3969732690199983 0.6145060257324424 0.42146617519741536
1.6496168008979275 0.8519038680311759 -0.5881819094430876
1.6493579846376747 0.8515622378878795 -0.07054465663547038
0.049160244197352654 0.6088793429158059 0.4221702252615023
2.1650883763024638 -0.25934969545433617 -0.18995278728122234
-0.39767229559502226 0.10614057056886494 -0.7139267290842009
0.16291206433015404 0.8031289266704889 -0.09072917354220866
-1.6169589991297677 0.5663815658340141 0.40831452953701497
1.4751021344108572 0.834391203217784 -0.6007043684732389
1.3391127312860434 0.6555555131182729 -0.1017526949655485
-0.17308763785639059 0.544623302734287 0.4079571400869417
2.1632385628587656 -0.03790296541423288 -0.17335718524569987
-0.48375911225707213 0.21396235745756798 -0.7108485068094206
-0.030437493381334946 0.7735784684294806 -0.10359328639621257
-1.912576650049271 0.4326495845649845 0.3867602978933382
1.3001931750615512 0.8177371670294882 -0.6132273043405485
1.1059552222766555 0.5641380765652606 -0.12120145213717937
-0.27327903956488697 0.6323385450316863 0.4083312188375521
2.092790014358581 0.0862556129113834 -0.16782563579196452
-2.215975078898122 0.2931039465765295 0.36447579014187337
1.1309734437122287 0.8098228671004257 -0.6247059668313932
1.075672142019993 0.7381404496577701 -0.11034649264926433
-0.5470639408513946 0.5083602439830663 0.3881338273275423
2.1165652960765797 0.33944631049350704 -0.1475421751748991
-0.09365749064942719 -0.5993896032959398 0.2760391865957308
0.3877971631062529 0.06453641050644876 -0.7342790926706266
0.9393887447933693 0.7743765666250795 -0.11532181155795573
-0.6219503433910596 0.6281096709572509 0.3915000592458773
1.5102980804779271 -0.29344770706309475 -0.7599524821054411
2.0036753790201516 0.40324999164755226 -0.14892500293368816
0.29503926595201335 0.16209516856321216 -0.7321919764291716
0.833777749899884 0.8504212306626044 -0.1157740916025114
-0.7855821578483209 0.6407024171821973 0.3843937550771761
1.598605341742413 0.04874969279572028 -0.7249426211130094
1.9470898748297927 0.5436285514160879 -0.14154952418918132
0.9216340220174146 -0.8364592375771345 0.2476902638662386
0.5646314895874589 0.6767223743201605 0.3843506013143587
0.21499218474769322 0.2755552278831601 -0.7280175055276823
0.5804456207410063 0.7391395193366286 -0.13793652904147624
-0.9718411906283819 0.6273209426640562 0.37466913807278157
1.532035307181534 0.17832871542339745 -0.7180466021310759
1.7962490676872847 0.556114846154717 -0.14892500293368816
0.8223818620847787 -0.7444186711319212 0.24886185276394368
0.1675038322578999 0.38687868272980097 0.34799152958279134
0.1354456785088125 0.38920583731788483 -0.7238432730447721
0.5211277581007892 0.8749508972466025 -0.13160436999911784
-1.1649249232467653 0.60726152276591 0.36419636356716634
1.7131103540003387 0.6385615576831718 -0.6671230162393522
1.7018825765531496 0.6450505821034866 -0.1475421751748991
0.03872783305834915 0.43837720104431455 0.3449299966085482
0.059509535840724936 0.5069262134516066 -0.7191476191293669
0.25099548928093185 0.7463715339563173 -0.156028207660861
-1.3358439941417792 0.6147879663406179 0.35634190189724446
1.6250358242749776 0.735685556965759 -0.6644710863840055
1.6078678545923886 0.7342842458559886 -0.14615934741611003
2.101761784800569 -0.4144779501362805 -0.271044191242404
-0.0806100331784414 0.5020610409946151 0.34301621067409993
-0.028359852055363177 0.6093329509383061 -0.7165386046182585
0.20458473259780163 0.8985479970916863 -0.14788692844027995
-1.4972878559960279 0.6345128275593801 0.34960943806057454
1.486307961176184 0.7657164784566923 -0.67083614719028
1.3817960592510552 0.6493023539506844 -0.1650595034372282
2.090516800491706 -0.20488050773500532 -0.2555450762521696
-0.16526902237954033 0.6088309500758378 0.3453124200094271
-0.10641357940903973 0.7235687315477364 -0.7123641337167692
0.011504729071791786 0.8689288870163274 -0.1610035265695524
1.3203589236523499 0.7607952776472153 -0.6819757784616423
1.2757870271354435 0.7237640299708481 -0.16552060496921062
2.086292952964314 0.012508283527917996 -0.23910659206027507
-0.27153291715178796 0.6887935949128128 0.3449299966085482
0.993437916371942 0.5478144841190336 -0.7212294901620817
1.176103062180708 0.806502198092506 -0.1650595034372282
1.9898428094025782 0.10056281143600998 -0.23769753825778484
-0.7288518873278811 0.3415782770426823 0.30206448185329915
0.6799907791977731 0.3564188895433631 -0.7578305567514372
0.9882468456458078 0.7754725456405893 -0.17796700847262859
1.9612520337566153 0.2814025179559465 -0.2254859770547819
-0.6771556780211547 0.6155629733139811 0.32081801044826985
0.6035153756245251 0.4725623241838228 -0.7530564631235075
0.8550615424520878 0.8160272598619756 -0.1825770701181364
0.6963930313622626 0.6235045001824844 0.32814485180263997
1.957247962769273 0.49415221427910794 -0.20951693904513835
-0.8408871179659307 0.6284099897255011 0.3135464822042513
0.521426504469531 0.5810613311968034 -0.7493433321725798
0.6633957185690633 0.7828051854817524 -0.1959456766855192
0.18026069168053738 0.17939993494101003 0.2758100663412142
1.8537172448829544 0.5705646972684448 -0.20951693904513835
1.0117175750942096 -0.5548860913898679 0.1957648431051302
-0.943932040934083 0.7145894152090584 0.3135464822042513
0.4459860497086403 0.6975693491250148 -0.7445692385446501
0.5114141261536069 0.8012949173396393 -0.20332139384860515
0.11589830242001753 0.3128044485834778 0.28088742840176106
1.7504554615207368 0.6473380838926239 -0.20951693904513835
1.0357075746744755 -0.29943437431920117 0.21337038624172688
-1.1271333066003706 0.7059469741207316 0.3039782677877474
0.3617742835962474 0.8025779600401926 -0.7413868273508024
0.3251189203598486 0.7776812598282525 -0.21576779735202312
0.014854960628582603 0.3995397644790373 0.2812779580343294
1.6414814451120598 0.716512616999907 -0.2104563082467985
0.9713511041869047 -0.16402706253392907 0.2189722691762972
2.3006315180488706 -0.3462054565728856 -0.3206652964364958
0.28735236850867096 0.9194477088817408 -0.7366122568857145
0.14461809473066367 0.7627728513546579 -0.22729247462863444
-0.11398131374402354 0.45165478538254433 0.27815372097378255
-0.6252494284441568 -0.1842458784575456 0.7538672124136019
1.4823168003924998 0.7088246192131216 -0.7411469782602262
1.5297171890977594 0.7821199922396183 -0.21186536204928874
0.9106636250658156 -0.024576374104455567 0.22497421848659993
2.3006884132125407 -0.12076184709328786 -0.3029658163797331
-0.017481852481463278 0.7719857285709111 -0.23605125796908855
-0.20509589817793028 0.5507948385481107 0.279715839504056
1.406664303662435 0.8224730374311022 -0.7362951601755094
1.4241745226122688 0.8560634687796522 -0.21233504665011882
0.8899767665971048 0.16644668320503797 0.23617774593716145
2.2615454527061516 0.04759911693661323 -0.2919637526285124
-0.25485408171072876 0.7004260093978267 0.2863553200948763
1.246764966562413 0.8258988523284927 -0.7465380991708708
1.246102744607743 0.8356449306542828 -0.22407692325229167
0.8581920892224204 0.34143268473610533 0.2457805310476351
2.1855267995787067 0.16334949563836787 -0.2871801222574186
-0.5031934357165397 0.6073707541929103 0.26838976490383626
1.0249740010481574 0.7609937164642488 -0.24239414584750651
0.8395510349077178 0.5320391643852389 0.2569840584981966
2.177240236336484 0.3719460675762889 -0.27139418971652507
1.442556156977048 -0.6415077812682561 0.14376002895718099
-0.6221996638860325 0.6731665555001776 0.26643687832241536
0.8887242366093311 0.7974693562337798 -0.24756067645663737
0.7392258782061596 0.6162856477305105 0.25738436329250813
2.0850259384806584 0.4636711638959028 -0.26948064220065593
1.4202942823147424 -0.44658336869456505 0.15561586964016438
-0.7665668063748647 0.7087962890054023 0.2613597546804476
0.7678198121971427 0.8541188987868509 -0.25037854564303874
0.6361310530132691 0.6969477088357792 0.25738436329250813
-0.142425957274817 -0.29457331503887474 0.6997907792318392
1.9931860858562835 0.5556737422749691 -0.2675670946847868
1.387309342209118 -0.2679374863294548 0.16583639728909016
-0.9430251783363808 0.7068863014406865 0.252376857875638
0.5389801659066151 0.7745784878979549 -0.26963489902133464
0.32617916235158617 0.5160592335520136 0.23057586300259114
-0.23631798792097314 -0.19517601152497832 0.7011125718343783
1.9432099599754942 0.7039405709542379 -0.25895660770053386
1.3374945176792465 -0.11345750872608917 0.17360431301479817
0.42713486639359033 0.844255792767548 -0.271044191242404
0.08610284996731465 0.42663697715279625 0.21297031986599446
-0.3018271427353838 -0.06037013232677069 0.7054091130483675
1.771939551736974 0.6886659405132249 -0.26995914828891276
1.3093493321400302 0.0689486209570731 0.18423349010830403
0.24697430061671 0.8289229937600737 -0.2827860678445768
0.007301501827626566 0.5406822747265316 0.21617132770901204
-0.39479071587993175 0.03949739774090233 0.7067311440694857
2.241530542411386 -0.16863426440460572 -0.37554686915988444
1.6511458109287283 0.7418575107514798 -0.2728292311441374
1.255254171374208 0.21533859999295046 0.19118363010769368
0.09458153347457454 0.8493476768572741 -0.290300783039279
-0.10232351232561143 0.6161431442873457 0.2153709565389681
-0.49676106820596644 0.12800017970693744 0.7070613538015413
2.1385818143641053 -0.08916086092071396 -0.37505954158420085
1.5184323153777726 0.7796597474131026 -0.277612623096652
1.1928793010560632 0.3498180084493612 0.1969071065176058
-0.290428116226483 0.5847284468265848 -0.3325714434396696
-0.19911612526912847 0.707480557265896 0.21617132770901204
-0.6015490004507278 0.21298403864105708 0.7070613538015413
2.030107667831494 -0.017416568328187054 -0.37554686915988444
1.5947695442569767 -0.6217030081408375 0.08571011173611165
1.3313759503280167 0.7468059391453856 -0.2910067404519987
1.097915753325175 0.44078297731813265 0.19813353168850423
-0.33664539206350597 0.7490147826910878 0.2117698823202181
-0.7313451243932114 0.2674623013746462 0.7044177685964632
1.6219716346591397 -0.35851703119316625 0.10491639721279622
0.14772830826683503 -0.4262365212928607 0.6369555627096224
1.198408933629647 0.7859384523881943 -0.29579037082309245
1.0033145713551122 0.532050598136081 0.19935995685940266
-0.47099516434679245 0.7950003669550583 0.20776874172573567
-0.8959933232684207 0.2801601574500552 0.6981380616415072
1.5154672356634507 -0.2809285234170389 0.10491639721279622
0.14513848006614438 -0.20963053277529653 0.6484883462179232
1.022790704847445 0.7705361358982117 -0.3072711790811491
0.9243273980187006 0.6433211102226402 0.2026305829275179
-0.7040959299555816 0.7227573682924593 0.19136339771633626
-1.0257683195065361 0.3358439524898529 0.6954939995992708
1.9805389750634035 0.5727904267996742 -0.33171242129916667
1.4890109186062475 -0.09464563343851395 0.1161893044698763
0.0976189626356394 -0.05228022633366436 0.6549332772481966
0.8712716450752538 0.7874073480247645 -0.31492489230746745
0.7753664135740799 0.6643868972123066 0.1964982186544466
-0.8132077506408919 0.800816252775423 0.19056326496487141
1.8950729626496035 0.6730994807511657 -0.3287903631936979
1.4338926257805902 0.05143103478011568 0.12328702556972981
0.04782470362184554 0.10111786125474609 0.6610391770589876
0.6734851044711583 0.7462566849942931 -0.32975428950900554
0.7247569279776798 0.8115508375500333 0.20344812023525716
-0.9766987422720099 0.8145027584696116 0.1829608117330599
1.771318690996278 0.7218267622360521 -0.33219951045627116
1.3705791086282346 0.18555240156399933 0.12913233387356282
-0.013611959034378174 0.2388664359039403 0.6657879983175325
0.5245333119972813 0.7685944361893142 -0.33692925822848796
0.5017852829733194 0.7398301267934073 0.18750411617641927
1.641651689600728 0.7631061264955612 -0.3365828360330534
1.3049317677294532 0.31576936589712545 0.134560171245389
-0.086845021616071 0.3611014597372204 0.6691799794424105
2.416726755848707 -0.21135639393012084 -0.4345137442361784
0.3227431259176754 0.7254340054159094 -0.3522369230997038
0.2780375357709808 0.6693100549139253 0.17155987369900227
1.508997109319477 0.8009644971212282 -0.3414532507669401
1.2429264843391614 0.45004276135930255 0.140405479549222
-0.20648021116323534 0.4252346684617869 0.667483869670682
2.336610965300764 -0.10000471532883992 -0.43005221736545085
0.15462213298509653 0.7260215096659657 -0.3622826899301481
0.13458737018114775 0.7010513055783534 0.16624528515224934
1.3491581432171778 0.8038013174359087 -0.35070722949618816
1.169490512650274 0.5685471443995063 0.14458066570644856
-0.3259603487564817 0.4898386818871394 0.6657879983175325
2.2888088264130566 0.05609283012997324 -0.4201375807535124
1.8650146357241582 -0.52649138989295 0.039099756358914384
-0.00751981807790969 0.7351734329480593 -0.3713714445840788
-0.04337599674786219 0.6907972504696751 0.15643340694790364
0.2717948465343092 -0.4402959179499959 0.5736759339559603
1.1860314033776476 0.8034496302126293 -0.3604480589639616
1.0753401975056676 0.6595550394225711 0.14583307850246907
-0.49265395256447775 0.4969933265510136 0.6590037976491976
1.850993644936171 -0.3203236132401841 0.05273872959499837
-0.1870963313860905 0.7239492447026734 0.1511188184011507
0.2809732410796002 -0.20806466008080093 0.5868967210043001
1.0165324323895142 0.7960126734096349 -0.371163066745944
0.9327228366188827 0.6878461178769122 0.140405479549222
-0.6278733341497045 0.5434567234855656 0.6556115781057406
1.8264533146848159 -0.13056944414057625 0.06467277157192708
-0.34667453190898456 0.7384693240874682 0.14376002895718099
0.2455053016962836 -0.035296119408585014 0.5948985253561068
0.8650743928308202 0.8129368381283797 -0.3789560164224577
0.7930890898901097 0.7206979483670253 0.13539511310940266
-0.7885498122515777 0.5597818960106977 0.6495059167135286
2.1738011261344816 0.556292757223936 -0.38642781627292155
1.7589207131104097 -0.0013814427677800722 0.07021338093166829
-0.5000915881685373 0.7614376002180734 0.13721901523952962
0.22019519760162254 0.14912305522307534 0.6039443646657991
0.7257658886722744 0.8462165599337688 -0.3848003710519743
0.6872772653137424 0.7972535388065936 0.13497764217739583
-0.9813899016249685 0.5385937854330258 0.6400082741964388
2.029243519641021 0.5758191371192929 -0.39336794269198894
1.7274303126502346 0.17607716822565678 0.08086878406887532
-0.663201637684427 0.7736219873386645 0.1294510995138216
0.15258782341007304 0.2785623306710221 0.6081193124044466
0.5277148454351348 0.8059772385589064 -0.39989918124789714
0.5755363737246135 0.8663789906510715 0.13372499096279622
-1.2100051109382477 0.4764050652432168 0.6267791424978304
1.9437595185805883 0.6759756353477506 -0.39039367091769694
1.6642979132895341 0.3093440875264264 0.08683592426662923
0.0949092512894083 0.41981173988209974 0.6133378182638216
0.3756429823976113 0.825128807554691 -0.4076916540872526
0.38322768356224657 0.8346401095170748 0.12161690342312337
1.8111232064225327 0.7125481919402503 -0.39535087001437663
1.5869352543155841 0.42272205721040024 0.09067184078579427
-0.01822879674049105 0.49104882729413646 0.6122942601430941
0.20472861400065767 0.8217045348640148 -0.41840666186923503
0.16233797177579845 0.7689258926541562 0.10575133907680989
1.6814646240024018 0.7536627413348391 -0.3998126353036833
1.5041046084431002 0.5283048546247251 0.09365541088467122
-0.15309264167221315 0.5355507519753999 0.608815017818265
0.027242163776122652 0.811379518550023 -0.43009584796542644
0.012771829587148176 0.7934918434691838 0.09948832142239095
1.530814921174553 0.7675539407350485 -0.40774410617465495
1.3916765029818485 0.5943832421913733 0.09237677204494954
0.4648551924145927 -0.6190526800608076 0.5041945611227083
-0.2847833308803871 0.5845067026094348 0.6056841050375033
-0.1505998766124641 0.8019375948436505 -0.44178503406161784
-0.16837219690798122 0.7801224395973385 0.08905035602932454
1.3407911626554636 0.7306955743034322 -0.42212050807590007
1.2794381810470448 0.6608799418232323 0.09109789478664876
0.5630982022027098 -0.2677587096846068 0.5284445916402865
-0.49544285985983905 0.5375442514768132 0.5938547288168001
-0.3277833163179089 0.7946181316575398 0.08153492557888509
1.1987055380379026 0.7579479476255315 -0.4285652006875944
1.1249198358205277 0.6724882003232402 0.08385235416775227
0.505523747369125 -0.1231962307039538 0.534150425075345
-0.6876774225497435 0.5147842046273787 0.5841134225118685
-0.5032457895477762 0.7906706447135186 0.07193214046841145
1.044366810961403 0.7700935800735635 -0.43699258220309734
0.9702019058321163 0.6848128999294296 0.07660681354885579
0.42731931452459904 -0.006209355603580491 0.5373600159872103
-0.8102411463351231 0.5774120112200478 0.5820258294332552
-0.6630958088956689 0.8067353120685681 0.0644169484365511
0.8501022198909496 0.7319295863398878 -0.4518641794931364
0.8581626783756064 0.7528821714621969 0.07532817470913411
0.4293501766011687 0.21322976587531173 0.5498417054403353
-0.990287898138984 0.5716686462990346 0.5736759339559603
0.7044178927581157 0.7573966670850716 -0.4588045443307829
0.7155630953284096 0.7821764488904641 0.0697870885122347
0.3864403464053616 0.3734436614836447 0.5569742356527376
-1.1706663678399138 0.5668275995648528 0.5653260384786654
0.5247092159244602 0.7405789595751813 -0.4711977804910612
0.5111144370378753 0.7339431131252567 0.05572229969387532
0.28559108665492516 0.4592496303094542 0.5573306714284945
-1.338463930001467 0.5781049348105043 0.5583677922475863
0.33840575724897093 0.7168740771846949 -0.4845825995218229
0.35878844755078276 0.7530363186429447 0.04890257465725423
0.1415662178998076 0.490781015844135 0.5526946221578646
-1.600477994048358 0.4802214624417651 0.5413199101675081
0.14542996839801958 0.6863439193166556 -0.49895900142306804
0.187617704023463 0.7495156018365989 0.039525810359768876
-0.018131472536033755 0.5034975991724764 0.5462754403341341
-0.013665079655236667 0.6993940579783313 -0.5078820551645231
0.03804216065651289 0.773964410452173 0.03313261616116048
-0.18115903558491553 0.5130893023999192 0.5394998227346468
-0.14307486091186306 0.7604504937226828 0.022477213023953446
-0.8322472810551389 -0.07619016395418754 0.47744828808193684
-0.3119536040545441 0.7632547944839878 0.013526741145901688
-0.5173577518486674 0.5230409076769789 0.5248785649526644
-0.5001222505362435 0.7438276083163409 0.0020189915884065712
-0.6556874474754508 0.5657779727477781 0.5209556256521273
-0.9119647323095812 0.46720188438202115 0.5038378869283724
-1.0603819767730442 0.5000901314281414 0.4988454018819857
-1.2249440302493433 0.51458657415413 0.49206978428249837
-1.4284379230948971 0.4842464682012171 0.481014553188138
-1.6745821815247766 0.4056889256690539 0.4653235112417269
-2.2274721895328007 -0.026773501675211975 0.41611010181789876
