1.7109714669257912 -0.851562022168487 -0.12567578084612485
1.4121008758001778 -0.4910806875346694 0.11019434206342105
1.3536850796821298 -0.3005597493498655 0.11380972139691714
1.6912621243126722 -0.5856625807047067 0.025720016883367336
-0.9432837242741883 -0.5257550035523622 0.7844426798090876
1.6738031429931084 -0.35987688394371986 0.03205575220441226
-0.9537318745976009 -0.2909728607818778 0.7888157533869684
1.649862329118811 -0.14089802824307895 0.037922518180364406
-0.9708462941512579 -0.062797425939209 0.7928764986262262
-0.061249282713994546 -0.6009169816926132 0.7107510732874811
-0.11531726437648615 -0.40304181956587826 0.7135543989405573
-0.18780092116288216 -0.22108508648435077 0.7155332731471002
1.908825120722092 -0.33465337660823735 -0.049480063988214695
-0.22468692451629124 -0.010584151385998553 0.7189963030085504
-0.29941401064631634 0.16828276738957015 0.7208101915583551
-0.4123216490759489 0.3159111317628813 0.7209750580058039
-0.641789657326683 0.3702958337176838 0.7161927389368952
-0.9026900960200166 0.4010214007391113 0.7100913690791071
0.35790492873790214 -0.44289639158739647 0.6319705414042414
-1.1756545068357127 0.4238849803639795 0.7034951614603937
0.37332206371808496 -0.1887275719124304 0.638047354148382
-1.5040723451488276 0.4051262521374852 0.6945903467402399
0.33997514116870065 0.02350702549984618 0.6418671774134577
-1.7384196230567284 0.46184509456865896 0.689643280433172
0.2960250010051979 0.22604070536844034 0.645166175292486
0.2297634763228018 0.4095218502526379 0.6474231647715509
-0.06092772526416468 0.4106423223868916 0.6396100687251032
0.6146128079683351 -0.7342168229155916 0.5487873720393122
0.6205571943320933 -0.48641638534351017 0.5547760891184748
0.6353892947877995 -0.23265231837201128 0.5611276792750299
-1.4782524021418766 0.47452588848097577 0.6024540828928888
-1.7282069427388222 0.518990059893568 0.5965508388743341
0.6428163096051307 -0.5145901706977014 0.45302762262677554
0.6612863969182499 -0.25760039817010494 0.4599062370524347
0.9828484210047392 -0.5385322771652881 0.3702904152140558
0.9245166220654397 -0.34677940349201464 0.37348713152264956
1.2406473072070483 -0.520212775865815 0.19518174402570132
