-1.440549646238523 -0.9796274428839027 0.1711966272520753
-1.3792366133636023 -0.9600546361373752 0.18742244207141123
-1.3264947617952032 -0.9367982489861042 0.20042149984118662
1.7858791609504152 -0.5718773381909159 0.014481711022827248
1.835080516537019 -0.285178246548611 0.025806593530151467
1.7976762595216087 -0.034739406254502114 0.030190157525512795
1.914368356453096 -0.6108942889035127 -0.10168631113293447
2.0325218086061767 -0.2960595320121655 -0.08448154962780752
2.0088998664905517 -0.04061186174667597 -0.07887108362438955
2.0634990610454054 -0.2158721329664104 -0.20334703958752431
2.035546076013105 0.037527003392643365 -0.197989297277954
-0.04144675251919239 -0.5189275916747356 0.652695345513794
0.04110807753684753 -0.2143870578804581 0.6645919557738038
0.03209132064704079 0.05271320745237773 0.6702276941466065
-0.022377754870277045 0.30144951808874154 0.6727325197386476
-0.38791155653782994 0.4300397404576053 0.6542608019041749
-1.200998139418644 0.3901865069383774 0.6057330843138429
2.227830808736826 -0.1606037481828757 -0.3007896665406493
2.052259434092136 0.03223878445729511 -0.3078201536011962
0.12963718467554486 -0.7481207854158676 0.5306841608214112
0.2018456270738227 -0.44722893674867237 0.542268442742798
0.18260776936425316 -0.18405787493511383 0.5474173303770753
0.1551036909819885 0.07526408242880223 0.5519224878477784
0.1564918785852285 0.3453265000552932 0.558358358972046
1.9601817404081032 -0.08345426526686595 -0.4537108663392333
0.34558740071116745 -0.7407638011475619 0.4175078149962159
-0.16069628305763217 -0.6735819886094241 0.38809268438098155
-1.3969946129293476 -0.6175775651929349 0.31339995824572764
-1.4398942592544586 -0.35835729021549056 0.31703536473986826
0.17464488001378697 0.5417229838295938 0.4383289095091554
-1.8820088964160533 0.5731325765089572 0.3117472406553956
0.4831111185195738 -0.7649666912790387 0.29925744497058115
-0.33289730278200125 -0.8239464366596891 0.24634139501330576
-0.612881543459693 -0.6625510889478399 0.23277299367663584
-0.7209546576689831 -0.43155067740226016 0.23175542318103037
-1.3251853619993454 -0.3949916955514077 0.19444243871447764
0.42319851165611055 0.5587351203777899 0.32876841985461436
0.39381655618213074 0.814868907331121 0.33317773305651865
-0.14749977653936241 0.8759385145053855 0.3002754923033448
-1.4689625877116441 0.6472032704211408 0.21072452031848155
0.67042450337307 -0.633237414649173 0.18871133291003428
0.7521267990976526 -0.33029156082386635 0.20193259679553233
0.6822694057866983 -0.08930158626337104 0.20367162191149912
-0.06857810846756252 -0.11772384174814476 0.15426795446154795
0.5663258841497623 0.6688588823507793 0.21550099813220225
0.3976229206497379 0.8708944885587186 0.20958631002185069
-0.42805334624333113 0.8243852681833879 0.15461604558703623
1.0897096649558478 -0.986566275719138 0.08106963598010264
-1.2828968861260819 0.7728021772643601 0.0975586649107667
1.3726019375542649 -0.6004146428625212 0.11031215154406748
-1.9705605678113898 0.7893958711649987 0.05302588903186045
1.407967233661168 -0.31815838365352533 0.12029712163684092
1.2964891053172067 -0.09616882811123872 0.11887090169665537
1.1857562452951527 0.12627689079712212 0.11744420491931162
-0.6328118473006725 0.4906395370686525 0.0058233019041749046
-1.3665123674943516 0.48324068649703733 -0.04339010751965322
