-2.2352888127098964 0.4999591924638267 0.3986400678822797
-2.2838696588278964 0.03544399264843179 0.39566031248066835
0.024150967112902322 0.89912622651131 -0.8444753572275836
0.37982652261318606 0.7912068334245461 0.22513953000996523
0.12926156923761312 0.578069760010635 -0.8614030763437945
-0.5305531264644259 0.7807915503801901 0.2887057378957074
-1.797906278520415 0.8877538724877425 -0.6929956361582477
-1.2543727463300485 0.7186812781613732 0.338023574657182
-1.740748589173549 0.5867283388029527 -0.7055827066233356
-1.8254981301392377 0.61341737830735 0.3756522253224652
-1.8414019786972347 0.3349383644900499 -0.703846542530318
-2.192143341099751 0.44672967839724365 0.3975714758107465
-1.9618762885125847 0.08968724537788475 -0.7003742143442828
-2.3265061213389373 0.20731102168432614 0.4015897825429242
-2.0642270440348938 -0.1611915857985906 -0.698637573414107
-2.2909892127380687 -0.08716670264533022 0.39245692045185976
-2.1012084839702965 -0.43352033224682174 -0.7029782220652301
-2.0056774723603894 -0.4650747867236156 0.3639616087147992
1.3042039915827104 0.90505589597986 0.021841914958695696
-1.8462931465421804 -0.8037704141905344 -0.7342291757395465
0.5029010945859085 0.8543060507063238 0.07831946165059023
-0.4074674037812116 0.8424159470118617 0.14340010435078554
-1.2264878822331866 0.8085706312853524 0.20137396604512148
-1.864433792997545 0.935573293667499 -0.8356252595713336
-1.8687786466081775 0.7249613123962071 0.24550810605976991
-1.764355991259066 0.6213875034940131 -0.8524824067881305
-2.23035704469234 0.5565589077134803 0.26757565290425234
-1.6181226762487455 0.2911125568009467 -0.8737750932505328
-2.321627362580614 0.3034795457497452 0.26832381040547304
-1.5017326040390202 -0.03130103212277646 -0.8924065515330035
-2.394800538516904 0.04459350344073698 0.26757565290425234
-2.4168001775326786 -0.23121324690209377 0.2627138212392133
1.3684860480319117 0.8262013819157978 -0.12550887315775938
-2.4781469584975326 -0.48021787766912283 0.26121702939961366
0.2617891614538621 0.8681862691774498 -0.04322251527812071
-0.6196383383096276 0.8489117407128788 0.02107516080830507
-1.5050318655053019 0.8369799552243009 0.08575573713276796
-2.0614309982312733 0.7278122173620609 0.12402859479878359
-2.308875773650911 0.5239921949530597 0.13742342740986757
-2.367042215088432 0.2604940970693974 0.13551035673115663
-2.4925117679691766 0.018746185968360862 0.1389545515248578
1.763033569269652 1.0158541327920396 -0.27787932603861876
-2.348902090178484 -0.3113998833271303 0.12058392316792421
0.980760366940558 0.9556002271375128 -0.2204676553538043
-2.315474880267516 -0.6065527336149223 0.1110157087514203
0.0034180183121037544 0.959725707507058 -0.1470428392222125
-2.2832284077526737 -0.9022270179100218 0.1014479711720746
-0.8776425936004131 0.9411824068413424 -0.0814295694163043
-1.7531299707466559 0.9270302006363274 -0.01620682924296446
-2.180776633925575 0.7782843066722371 0.012303741283158587
-2.4517963201024884 0.5824031884167766 0.02792635709736757
-2.4385769565227378 0.2965017190769217 0.02011528760884218
-2.4596423317398006 0.02103608637919052 0.015037925548295306
-2.42492834283334 -0.273288910635042 0.005273731059769915
-2.481227203730029 -0.538195439419141 0.0029305532643597587
1.1225706840137946 0.707609474046226 -0.3915353700449664
0.08796187267972755 0.7308602957542725 -0.31151065080668516
-0.7217481352594888 0.6918601767763093 -0.25029143541361876
-1.5307927184226742 0.6582262125143608 -0.18907222002055235
-2.210877388793449 0.5893204728147126 -0.13865575044657774
-2.529830274925203 0.40921608352721606 -0.11864957063700743
-2.474643369220658 0.10952005456529434 -0.13025387971903868
-2.5200950613428574 -0.15819574121452717 -0.13345488756205626
1.6774691470251923 1.1268597193653385 -0.5661588594248492
-2.509771828685899 -0.4447370716575847 -0.1414571687510211
1.0245239977043212 1.027715726750305 -0.5170994684031207
-2.4391319355998746 -0.7522884478182483 -0.15466126649882384
0.08558106627766904 1.0191579357866196 -0.44351157396342344
-2.3603355978653724 -1.0638315193963734 -0.1686654969980914
-1.0050024665062693 1.063451749813261 -0.35684069841410704
-0.31107391042944244 0.3619503588261601 0.6793488577077191
-1.670609526520451 0.9840798265430912 -0.3065558358957965
-0.8454695754642358 0.24177956770808606 0.7115735128590863
-2.2169588057709717 0.8718588233904825 -0.2664910241892535
-0.9330951605059283 -0.017662656858078662 0.7119125440785687
-2.430648132374131 0.6578208494837625 -0.2550440713694293
-1.021635816767244 -0.2767793247938428 0.7122520521352094
-2.4646128993178706 0.38718014881930785 -0.2591319963267047
-2.4758799935217866 0.10879513710792565 -0.2652645990183551
1.5406472199490224 0.8289393504818321 -0.7038284227183063
-2.4692683509686617 -0.17601366431541976 -0.2730317994883258
1.0353027996618493 0.6878780434938498 -0.6666689798166949
-2.4495559831759977 -0.46587046603644566 -0.28202590196635313
-0.21812848772576388 0.7788933743121049 -0.5639587327769
-2.4120843370338463 -0.7625125763048537 -0.2926560327341754
-1.1796453630371815 0.78845248625408 -0.4867177888682086
-0.6606458754521185 0.4123832986527951 0.565346629924516
-1.740799906668883 0.6792164700662546 -0.44454821794535704
-1.3183527874885783 0.3328608622020681 0.6074446752736371
-2.216312432996361 0.5464815414304098 -0.40989455431010313
-1.486415123715176 0.10092655887405755 0.6137065008351605
-2.483137021308764 0.34973314770084585 -0.3936110421946246
-1.527079190451559 -0.1716342363611325 0.6105755880543988
-2.5514161410833225 0.08987196088144245 -0.3948636934092242
-1.530833931056165 -0.4566419689817067 0.6046608999440473
-2.544904258828211 -0.1947142080729698 -0.4027958795359332
1.7432974773529537 1.134625786029833 -0.8545690461924274
-2.5300147172719676 -0.4827881547044406 -0.4115639612009723
1.2958255859921337 0.9739508680980684 -0.8217502519419391
-2.4170931229824077 -0.8046400186947267 -0.4291001245310504
-1.138774192589537 1.1304877450944701 -0.6184450074961383
-1.627918703715821 0.9969498497585505 -0.5817905351450641
-0.9455904715747607 0.7719823669787509 0.4546856001088422
-2.0552651737149006 0.8472144239164088 -0.5506769105723102
-1.5597246209232907 0.6781155083597881 0.49462691099141054
-2.3640049064761115 0.6626156795665494 -0.5302186891367633
-1.5982865280075629 0.40609554605068254 0.4914173200795453
-2.3742505508407277 0.3841565151769224 -0.5366116449167926
-1.5856124365048743 0.11732136850643471 0.48428526670430116
-2.323932834588419 0.08552148320480413 -0.5485454484751422
-1.5692975897230639 -0.17336669452081566 0.4767960622975629
-2.3079419902094287 -0.20288111132016695 -0.5574966356089313
-1.5304188867431492 -0.4722347372433191 0.4675239637563031
-2.3119922697138264 -0.48541381432708874 -0.5647421762278277
