-1.9206667908921773 -0.8519515986224988 0.3454388395296357
-1.6783594069101664 -0.8991079299966955 0.3572438970552705
-1.5043305321689822 -0.8742361512677235 0.3619600549684785
-1.3102708070469102 -0.8722790837477277 0.36882150325644236
-1.1198939256598859 -0.8676102319171051 0.3753408208833955
-0.9431913351702548 -0.8490935135588913 0.38044798526633006
-0.7467260042879218 -0.8537193843747559 0.38770687732565623
-0.5738366006122781 -0.8332628821236057 0.392481209372165
-0.40113696077310923 -0.8136465784419684 0.3972667470918916
-0.2121854877842848 -0.8135995869871095 0.40385043773520213
0.04523330660364433 -0.8934591678597172 0.4179631486879609
0.3017700884007457 -0.9747425966538117 0.4321013704286836
0.4079200067185704 -0.8834269473754972 0.42977750453818064
0.5143859726495119 -0.7924883965007368 0.4274526849733613
0.7163828015033147 -0.8285568294360388 -0.11738049831521291
0.6211716629192559 -0.7019211323677439 0.42512738857138377
0.7974053746410084 -0.7082270689261065 -0.12312066402566213
-0.006817540686522072 0.2622843043752283 0.3405202642427705
-0.6277228194060189 -0.8479119556706323 0.3199521318422578
1.0258745834826444 -0.76394268740831 -0.10916459407937307
0.6758558207206722 -0.33051307270396535 0.40249550495016795
-0.41200269256016586 -0.8765327773628542 0.32966458949911814
1.314072352670399 -0.8937252227133854 -0.0870436414731719
0.7110353526745143 -0.1522168339058787 0.39187610301840525
-0.2231622619386311 -0.8763347840735491 0.3364664331423066
1.474357286005021 -0.8713289888279832 -0.08204543438088674
0.8042098997771117 -0.04309297597160011 0.38772690448630076
-0.051053285314100805 -0.8583091219716579 0.3414489046083711
1.5903449891678303 -0.7957063624876426 -0.0830467924131133
0.8252323458961923 0.15456909568915478 0.3752831235872529
0.1633348319021044 -0.8900822514551407 0.35120999965536814
1.6877077039045405 -0.6973116450837438 -0.08662354793679494
0.8567508498159553 0.34084783273115704 0.36390531215536814
0.3608985638265443 -0.904081595734219 0.3591548219667695
1.7698243216143252 -0.5798436712618837 -0.09235131588113088
0.8798688977802138 0.5389331154696322 0.3514288679109834
0.4770182632681985 -0.824345912457467 0.3579314962373994
0.5840903652421288 -0.9102080167845159 -0.19411218013894338
1.8835864618627438 -0.5014578062721355 -0.09378373470437307
0.9975360642130511 0.6204221984159908 0.34977615032065135
0.6288844776448075 -0.786865219918262 0.3607529417024873
0.6937057073151154 -0.8237051031526335 -0.1959923490537383
1.8023172289836014 -0.17781421521186402 -0.12232673015725393
0.751766244842142 -0.7157612176822781 0.360271097754123
0.9640295823065399 -0.9281015174441762 -0.17599427547585744
1.9266905220100448 -0.1113283184210232 -0.12248360958230275
0.868422721111016 -0.6374943905150943 0.35905492458212596
1.1214768284298566 -0.9002624513442541 -0.17129218425881643
1.9344779272546564 0.10368401769211744 -0.13901316967141408
0.9534336714951337 -0.5213229190840281 0.35415494594443064
1.3138102686262085 -0.915315945804565 -0.16176211681496877
-0.14716160118855282 -0.9094353807985556 0.27042901668417674
1.897587095106795 0.3779954103129235 -0.16203009929787893
1.0103742685825026 -0.3707580769898371 0.34593141231405955
1.489878963294779 -0.9121127749700548 -0.15440928783547658
0.12634177190922458 -1.008216363114009 0.287223698233249
1.0712213859202544 -0.22408314868954804 0.3380674139009736
-1.6924173275196477 -0.6886984225567829 0.7083266988741181
1.583639651882696 -0.809550670502432 -0.15845048275124807
0.2650193320310734 -0.9539868973371242 0.28865087184775096
1.1233395218355335 -0.0658439132796822 0.32908594760763865
1.7029476584400465 -0.7382082806794941 -0.15898215618264455
0.41350185062972855 -0.9116988515916304 0.29121029529440623
1.1731170881023827 0.09628484217534705 0.3197239652620576
1.8005499205435793 -0.6401829527311662 -0.16258752193581838
0.5749134565854614 -0.8852479460305887 0.2952805772768281
1.2143588889876602 0.2700972952798715 0.309240938757541
1.8860787966526784 -0.5269250646949217 -0.16795289363991994
0.697499969246647 -0.8139120816418668 0.29484403285849314
1.293786228382193 0.3972203212152223 0.3031872526155732
1.8759821488399595 -0.2930572803339686 -0.1869586690915801
0.8523739653341549 -0.7812056168717234 0.2981761709200166
0.9474475239353204 -0.8654387133774151 -0.2515357717527129
1.3273991260767524 0.5828319520465826 0.2915695920931123
2.0277424804688007 -0.2619953709220262 -0.1830986722959258
1.0007669501155725 -0.7415545159606296 0.30076253566611033
1.10826073399455 -0.8413960938804195 -0.24625050869118947
1.905892985480235 0.1172135482957195 -0.21843087520730275
1.1077339683727416 -0.6526894512831234 0.2984513059602998
1.3134348983717192 -0.8717832508425545 -0.23469960537087697
-0.1822022065132618 -0.8802316962236034 0.20320475253927928
2.0189297668780695 0.1989509582155371 -0.22031056728493947
1.2140402628281173 -0.5520849242254826 0.29526913318503123
1.498070957099464 -0.8680909475510461 -0.22682368602883596
0.02791735439319698 -0.8953155848931118 0.21223437938559275
-1.8157284892671424 -0.5982510109941614 0.6262086645113252
1.3027229279216561 -0.44080974919483396 0.2906893506990693
1.6266676585683184 -0.8079802663729012 -0.22597920742165822
0.222467439607672 -0.9048230633820395 0.22024834308493357
-1.582079694357736 -0.6478494065339575 0.6364303842531465
1.3667338741795572 -0.2988187256482284 0.28308046016562205
1.7271411915785455 -0.7135874023925126 -0.22916114177834768
0.3873787824384163 -0.8812823417817839 0.22482407245505076
-1.410932405794112 -0.6200303448245847 0.6401296869264863
1.4220419776695676 -0.1452517624528511 0.2743278757082246
1.815473971238923 -0.6040170113628491 -0.2341374143613555
0.5294637234226363 -0.8319791260200518 0.2267216459261201
-1.1562408298868405 -0.6855335550551516 0.6518756166445039
1.4718848079156341 0.01608765897107034 0.2648071065889619
1.9073748649361164 -0.49857064375999016 -0.23866879787575979
0.6973716742501193 -0.8137270037705875 0.23169911060202342
-0.9957233201153333 -0.648507597156609 0.6546367422090791
1.5101455667171066 0.1930661842518795 0.2537595048891328
1.9842375845500477 -0.37390838255211634 -0.245446561242459
0.8907686901512379 -0.8267748007846976 0.23976314220297557
-0.9249713616962687 -0.5117045684468238 0.6487103715883515
1.4968214015668737 0.4366960453895885 0.23624980602133494
2.0616654849903275 -0.24939961165488 -0.25223004665505666
1.0453919137769825 -0.7948981067691179 0.24322402629721385
-0.6186833022004041 -0.640183792655364 0.6656638399111054
1.555626908987664 0.5905292665423687 0.22744715366232615
2.007674059601544 0.04356891641725369 -0.27833688106667775
1.2175797544395346 -0.8105161320251781 -0.31356608715188283
1.1903805834108425 -0.7522275497537976 0.2455378786073945
0.23936039804404885 0.4085055747685189 0.7001882806764863
-0.4124983655965 -0.6580416885117018 0.6729718461977265
2.0287772127193078 0.24291201326954237 -0.29368579235207815
1.489069168827327 -0.9221851421691909 -0.2921646818174102
1.3099886259719717 -0.6794155059744114 0.24477565441000682
0.2678427341181644 0.6001805677900975 0.689565064047458
-1.7857122345792167 -0.7060420751626211 0.5603870168672822
1.5891036422526144 -0.8273404866253458 -0.29536330547463674
1.391914292985402 -0.5607631894327483 0.2393866792665742
0.11597578958317456 -0.846690352164309 0.13435518894064646
-1.5739245851601211 -0.7212854975849439 0.5681947484957002
1.7052153079868493 -0.7521512148827227 -0.29628121700417775
1.4775075924948071 -0.4461864320123681 0.23437869701254588
0.2974201906737619 -0.8415916923642257 0.141060949896457
-1.3558713035915382 -0.7449973939156536 0.576678158377292
1.8058971582563634 -0.6580247275291669 -0.2994807943357207
1.5385517098405979 -0.30078918851703307 0.22627628002035838
0.5045069851802699 -0.8676871371913322 0.15092671069967967
0.3006051183170264 -0.6149239402741244 0.6916846052156709
-1.141674110302704 -0.766166464133498 0.5848504320131562
1.8913749249180327 -0.5448021110383863 -0.3049668058408477
1.6034280097734692 -0.15933999386469822 0.21855151805746775
0.691724447765468 -0.8720611364171447 0.15844714794028025
0.31434083860848094 -0.4133104792872757 0.6799448743807099
-1.0314511668510562 -0.6735183592181073 0.5827978864656709
1.9525344874351402 -0.4006353388449071 -0.31411540355813283
1.6410677370421798 0.01715755782752737 0.20733678493368846
0.8657360520682076 -0.8621199267241195 0.1644054666506074
0.32595182193052263 -0.20760288536856564 0.6678639665590547
-0.9275750747099032 -0.5738283340541344 0.5800832525240205
2.014396875928135 -0.2565232218492035 -0.32327306118142385
1.6610960882264756 0.21724572585517166 0.19378554973471385
1.0427001950401875 -0.8568522676948973 0.1707698122011445
0.42836248056313586 -0.10871533952798274 0.664855124090793
-0.6047150455455697 -0.7207197770356828 0.5992115751253388
1.9601912867122584 0.03639175046446397 -0.34983622875344533
1.6330167574556658 0.48034686586669295 0.1740182653414033
1.1875186115522265 -0.8141322167467919 0.17320072803366404
0.46735282339884954 0.06656280455586483 0.6553460374819062
-0.41189628821857127 -0.7235363103659864 0.6054571882234834
-1.95967832924714 -0.6903218941314933 0.4804459825502656
1.3418419170208917 -0.7835706344054856 0.17682230625021678
0.45960586247341517 0.29966832627551554 0.6409448400484345
-0.22928313796800026 -0.7160678170854311 0.6107231393800996
-1.8152671904635849 -0.6314029967457842 0.48174941692221385
1.5421824952236918 -0.8353199121159989 -0.36618220653664846
1.4707842122733377 -0.7228760866132191 0.17729079875815135
0.41205281670163973 0.5833767751941039 0.6222900167452119
-0.05022606177078792 -0.705726737897379 0.6156688943849824
-1.5391997092358203 -0.7164164561545547 0.4962517038332246
1.6739973253138798 -0.7792551866383803 -0.3647507413877227
1.587258396570694 -0.6472582568256442 0.17618119869101267
0.5299346954195316 0.6665647659702536 0.6205478921877168
0.15791658301774802 -0.7302541650419769 0.6236163393007539
0.23719309506237973 -0.9865167745712782 0.07846200618612986
-1.3111276186947887 -0.7513775198492993 0.506041647528293
1.7777166766052517 -0.6889001309732592 -0.3675020917905547
1.6757452781194697 -0.5371850438127765 0.17151129398215037
0.29738229283420914 -0.6763086083362211 0.624600292776706
0.4279051366037159 -0.9931560660437242 0.08658397350180369
-1.0869995115690987 -0.7838515751880664 0.5155123487459443
1.866177158115657 -0.5794900293781424 -0.3725823148740508
1.752225164739234 -0.41180797054971663 0.16525352153647166
0.4562986854873943 -0.6457614276480896 0.6275848165498994
0.5145615521701075 -0.8795842798487143 0.08185279521811228
-1.0001866706967348 -0.6654335159852565 0.5110970750795625
1.9737256933120966 -0.493681439407176 -0.374871610070584
1.8230674914290823 -0.2788060939730812 0.1581968084322236
0.3285212000317399 -0.2768191118261605 0.6009424940096162
0.7114130973603974 -0.8953703112029743 0.09079849872458201
-0.9361499069417132 -0.5211971632953265 0.5043011919008515
2.0259423021513854 -0.33799965520603337 -0.3855513319028594
1.8666980246758733 -0.11073648200684971 0.14756357822287303
0.5429278896688974 -0.31171135132824546 0.6095846906648896
0.9721069496159105 -0.9883403603911702 0.10781395587790232
-0.6596244898480883 -0.6159275793155814 0.5192397848116181
1.998944247678513 -0.08055097663402577 -0.40836894359719533
1.8865732871242837 0.0887574561011526 0.13374293002951365
0.5747375966485206 -0.12924877352497077 0.5992320791231416
1.1390267934011442 -0.9719726661930608 0.11317026767599803
-0.38739595928312376 -0.708461653009735 0.5338674798952363
2.004084389727594 0.1382143910643343 -0.42654502239358205
1.9075371960526262 0.28849787893435774 0.11990463886130076
0.6202300130770899 0.03799597735041971 0.5902007833467744
-1.9554267091952777 -0.8978971283675534 0.42014873180258494
1.2898131412154843 -0.9372397916280661 0.11652052554953318
2.016551746842306 0.3494471927923257 -0.4438070043576934
1.8960328341991746 0.5318102526081745 0.10167777690756541
0.5652450725155269 0.3286559550797925 0.570464254950168
-1.757226030820103 -0.8972746840592194 0.4270976797090791
1.4261980973269281 -0.9003104965872097 -0.43560540523659963
1.4341842940739227 -0.8955037627295255 0.1190713659273408
0.5214331568910007 0.6084802189255853 0.5517004743562959
-1.5525969127813077 -0.9049939788836028 0.43475473079550486
1.6020882940294898 -0.8976210047725033 -0.4274805768979766
1.543770510549333 -0.8120033980308534 0.11718595180380564
0.46984509199466995 0.9006268628115031 0.5319036260591767
-1.3753538771316585 -0.884370340862084 0.43965113315451365
1.6833813910837705 -0.7800101251206684 -0.4335526212705352
1.647348455068295 -0.7211851723877345 0.1144927755342744
0.33482130614527783 -0.6768956287429404 0.5551289335237763
0.5179941706572535 -0.8514760518842266 0.00959885272848826
-1.171425020344131 -0.8941048379949166 0.4473372713075898
1.7902326262815471 -0.6935682153783347 -0.43583857860696096
1.7199202888637108 -0.591952270583235 0.10775435123312693
0.4258503204222519 -0.5666848306100576 0.5510846391664765
0.7052070170892959 -0.8559147364610169 0.0175548807131074
-0.9980404600784833 -0.871599149554811 0.4519108549104951
1.8693302556167577 -0.5725627444039603 -0.4423931821836211
1.78373217642591 -0.45119806980949306 0.09979474696982127
0.5141215965925161 -0.4529371818084442 0.5466953531252168
0.9017003984858327 -0.8727161193878104 0.026759268377902323
-0.8281629717079646 -0.8462324708838835 0.45614755306112986
1.8682991277572798 -0.35056044002507747 -0.46129166927468557
1.8202728497875125 -0.27544433179796357 0.08818137798178416
0.5035414964975375 -0.2208962539928372 0.5316981092439912
1.0721828705393026 -0.8599487894346751 0.03268563899862986
-0.6717344623839789 -0.806792392659375 0.45900142345297557
1.8499770295419946 -0.10475394667368931 -0.4830597623838164
1.8360966118158837 -0.07220850873888196 0.07371771488058787
0.6059365752658445 -0.12262107483481444 0.5286611333833955
1.2519894235503104 -0.8594871998598066 0.03985846195090037
-0.4359598039858348 -0.8576493225218087 0.4702256933199189
1.869987155720069 0.0945870646667828 -0.4991496786130645
1.8407188951727846 0.14696523159222252 0.05761373195517283
0.7055249322004746 -0.020835019737781124 0.5252798810945771
1.3997756972121103 -0.8214798117715034 0.042921663855197245
-0.31292103285428663 -0.7824837651559662 0.4696146265016816
1.7975380275386934 0.4293542763642293 0.0349954381929658
0.7390696566108703 0.1616272472574316 0.514694573019626
1.5412005858011373 -0.7764119190187841 0.045166136358859355
0.6664736052616869 0.4757318203531611 0.49242627773154
1.6783957782185999 -0.7413642331800006 -0.5064314588559844
1.6543414325661239 -0.6971835420803245 0.043701292608859355
0.2574020485267665 -1.0065338285306993 0.5029820219026826
0.5173404444759431 0.8876883697165958 0.4615370050417207
1.7885183034805587 -0.6587734291513812 -0.5082367643369414
1.742682604520784 -0.5873505413493234 0.038931252096774394
0.3694609226292167 -0.9470773166836182 -0.0598992094053008
0.3699477946229255 -0.9226140894918444 0.5013569608675263
1.8926759112073661 -0.5688120668631313 -0.5110076650632598
1.822129478674885 -0.4660977864132505 0.03291714343893748
0.5373018116067252 -0.9279239246864464 -0.054252503777859395
0.4146683868645553 -0.7595458432300717 0.49238479289877635
1.981662352717052 -0.45974410154455825 -0.5161956533445098
1.9362718765875968 -0.38791430526130455 0.03144896182883006
0.7598238191032305 -0.9740898921219099 -0.04145896282326955
0.5021872970479899 -0.6458198663364811 0.4879535451875947
1.3055172980970449 0.617106738976446 -0.6413100942624785
1.9734002479982253 -0.21242094790221344 0.0196300760256074
0.888495583179961 -0.9110564281921469 -0.04082667675149221
0.5419421536623208 -0.4751493392864248 0.4782611146913789
1.3957386430049779 0.7322566822051009 -0.6470612272275664
1.9314722468731054 0.06509346594101117 -0.0029743894590117392
1.0717055928952322 -0.9134434853157103 -0.03304517116677541
0.5665527121385718 -0.28526839322779907 0.4668017641054414
1.9524377805317208 0.26468012199464397 -0.017315266991970724
1.2768997544589915 -0.9435378156214682 -0.022306321526882833
0.6272638565248325 -0.13736377834390012 0.4591888204561494
1.9135280333099463 0.5433122839256335 -0.0399712308896758
1.4180809252244435 -0.8978894439496443 -0.01996838894021291
0.6759865811822792 0.025878015755662176 0.45016110095846873
1.5276723509995076 -0.8143491823367341 -0.02183616008889455
0.6180001774313002 0.3202753583522693 0.42916619930136424
1.6726153127345587 -0.7996992058385786 -0.5710424169553496
1.6406843833465148 -0.7350612207158846 -0.023283360864041036
0.5617586679446873 0.6154617610344353 0.40814054164755564
0.8963289231233151 0.3772381223324395 -0.711870072747586
1.7351417050615465 -0.6329573659572745 -0.027259705926296895
1.817531826371785 -0.5155973213201221 -0.03292739238869924
1.794807877608748 -0.2660169670108985 -0.05296075191628713
1.881786625793338 -0.15260653674022961 -0.05822551098000783
1.9261455489553603 0.015407270597741274 -0.06941640224587697
1.8487480311211675 0.3405776551195743 -0.09754884090554494
0.8079694518801182 -0.12913667875996637 0.21957409534323435
0.7490408689918953 0.13726075268023052 0.2485252634035371
0.6160754048431691 0.5779867422383873 0.29542625102865916
0.543578743486008 0.7621302618511585 0.3145338312135957
0.4378912978636844 0.7963325622505906 0.31569183025229197
0.3255973855971517 0.8018743031175184 0.3133755937563203
1.0809686169681036 0.051000207962960786 0.13246071491110545
0.20068090583326725 0.7546604073413192 0.30469024333822947
0.9766136391784181 0.10281652139651598 0.1360386625276826
0.09390958377065228 0.7852091309280134 0.30526936206686717
-0.21319806107200456 -0.46835624041882085 0.6565562501894258
0.9053015256979906 0.3104185050221915 0.1587003484712861
-0.07511827097536194 0.5604088397942597 0.27516043338644725
-0.3195002655830743 -0.41702445610671646 0.6590782419191621
1.7530102499135394 0.0990551703282101 -0.017043946648953145
0.8311917524392936 0.498716831083275 0.1789761796938203
-0.17895446011688865 0.6063682961637262 0.2774761930452607
-0.4386984858981666 -0.4184530904722479 0.6560517564760469
1.6736349008195424 0.28519177629046766 0.004115702246310526
0.7498564436771451 0.6483462324173956 0.1944814935671113
-0.24381663573303847 0.8068093080227356 0.29832089099753123
-0.5470787701043545 -0.3760232218309625 0.6575649991976045
0.6802308565529929 0.846627707148329 0.2159501329408906
-0.35647294398024965 0.8148307121871561 0.29600489292013865
-0.6589523851883374 -0.3476888142863359 0.6575649991976045
1.5063299902658693 0.5946387965058868 0.03834426555502635
0.5617021553535224 0.8222421344394242 0.20998656902182322
-0.477875758925439 0.7896086592327016 0.2896360174165986
-0.7719761183714411 -0.3237785968917706 0.6570605054842256
1.4093321709526707 0.6742075696073222 0.04581225070822459
0.4916850896941689 1.0112282252108038 0.2302624002443574
-0.8849287817830493 -0.29946514048256745 0.6565562501894258
1.3147707314063055 0.7638105818278902 0.05452501926291209
0.3891475705731908 1.0552687415782032 0.23264801654684764
0.03993661286424732 -0.4200586513963742 0.6091650739656709
-0.9926900831057708 -0.25553641212582434 0.6580694929109834
1.2157937739295503 0.8293857281944099 0.060125948523165995
-0.06522378290130781 -0.364734353464371 0.6122435346590303
-0.9239807620130112 0.41949996718856397 0.23462879810202342
-1.1067382535403674 -0.23524914379858686 0.6570605054842256
1.1111463993271915 0.8661344186324769 0.06199324283468943
1.9808688719942174 0.5229153414036851 -0.24020564403664846
0.10477826050106387 0.8113009192213099 0.19627034816611033
-0.12477904803914974 -0.12045942599204906 0.635332943533542
-0.9898034568952525 0.607219048969224 0.25373661670553904
1.004623351211781 0.8935263808099911 0.06261551532614451
-0.0006019964534766942 0.8469990214474059 0.19746315631735545
-0.1980436270336723 0.06101873500468358 0.6517521158205293
-1.0557464306199584 0.7902311184062611 0.27226531658041697
0.8961268168386081 0.9115890667368518 0.06199324283468943
1.7823442783957386 0.664636390911653 -0.22622811641824025
-0.11655872308651816 0.8396893023449188 0.1932886854158662
-0.28806904245151443 0.17020842303503514 0.6604746595369599
-1.1716137080770856 0.7916523042145442 0.2687913194643281
0.787680642100641 0.9300311611003522 0.06137073192465525
1.6961094779878199 0.8017115776446353 -0.21025359478127736
-0.22419253137328177 0.8665138711219349 0.1932886854158662
-0.3895519646714325 0.23139899578380962 0.6640661970125459
-1.2794081255662348 0.8221590822377003 0.2687913194643281
0.6695851519618037 0.905272614366492 0.05514753017294627
1.5986125961019209 0.8757450541436889 -0.20293176021706838
-0.3403131194484965 0.8600414658406379 0.18911397609579783
-0.49070001190988144 0.29291605317627756 0.6676579729067109
-1.3953625726474979 0.8244141335757469 0.26531684551108103
0.5643644555842311 0.9390312705877264 0.056392075155856425
0.26074013022845666 -0.3779322743197895 0.5605663076387666
1.4920440941020203 0.901442452088645 -0.20226609554421682
-0.45284643611164643 0.8684244971753685 0.1867290750490449
-0.5965035034201733 0.3354947563332793 0.6691972032533906
-1.510016614701394 0.8318721634333244 0.26242196712362986
0.4470772304291488 0.9199623270450275 0.05079114589560252
0.19565592253778963 -0.14887375354478039 0.582481266592624
1.3836498786060254 0.917792829379156 -0.20293176021706838
-0.5691965472700016 0.8628102889920335 0.18255460414755564
-0.7033670460953765 0.3736204578968305 0.6702235952364228
-1.6303716419078 0.8207052521318872 0.2572106138216279
0.3408460670192559 0.9496491326864209 0.0514134183870576
0.15131432621215612 0.16256265645836976 0.6132656351076387
1.2743073653056038 0.9296689570872161 -0.2042630895627715
-0.6882323227715172 0.8480362966955148 0.17718708667624217
-0.811345061396386 0.40729816637921346 0.6707364336000703
-1.7537685321093903 0.8004893502625201 0.25084126148092967
0.20154571179784853 0.839714054987347 0.0339878812776826
0.07001814334152634 0.3094161268063367 0.6263102308260224
1.1629714126824826 0.9322278057960602 -0.20692527141701955
-0.7984189381559261 0.8672696145502989 0.17599475536215525
-0.9321482101328034 0.3933430780181588 0.6661187425600312
1.963088099610597 0.2696599409520708 -0.6711605772031524
-1.883194524096579 0.7617571842745647 0.24215591106283885
0.112492860731499 0.9425995558340894 0.043945433233859355
-0.015000508645899302 0.437115961221167 0.637267471884372
1.0525973206386983 0.9400373014395669 -0.20892226543557424
-0.9203592520936681 0.8438041989869802 0.16943466815817576
-1.0492168986263586 0.39423168510286644 0.6630402818666719
1.8850474608378054 0.4644970768147303 -0.6450208410276153
-1.9881679354338608 0.8042439179085434 0.24331414852011424
0.0052184932981731436 0.9686258327861097 0.043945433233859355
-0.09803795312168795 0.5698541081742263 0.6487463727937959
0.9442691605324116 0.9579327460552562 -0.2095879301084258
-1.0346069084339398 0.8495140482571202 0.16645276698935252
-1.1810067168923144 0.342844101294812 0.654317261313083
1.816355014017664 0.7032818537961916 -0.6123465284360625
-0.10913746388713452 0.9661350142760767 0.04021132144797068
-0.1934256109248489 0.6497031253601122 0.6544860616670869
0.8286186214646811 0.9423166294334067 -0.2149127706540801
-1.1435444513700563 0.8747646678866445 0.1658562437044404
-1.311912370333852 0.29678323544606044 0.646108032797458
1.7273784863448007 0.825468708866687 -0.597098229791043
-0.21632680445842833 0.9929319137810495 0.04021132144797068
-0.3065843652709095 0.657507188005436 0.6523989454256318
0.7149185280975789 0.9368086860627365 -0.21890628185403127
-1.2646490226237432 0.8574290625734022 0.15989291820395213
-1.4418840812901283 0.2560357493029741 0.6384114042269013
1.6354682949491641 0.9284604839975792 -0.5847548231137969
-0.3381695449468367 0.9624263537514963 0.03274309787619334
-0.42471233833137134 0.6464587283833367 0.6482244745241426
0.6065330394378181 0.955897834723384 -0.21957194652688283
0.3428710500104728 -0.21698157281200636 0.521291138266208
-1.3708342875865078 0.8930361360935528 0.16048944148886424
1.5271883897122684 0.9443147554881115 -0.585480569268582
-0.4491102211162472 0.9756184049320851 0.030876280401828105
-0.5330175199217226 0.674360309144582 0.6482244745241426
0.4893663266062367 0.9367175946887336 -0.2255624517453887
0.3046326456461612 0.1281399024006724 0.5563007608400605
-1.4949940896924225 0.867056868084962 0.15333283099997264
1.4218376529819547 0.9751052850939281 -0.5840286001218535
-0.5755131297529719 0.9522400782645839 0.02403056774008494
-0.6529677214346776 0.6800208819999263 0.6456159368501924
0.36685423756413815 0.9446117694685157 -0.22822463359963674
0.21841067255367808 0.30617730600824444 0.5727452054964326
-1.6135386177872402 0.8812491324461504 0.1509474531160615
1.282371310487572 0.8920527265269769 -0.6000026449216582
-0.6799527047616802 0.9696447545760449 0.02278554592001658
-0.7621609416501975 0.683253563452034 0.643006922339084
0.2589328140978413 0.9189884781692292 -0.23488080349099416
0.17805740895144417 0.5760438142505819 0.5997978464113496
-1.7384705877825084 0.8356087322950323 0.14140594158041697
1.1866501694838814 0.9166296891322716 -0.5992768987668731
-0.8013798038072899 0.9457626366386158 0.01594031009543162
-0.8807355712663867 0.6739311872007043 0.6388326898561738
0.14580353250823386 0.9204026797182507 -0.23820912685525197
0.0695030486365864 0.6018407485190771 0.5997978464113496
-1.8576526669025508 0.8300953883088162 0.1366351858125947
1.079277131996319 0.938904298668298 -0.5992768987668731
-0.9178243037197014 0.9414863924610621 0.01158392581808787
-1.0007886179709011 0.6602702519799841 0.6341367975221894
0.0337670332051454 0.9270548107416765 -0.24087130870950002
-0.038961639059687414 0.6280178851580764 0.5997978464113496
0.9596199494438729 0.903492417387767 -0.6079901441587188
-1.026425061259518 0.9663273886554293 0.01096141490805369
-1.1170403841454828 0.6614389076643974 0.6310063615785859
-0.08425286151987166 0.9100543982212379 -0.24686181392800588
-0.15329134479048445 0.6304406701487402 0.5971459165560029
0.8427805651810143 0.8830465635246405 -0.6145247205747344
-1.1430320723962542 0.9628994976917653 0.0066050306307099405
-1.2401350950143097 0.6391132072529118 0.6252666727052949
-0.19766434703303926 0.9127313308069205 -0.2501896604551055
-0.26890693491500617 0.6284581772548776 0.593962790106418
0.7352924840968891 0.9065225952692302 -0.6145247205747344
-1.2570419390318115 0.9694542169783524 0.0034934297548554483
-1.353927446734433 0.6507334548273498 0.6231795564638398
-0.30870664699430783 0.9254293005360488 -0.2521866544736602
-0.3834026370240702 0.6317277644542081 0.5913108602510713
0.626805935188373 0.9255479795751036 -0.6152509435666778
0.3384297432932657 -0.3625313474048113 0.4481118932710908
-1.3655939010702873 0.9954943918141197 0.002870680426242167
-1.4788114498675675 0.6245613315770804 0.6169182077394746
-0.42718325942126256 0.9097413045568068 -0.25817715969216604
-0.49548869116738103 0.6450447466701981 0.5897196546541474
0.5150772333515858 0.9304811245979749 -0.618155358697293
0.2971828982276916 -0.02708282511929383 0.48261630687582713
-1.4894233337603193 0.9695515006598043 -0.004597066308376974
-0.5395881559820594 0.9184737650230446 -0.2608398183835723
-0.6138695518048181 0.6347146487666429 0.5854758039461396
0.40107114234544206 0.9261814815874452 -0.6225122198117949
0.23691464850881694 0.2162422281088432 0.5068773046480439
-1.6036555727715172 0.9773893148383763 -0.007708905602810567
-0.6520310172648838 0.927615220871921 -0.26350200023782033
-0.7285953628843913 0.6392471862212687 0.5828233972536347
0.28921286510631994 0.9319358833108922 -0.625416158105252
0.20667570871105667 0.5805752120972336 0.544616104696872
-1.7165170920987016 0.9903987687978635 -0.010198472405789083
-0.7722380410078262 0.9084598273470306 -0.27015817012917775
-0.8433872299205554 0.6442096207665671 0.5801714673982881
0.17960389110461605 0.9477226894201927 -0.6268686040891387
0.09813572744925203 0.6062741604805346 0.544616104696872
-1.8337313552980312 0.9895879209844374 -0.01455437984597463
-0.8822359939515767 0.9280151038921538 -0.2714890226377227
-0.9569352483263387 0.654389530731148 0.5780495420442842
0.06535472680217325 0.9446635255204434 -0.6312249883664824
-0.010313030188743966 0.6323498260804001 0.544616104696872
-1.000130007352615 0.919302515647388 -0.2768143400205352
-1.075818747201252 0.645812795067787 0.5738059297548554
-0.04663913102931794 0.9516373499374104 -0.6341294034970977
-0.12698125882000788 0.6250157438498185 0.5408424154268525
-1.1288964813960334 0.8728679633908669 -0.28746402111184377
-1.1894961586532542 0.6568370075927028 0.5716840044008515
-0.16826317056515006 0.9206215979985117 -0.6428426488889434
-0.23415983034216392 0.6567047427853225 0.5413814798342012
0.5738817623588481 -0.3265436455938371 0.399622322653415
-1.236408080037739 0.9032271161024497 -0.28746402111184377
-1.3045582435336858 0.6634996613666182 0.5690318361269258
-0.2780439473042806 0.9380375976865807 -0.6442946180356719
-0.3448743393076903 0.6743001963416297 0.5403031126009248
0.5274246194608212 -0.006061162464735759 0.4330385938631318
-1.358900062018078 0.8815830140656153 -0.29478537883889455
-0.3964184771143371 0.9223031729224793 -0.6508296712888457
-0.4592710259042869 0.6778539341749905 0.5376075521456025
-1.467767870882291 0.9079857627582939 -0.2954510435117461
-0.5174972833302771 0.8974507858925307 -0.6588166936887481
-0.5749965958193091 0.6770145737313626 0.5343726888643525
0.4045515393531902 0.4747682565579616 0.48179304752218943
-1.5779659317140418 0.9300219441876898 -0.29678237285744924
-0.6413741096119967 0.8635034363783269 -0.6682561620725371
-0.7035356850618051 0.6285538481961268 0.525746704672458
0.339339039244547 0.6886108898012573 0.5031574979769013
-1.6952254630956247 0.9287170425696978 -0.3014420255674102
-0.7925094454668518 0.7297041769028709 -0.6929434522641875
-0.8234952494902092 0.6142184343152408 0.520894409750583
0.2243514166215368 0.6848138989795807 0.4998704210268281
-1.8126016035972494 0.9278571188729927 -0.3061012014402129
-0.9174066265307612 0.6968392843659572 -0.7023829206479766
-0.922778997406116 0.6770912651935816 0.5246683374391816
0.10347823896819985 0.6572805569945288 0.4938448682771943
-1.0521220985459596 0.6300618879144224 0.5160423532472871
-0.008305810939333469 0.668844659529249 0.49220121059286814
-1.1685083637379758 0.6314295620858879 0.5128077283846162
0.5405508298745376 -0.3941081181165771 0.3336135164247773
-0.12485183996391225 0.6615127675285493 0.4883664861665986
-1.2212431914562334 0.858230233186859 -0.6914910062803008
-1.2782174890422713 0.6571426552184647 0.5122684255586885
0.4918595086913644 -0.08330266230208139 0.3664461389528535
-0.23792817181432735 0.6690800220617739 0.48617518100607615
-1.309691375828228 0.955478725396059 -0.6813257917417266
-1.3933397721393561 0.6641376033413486 0.5095726266847871
0.44851815875170864 0.24198610198502735 0.4009474531160615
-0.3461559558960712 0.6963291937326268 0.48617518100607615
-1.4804752506836198 0.7679640798451786 -0.7147263273252227
-1.5182387751189346 0.6381446100226107 0.5031033769594453
-0.4592402382573706 0.704707113226636 0.4839843526827119
-1.5603850878174352 0.8944531285139448 -0.7002047285093047
-1.6307836863801644 0.6555559614307427 0.5014857069002412
0.30775474468017183 0.6309135750983224 0.4399012342439912
-0.5773855488442496 0.6942605463939984 0.4796019807802461
0.21534397044376696 0.7239685044156623 0.44769179973471385
-0.7249549271750801 0.57376025210446 0.4626201406465791
0.09458290164751482 0.6964787913643278 0.44157040271628123
-0.8451114857420166 0.5595062732570959 0.45768964443075877
-0.01824476641995787 0.7032527349379443 0.43934452686178904
-0.9276065039530064 0.6847863778611831 0.46864545497763377
-0.15254103440105116 0.623599155723447 0.4271019712435029
0.7317061499439594 -0.17886348398717544 0.298393131826999
-1.0397432941827702 0.7000703594638829 0.4670022741304658
-0.25610100303166483 0.6698339412110208 0.4293278470979951
0.6782963277812444 0.1120569671178302 0.3295243993746064
-1.1719603409194495 0.643966510618128 0.4571417585359834
-0.35453235156001917 0.7356748657552572 0.4337798372255586
0.6268353313797981 0.40296578625051893 0.36065542850363475
-1.2775577120925803 0.6840461076185207 0.45823753032553416
-0.4674913507354379 0.7440855755776639 0.4315539613710664
0.5491248901265076 0.5677930369461279 0.3770700708376191
-1.3953338988317032 0.6814862168613587 0.45440280589926463
-0.585517189798221 0.7336754757991102 0.4271019712435029
0.4757840030243221 0.7473082031315528 0.3951822534548066
-1.522955377533 0.6459704989037967 0.44673359546530467
-0.7266471204871081 0.6372665930666308 0.4126333013521455
-1.6382870667234304 0.6538722631393803 0.4439944044100068
-0.8582228910720264 0.5798531294873186 0.40261686000693064
-1.0164526456045966 0.4271073474364968 0.38147080097067576
0.1325848595672463 0.740562302783399 0.38556015643942576
-1.1083012008341395 0.5193352287792408 0.38870489749777537
0.019927873843237798 0.7472013477213331 0.3832956567751191
-1.2076593732670329 0.5831164912849225 0.3926006570802949
-0.08684511176867638 0.7783777288242106 0.38386190090048533
-1.2863091602900294 0.7189054169170745 0.40484273586142283
-0.21633869526634886 0.7183355513033192 0.37367355975973826
-1.394356117118683 0.7498154688608878 0.40484273586142283
-0.3195180250456815 0.7647752241900179 0.3759375825868867
-1.5189876934563866 0.7238642440521978 0.39816534671652537
-0.43359029016614237 0.7682520437275748 0.37310779247153025
-1.6326480885394314 0.736520260391778 0.3959392324434541
-0.5514975510541404 0.7577256112979001 0.3685797468172334
-0.8028999842141413 0.24334734029117655 0.3046194330202363
-0.8920279548827992 0.34934766285307006 0.31367600116598826
-0.9505379549316775 0.5658432668025029 0.33575046214926463
-1.0168804448671764 0.7488382916568064 0.35386312160361033
-1.1422041872744089 0.716608207343576 0.3465050474153779
-1.248905546008114 0.7517893587450608 0.3470708147035859
-1.3554670713189019 0.7873458955765145 0.347636820410373
-1.479919051640902 0.7612491250985656 0.3408445135103486
-1.5962391067339858 0.7642412680645769 0.33744847926962596
-1.7339450969145709 0.6962603448945224 0.32556235942709666
