0.039897349530090054 -0.9114251330270591 -0.45920805858542124
0.5041256808150578 -0.9034714877815446 -0.4391170017616908
0.47977594820891056 -0.8702250243209733 0.30980534626077016
0.9310847545757817 -0.8827678460746355 -0.42115240024496714
0.5443095466408288 -0.6939682226500352 0.30647440029214224
1.4675433660098456 -0.912376635168151 -0.39663200305868784
1.7698774386058673 -0.8435093158079567 -0.38592319415976206
-1.082334368221737 0.42686269927240517 0.22218437267373403
1.8574023808915818 -0.6817756951649869 -0.38797979282309214
0.005897718026094623 0.158552819756423 0.2638704307181676
1.940913367261647 -0.5183718135949249 -0.3903096191780726
0.0010719479946530441 0.369122010101286 0.25723619533608755
2.0158836509526523 -0.35118769440763487 -0.39318685459067026
2.0868767044233607 -0.18221122533957868 -0.39633994029928843
0.0630182085878026 -0.980405871955746 0.20575709415505727
2.1493951312128523 -0.009307765897524689 -0.4000428192513148
0.4822549927606694 0.7777753771507818 0.25923271251748403
0.3404873292569235 -0.9058384254819671 -0.5403752796547572
0.5273697026417459 -0.9722064349690527 0.22065801693032583
2.2533254981089677 0.14457002641619 -0.40128879474569956
0.7859605978991269 -0.8919523447752127 -0.5206351749794642
0.6374760973886673 -0.815778415512348 0.2194177634818395
1.2675853097886076 -0.8967349196629968 -0.4986124508278529
1.6753499263467937 -0.8727224849424005 -0.48103170322348276
-0.12086907619800158 -0.07737565235097321 0.17184372020791372
1.8359094827300808 -0.742795913128063 -0.47857336925436655
-0.048953913751578426 0.09903033198441591 0.1686498649222692
1.9009671174768243 -0.5712025280256938 -0.48200874256064097
0.03271707935164514 0.2711416852201509 0.1658744342429479
1.9939700105514078 -0.4120517891038489 -0.48376088069845835
2.0647601457961535 -0.24300140737193487 -0.48692135738302866
-0.7083039274480214 -0.6185152556820981 -0.6945798866646449
0.05256846652751079 -0.9253050534846707 0.10922164989541372
2.1633934289630794 -0.08662970554647131 -0.4883938305275599
0.6811603972769831 0.6030290123855124 0.17619867397378286
-0.7669330876155946 -0.38557575600519556 -0.7059324257271449
0.43418061849087053 -0.8822624718594199 0.12093086315224966
2.2171926673918776 0.09021388122149432 -0.49268822597433726
0.5740061535961125 0.8603637307912209 0.1645173556907018
-0.6593596340901513 -0.22271969412430792 -0.7069113724129359
0.7741621861755696 -0.8239189675248184 0.130701971779569
1.322640923843096 -0.8706008121259288 -0.5897050373451869
1.0314227064489572 -0.7319901625538634 0.13655538631509145
1.7166227718789564 -0.8410711952984116 -0.5723493568794886
1.1193519301885644 -0.5676153047820662 0.13430543018411
1.9320714682410483 -0.7355173649665829 -0.5662496559517542
1.2032683505732003 -0.4015786377800552 0.1318337447745641
2.006274413863867 -0.5683121983933717 -0.5691192619698207
1.2466724833832323 -0.21758336384185384 0.12737984729836782
2.067412215165586 -0.39523372090653197 -0.5728617184059779
1.272542195652008 -0.025445448876673993 0.12203760219643911
2.1102250631926758 -0.20368301124796773 -0.5782046787636439
1.2757265504380264 0.18763310514538745 0.1152159698111852
0.1729174492837302 -1.0094963007704507 -0.7330456249611537
0.11707181565102331 -0.9630723771729137 0.018223953972562157
2.141626899984008 -0.026734309496681874 -0.5835574142830531
1.2765865792717257 0.38194932103113644 0.10889620853494009
0.26089005634134566 -0.8525983583011438 -0.7346458904640834
0.5086949539493979 -0.9346547128126446 0.03134889675210317
2.1004808612769494 0.19413335141985755 -0.5940068237679164
1.2821126600604202 0.5849769698456555 0.10241837574075063
1.003805388335877 -0.9555787252480243 -0.6946118347542445
0.9072858110726969 -0.8915006108037744 0.0442158706290563
2.0512518116185845 0.41976825837251397 -0.605055617560641
1.3979935961031948 -0.9236862410029971 -0.6766784660713832
1.1734853438151838 -0.8039623307276926 0.05088157726357778
-0.5500344675170403 -0.045437329584103736 0.7427536971671422
1.6728577805031897 -0.842402703123831 -0.6664560310738246
1.3756061082880144 -0.690040017555674 0.05437202526162466
0.6777947737410841 -0.20370763556986304 -0.7391088478462855
1.4499521052833089 -0.5208662944100695 0.05147643161843618
0.949995728681742 -0.11929552470407145 -0.7292187683479945
1.520325482301022 -0.3499340281711838 0.04834933353494009
1.795974842450061 -0.2939275354518287 -0.6816673748390834
1.550293983680053 -0.16080812007316325 0.04315705371926626
1.1260696051088424 0.21138440788273982 -0.7335968487160365
1.567347778702473 0.034552525542409285 0.03726883007119497
1.1809085336123388 0.39176511662539326 -0.7380328647988001
1.5624684094463284 0.24045184149471055 0.030222130547269188
-0.4971567501739713 -0.5268332361169072 0.6516818530661901
1.259069164804874 0.5615761233487717 -0.7409768574135462
1.5448365274192675 0.45293687226568835 0.022473288307889305
1.0924736369557273 -1.0543520600261687 -0.7794788353340785
0.6539579644699423 -0.8342574979906132 -0.060321616400973
-0.1603565930267976 -0.4631143149903991 0.6581949718100866
1.3332912128217167 0.733224351074071 -0.7442236416237513
1.174753729582779 -0.8881718016331561 -0.7817605011360804
1.0809362554562192 -0.8148942196486999 -0.04502468036581675
-0.025593222406961047 -0.3143207886600763 0.6573936469657262
1.42958909260188 -0.7643438213438358 -0.03371601032187144
0.0592047609578259 -0.14423136991749175 0.6547576911551793
1.6499869593471743 -0.6596922163616199 -0.029017733802096046
0.08512846244516226 0.05168975881288418 0.6499433047873815
1.7563915233075598 -0.5056629686151908 -0.03024034427572886
0.0889795485220688 0.2578464481089213 0.6442815787894567
1.835950323299464 -0.33986758798836547 -0.03288822101523081
0.07542221947787908 0.4724212279910347 0.6379358298880895
1.9115152971927607 -0.17230966905639633 -0.03577666210104624
1.9649510301776196 0.005343511775414811 -0.0398593418495814
1.9555360861551883 0.21215496733901773 -0.04728655742575327
0.4928892157228333 -1.0202834907409581 -0.1540101044075648
0.15544882508355684 -0.8650869053829027 0.5826401240928014
1.9152855373227275 0.43403146031502615 -0.05639843868185679
0.9382327137474036 -1.0066199980484214 -0.1370888225929896
0.059101773681273784 -0.6191125129187185 0.5732144839866002
1.8262585854241813 0.6797850808861838 -0.06815748142172495
1.383064210866742 -0.9958052709533973 -0.12012677120138804
0.12908480395697808 -0.443360856869063 0.5700838096244176
1.6304117933456865 -0.9022806188115453 -0.1136806480782191
0.14012332738781552 -0.24193169648228263 0.5646640784842809
1.7543207337686084 -0.7560726938532341 -0.11385350154806773
0.14280808178505566 -0.03631285058659017 0.5588817126853307
1.8604063633568764 -0.6023813627126842 -0.11500744747091929
0.12348529796672736 0.17968300710127494 0.552205992470487
1.9487502014259626 -0.4410216093606252 -0.1171458237068812
0.11418134247816525 0.3919934496405162 0.5458683498008092
1.9647839624740833 -0.24717059852798684 -0.12323169635702769
0.1639891717175388 -0.8614532310298983 -0.2666094772713343
1.9815989673308856 -0.05316483953746598 -0.12932710575033823
0.5455025984336501 -0.8193280441539201 -0.252551841010348
0.19362948872594288 -0.6564112289451813 0.4833626277549108
1.9583437792654799 0.15976202476276313 -0.13765768932272593
0.9542186979126761 -0.7914599356142773 -0.23693756984640757
0.3002018217202611 -0.49694584379765416 0.4817044265372594
1.8453889901028866 0.41512630541735973 -0.15095143245627085
1.4953288389346966 -0.8239295961011734 -0.21391301082541148
1.742967474269836 -0.7314534144002707 -0.2071259491341273
1.8491311667358872 -0.5777411071530736 -0.20821981357504526
1.9375592142582683 -0.4163423217399469 -0.21033410953451792
-0.26265712134802044 0.5810427709666399 0.4346732623679479
1.9901039851328228 -0.2388726255819975 -0.21449189113547007
0.043793371477018894 0.6530816578819696 0.44094033313821157
2.038775403784271 -0.059438010422759646 -0.21891097949911753
0.3455776001049067 0.7253244307174782 0.4470462329490026
0.09984274870706855 -1.0393118586503505 -0.35759859012533823
2.1289351340852747 0.101143199213233 -0.22103338169027964
0.5455710896560291 -1.0230665982225204 -0.3393018715279261
0.2278999142658371 -0.8658989455016339 0.3961112029654821
2.101880815220394 0.3160209992732135 -0.2298171989815394
0.9356774755200234 -0.9861780309636146 -0.324113177527682
0.37055252308413245 -0.7221435820248345 0.39606328083108266
2.012438121318688 0.5610102756963826 -0.2422068588631312
1.4813696712859077 -1.0188906094317574 -0.2999585144417445
1.7652168917421989 -0.9416765082230043 -0.29074029849936167
-0.6256775504464791 0.12145221857478106 0.3418702609641393
1.8844163019701874 -0.7939499965855603 -0.2909770481484095
-0.5073344426786193 0.27952345715916493 0.3405999667746862
1.8716785384916221 -0.5881374774850059 -0.29885296749045054
-0.3885036678948772 0.43703619495114765 0.33933038784097036
1.960068400242541 -0.4268248228744298 -0.3009393684761683
2.01714337556254 -0.25149045849723706 -0.3048751823799769
0.37874518221317643 0.5117021331008473 0.3593427665335973
2.083945522524406 -0.08044258103826252 -0.30828766750265757
2.0243426732676397 0.14882933351443484 -0.3191133015053431
1.9838747641832448 0.37036798738561316 -0.32889895366598765
2.099767955796594 0.06028869763419209 -0.31948308872152964
2.061533904915052 0.30584253861018595 -0.3016872875588099
2.0006120386745394 0.5020486875304044 -0.288665818442599
1.9009900383254141 0.6179096448041079 -0.28345756458212534
1.819800431697029 0.7696659955449761 -0.27477650569845835
1.696791961577972 0.8370602311104989 -0.2743428223030726
1.5717767758685852 0.9004393944615074 -0.2743428223030726
1.4356088636143056 0.9421081303284708 -0.27651290821005503
2.132855288850994 -0.22991357247902044 -0.42011551784445444
1.2834595930136388 0.9533225040691917 -0.28172140048910776
0.5495578448316927 -0.4631597463171744 0.1592974193198522
2.155673804722568 0.14589864585678214 -0.38906340526510874
1.1219462530750128 0.9475125480237949 -0.288665818442599
0.6209345908764057 -0.011264081948958449 0.1910805232627233
2.1002128044729247 0.35543566565939244 -0.3744245045082728
0.9044282302728952 0.8366351675506962 -0.30602745937277476
2.0086583011808656 0.4889275460786706 -0.3673270218269984
0.758375457454374 0.8631920372583508 -0.30993418620993296
1.9156056460534394 0.6181534572532712 -0.3606727592842738
0.5981594875565968 0.8639915531136353 -0.3164444439308802
0.4968503788094516 0.6749647911604484 0.23126597477029165
1.8098711521425024 0.7208598342346448 -0.356680201758639
0.43298157507921786 0.8567090555762178 -0.3238234989540736
0.3689054494499473 0.7381493155593972 0.23090047908852895
1.6956676274498648 0.8060768130649265 -0.3544624321358363
0.2722929921115096 0.8588972986171441 -0.33033399509359995
0.13140070539687443 0.6003691833529956 0.21373028827737173
1.5750615607417693 0.878340706014562 -0.35357503818442026
0.1185743624329767 0.874864977460355 -0.3355422489540736
-0.10970336842104444 0.45944495502826044 0.19619507862161
0.6785542306837655 -0.6414048076971497 0.07849640918801626
1.431996760950387 0.9066979620676676 -0.357123898734347
-0.04009775812828309 0.8827517954715489 -0.3416188232796351
-0.1852774178699299 0.6207274892447288 0.20386667324136099
2.192808717531314 -0.03626300106899549 -0.47382502483297984
0.6536467388808624 -0.37068808052277546 0.09570164753030141
1.1492438052833585 0.6658286359471077 -0.3877325527565638
-0.2062412578213113 0.8782698022746871 -0.34899740146567026
-0.3037404334514804 0.7037399666525559 0.20496268344949087
2.1579682750858282 0.21815416465460657 -0.454376267661349
1.0190261799395195 0.7222896224441939 -0.38861970828940073
-0.37509849922277283 0.8701721905035882 -0.35681013988424937
-1.111963050156561 -0.4381166221545456 0.1030380256278356
2.1246855599903185 0.4723602016689199 -0.4349275104897181
0.9028995203911379 0.8056689191750834 -0.3868451588051478
-0.5319621508524612 0.884474747657471 -0.36245303081442515
-1.110913111126962 -0.1351029957408798 0.12239999843667349
2.0577704496013673 0.6548718992504732 -0.4227157108681361
0.5024739166046466 0.27672251234898226 0.1334781177146276
0.7987976453874062 0.9114027074150712 -0.38285307811667124
-0.7038122755731102 0.873501692703293 -0.37069945262839
-1.1079958802632 0.16745590282516787 0.14176220966409048
1.9675545427049421 0.7883517639940862 -0.41547899173666636
0.6410578767622646 0.8411930164705126 0.17574257923196157
0.6481867694574568 0.9296244378351943 -0.3877325527565638
-0.8735024853218256 0.8676045535453341 -0.3785121910469691
-0.9786026899189579 0.6854885333243956 0.17939038349221548
1.8156024418368624 0.7973564409031724 -0.42090659068991343
0.42381764010068324 0.7370787685528342 0.16115589214394888
0.483271091464033 0.9221676448249383 -0.39527373241354624
-1.043483592302497 0.8624580390813463 -0.3863249294655482
-1.086579191733268 0.7883798726523139 0.18194742275307974
1.6859573966932366 0.8514368165211437 -0.42181091236044566
0.058019346075937506 0.3624198752937602 0.1233791835410436
0.3180733523298187 0.9154282460015111 -0.40281491207052866
0.8095217266601864 -0.623734122408429 0.010734749565823876
-1.218790066694801 0.8494640436352583 -0.3950059883492152
-1.3151746062124943 0.6851121035802876 0.16696925235818227
1.5406383288227268 0.8749239551613428 -0.42588190959860484
-0.07582958939292084 0.4184080419026657 0.12225718570779165
0.16457554369613803 0.931234921325867 -0.40813832210470835
0.7681963896598383 -0.3842733659778048 0.025660944710477196
-1.4223217022383174 0.7900965897969172 -0.40846114086081187
-1.4432368259542834 0.7547183474962225 0.16660399509499868
1.4248654229247677 0.9565677351255601 -0.4240725510018031
-0.20470598668775608 0.48361259437770343 0.1218833453757604
2.2330978416092044 -0.04836185069568444 -0.5448236935036341
0.003715076051527433 0.9346015229212767 -0.41479258464743296
0.8497741213163366 0.0896643721871655 0.060871792565091454
-1.5245364347570707 0.9028749629240096 -0.40455489086081187
-1.6068091055184688 0.7648019617989377 0.16112418247292837
1.2658846494972984 0.9545845738246612 -0.43085722850729624
-0.2969733364927549 0.6146174408301164 0.12711973262856802
2.197995857833824 0.20597832596543242 -0.5250013344185511
-0.15735738027983004 0.9386640825680743 -0.42144613193442026
-1.7518874976089194 0.8067001413154031 -0.42191629337240855
-1.7782735070763387 0.7627675856670848 0.15454835964272817
1.0258963748490153 0.7988434008509913 -0.45347194599081675
-0.3885720809429074 0.7458202152267148 0.13235611988137563
2.149206930108914 0.428777227966485 -0.5084057323830287
-0.32352923520542376 0.934730912138086 -0.4289877884285609
-1.8795670958248998 0.8778565071740445 -0.4223504536049525
-1.9577558079001882 0.748697929727328 0.1468767650229772
0.8937802921403595 0.8513540098006729 -0.45482878612448374
-0.528637093521013 0.7904423736074193 0.13011164737771352
2.0688392645537874 0.5844301271913324 -0.4987252228157679
-0.49243081330908467 0.9271919961563171 -0.4369726650612513
0.7271476557812271 0.7787573454262713 0.10335416866372427
-2.0666885821449483 0.8516637530220379 -0.43276743816305796
-2.129813068255629 0.7482080602707413 0.140300942192777
0.7430998075181989 0.8691771266483741 -0.45980386661459605
-0.7131223731645484 0.7576703690338178 0.1211351878745397
1.980505676683947 0.7223574832650215 -0.49088864253927866
-0.6517373667086623 0.9376920385966727 -0.4431829922096888
0.5831079689211975 0.8103683860349378 0.1002926356894811
0.5687715075909843 0.8437389632551486 -0.4693019859688441
-0.8607813188342917 0.7905698866229116 0.11776919437478384
1.852863813814107 0.7802957677884592 -0.491349505652682
-0.8236542636920845 0.927297002954127 -0.45161132739950816
0.5432859765961986 1.0355540314514329 0.1140708453757604
0.41061779625578865 0.8497370976468375 -0.4756341450112025
-1.0134652110380706 0.8154390610529987 0.11365480495522817
1.7276494788092691 0.8431277972187488 -0.491349505652682
0.9881065219604324 -0.607937673896835 -0.047924803962008156
-0.9908871340001717 0.9262770128247055 -0.4591527454750697
0.0994983786968966 0.5162660628213018 0.0627853400809606
0.25704715188443217 0.8651498846486945 -0.48106174396444956
-1.166225941035318 0.8409348136123072 0.10954065395425161
1.593630809675819 0.8886502555154436 -0.49319367336203257
1.0117256192973478 -0.2399467728447462 -0.021367120017306007
-1.1558622797914389 0.9302911800307996 -0.4662502281563441
-0.026627704951863507 0.5852220760513944 0.0627853400809606
0.091343379775779 0.8593814296739026 -0.48875074314047495
-1.3367866123708652 0.8369954292362465 0.10280819011758169
1.4528925048921373 0.9213795551463306 -0.4964204304115931
1.026304462366916 0.10524263797553601 0.0032379157645543444
-1.338791188799565 0.9050007497077175 -0.47645335124899546
-0.1525100750772843 0.6546193851052564 0.0627853400809606
-0.07222060780015838 0.8586913106238896 -0.4959872238533656
-1.5076308049233198 0.833809397198138 0.09607572628091177
1.2160946502690138 0.7689212756414889 -0.5190086834328334
0.9537173286577563 0.2772218226290093 0.012611342201932274
-1.5297945469371577 0.8677172593105809 -0.48798661159445444
2.156102341810964 0.02352515226179719 -0.6134629719154994
-0.26357055827463327 0.7505749665858161 0.06508178783486684
-0.23846099573614055 0.8543579515381765 -0.5036764614479701
-1.676190842186518 0.8356594050942832 0.0897173411948522
1.1138712590594686 0.8781206207972332 -0.5143988602059046
0.8913254463770208 0.46692925425930554 0.02354688716958364
-1.7290012816431286 0.8185212681024083 -0.5008512012856166
2.0608455607692484 0.1524814780000554 -0.6064177029030482
-0.34731214505667296 0.8946571529240543 0.07158823085854849
-0.36584789926423156 0.9201547477799323 -0.5041285030739466
-1.8475734950366949 0.8339788101642185 0.08298487735818227
0.9287341532101863 0.8289803496103403 -0.5263841621773402
0.8486043670227836 0.6919227196028146 0.037606907616360985
-1.884993704412608 0.8427223135586672 -0.5061746113197962
2.029761718316582 0.41130730794439785 -0.585752057303683
-0.516396817840338 0.8871225384252313 0.06469912601540884
-0.5643692880411137 0.8608575912569663 -0.5176976196663539
-2.008862240564227 0.8501004523758624 0.07774849010537466
0.7966913675123557 0.8818435872011321 -0.5277674667732875
0.7698283193279032 0.8463205511747631 0.045417977104886376
-2.1084824071222172 0.7570174503755283 -0.5230312816994349
-0.6783522607904686 0.8933167657989998 0.05895824504922231
-0.7387947734205724 0.8457213250233906 -0.5267432205574671
0.6530507561200629 0.9132490619295766 -0.5314550869362513
0.6213304171191716 0.8689902354424532 0.04151244236062368
1.8902100090311507 0.7634085088395253 -0.5617986194985072
-0.8355332435354299 0.9088415525811939 0.05398292614053091
-0.9061056272388868 0.8442946921472938 -0.5344326965706507
0.4904827023765215 0.9101671938988076 -0.5388310425179164
0.5532554151023099 1.041397067569278 0.05088586879800161
-0.2691367422597466 -0.4821653251758846 0.5000311858756383
1.769406099968176 0.8350083654378153 -0.5608594887154261
1.2485248835492655 -0.18509569128899273 -0.08881668971945444
-1.0604959052344292 0.8086621754314365 0.03867383075784048
-1.0636469665055195 0.8608206193702159 -0.5403123371498744
0.32289523426577915 0.8990333540653594 -0.547128724326388
0.19780896202339804 0.6840883237924658 0.013001871834500633
-0.4011312850145359 -0.4162978338074552 0.4997093207938512
1.6331258617528839 0.8759351945838958 -0.5632079117195765
1.1988652915988283 0.035420207536972725 -0.07481245922018687
-1.1629124728312235 0.9203765160597044 0.04211826397012075
-1.2540976510894666 0.8221799809545871 -0.5520720951454798
0.16218820783848287 0.9017356142826998 -0.5540435783760707
0.09385067467761132 0.792026624829731 0.01651687694619497
-0.4536859053204978 -0.20561205460816012 0.5100068576438268
1.4833144623642305 0.890787965614507 -0.5683739654915492
1.1391609185375593 0.23364501564606144 -0.0628087990181605
-1.3231123127498918 0.9336455999250006 0.036760044823392235
-1.422248388619117 0.8230045308728791 -0.5597610943215052
-0.01801805928603173 0.8702737288453761 -0.5646460525887171
-0.04096733466032276 0.8435558194740125 0.014954758415921532
-0.49777008240528176 0.018083258393758683 0.5212695129020055
1.3516411830164046 0.9416423507370126 -0.5697832577126185
1.0554743092000756 0.38312557489220467 -0.055206345786348976
2.305428808576476 0.025737905992507137 -0.678654717673556
-1.5038843794516659 0.9133273599143124 0.028340054283841454
-1.52944703489403 0.9272054669151117 -0.5565948955910365
-0.18413535822101323 0.865719550581332 -0.5724826328652064
-0.19994902219446686 0.8520650266499885 0.009486866722806298
-0.6061812521094332 0.12398524565640656 0.5238437183005651
1.1741428782690377 0.904659560830197 -0.5805855266945521
1.000222341669648 0.5857953941226768 -0.04280261920859019
2.240170558550844 0.21705859550153406 -0.6647820942299525
-1.6722257482780059 0.9152089094714526 0.021833849678738915
-1.7439113870340535 0.8524747786593565 -0.5724251739876429
-0.3505241921151345 0.861887645511743 -0.5803196899788539
-0.36644865007203364 0.8482059601477303 0.0028476245505650866
-0.7214428287509342 0.217150277228626 0.5254525668723424
0.9822864486401777 0.842035741976936 -0.5942061417000453
0.8766468972851875 0.656015222843159 -0.04240231441427866
-1.851133638119098 0.9007716465791447 0.013796520958646141
-1.9049740087421299 0.8682450235359624 -0.5787573330300013
-0.5098123014329516 0.8717789732690662 -0.586773442496554
-0.5012476927305798 0.9014457414793995 0.0012852676017125475
-0.8412193280953986 0.3019981104605378 0.5264179236991247
0.829353462286079 0.8551146718195639 -0.5998423569100062
0.7533364494239656 0.7266654755619726 -0.04200224803854624
1.7051952210674841 -0.232775363374067 -0.14810209201742808
-2.0226144130069876 0.8999178966169623 0.006907416115506493
-0.6791610569040181 0.8650571805017364 -0.5950711243050257
-0.6755104420171207 0.8859494337056759 -0.006526040305391945
0.685652921471462 0.8863914497456804 -0.6035995952980677
0.6608060393771815 0.8548899400247691 -0.03640036510397593
-0.07546120335944195 -0.5240513530165316 0.42969198299477895
2.013631641572349 0.7151805903261703 -0.6312969200508753
1.6537215144314672 -0.013059545543278261 -0.1337934009926478
-0.8562603293845612 0.8461385668778263 -0.6047518722908656
-0.8327008752619207 0.9014677663969266 -0.011603163947359718
0.5230716532749646 0.8831665941556182 -0.6111143104927699
0.526409169116782 0.904334678202062 -0.03800110744406382
-0.11060692284535278 -0.2787650650291482 0.4429120547873815
1.8815251098850396 0.7640922715018519 -0.6327319614784876
1.5902172134329469 0.17980543555881923 -0.1219375603096644
-1.0187374829963858 0.8538542897081314 -0.6116667263405482
-0.9950408797523629 0.9090300148589705 -0.017461585273043312
0.3531116677190411 0.8675184144726344 -0.6200383179085414
0.36834373870342674 0.910480871668895 -0.04360275196005503
-0.22760339375657423 -0.18714517009525622 0.4445647723777135
1.7674354543301334 0.8490613472221753 -0.6303401462929408
1.5166476933689488 0.35040925252685895 -0.1121259205238978
-1.1612874382578404 0.8966361883701239 -0.6148934833901087
-1.1676564348797953 0.9000841346037163 -0.02488188671042124
0.19714076632296695 0.8788159739766854 -0.6261439793007533
0.2029041242945091 0.9041768108688899 -0.05040483402182261
-0.2531632754263953 0.07113402453200734 0.45877618862222036
1.626702455431932 0.8811267655037938 -0.6336884968178431
1.4440465845065376 0.5210831481707032 -0.102313803900973
-1.3316282892180276 0.8928145914647914 -0.6231911651985804
-1.3253819513521812 0.917657610965648 -0.029959248770968117
0.06747716599910092 0.9387203037550762 -0.6270831100838343
0.0420027826071383 0.9073191731101033 -0.05640678333212534
-0.33261778514636475 0.22867626986818834 0.4653861053092321
1.4791646888839267 0.9004425124213356 -0.6384721271889369
1.3519772364137062 0.6518860001877869 -0.09618167804648081
-1.502250586910332 0.8897500733443735 -0.6314890854256312
-1.5240304822041963 0.8673669356151663 -0.041285561789766945
-0.10558066153242507 0.9207832669047278 -0.6364768021004359
-0.119114773615415 0.911156917122355 -0.06240873264242808
-0.3651207019284328 0.4691593563326819 0.47827549053262075
2.104296403608167 -0.013617317380536065 -0.7621338837044398
1.3064360878073948 0.8717014718581879 -0.6485178940193812
1.2308892611379036 0.7253290179917684 -0.09536390232016245
-1.6833906930420817 0.870363055078073 -0.6416304581062953
-1.6719987816311566 0.9035197427135699 -0.04480032848288218
-0.26925836884360166 0.9209901802838516 -0.643991517295138
-0.30971145993978766 0.8635242020540517 -0.07321195529867808
-0.4889636353126505 0.5440930830329265 0.4786061771018346
2.0764025594558753 0.25420763949735914 -0.7397299282448451
1.1562680177269797 0.8878881884246681 -0.6537795536415736
1.0939795884543528 0.7682326966719941 -0.09740810321737925
-1.8792928724041253 0.8421601974177833 -0.057298230399386085
-0.45180408298078234 0.9035395919381557 -0.07601289676596323
-0.6174468842778396 0.6107579389516928 0.47827549053262075
1.775325650320049 -0.038503140654761125 -0.20308022426535288
0.9689675361128494 0.8341708440652482 -0.6666956417458216
0.9525167297953452 0.8028346203295484 -0.1002698414223353
-2.092465381692733 0.7733030296534551 -0.07057719158102671
-0.5923992965727933 0.9321768077180792 -0.6580818169014613
-0.6160784130426435 0.9051544785242029 -0.08241491245199839
-0.767952639976226 0.6388838767496736 0.4749705321891149
1.7002910677892906 0.13178380460463046 -0.1930599682228724
0.15484488935449647 -0.18330700496526475 0.3836194999320348
0.8020248701534953 0.8209158995704797 -0.6753061287300746
0.8040672376238831 0.8247705433021437 -0.1043580047981898
-0.769162496295678 0.9129149034344053 -0.6679449551003138
-0.7830813137218939 0.9031551678615983 -0.08921699451376597
-0.9384124160356322 0.6330178117578171 0.4690215118033727
1.8425969771609871 0.7355620580470159 -0.7075846664803187
1.632902039256365 0.31551703928261077 -0.18178682254721323
0.14193327467249262 0.10080360122550047 0.40024061275552114
0.6605531679372305 0.856687423814563 -0.678654717673556
0.667280257725718 0.8692870384975535 -0.1064022056954066
-0.9438042749556992 0.8987649881052846 -0.6773381702797572
-0.947841395672139 0.9061983124736699 -0.09561924861838023
-1.119167796292384 0.610639161563661 0.46175046039651235
1.7552756697000405 0.8739890317547179 -0.6993048660652796
1.5576090166813366 0.4814746356590476 -0.1721840374367396
0.09037949973532733 0.30998329326843077 0.411095095406278
0.5002156441268966 0.8579490166033139 -0.6858301632301966
0.49277116637333407 0.8441203657133798 -0.11498765872885386
-1.1238267414513103 0.8767944832174734 -0.6876709930794398
-1.1254033682052835 0.8884442254317335 -0.1040218346016566
1.6123580876716126 0.9016707670889019 -0.7032013409035365
1.4719720984362716 0.6253017985715132 -0.16466860698630015
0.03287058705362966 0.5059403314152746 0.42093224598000845
0.33965883249362605 0.8598969631859035 -0.6930056087868373
0.33687625772547847 0.8547722923308143 -0.12030224727560679
-1.3042531280270033 0.8556521658777498 -0.6980040542977015
-1.2805753445485735 0.9101452236868397 -0.10882310794760386
1.4626079240236791 0.9166300299978474 -0.7085586063759486
1.3575782493401967 0.7116429680930025 -0.16258077548910776
-0.09088190409030616 0.5795038069182183 0.42127151561806997
0.17888273303742253 0.8625312635623246 -0.7001805775063197
0.183212796579717 0.8704427404579036 -0.12520818637777964
-1.467291487501253 0.86529894581912 -0.7050490848915736
-1.4333074998758342 0.9367760787576529 -0.1132245533363978
1.3127440425070276 0.9322022328160813 -0.7139161102669398
1.2344144110549955 0.7806310404286521 -0.16216354297568003
-0.21436501910485006 0.6534845294726921 0.4216105468375524
0.0034554638371737667 0.8397101248131946 -0.710226344336764
0.029427857155901904 0.886757783918128 -0.1301138870613734
-1.6611893000270683 0.8243803583233671 -0.7177300922768275
-1.6372979165167685 0.8785065367292617 -0.1256285183327357
1.146663075811329 0.9174893749660811 -0.7226829998390834
1.1092055170281085 0.8456263604809848 -0.16216354297568003
-0.37655940535614363 0.6582429259419342 0.41652269435952505
2.091884692351069 -0.11900204739966114 -0.2692866794960658
-0.12933600512011623 0.8949953854778556 -0.1358373634712855
0.07548392640386226 -0.897265989263424 0.2638167865378698
-1.8299284417358024 0.8270134538764182 -0.7257149689095179
-1.7853168523569778 0.915119039383093 -0.1292295925514857
0.9895145181717986 0.9211228443086412 -0.7295015327828089
0.9587203495798704 0.8625411893020072 -0.16675620006491343
-0.5438680191106258 0.6550070136599757 0.41075582576821645
2.037462297783854 0.09539943455355626 -0.2547951214211146
-0.3004672618899811 0.8821850883678124 -0.1436050407784144
0.175336801462727 -0.3917277459453672 0.298259926567777
-1.9669997196472195 0.8969596660382066 -0.13803224491049448
0.7902114488487548 0.8462833823445095 -0.7450869552986781
0.7871256161513998 0.8404596382888911 -0.17510657237936655
-0.6917072887106457 0.6871897871105759 0.40770311428140005
1.975561261656999 0.2918353481508831 -0.2420087330238978
-0.4572160449568017 0.8961503464353768 -0.14891962932516734
0.24325258661955473 0.04663456552496825 0.3274845607383092
-2.1620909283212484 0.8583972906503661 -0.14883570598532359
0.6605421769103685 0.904045051341555 -0.7460613720314662
0.6574298365617146 0.8982263013007596 -0.17594151424338023
-0.8544621132801424 0.6939998695684508 0.4026150233847936
2.0410799262678765 0.7281679286325797 -0.7702055446999232
1.8971646542125704 0.45251602563263305 -0.23263220714499155
-0.7515179663973655 0.6698649367085139 -0.7599757187264125
-0.6215160376247084 0.8977892817936421 -0.1554611198799769
0.1911059640839703 0.25565420912410275 0.3386177547080358
0.48854259712248194 0.883442392279008 -0.7558022014992396
0.4948034666074932 0.8950607225959999 -0.182622002829806
-1.0723579272252621 0.6065043190436796 0.39006419254372915
1.9156834997412275 0.7903466785297653 -0.7702055446999232
1.797459594482131 0.5687082891748574 -0.22751741336752573
-0.7885330759253755 0.8958242004411545 -0.16241102146078745
0.11163962995222221 0.41198271279065324 0.3455760009391149
0.3232876168372343 0.8767124052048985 -0.7640822403328578
0.3390628398669868 0.9057302451390754 -0.18804960178305308
-1.1755514377699683 0.7183417037006734 0.39311738086770376
1.7882718290485187 0.8485160802653269 -0.7707014553444544
1.691638275992414 0.671798833969639 -0.2236817352669398
-0.958311800343381 0.8902731195818134 -0.16976981090475718
0.07132420345271484 0.638432000030221 0.3581008441550573
0.14818704864018528 0.8532505525716516 -0.7743101589577357
0.17836780031963784 0.9083067287063002 -0.19431238101889292
-1.3616177434123848 0.688527324293112 0.3849763400657018
1.63406545201304 0.8538817073475045 -0.7771456711189906
1.5930784186994593 0.7885260595105024 -0.21856694148947398
-1.1450914063057738 0.8568765958093962 -0.7633243076698939
-1.1208367470950975 0.8983834982788395 -0.17590217517782847
-0.07605719826354829 0.6681789184344282 0.35496969295571645
0.017458697600755357 0.9115754438779646 -0.20057539867331187
1.488727865670615 0.8776056472578375 -0.7816074364082972
1.4542875113815903 0.8256549066847398 -0.22112421916891734
-1.315487577067742 0.8529871928208621 -0.7719347946541468
-1.2962040759447113 0.8857221154196608 -0.18407850192953745
-0.22831433487801078 0.6897987610609135 0.3511425979239782
-0.14366654277444724 0.9155326642071131 -0.2068381779091517
1.3132483994595 0.8588855440802092 -0.2241075508492152
0.507013061206365 -0.6885308715541214 0.21691865993569692
-1.4759990590662575 0.8669696369105964 -0.7786319725411097
-1.4897230922223166 0.8438565553464628 -0.1951170437233607
-0.3806683628463041 0.7120407253316117 0.3473155028922399
-0.31232900888703696 0.9071430857439822 -0.21435360835959116
1.156126661964091 0.8617289329007605 -0.2300746910469691
0.4802710385393638 -0.42189871152361746 0.2329666144950231
-1.6556409240402878 0.8499477611431132 -0.20165805744101206
-0.893927187184552 0.09662203765981303 0.29234547687600454
-0.4739197169536986 0.9125123907434727 -0.2206161491768519
1.0011172794259942 0.8696434735170939 -0.2356155388252894
0.5223595487686232 -0.02747540605949439 0.25935621334145864
-1.8217741253481918 0.856753403468197 -0.20819930957724253
-1.438896053112078 -0.5633140601706188 0.2335481174094518
-0.6381952770772727 0.9142373031465709 -0.2272966377632777
0.8342921703008024 0.8561893384876669 -0.24328761028219859
0.4876535581114396 0.21633502513672198 0.2736207969291051
-2.0398998136488835 0.7791249858712845 -0.22291688846518198
-1.2581778350617974 0.051628839882397415 0.2770373351676305
-0.8051868840306398 0.9123635003691675 -0.2343943588631312
0.6905879417897474 0.8874174038384766 -0.24669699596335093
0.4215324503105613 0.398333440557316 0.2828926570517858
-1.0734270669894457 0.664847196137849 0.3205263145072301
-0.9724405754433043 0.9112184248771698 -0.24149207996298472
0.5209080203908627 0.8709465294015359 -0.2547951214211146
0.38717631425821253 0.6374446495471915 0.29680104328225454
-1.1763939180513958 0.7766638371913004 0.32365746570657095
-1.1324094481745206 0.9237028847527711 -0.24733762668539683
0.3627586105386129 0.8771277584732289 -0.2607622616188685
0.21865354857931152 0.6264966258159888 0.29038186145852407
-1.382558612322672 0.712520960957967 0.3125242717368444
-1.3153185330145085 0.8982481457421656 -0.25694041179587046
0.20681191229465057 0.8883425298495808 -0.2663033478157679
-1.5563439704996647 0.7051459375385178 0.30591411663125356
-1.5393907386729389 0.8051117334239422 -0.2732236854927699
0.043488648054907486 0.8871308269663984 -0.2731225960152308
-0.1434281176787735 0.5631489525801712 0.27397723270486196
-1.6542579188800097 0.8968808149310021 -0.27155356334616343
-0.1176564915007674 0.8909751400767902 -0.2795157902138392
-0.264539022763568 0.6416715214384467 0.27469058109353384
-1.8434367453823164 0.8653334314942214 -0.28199176715780894
-0.2814567484165913 0.891165341326051 -0.2863350384133021
-0.3975431797834119 0.6988509997559689 0.2736207969291051
-2.0149649265271137 0.8644611643044726 -0.2895069591896693
-0.4454976530340993 0.8920596448081497 -0.2931547634499232
-0.6089519674487818 0.6176034143625557 0.2611393458945592
-2.199791653253037 0.8431130574675549 -0.2991102211373011
-0.6073094152708798 0.8979893731936386 -0.2995479576485316
-0.7693037679768864 0.6283758637364869 0.2561463840110143
-0.7767694284872384 0.8916604687014882 -0.3072200291054408
-0.897519949667096 0.6960430551402226 0.25578994823525747
-0.9440259619289115 0.8903910378849602 -0.31446556972433726
-1.0580158984034433 0.7080682382499788 0.25079746318887075
-1.1040041307800763 0.9027605929358771 -0.32043247150351206
-1.2589261433845707 0.6518699218834101 0.24009866787026724
-1.2843642088548357 0.8814603059923769 -0.3298092358009974
-1.4351804428656756 0.6396144455110999 0.2329666144950231
-1.488008561597578 0.8224270010737413 -0.3430219166176478
-1.7695899763193559 0.36224974395527454 0.20372386051247915
-1.6488490497206563 0.837067062441335 -0.3489888183968226
-1.9730519661110044 0.30933466749914373 0.19302530361245474
-1.8252767758110302 0.8267903594411266 -0.357513474692599
-2.009800310909629 0.8045383448058558 -0.3673162929909388
