2.041137827123535 -0.579657607079227 -0.5417249526000116
1.9907766507068203 -0.36877592292136896 -0.529518875024328
2.008278718257941 -0.10675715256581597 -0.506341728112707
1.9481020728706966 0.09474621972103847 -0.49605539693594913
2.007548182968776 0.38578156918803685 -0.4664199675536249
1.917649434686922 0.5631027331563665 -0.4612787093138788
1.7886353934097485 0.7110596184539624 -0.4625747527098749
1.5723315199082037 0.7947637951867499 -0.4780414427733515
2.2077544466741017 -0.7108953251325119 -0.7363241042113398
1.236037888242251 0.7916927545651724 -0.5128333891844843
2.0118493117680316 -0.6128034983555928 -0.7483184660887812
0.8550581344698145 0.7584995158315522 -0.5546987380004023
0.6220159968181775 0.5977543371256608 0.27634021387337704
0.5335944970222357 0.7710716314384776 -0.5868804778075312
0.4809211147194645 0.7416492394918208 0.2736069832825567
1.3283554328539253 -0.6285105595095324 0.15151473627327938
0.19957485528966856 0.7768290708098959 -0.6209810103392694
1.3851320114184915 -0.33446348875441245 0.17819282160042782
-0.17538011162534417 0.7557875737403101 -0.661507400414953
1.3641000037161746 -0.10103984025188595 0.1932956849121954
-0.5267362321486218 0.7541168562010583 -0.6981513823485468
-0.670283902239504 0.6613293108727447 0.1629168664002325
1.3083456422727977 0.10532236332906919 0.20319577799080868
-0.9680232448328496 0.6919127678960386 -0.7489507521605585
-0.9497429229907084 0.7131868502675616 0.1408660088562872
1.2096389881537988 0.27907277990543733 0.20673629389046688
-1.3068944282235009 0.7127415616916082 0.10800763712166805
1.458220472557386 0.7005307099904563 -0.6969411696410273
1.1715373657309698 0.49731832081191385 0.21896573648690243
-1.6687300448385827 0.7115498306137908 0.07459661112069149
1.157705316487295 0.7242604905800683 -0.7267272795653437
0.8939806104188364 0.5393644894275376 0.19648048029183407
-1.998379711109564 0.7349295635586515 0.04575749979256649
0.7366827323299248 0.670543318145743 0.19136878595589657
1.7174518845207416 -0.5290962945839048 0.09364720926522274
0.5797433140511288 0.8024135863760442 0.18626758203743954
1.7346946191931067 -0.26608424143340415 0.11482783899544735
0.07190121259083071 0.6833652889215571 0.13084527597664852
1.6938744689888523 -0.04861861759547281 0.12720033273934384
-0.2511483172057325 0.6998426164648315 0.10205289469002743
1.642132100346629 0.1597508504576055 0.13781615839242
-0.5543551667701223 0.7325008137160829 0.07616826639412899
1.5912865088303363 0.3680608332446411 0.14843961344002743
-0.8863813908112803 0.7469163331118764 0.04625007257699032
1.4855163603719177 0.5348864211157256 0.1508452569031622
-1.2311206692705525 0.7547426326801236 0.014613357641687585
1.2982687491663967 0.6293237190669778 0.14030477152108212
-1.5974162890777848 0.7251066271855073 -0.02170923604727726
1.0112984156950802 0.6760932922756453 0.11691876993416805
1.7919423134336938 -0.8089083602371545 -0.021125587365636633
-1.9853678722134873 0.7456111860321002 -0.05666569127799015
0.6816647819170356 0.6814799614039622 0.08646651849984188
1.9434418603307222 -0.45328707700331705 0.020001617529382898
0.4038907408550898 0.7264997459740812 0.06366368875741024
1.9725838638032513 -0.18183355840979232 0.043270794012537195
0.08548201021284285 0.7441650346534594 0.03500291452645321
1.928009887571406 0.0318961922779728 0.055213657476892664
-0.22122011254434426 0.7722760637355393 0.008119312384119226
1.872488379095259 0.23654055336877278 0.06537505731820126
-0.5810673045239128 0.7649384212256116 -0.026381286523351477
1.7543028638918798 0.39351387160172635 0.06600448236702938
-0.9252517085443515 0.7710984740420628 -0.05851677312613468
1.6326726951868977 0.5479351043837113 0.06604644403695126
-1.2822141402737373 0.7707544268328945 -0.09239748372794132
1.4037624273663596 0.6231490470984262 0.05000373468636532
-1.623398385080776 0.783773915340479 -0.12391212835074406
1.142809943153381 0.6760758265660485 0.029204097845545007
-2.0880381839156286 0.7146746498748016 -0.17301586522818546
0.8214581331001511 0.6865860687018 -0.0005219305968378052
1.9547875376745054 -0.5052648780588456 -0.08303907766104679
0.5157244584495828 0.7105647089868512 -0.027848514459142493
2.0033120747463897 -0.2186258968854773 -0.056417735955724524
0.18943911702605476 0.7218073567856784 -0.05813959493399601
1.9861684090492702 0.01610338849292603 -0.04007652654410343
-0.14543001415515278 0.7291654915143262 -0.08960703267813663
1.9621987109669732 0.24454727120083675 -0.024939330956945227
-0.4889204009529209 0.7327240310344898 -0.12224939718008976
1.8599118103595345 0.4131290187417349 -0.021893772027501868
-0.8410842587848322 0.7325764657701157 -0.15606811895133
1.746302186351386 0.573113769218967 -0.020653995416173743
-1.1653117219981368 0.7543399203055294 -0.1857002104735468
1.6372665905401504 0.7364326663444487 -0.018800052545079993
-0.0018528316600878725 -0.4673688391415034 0.5552699242615606
-1.641062254466192 0.6735251298826554 -0.2373521651244257
1.4048200695093271 0.8090116112903907 -0.03568390264273624
0.0017333618946366869 -0.21263722585156586 0.572543827154627
-1.9460324662408084 0.7135855901341053 -0.26397255315543156
1.0921306712897518 0.8243156995553029 -0.06464842214346866
0.026609876158573798 0.05629139399339422 0.5924994622254278
2.180607188897852 -0.5659356569520675 -0.1663391913390253
0.7870387350889132 0.8472188970545886 -0.09238890065909366
-0.011631447356293734 0.2779903292499455 0.6038953934693243
2.193100029159808 -0.3068658876221271 -0.14487770452261906
0.4654176713447242 0.8602534717092993 -0.12253359212637882
-0.1013871566031952 0.46182476567376796 0.6083414231324102
2.1714244912862597 -0.07549327711044995 -0.12893322362662296
0.14737790932632322 0.8780239712677513 -0.1520569647765253
-0.35233201974982364 0.5304152913525506 0.5913912926697638
2.1666157250790263 0.16763936045592587 -0.11052826299429874
-0.1954101529821486 0.8804008197049278 -0.18519237890006046
-0.680445019576922 0.5457786490687297 0.5642883454346563
2.071920190668507 0.3415486604703979 -0.10623005285025577
-0.538746481135604 0.8847676251405616 -0.2183111037230585
-1.0090499854905346 0.5630183407068223 0.5372011338257696
1.9699648383621877 0.5097502554606166 -0.10315063848257999
0.2708036928980846 -0.7563582997324616 0.4564072762513067
-0.8989065973783994 0.8797705376284917 -0.2538311804747675
-1.2850815335030745 0.6191230640255476 0.517083850958338
1.741303081798577 0.5833615665666478 -0.11969450368643741
0.3125904771536625 -0.4720504338471123 0.47937556848763485
-1.2270405118864431 0.8994910377195602 -0.2845008696532343
1.5126246948588147 0.6581664634340605 -0.13622597112418156
0.3038395676951069 -0.2268870532916445 0.49527570352791805
-1.7601287637232161 0.7805360307010538 -0.34536245717764835
1.0359392977744761 0.5520461027003698 -0.19077518834830265
0.2882269497376342 0.012031391838785765 0.5100934182190802
-1.9789219351051486 0.8802729024572358 -0.3596847380614374
2.007212897663848 -0.411336493074252 -0.2709501112914179
0.8506801982920251 0.6622557451816569 -0.2005317534422968
0.23755634539708126 0.22428867725093227 0.5200216446900274
2.067888281511145 -0.11599973278486075 -0.2417161787963007
0.5249262804993151 0.6715201980126082 -0.23174122228384952
0.09921151157580255 0.37239235727338027 0.5179912720703985
2.047158863481613 0.11540507928107857 -0.22554710759879093
0.19465336916911724 0.6797587329125356 -0.2635491217589472
-0.21225457607658882 0.3963739336052541 0.4925849114441778
1.991875412882635 0.319617072403652 -0.21497181310416202
-0.14017201818668923 0.6870223813745433 -0.29595449819327335
-0.5605465678517447 0.3961524483086656 0.46230002985238094
1.9057127852193219 0.49999180681755817 -0.2093670691466425
0.34021002178937465 -0.6645151162609686 0.36626454935311337
-0.49980619090202083 0.6790123807284765 -0.3320224608397577
-0.9134811208094078 0.39507946999590615 0.431486812689295
1.7605699827766443 0.6361208230308684 -0.21308592214346866
-0.831652951420196 0.6930848372689766 -0.36378267659903507
-1.2751162483526457 0.39035560370272293 0.39960404978035946
1.6397714159665497 0.7905401829167857 -0.2130625571227167
-1.1558303928415654 0.7147442371327877 -0.39430025472403507
1.3674996037221376 0.8338912578611932 -0.2366669501280878
-1.623249933089994 0.6394092166094296 -0.44625357045889835
0.9145095448400156 0.7473144860508008 -0.28824642553091984
2.2038058095050275 -0.5693752936013787 -0.3743779982543085
-1.9895283998833833 0.6371867764688623 -0.4828651274657343
0.6734396121817525 0.8175296053431573 -0.30684593572379093
0.21860992524506173 0.4976611193124789 0.4354073678040411
2.133796652969167 -0.3740950471940536 -0.3655698622679804
0.3436401735636281 0.825408106486524 -0.33911255254508
2.162957535877439 -0.10324051510684029 -0.34095552816153507
0.013329833989288886 0.8351778930506875 -0.37136534108878116
2.12639641279425 0.11586976965753237 -0.3270781363463495
-0.32557445570992627 0.841120375034194 -0.40484312429190616
2.090832918181789 0.3348224895404215 -0.31319454564810734
-0.665014455321085 0.8490336772062292 -0.4383075560546015
-1.3657052678402692 0.36613671544213844 0.28636380777596493
1.9531366571086153 0.4761520991737278 -0.31572845830679874
-0.9927561166990984 0.8674192313702243 -0.46988848104239445
-1.5078847018233148 0.5173728215960196 0.28380176172493954
1.803956538160719 0.6091303008039475 -0.3201487387633417
-1.341356762299199 0.8735789060388015 -0.5045621718382929
-1.653684370430284 0.6663522650696869 0.2806989823365118
1.5554993712230356 0.6689642510883296 -0.3403489912963007
-1.7927570286445729 0.8115876647430795 -0.554756912133703
1.1430527051228836 0.6097003239987835 -0.3864314879393671
-2.163170293659334 0.8082126960644445 -0.592502387902746
0.8418257709871284 0.6347652801726831 -0.4148128355956171
0.48855607468415485 0.3735884538546479 0.34959670648812313
0.5201351625798196 0.6469740399069259 -0.4463384474730585
0.39098594631965966 0.549959744257368 0.35308715448617
0.1858883479472837 0.6523406159737135 -0.4797418440795038
-0.14080684114743747 0.665403977009845 -0.5118663634276484
-0.4720356723681931 0.6774637463931796 -0.5446079100585077
-1.199135642874154 0.1587430288199556 0.1835019265198614
-0.8321374793479492 0.6714737938251254 -0.581750663659582
-1.325706369290259 0.32072210373529586 0.1831204567932989
-1.1887960998653568 0.6704302710698613 -0.6182468260741327
-1.455798773581236 0.48032211839136707 0.1821868096375372
-1.52974201160184 0.6827666352534223 -0.6522004927611444
-1.6670564390058331 0.5838305829712738 0.17004510507821102
-1.9161355701090201 0.6661692752250232 -0.6930797423338984
0.025371457487764815 0.23075144065032305 0.7189962540650274
0.3019925520399056 0.4028203703334974 0.583405700781336
0.7438142862555566 -0.9313076293208269 0.38130828485726376
1.1310142610648057 -0.48073555515294686 0.4025127564453985
1.183884572479755 -0.20989214361312136 0.3992864762329962
1.2047098521809403 0.07200492965483107 0.3928324852967169
1.1087686272988577 0.39416256638546443 0.37485429392098446
1.3939360048807146 -0.07705208853071355 0.2760755692505743
1.4671392283272695 0.18667383342080157 0.27466651544808407
1.6024912317448354 0.4291859106821434 0.27936383829354305
