0.966875289574853 0.13983015217515593 0.6404980851047641
0.9746240396738407 0.3520836481705185 0.6375321579807407
0.9800994973646812 0.5870293821035109 0.6340250206821567
0.7776894734888106 0.8412411098845105 0.6180514527195102
0.883799432925728 -0.7947994341719902 0.53827325829202
0.7199692259803122 -0.5593990115614709 0.5247925949924594
1.139092193916626 0.08094851922373714 0.5398134423130161
1.1177512007407584 0.3062323974771104 0.5348796082370884
1.14693295940706 0.5273677312123173 0.5330027771824009
0.28698194240420405 -0.2804892798422607 0.38129608162576023
1.0464675496255382 0.5584039092458859 0.4145440293186313
0.9261962274532279 0.12016617674264829 0.302247924887479
1.5314758613740995 0.29327721289938147 0.3378214074009067
0.4899782495079511 0.020857957594451193 0.7273668480747348
0.48333874429720314 0.24710437933629947 0.7234090996616489
0.4625822529774143 0.47474694929366557 0.7185906601780063
0.4227484890539809 0.7043773344268303 0.7126230431430942
0.8580726702026872 -0.28872840193840865 0.6409444046848423
0.9697772752680417 -0.07319099290969788 0.6440600586765415
-1.579816829793364 0.8850680894493159 0.36675731667214695
-1.542348149403584 0.8782935159982213 0.37098352440530125
-1.5054437764326791 0.8804352328142375 0.37098352440530125
-1.4678162642990724 0.8688740917331526 0.3773225975864536
-1.430722549080749 0.8662304529990479 0.37943593987160984
-1.3940681287660432 0.8725095166073391 0.3773225975864536
-1.356611003038593 0.8605507815224591 0.38366214760476414
-1.3194189134464067 0.8529889354616138 0.38788835533791843
-1.2826041624309017 0.8543524021061764 0.38788835533791843
-1.245353701466614 0.8420024641760797 0.3942274285190708
-1.2085777778277529 0.8431073246948699 0.3942274285190708
-1.1714616984864976 0.8304933711648985 0.4005669785373813
-1.1329910073810983 0.7497920869085952 0.4386023712986118
-1.095570337040451 0.6961368578567484 0.46395914086037937
-1.0589159562063577 0.6695336049423393 0.47663824089700046
-1.0223513717654622 0.6337389569285978 0.49354307182961765
-0.985939320488314 0.5842227045896795 0.516786499106229
-0.949926236143199 0.548172405682795 0.5336918068760044
-0.9141656617321194 0.5119959907995479 0.5505966378086216
-0.8786723598683304 0.47116404989852256 0.5696138573520786
-0.8434644817264912 0.4302101368302811 0.588632030569852
-0.808266552073185 0.41632069287676643 0.5949711037510044
-0.7732878135603956 0.39324812755977767 0.605536384665311
-0.738236415166231 0.38364691964528497 0.6097625923984653
-0.7036241791619802 0.3558018347222571 0.6224412155979282
-0.669968206708788 0.296125809209677 0.6499118042820102
-0.6359764994623615 0.2635179213057679 0.6647032929294712
-0.6017870548343636 0.24438198148243373 0.6731557083957798
-0.5674144016081105 0.2341886262490771 0.6773819161289341
-0.534316467081769 0.1921777511724887 0.6963996125095493
-0.4994370378695975 0.1998605569354286 0.692173404776395
-0.46572320561240077 0.18025750728024725 0.7006258202427036
-0.4321413309010895 0.16054067252620285 0.7090782357090122
-0.3977496368933132 0.15881283758212383 0.7090782357090122
-0.36462093784744243 0.13434123435298417 0.7196435166233188
-0.3305877875235622 0.12785218813481158 0.7217568589084751
-0.296310542781441 0.12576998398131778 0.7217568589084751
-0.26263785010425744 0.1145232350139711 0.7259830666416294
-0.2280933350909602 0.11672413141276827 0.7238702011936313
-0.19451618675019333 0.10524540829176665 0.7280959320896274
-0.16135652532009392 0.08913181873780118 0.734435482107938
-0.12757737567414928 0.08194167782812656 0.736548347555936
-0.09383933619485307 0.07463444513895112 0.7386616898410923
-0.059749293939313164 0.07172442043953353 0.7386616898410923
-0.026078232524025524 0.0641821490631358 0.7407745552890903
0.007974757596250881 0.06103818137931505 0.7407745552890903
0.04245759434541285 0.06228260909783678 0.7386616898410923
0.076503592532419 0.05889901414006182 0.7386616898410923
0.11100973568360983 0.05990303964794208 0.736548347555936
0.141144509082605 0.02023692922470488 0.7534531784885532
0.17705789034346375 0.034521949240554406 0.7450007630222446
0.2104866345502142 0.026166167205685653 0.7471136284702427
0.24387109022450082 0.01769460542099388 0.7492269707553989
0.2783113398420428 0.018104024195251256 0.7471136284702427
0.3122016073308279 0.013896929311005835 0.7471136284702427
0.34782396325047193 0.023051058299376592 0.7407745552890903
0.3811330502512177 0.014109414050636815 0.7428878975742466
0.41500887854447444 0.009542577826818999 0.7428878975742466
0.44949843503775366 0.00934531793645732 0.7407745552890903
0.48335712576043466 0.004539751814355952 0.7407745552890903
0.5178597001384534 0.0041000414773044724 0.7386616898410923
0.5530523007095213 0.008017869969664915 0.734435482107938
0.5862140395940564 -0.0016269739366503444 0.736548347555936
0.6214487353054418 0.002041551745618264 0.7323221398227817
0.657450084286164 0.010057589045214144 0.7259830666416294
0.6913103292263364 0.004524985314908747 0.7259830666416294
0.7266596644611615 0.007811819559956135 0.7217568589084751
0.7612811722511973 0.0065060504681611064 0.7196435166233188
0.7974844278178638 0.014001214800929418 0.7133044434421665
0.8377652652730253 0.04366375202546102 0.6963996125095493
0.8709251129107812 0.03304419776575784 0.6985124779575473
0.9048639072479173 0.026767795773613656 0.6985124779575473
0.9472577782230446 0.06488876332699256 0.6773819161289341
0.9856230777914546 0.08058762515990558 0.6668161583774692
1.0223635888195268 0.08724750120165226 0.6604770851963169
1.0582793540519124 0.08932659586997893 0.6562508774631626
1.0951430171553143 0.09571343794898368 0.6499118042820102
1.219871058646917 0.34744445438448146 0.5231260491245395
1.2644670327686947 0.3842447643888409 0.501995010458768
1.3044876446760463 0.39872220492385857 0.4914297295444614
1.3466102252013465 0.42188827397597883 0.47663824089700046
1.3839084616752797 0.4227878967106662 0.47241203316384617
1.4222583258525274 0.42796632552875913 0.4660724831455356
1.4627395130565355 0.4418226961198979 0.455507202231229
1.503345215716362 0.45552007369057 0.44494192131692234
1.5419469867768383 0.4602488441025905 0.4386023712986118
