1.6492608864785083 0.4268951984759859 0.13771527720022547
1.8641621189052238 0.20156479555976148 -0.004835191244598747
1.8304835449637267 0.5108449495514868 -0.006290975088592887
1.5772727960780308 0.75624764996933 -0.019466462606903434
2.0317183376225074 -0.053026734196889524 -0.14958578633737218
1.9587803917735975 0.2444834908055915 -0.15306049870919836
1.7239972236526278 0.4945068169255684 -0.16548544454049718
0.947887384958797 0.5892104844512422 -0.20772940206002843
1.9941699793432548 0.10133648775021298 -0.3046765952057804
2.166582111239773 0.024160009089249534 -0.4482446341462101
1.9886296812959685 0.2900292220938283 -0.45783621358346593
2.052893657131289 0.06875895809763843 -0.607985082144257
2.0761617166094197 0.39446152304654447 -0.6055827765412296
-1.751657964805208 0.4039853166603322 0.8832353920989071
-1.8347519217027646 0.5185340157082248 0.8687133164458309
-1.9027198185879861 0.6314699835890352 0.8563699097685848
-1.9751385276328257 0.7457002083031856 0.8433002800993954
0.28367315057915476 0.29791239139868786 0.7535762162261044
0.24929307554051405 0.3983695930160991 0.7455472321562802
0.22991025324659375 0.496772573376286 0.7399277062468563
0.22063400347965256 0.5937667050798519 0.7359132142119442
1.752358430025133 -0.7468786901227866 -0.12749773549508703
1.98930820843632 -0.5105993967222942 -0.0847693114228214
0.9851327344091132 0.47891541782831215 0.3435139031462704
2.0105588795407705 -0.4250356098842918 -0.08273464726876867
1.009842218588247 0.5676568698008486 0.34530919504690516
2.0175535131967415 -0.3375695571101329 -0.08375174092721593
1.015461356281616 0.6595997985249102 0.3435139031462704
2.044245057320815 -0.2528593509772472 -0.08069950627755773
0.9390384286710436 0.765968042333105 0.32646268320608485
2.051843515257211 -0.16547772894900614 -0.0817170767731632
2.050064609082149 -0.07666715665416257 -0.0847693114228214
2.0437684566277134 0.012938942461846459 -0.08883863973092687
2.0426283261548512 0.10187687022304415 -0.09189087438058507
2.027306717418245 0.1931823824610226 -0.09799486684274328
2.001241297982766 0.2775365976464119 -0.10613352345895422
1.9776291240327453 0.3751308044152477 -0.11427265691232336
1.8860907280674937 0.48009249400011633 -0.13665396260690343
1.9541505380863526 0.5581033779931008 -0.1254635481781925
1.7139521352631846 0.6903766480092672 -0.17938334035348547
