-1.9808264095573875 -0.674967580075867 -0.38794347448317623
-1.7009729520741317 -0.6688797003518898 -0.32346603078810787
-1.4586815906007757 -0.6537444829067667 -0.2683670203205786
-0.4445517476756997 -0.7056539016246948 -0.030386654567404747
0.7367317262359734 -0.753986618758355 0.24510839777024174
0.7687076006384714 -0.6861970869439258 0.2474530060771265
0.7916685948376951 -0.6155297815310439 0.2474530060771265
0.8148764689904056 -0.5449423464621095 0.2474530060771265
0.8337184962293129 -0.4728922869664718 0.24628046350510502
0.8712340335838142 -0.4071302353295403 0.24979713754685307
0.895166976936693 -0.33682179502118537 0.24979713754685307
0.6915020015796465 -0.9022858408396619 -0.7391159216877661
0.905569255198742 -0.26182510544335 0.24628046350510502
0.704540838280451 -0.8284582701902119 -0.7418791930195532
0.9162479877805758 -0.1868146738587102 0.24276378946335697
0.7224262466379869 -0.7561051953815596 -0.7432610671040258
0.9088808500429018 -0.10530288295446866 0.2345574219706812
0.9338683650796042 -0.035128438297023834 0.2345574219706812
1.284272387533246 -0.7831292372235259 -0.5871464888569555
0.9179699775073864 0.04985554847898488 0.22400644617112064
0.934370480037245 0.12333976705745542 0.22166183786423588
1.6852181394305497 -0.7643362141934489 -0.4793865363117895
0.937362328508943 0.2018596289009702 0.21580055551560307
1.8171495602096819 -0.733822946976205 -0.446229187678977
0.9679739598974102 0.2702303694956054 0.21697262125046635
1.8626701652931281 -0.6745928354075685 -0.43932172460524654
0.9760841639998183 0.3470736940338064 0.21228340463669682
1.8947464930409375 -0.6108875082414373 -0.43655845327345943
0.9799465264372671 0.4256837276110419 0.2064216454509058
1.9497111627012984 -0.5552613967438509 -0.42688771886794186
0.9750479885942767 0.5078613697632575 0.19821527795823002
2.009362757610358 -0.5015434898691264 -0.4158351103779516
0.9795312187072511 0.5866351492998678 0.1923539956095972
2.0601034266336775 -0.44492096846237317 -0.4075462500569067
1.0010360692379159 0.6548457434526895 0.19118145303757572
2.108625351407028 -0.39517491606258215 -0.3992569128987036
0.983514858114976 0.7426656379593881 0.1794584115031519
2.1247720907040133 -0.3225897959630508 -0.4020197073933325
1.0024420014410893 0.8162008370224134 0.17711380319626713
2.0813809105139605 -0.23167447071171487 -0.4227430502888403
2.1329304633186013 -0.17567805539231518 -0.41445371313063717
2.1801416840817502 -0.1182602844597449 -0.4075462500569067
2.1556875838741654 -0.03368405717750811 -0.4227430502888403
2.154015451185586 0.04250838205794771 -0.4310323874470434
2.143690192145101 0.12228752553647926 -0.44208451909987545
2.0755599259873065 0.22510303658877984 -0.4710971991535864
2.110625413722559 0.28765073178976674 -0.4683339278217993
-1.347371657001787 -0.3977583798991269 0.5190270264628687
-0.6492296990694619 -0.361869568122688 0.6553528626445093
-0.6018205275206299 -0.2937238458304252 0.660439284611062
-0.5681667493526312 -0.22129614353401106 0.6624739487651148
-0.5435760336563966 -0.1459648752060625 0.6624739487651148
-0.45832423234629616 -0.09077557982619489 0.6756999810221949
-0.44255829039486017 -0.012709868956206627 0.6736653168681421
-0.4126059703364895 0.06060686024922113 0.6746824105265894
-0.41017933103291426 0.1433518568165031 0.6695955117228785
-0.3889393239076 0.21973526192267467 0.6685784180644312
-0.38128341636238616 0.3009312222684519 0.6645090897563257
-0.3917720340081168 0.38872620251995826 0.6563699563029566
-0.38808747374340413 0.47171848616495105 0.6512830574992456
-0.365676845522799 0.5480873616091024 0.6502659638407984
-0.37516232529816307 0.6362112382588929 0.6421268303874292
