-0.259822503038329 -0.5699713511549547 0.3672511720009459
-1.5143359211540428 0.13226647728036056 0.32623936169821155
1.871356081375069 -0.8953113526438798 -0.45426176554483044
-0.825286136946751 0.12159410934935977 0.34084440701681507
1.9852579279468756 -0.7051933707520703 -0.4553718424491273
-0.3663199387299727 0.19263811309917855 0.3488943719216002
-0.472938963938752 0.47569930794504955 0.34063078396994007
1.9414473528351337 0.4838952653273978 -0.48848746783059704
-0.23821557633321788 -0.6503033576100066 0.2567157887764586
-0.850646871882347 -0.1855590477558806 0.23285104268270862
1.7463920990380402 -0.942519134585325 -0.5666179514579164
-0.940391873086611 0.09073610983571712 0.22482587331015003
1.9677627583433193 -0.7922056656003988 -0.5627574778251039
-0.1631486155847881 0.04324527506206266 0.24333359235006702
-0.0792427770677051 -0.6607495693671481 0.14811207287985217
0.19976024952016047 -0.5239280379223104 0.15181709759909046
0.8818638744532805 -0.5385929820305009 0.16861583226400745
0.8847164674072943 -0.30281092503143725 0.16338564389425647
1.5608710967382606 0.5979098576445949 -0.7255940294913636
1.1328850620187865 -0.8909927819176531 0.08328320019918811
1.2281056506616892 -0.6911802385433248 0.08114863866049182
1.3520787085354655 -0.5022991588036447 0.07997323506552112
1.5909450468397495 -0.8733053755096662 -0.025914416377960325
-0.6708997324701897 -0.5663177724001827 0.6988284730263365
-0.5149379803218679 -0.14041226151930175 0.6931278848000182
-0.45927041901785515 0.08088561671319638 0.6897294663735045
-0.06706036574739471 -0.5223146700194405 0.5952007912941588
1.5823968505364903 -0.9178317262870053 -0.24426649576943982
-0.03618941265318654 -0.2939815745098855 0.5912015580483092
1.724325001483109 -0.7371284920640377 -0.24440477854531872
-0.009145733735408612 -0.06384595701226914 0.5870773934670104
0.06085945101992962 0.1504711371009435 0.5840029858894957
0.010226067148494167 0.4109550235718302 0.5778627538033141
-0.16164233648635928 -0.966659552330043 0.4899628304787291
1.7700279539625754 0.6568490535938807 -0.27832840449136365
-0.09952457459226594 -0.7502394476240255 0.4867682599373473
-0.017867060552632097 -0.5408708479691597 0.4840710305519713
1.7023197769414224 -0.9510232029989254 -0.3491513586692201
0.05514804452974431 -0.32832599433613296 0.48111940854269397
1.8862442262494383 -0.786486064205441 -0.3474001742057191
-0.19415597248470107 0.004812342992117635 0.4694683694191588
-0.16597977807848707 0.23567054669815235 0.46523143284994495
1.058880766384199 0.8210365788564857 0.00912524693685901
-0.10021093508090928 -0.4556232905674449 0.6228902482338561
-0.1356457292187372 -0.22861160142071668 0.6294427060433043
-0.1261672525091413 0.046173998141114225 0.6389322423287047
-0.19963571735538466 0.22843549408550246 0.64277340405661
-0.31971600768396513 0.35940199155555064 0.6434512280769957
-0.4699262558130428 0.4578481750417964 0.6420955800362242
-0.6301219314603017 0.545955754722776 0.6400618695564879
-0.8861200288868147 0.5330362298240274 0.6317021989174498
0.12126617202010692 -0.5812912692587702 0.5359969281502379
-1.111665681860302 0.5540259280585147 0.6253757619209899
0.1615246545192761 -0.2690474878906528 0.548199429447235
0.8510565075122898 0.7598163376649225 -0.0886702395133363
0.18682013566168365 0.023914566040303953 0.5592284344978942
0.1465582753112571 0.24231927065484626 0.5655644082375182
0.023098497412568975 0.3684422023757108 0.5660336160011901
-0.09989261160029628 0.4949709644779503 0.5665028237648619
-0.35833496644394813 0.4754893521364352 0.5575857304878844
-0.5593519512744223 0.5193815059183606 0.5526578568764342
0.2067775404964891 -0.6849627060487933 0.445634617740692
-0.9076790863250892 0.407855424100795 0.5376396321602477
0.25612701756197964 -0.3613935023192525 0.45902039044577014
-1.0407412420737003 0.5266633688646394 0.5374050282784117
1.0270428327754857 0.7629452719867231 -0.16802071100991833
0.28062863951510053 -0.06836607386036775 0.4704592370339049
-1.2009798978368451 0.6170489029875696 0.5352931165047301
0.8484490746253002 0.8231010412350912 -0.1727170801810609
-0.20235180428422694 -0.33903085513360764 0.44490458005148303
0.006135647989239601 0.4167016432306241 0.47897745602804553
-0.26914757558605373 0.3781759152374846 0.46851231091696155
-0.34786113266110874 0.5532398982531106 0.4721629762001647
0.3725002253492704 -0.7786791305021197 0.3582179688759459
-0.6374137306372845 0.5023912221051177 0.4607241296120299
0.47040510499386556 -0.39893887921159177 0.3758647584267272
-0.9722881454968828 0.4058776012115928 0.4461214684792174
0.5339848740599535 -0.061371483204595734 0.39073826306539905
-1.1810058998241288 0.4452475865006207 0.4405236386604918
-0.05758599383835161 -0.4568074050060815 0.35594941609579456
-1.275983617046883 0.6047261930852699 0.4429574155159606
-0.2103222202198083 -0.35956223389192843 0.35443688862997424
-1.4326236703934043 0.6996695532887784 0.4410104893990172
0.40361095481628695 0.5802592095573189 0.4104013585396422
-0.06621691701941046 0.3263252851963543 0.38494016164022815
-0.1893579029185588 0.4531577316756241 0.38544417851644885
-0.3800220492879376 0.507248845012839 0.3809065961189879
-0.3796379334837141 0.7534630231938237 -0.3164679861716615
-0.7174688062546082 0.40546118982500445 0.36552883618551624
0.3570155638078134 -0.5925471958426485 0.27562571995931995
-0.9909633316146085 0.3746200483448874 0.35494090550619495
0.5159693813286879 -0.14624372535462982 0.29857708447653186
-1.1275755476177878 0.4901002772101535 0.35443688862997424
0.5510046274211717 0.15716366028189555 0.3116173886604918
-1.263807938188009 0.6060832664607574 0.35393239491659534
-0.081246725077186 -0.28156893767472724 0.27249599927145374
-1.3996618276119221 0.7225637863648373 0.35342837804037464
-0.29051127332066784 -0.24701201392191052 0.2664973878212584
-1.6498345241169616 0.7212185343773214 0.344604983264984
0.3663428316599848 0.7352674769172935 0.32752682202536
-1.9074193885383863 0.7140321531083416 0.3352775716133727
-0.21893428277112292 0.3575354142985461 0.29231740468222034
0.07601465926757811 0.9096117202586882 -0.37671826845925915
-0.345333955612098 0.48122931216918374 0.29257823460775745
0.6341355985217163 -0.8822546786618517 0.1845832013435973
-0.47470307534520373 0.60170168042022 0.29257823460775745
0.7105189724402337 -0.5248072701704203 0.20183254712301624
-0.6960353219792168 0.6244438528960998 0.2855365418739928
0.7460539936954333 -0.2170444696707392 0.21557809346395862
-0.8970319822774968 0.670023337341199 0.2800595902748717
0.7269689524600125 0.02654167794815976 0.22474194997030628
-1.029182721843803 0.7888070941405374 0.2797987603493346
0.652591122639052 0.20653611998950794 0.2293238782234801
-1.2405072296641038 0.8252560451442434 0.2735393189736022
0.7888062988447473 0.8394004342015648 -0.43515656954568493
0.5256006079825823 0.32723467150650265 0.22959352963644397
-1.4971463773392628 0.8160876240235098 0.26388932698446643
0.5833437479020844 0.8711539587470014 -0.44295834070962536
0.6070127245599153 0.6776439701928112 0.24657346242147815
-1.7263970020042692 0.8368711872876489 0.25632597439962757
0.33044865380375654 0.8524755962750348 -0.4555086947135316
0.4412844292830158 0.7542373954475252 0.24360848897177112
0.03297078321918434 0.7875180280596368 -0.47246907717507947
0.14385784791875267 0.6882324320195536 0.2301323556252135
0.9266738338360483 -0.2496889812290135 0.13264085286337268
-0.1429442219304562 0.8555712511374054 -0.4772178984336244
-0.1544309495965024 0.6238607206299207 0.21665622227865589
0.9169707319841223 0.004838662206807953 0.14293552869039905
-0.40413177132843003 0.8334680018096847 -0.4904470301322328
-0.3377923433229668 0.6852508929882788 0.21234394543844592
0.8754790362030533 0.2216557084611992 0.15044785969931018
-0.6316343976759384 0.8489930587438081 -0.5002839422873842
-0.5655823941306721 0.7001628372781141 0.2045278691597594
0.8417500909469098 0.44574506862100804 0.15851689809042346
-0.8039783740734947 0.7053378129023997 0.19590307706076038
0.7055700343432676 0.5546575997400183 0.15796042912680042
-1.0255417386447334 0.7298017703496384 0.18862582677084339
0.7027199450789183 0.7976623359938415 -0.5282876349143373
0.6032914236261888 0.7010288290365949 0.1601863049812926
-1.2646378944395522 0.7373515538810906 0.18000103467184436
0.4667837037156133 0.796645205000857 -0.5394208288840638
0.4948915100678519 0.8402943382504446 0.16185571187216174
-1.4902354387582406 0.7604851188370318 0.1724543713875426
0.22367742118781564 0.7894849434131999 -0.5512497282676088
0.3633951209979642 0.9541570452857684 0.16157747739035022
-0.05379017421986276 0.7469865536793492 -0.5665578699759828
1.3007373337317958 -0.08584669263897382 0.06580759518820178
-0.3115387740376079 0.7278683831189525 -0.5797784186057435
1.3174263581112342 0.19781605611486697 0.07872034543234241
-0.5630156153435664 0.7173621411286177 -0.5923032618216859
1.2432134721805852 0.3761103393907348 0.08359838956076038
1.1167826667516323 0.4947666880118291 0.08388544552999866
0.9540396920435796 0.5728037568489341 -0.6153192377738343
0.9841232370043613 0.6064154474391543 0.08359838956076038
0.734828651667506 0.588714696233346 -0.62494801050943
0.7549238028632672 0.6110090815983753 0.07499004834371936
0.48515822066875813 0.5724718644913054 -0.637786374156891
0.5857430300216677 0.683283845309063 0.0715465688057555
0.25179140630265096 0.5759288313377411 -0.6488413668326722
0.4368661171992869 0.7783969984723242 0.06982494824606311
-0.5405065431200455 -0.27756177648046076 0.7051859044380797
-0.5730498988446726 -0.061572777459339534 -0.7223045683554994
0.15639872252133813 0.7308649867286121 0.05691219800192249
-0.9348601312904137 -0.18901421278847153 -0.7465545988730775
-0.06032884484488221 0.7544049245666997 0.04945160382467639
-1.0767754486609036 -0.07742228544042007 -0.7476246214560853
-0.8227705294678103 0.20776664702362524 0.7123544358559264
-1.2046731162475552 0.04924008805359392 -0.7472679472617494
