-1.8881118625963182 0.14868413467404196 0.3942581450047662
-1.8169675047034417 -0.015336466413348404 0.42083323350574275
-1.745518894563702 -0.16978082204387945 0.4456793104710748
-1.6679334693844723 -0.27568403164911004 0.46185124269153377
-2.375354234767862 -0.8286331583376132 0.06930983415271541
-1.5917732484676534 -0.38668028749606265 0.4788981710972955
-2.301156000591618 -0.956613901301111 0.09206402650501033
-1.517096076708917 -0.5027515704655023 0.49682009568835994
-2.2038064194075844 -0.8999081275281533 0.07825816026355525
-1.431644281910586 -0.5460755565967936 0.5017234121861627
-2.1228913554656046 -0.9700192649943418 0.08947575441028377
-1.3566667529683372 -0.6528740294171804 0.5179206167760064
-2.0350975236863746 -0.98691128555161 0.09011185517932674
-1.275160221188024 -0.7161492873102056 0.5263077055516412
-1.9467030400822622 -0.9992482341705937 0.08979046693469783
-1.189121108204752 -0.7505602892221646 0.5294886862340142
-1.8583489443582124 -1.011897753089663 0.08947337022449275
-1.1007610314164182 -0.7706940534310185 0.5300685202183892
-1.7671693871467298 -1.0054403599097093 0.08531058183337947
-1.0116338405200267 -0.7862856069378417 0.5297843252721002
-1.678106788968286 -1.0138621086196338 0.08403790345813533
-0.9216903946100956 -0.797345477714714 0.5286351477208306
-1.5898077163658044 -1.027443149732484 0.08373225083972713
-0.8299938569470484 -0.799036155048519 0.5257526670994928
-1.498483853446352 -1.0219513213593459 0.07958042970325252
-0.7382528439654763 -0.8010522535426823 0.5228744780125787
-1.4078575566623854 -1.0216341751093587 0.07639468064929744
-0.6464700756034958 -0.8033964478657722 0.519999626785772
-1.3155787615070764 -1.0119611531136137 0.07128680101062557
-0.5480738224348016 -0.7722406724760802 0.5110470091405084
-1.2256337980034218 -1.0171344319203612 0.06907189241077205
-0.4570387089499306 -0.7801030589890452 0.5090490614476373
-1.1331677251305834 -1.008127913582797 0.06397164216663143
-1.8768061954025157 -0.943066036572553 -0.5744999612269233
-0.36600495166845093 -0.7882877845679417 0.5070544516148736
-1.0422907225172864 -1.0091157604163854 0.060800675064580645
-1.7953038585451395 -1.004269584426087 -0.5639938081202338
-0.2719918150680911 -0.7823289285535289 0.5024577414097955
-0.9522366314228563 -1.0152677962946086 0.05859768739368221
-1.713462395112522 -1.0609023782519245 -0.554564353316767
-0.18090020535963447 -0.7911736767149513 0.5004717146458795
-0.8604007072056206 -1.0120812267160773 0.05447161546375057
-1.6245554671796612 -1.0695521075634105 -0.5559524262842963
-0.08775458387400192 -0.7907117758681181 0.4967514311375787
-0.7702899878446416 -1.018878438691111 0.052275780350225176
-1.5235285766656759 -1.0013602448592422 -0.5746544564661811
0.005456955548190479 -0.7905916610798194 0.49303496232654354
-0.6792513130468123 -1.021173228964173 0.0491210257115533
-1.4398076376395395 -1.0444120956819845 -0.5684589112696479
0.09662120003070385 -0.800424301304993 0.4910613333287408
-0.589108218514518 -1.0286127160197402 0.046933296829717364
-1.3507941209758556 -1.0540216783068352 -0.5698350633082221
0.1910044084987419 -0.7961720178014673 0.4864836966099908
-0.4960938631444378 -1.0219346891245245 0.04185927262927791
-1.2626059188823788 -1.0687603623981978 -0.5701254571375678
-0.4068570890558405 -1.0348343895484717 0.04064286103870174
-0.3146830946889807 -1.0336319657418613 0.03653967729236385
-1.0813325825323616 -1.0703152597587895 -0.5771888459620307
-0.22043115233649502 -1.023163556189953 0.03051436296130916
-0.9880453995081666 -1.0571628409724987 -0.5839627946314643
-0.12808819456477494 -1.022640295447669 0.026419285446660723
-0.8928597410265979 -1.034755069093677 -0.5928977693018744
-0.03878476598859493 -1.0368387238512717 0.025218609482305254
-0.7983539238132948 -1.017499199385668 -0.6007484162745307
0.06207805428365987 -0.9986456558180592 0.013422611862676348
-0.7073124385382812 -1.0197805257768273 -0.6042627061304877
0.15256983463204676 -1.0087329610745925 0.011265877396123614
-0.6143751524744445 -1.0128037791373572 -0.6099399293360541
0.24740872147082626 -1.0000039651209534 0.005259159714238848
-0.5222726102251016 -1.0109547060910415 -0.6145304406580756
0.3445867193885519 -0.9820678223647903 -0.002671595900995527
-0.4272180229051301 -0.9950852323899859 -0.6223653520045112
0.43747813791144097 -0.9836107233394458 -0.0067437852320502145
-0.3358957304620276 -0.9987008025167405 -0.6258648599085639
0.5315626643325757 -0.9807168187654014 -0.01177537092540959
-0.24354411773527573 -0.9978694257966652 -0.6304439271387885
0.6234358809102929 -0.9877122505071263 -0.014875289290888105
-0.15213097051017144 -1.0021500160627212 -0.6339353288111518
0.716503520085773 -0.9902749339725361 -0.018935557692987715
-0.0586348881186467 -0.9972132173130674 -0.6395896638331244
0.8131949017080302 -0.9788950113639743 -0.02588355192516545
0.032880583086310367 -1.002158249590373 -0.6430734361109565
0.9100449979320615 -0.9678886747018822 -0.03282820829723576
0.12336329634673149 -1.0122009701201797 -0.6454700196680854
1.0241450445209495 -0.8907254059618772 -0.053264972060663496
0.21599762415217327 -1.0130390166859264 -0.6500295365748237
1.1116264340320399 -0.9184910975149343 -0.05248915800426701
0.3076059033192635 -1.0189788540460967 -0.6535013879237006
1.1989946763773247 -0.9465606563192672 -0.0517095292506049
0.40367888385450357 -1.0062328566860863 -0.6613029206690619
1.2964178872837664 -0.9370130778999766 -0.05863797315929631
0.4965365332644254 -1.0081032197160802 -0.6658500398096869
1.3927029869722105 -0.932581186100478 -0.06459891447399357
0.5905991681377358 -1.0055678980422122 -0.671477195113642
1.490407179535019 -0.9237845199597174 -0.07151972898815373
0.6835886986903503 -1.0081164385826078 -0.6760162080225776
1.5856133766358838 -0.9248059982966232 -0.07650792250011662
0.780167610307096 -0.9967989632594438 -0.6838024819788764
1.6902626523298991 -0.8931402686074321 -0.08824288496349553
0.8757056494345363 -0.990581805587798 -0.6905006135401557
0.9689480134849262 -0.9941817926982779 -0.6950286591944526
1.8840403305970028 -0.8876099294421245 -0.10012900480602482
1.0696000618439 -0.9697745184607491 -0.7060540879664252
2.0448900057602444 -0.6689224961838853 -0.15042578825329045
1.1568300824865076 -0.9976803933897678 -0.7051557267603705
1.2477268222925133 -1.0117458532607273 -0.7075031960902045
1.3424323093716595 -1.0120024367202909 -0.7130988801417182
1.4385109672641576 -1.0079019529575 -0.7197736466822455
1.555651419869875 -0.9289312514964365 -0.7437852586207221
1.6363116040978056 -0.9820015338180461 -0.7374471391138862
1.7287641315547901 -0.9930925754776823 -0.7408579553065131
2.071822301163536 0.8790845084231478 -0.359615680068476
1.2086149048042927 0.9187709768101584 -0.26870906004284123
0.7933606985022905 0.9343532192754687 -0.22528254637096623
0.46585681945982316 0.9047147318551971 -0.19343697676037053
0.13001402358720782 0.8818724210240951 -0.16043269285534123
-0.20542864332531963 0.8610660573768847 -0.12742793211315373
-0.544778916120066 0.8447258151127173 -0.09384524473522404
2.2932091786004705 0.9839854032003643 -0.5673578942713569
1.9509728314725123 0.9526463653663058 -0.5327690804896186
-0.05764439720978487 0.14158595162300358 0.6092473303380181
1.648493186515907 0.9023057017854477 -0.5035480225977729
-0.13124647703988046 -0.026488195344700927 0.6072293554845025
1.2239243769870782 0.919797706886424 -0.45762860426281193
-1.704483207821177 0.6876163160009945 0.01443159928943416
-0.22267358860584352 -0.1843558319360099 0.6072293554845025
0.8523752381891541 0.9114654250462344 -0.4188655579981635
-1.857681604509473 0.5728988992878996 0.023117188126104082
-0.27603686808427597 -0.36454296690666865 0.6026898657384088
0.49440002839879327 0.8982480445867331 -0.3818920815882514
-1.8529346832404627 0.3654838741751192 0.010378483444707598
0.15427320942747258 0.8776077707926326 -0.3473032678065131
0.6267128402263893 0.6056587396131015 0.4791408812108209
-1.9771230481664404 0.2339516404427826 0.015010956436650957
-0.18543838511556743 0.8590343386795531 -0.312714930861933
0.26823272360856265 0.5954384649362581 0.5109530722203424
-1.956909532323479 0.016070705530466967 -4.374632213810514e-05
-0.02907272851265219 0.5532621791162988 0.5355812346043756
-1.9206988887532503 -0.21254089932038056 -0.017414447158319746
-0.291507327488155 0.4932076369624987 0.5561052595677545
-1.9194759018900314 -0.4210404176045799 -0.03015315183971623
-0.4458811845668009 0.37294189937895794 0.5638014113011529
-1.8557138273391942 -0.6688695302940211 -0.05157649168346623
-0.5315999704786236 0.21367896274092857 0.5632883345189263
-1.697081228298046 0.6922842557929485 -0.16481959471080998
-0.6006912424447322 0.04471185737542527 0.5607229506077935
-1.8802266037151796 0.5950760306501586 -0.1516998971400092
-0.6060443489758214 -0.1618118615551012 0.5504609381261041
0.7280735615972844 0.7163643412284344 0.3826910292210748
-1.939550822424117 0.42563919913279236 -0.15587412962291936
-0.5651919162230641 -0.39644141243140396 0.5345550810399224
0.1590186836237848 0.8321920653605197 -0.6271179879603217
0.3348227287544745 0.7243026962476797 0.41921532502795955
-1.9781978667540514 0.24361094212313006 -0.16303050169323186
0.08108082905511083 0.6570187585156795 0.4390426909032037
-2.0601590468761017 0.08708005491212134 -0.16422307142589787
-0.24621240557358703 0.6327127964021066 0.46774018159534236
-1.951517511211982 -0.18478740624997414 -0.19225155958507756
-0.5687978659975812 0.6079215676270522 0.4959160124364068
-1.9629475977061404 -0.38538836092340034 -0.20358216413830021
-0.770189808955088 0.5158507541243189 0.5094825064244439
-0.8381885702521785 0.3477707229554525 0.5068732534947564
-0.9111168542214401 0.18236009134072262 0.5047861372533013
1.1220382007969718 0.7938091459154073 0.2569266592564752
-1.875114708398236 0.5500099475937787 -0.42299115309093693
-0.9546349464017254 -0.00047767439541246404 0.49904692521716854
-2.0029502187733 0.42095292263802264 -0.4173897469935248
-0.9518112769865965 -0.21118031518283686 0.4875675474705865
0.3743082253605863 0.7846865272795611 0.3264156614842584
-1.9223522436915559 0.16800093359683288 -0.44228350767467717
-0.9242976720603622 -0.4374995751125823 0.47295773378040096
0.0946231362226726 0.7315407092433546 0.34975588670398494
-1.8429876284977027 -0.08582683208672748 -0.4671772683558295
-0.1155255859467843 0.6410721837033613 0.3646084105076959
-1.7776020140423867 -0.3328137891793439 -0.4902032578883002
-0.494460746386558 0.6473319301611795 0.4001489912572076
-1.7176467492613554 -0.5779876443187106 -0.512607451766474
-0.7950797855351652 0.6115380705250715 0.42614090791370174
-0.9273681834838214 0.4807933656014107 0.4314457212987115
-1.025616842924876 0.3306897112074658 0.43250668397571346
-1.0600103814752018 0.14330495486259665 0.42561066499377986
1.2034298754040336 0.5900345657469401 0.14516461244251033
-1.0651853461815435 -0.06183981678329076 0.41500151506091854
-1.09690077003372 -0.25201602372425214 0.40757525315906307
0.32053851430407576 0.6566804154022137 0.2325030600133111
-1.0398437378552288 -0.4959577553540555 0.3890095984044244
0.11442218604454979 0.5628742966143037 0.2470599447789361
-0.16534615824092924 0.5117812952354477 0.2707816397252252
-0.5744739632572617 0.5361700207609594 0.31067717424060604
-0.8578884541558978 0.49128757359309105 0.33493817201282283
-1.1023506985505094 0.4256440676488573 0.35434687486316463
1.2570317026030509 0.9706245669917308 0.0662113462987115
-1.1879013716828482 0.26865438147705234 0.3538075720372369
1.0249330739043714 0.8861351268708084 0.08428871980335018
-1.274013404561309 0.11195264282246598 0.35326874604846736
0.609706594213911 0.9031731086612851 0.12537396302844783
-1.3307513301002345 -0.06221706391867343 0.3489552771153619
0.30395330408625654 0.8627691578536734 0.15276396623279354
-1.328437438736188 -0.2720299746691204 0.33709442964221736
0.020192266173296503 0.8121102394325668 0.1774154936375787
-1.331314998012779 -0.47960760740060593 0.32577288499500057
-0.31103950849669104 0.7898698892729108 0.20809233537341854
-1.2798773615624484 -0.7210393717803747 0.30744231095935604
-0.6245695398334163 0.7598484354107811 0.23657858720447322
1.9221204608772169 0.7922446666080312 -0.10244023451183537
-0.9291162015326506 0.7267782844728039 0.26396906724597713
1.5492162741449178 0.7804291532869669 -0.06626927503917912
-1.1428696478256342 0.6435187124276638 0.27985537400867244
1.1418830988377522 0.7898850067458376 -0.025646563857538496
-1.330849499034258 0.5464839079589439 0.2924543654027154
0.7874875000361996 0.7732164916674122 0.008298519760625567
-1.411689164996261 0.3877869635410178 0.29135907045032283
0.43788208749283086 0.7563203033373966 0.041687611252324785
-1.4930992568509396 0.22934230093411756 0.29026329866077205
0.10175681324476216 0.7342916340634495 0.07340681901599666
-1.5408893841742781 0.05085839689876792 0.28478539338733455
-0.22096089903275384 0.7070002644552353 0.1034566198887994
-1.5510026330509135 -0.15057162302463922 0.27437699189807674
-0.5303490655406762 0.6743106257852958 0.131837013870733
2.381220957514465 1.0261747489723732 -0.2404745782313178
-1.549221180867967 -0.3599450949516658 0.26232493272449275
-0.8048797522457036 0.6237563304720375 0.1557656561436822
2.073872116051632 0.9756470077030706 -0.21217381605480412
-1.1222888008489846 0.599598733979029 0.1852589880528619
1.679085160261863 0.9737126148077451 -0.17255246290539006
-1.3963380924001427 0.5524068705864877 0.2091871534886529
-1.575813144444993 0.45162805989582466 0.2208734785618951
-1.75973624861345 0.3543184614335395 0.23311579576160213
0.5025476422863875 0.9801983046832028 -0.05425488600109318
-1.828462140576569 0.1894343178767457 0.2303339277806451
0.018742179949832405 1.0383894928969895 -0.002747413009149824
-1.8509255575166037 -0.0033605671468386333 0.22142994752551814
-0.19054353719538852 0.9475765386787778 0.013101223618047442
-1.8742009287819883 -0.19631723188032169 0.2125264441075494
-0.5125836236696983 0.9210745688294075 0.04366600862170955
-1.8515976956292661 -0.41784567450029186 0.19750130525256893
-0.803979358677978 0.8794023513476574 0.0702687536778619
-1.8088344347282828 -0.6528378882248234 0.17969429841663143
-1.103745651019537 0.8443721444802961 0.09800351014758846
-1.3644446908158443 0.7888651736625825 0.12064421525623104
-1.6249888006832052 0.7348641270991934 0.14328539720203182
-1.7051677074707783 0.5771968008803263 0.1421529089512994
-1.7559461695418577 0.4021462565996359 0.1370588575902154
-1.8458683884956812 0.2499475867230423 0.1370588575902154
-1.816924387512806 0.026688093909363886 0.12121022096301814
-1.8783703125809268 -0.14324615425015708 0.11724818101550838
-1.7493965235325035 -0.4291088891996324 0.08781540742542049
