-1.7009439385497913 -0.7523949213950658 -0.8532295225083706
-1.7949113466144269 -0.7924480748006033 -0.07737636546491355
-1.4994280930205086 -0.7224718798416347 0.41649246235491066
-2.6322280717745272 0.09908597833816302 -0.06754779796003074
-1.2332909112669768 0.49079463380228816 0.30297803898454934
-1.626800383504989 0.36359419677369686 0.8799014093458775
-1.3022219244818096 -0.794223238842779 -0.13221931437848777
-0.9720298752818621 -0.7165237555709787 0.3648734094679478
-2.646578927090996 -0.03122892090969387 -0.06299734095929832
-1.1411675081254415 0.38591243790974517 0.29584169407488137
-1.4775188783311677 0.27643686103717613 0.8684945108473423
-0.8798411172282101 -0.8237563799958778 -0.1787486074387905
0.02558783023347644 -0.6031554046076018 0.26559352894426613
-2.6309912890247134 -0.1593705493583215 -0.06190347651838035
-0.10714998771673834 0.5321149752780947 0.19101095219255715
-1.3728013585518184 0.16218898479018407 0.8612370492994907
-0.2674922953080916 -0.8161935105967011 -0.24720191935895652
0.045418218771569485 -0.7453957959831925 0.2657852174818638
-2.6603406551132203 -0.3130915098969922 -0.05524730662702293
-0.08784617824602847 0.38859994890714944 0.19168615360857277
-1.311641953997416 0.035324155524506295 0.8578276636183384
0.36307764758176475 -0.8016536384532884 -0.31786870936750145
0.822212178006783 -0.6965583731080223 0.18899345417619973
-2.6522519126193735 -0.4362278552566359 -0.05351591090558738
-0.3011929467336607 0.18856650749871307 0.21633958836199074
-1.22383533885494 -0.07758742362304005 0.8519129755079868
-2.674601727669838 0.653450718035085 -0.14062499980329246
0.960384634960473 -0.7995106646071584 -0.3846483228623745
0.9368523729957552 -0.8117067796419093 0.17941284199358254
-2.628552877904827 -0.5615485084378697 -0.05354166011213035
-2.566253043181309 -0.5640467940460354 0.4537868501722935
-1.0930777440596167 -0.1793041959501771 0.8421473505079868
-2.661279920656437 0.523618550772003 -0.13894605616925926
-2.552002213488521 0.5435076585163685 0.3671092989027622
-2.600498903700931 -0.6856330163162774 -0.054131030839669414
-2.528582587520564 -0.6857683664047549 0.4521303178846958
-0.9288916193276755 -0.2728470072654794 0.8293824197828892
-2.672239584451386 0.38672499985698394 -0.13438701609967918
-2.5343473028238286 0.414765388963648 0.36793661137224465
-0.7070944537914698 -0.35224544457519613 0.8114733697950962
-2.6551396568877976 0.2584519841550126 -0.13327360133527488
-1.9588082231380817 0.4501960588204561 0.30956888218523293
-2.3093377746955923 0.33403672403878204 0.8669142725050571
-1.8821741456061822 -0.761811383477422 -0.13370561580060691
-0.14762650740524208 -0.33211357352582027 0.20991325398088723
-0.41787979766046135 -0.41560810510794255 0.7875580789625767
-2.6432687224862974 0.12880351389840428 -0.13158035258649559
-1.908078034820388 0.32922209434154226 0.30684328098894387
-2.2733305662617376 0.21014578920520322 0.8657193185866001
-1.3784061407948585 -0.7665621958156095 -0.19056844691632957
-1.0876947814101214 -0.712161692935279 0.3094725610792759
-0.16245733405958873 -0.4894907573408567 0.7666296960890415
-2.6557567673876683 -0.007652076038713318 -0.12700271586774559
-1.159605460606457 0.4080025487717691 0.23020124455095559
-2.237757267155345 0.08612885773573353 0.8645277025282505
-0.8790514855441849 -0.7759326018731656 -0.2468914983689663
0.030174359153335217 -0.5672242617122585 0.19598960896135598
0.13155237160783528 -0.5553299967527643 0.7422604562819126
-2.6496462813528225 -0.13848317497756923 -0.12472343425153465
-1.1377302399652045 0.2760153700928072 0.23049545307756691
-2.2122013714930233 -0.040715865780164506 0.8642134668409946
-0.2925554081378081 -0.7671252416339804 -0.31347608546613426
-0.004602442710261556 -0.7160578686840715 0.20175838490129738
-2.4909414252097477 -0.22648605279378486 -0.14087057093976707
-1.0684111770731946 0.1573675688732692 0.22572851200701027
-2.15831252148865 -0.1595989377517526 0.861279964643729
0.2751411951033482 -0.7670289068270364 -0.3778176305711147
0.7574720231861249 -0.6698258365423015 0.12513494511247902
-2.6771828680050405 -0.4104586242546162 -0.11553859691022605
-0.7692689277415816 0.10169935905572558 0.19663715382219582
-2.075999495955255 -0.2708158981852087 0.8557252885878208
-2.6935782101768098 0.7746888101349576 -0.20635938624738426
-2.5930505986791097 0.7926206526134187 0.3012313844740513
0.8819160021603842 -0.7614799177585212 -0.4467415807664272
0.9205338408505668 -0.773035854377266 0.11041307469011574
-2.6485939244600765 -0.5343968702248034 -0.11612319926618309
-0.6332961026506112 -0.00023292322885026806 0.18476772328020363
-1.9411546652796723 -0.3681597943710493 0.8453588487684849
-2.703554139453061 0.6375837290741515 -0.20172405223249168
-2.6315679466683335 0.646462265680853 0.3082547189772251
1.4746847238994185 -0.7635001467352751 -0.5139913556992886
-2.625241375875259 -0.6597063312966363 -0.11612796763776512
-2.554139087305586 -0.6534042136306795 0.3899307252943638
-1.782492697193156 -0.4598931625321754 0.8328008653700474
-2.6712738618714518 0.5135925832539918 -0.2023363111436245
-2.32306345758224 0.6054957262808003 0.27773952503801613
-2.55016941789777 0.5306486522566374 0.8200292589247349
-2.6023385276496214 -0.7850629516296017 -0.11612844447492332
-2.5504496819514024 -0.7840670415276101 0.39181852360368996
-1.595143098399447 -0.5450038785007862 0.817611694532645
-2.6822699857559122 0.3767400666882317 -0.19768905619977684
-1.8428242974673879 0.6135793941564955 0.22868728657366066
-2.5278044164654965 0.40333181956903985 0.8201684953749302
-1.3259989053152417 -0.6100151496201462 0.7949719430983189
-2.66996313956426 0.24710438428932235 -0.19595622996686668
-1.8106326796913486 0.486635968192342 0.22798681278826027
-2.5202298417730304 0.2717806007207244 0.8216481210768345
-1.8844133128167329 -0.8629686437835673 -0.1968908307969448
-0.2944185835566273 -0.4681107024087723 0.1585769655287388
-1.013441111741713 -0.6656703654392793 0.7683763505995396
-2.658136588359614 0.11750885891001062 -0.1942186353623745
-1.2773669300331854 0.5050663950614727 0.17323303242327004
-2.5131334078517256 0.14030762499021066 0.8231320383131626
-1.3615234744906104 -0.8640869240504259 -0.2569203374802944
-1.0714214466633472 -0.8038046125081415 0.24265813847185402
-0.6090826905876483 -0.7002408524849173 0.7334403993666294
-2.6563262462273016 -0.014778505789408314 -0.19130754451154441
-1.2933848063697795 0.3624908645161504 0.17767238636614113
-2.516107115315645 0.006168785211503547 0.8255128862440708
-0.88157509117271 -0.8795618751877825 -0.31178331355451316
-0.04994828207122026 -0.6856478435468425 0.13735723515154152
-0.13685005795335314 -0.7206949814044208 0.6923460962355259
-2.6406856908752054 -0.14290325920052283 -0.1901440618455288
-1.3290947324753013 0.2147500569184011 0.18417978306413918
-2.5004188793931235 -0.12241333963382672 0.826116562086356
-0.3579013566663285 -0.8876233204246802 -0.37186861018537254
-0.01753723636232607 -0.8174461556091543 0.13614273090959816
0.326004641971533 -0.7467082603435173 0.6521043779432896
-2.6972482720513042 -0.29103418677271264 -0.18020582179425926
-1.3606031859484204 0.0687171552615311 0.1901798250258091
-2.475599463157483 -0.24830934999440402 0.8258328439772251
0.20959567205324348 -0.8887215400614927 -0.43717956523297996
0.4012019489015515 -0.8559065473281784 0.0942773820936802
-2.6529509249279926 0.6326261997170519 -0.2723183629929897
-2.5039151398089317 0.664928438116462 0.22993135471941262
-2.6873950001627627 -0.42019791747323154 -0.17844676951764793
-1.3639122249197975 -0.06905692538721198 0.193095207411063
-2.388798052975737 -0.3570995118785696 0.8197555543959263
0.83068483860038 -0.8810119104250305 -0.5088758466660854
0.989495812251004 -0.8568888793658331 0.03459835072160988
-2.653961023424607 0.4984351350397134 -0.2687759397446987
-2.45249044497546 0.5459891183650285 0.22716093083025246
-2.4452547384931442 0.5417651730726725 0.7457675935804966
-2.6588446433316797 -0.5441057070330153 -0.1790218351304409
-2.6157091591168182 -0.5451585765434217 0.33007764835954934
-2.182170545566109 -0.43381205892238484 0.8025245668470982
1.5586413435621118 -0.85258603876715 -0.5933198926865932
-2.6745228203397815 0.35871628506982134 -0.2628569600999233
-2.396697633065223 0.4282385848770289 0.2238698007643345
-2.4514822746041673 0.4055889656051228 0.7486524583876255
-2.6355264420077518 -0.6693773098963938 -0.17900896052716941
-2.5587675963322702 -0.6615710896573219 0.32634067555071145
-1.961216136723138 -0.5079902369372284 0.7839474680006626
-2.6765720668213824 0.22486826351333633 -0.2593026159226772
-1.7114536110101923 0.4949621934833246 0.15149593372942238
-2.4438957856747336 0.2737856645927188 0.7501816751539829
-2.050173069820481 -0.6590450086307378 0.27410745640398293
-1.6151413417299985 -0.5505973413453695 0.7537527086317661
-2.6505227656744452 0.09945135480806044 -0.2592988012254116
-1.5459586060523414 0.406290985952694 0.1361465456068638
-2.4463699441974533 0.13928845281881763 0.7526249887526157
-1.7973498149004143 -0.7136270025794715 -0.27557229976056785
-0.7806690980997821 -0.4622401028906893 0.14030361195207863
-1.1821854460457821 -0.5729685943561691 0.715502262312186
-2.6678667830886873 -0.03830679683614591 -0.253954410356271
-1.189388205994316 0.3712407505958133 0.09984350224138527
-2.4397756824884347 0.007668124276417387 0.7541651727736118
-1.2937008360438718 -0.7183779600329565 -0.33413600901960105
-0.6655765719249516 -0.5704992202844288 0.13032245655657082
-0.7055187377211745 -0.5871262089441416 0.6732082368910435
-2.642754837698771 -0.16368520609094972 -0.2539415357529995
-1.2059251295807094 0.2285707845244076 0.10438299198747902
-2.4432456967029523 -0.1265717863827085 0.7566194536268833
-0.8040902291916439 -0.7301881436801452 -0.3909687993943569
-0.5507905014308463 -0.6794478509841007 0.1203398706495884
-0.16575674806099272 -0.5886616036907455 0.6250791551649693
-2.6563449562154204 -0.2997720331165503 -0.24917840937970848
-1.256550639930559 0.07681128526815684 0.11259746571184426
-2.447236636468279 -0.2606691370726679 0.759078979688895
-0.2081325453911056 -0.7188952282444774 -0.4607186315476772
-0.09849691550734008 -0.7050196633890202 0.07419633885027199
0.3406188304687987 -0.6022636746608043 0.5800499918043736
-2.6752383795542656 -0.4369573067772343 -0.24381446818708152
-1.25503577820135 -0.059990828752386705 0.11505508442522316
-2.4373127808901316 -0.39066215170827334 0.7601809503615025
-2.6889657605410946 0.7889958470148173 -0.3436031339585659
-2.5593483758080957 0.8226157374610423 0.16724967976213723
0.3883484913531703 -0.7116536827876381 -0.5305008886277554
0.4072005999072239 -0.7206122237794546 0.02234506626726418
-2.6563328164613793 -0.5635022918234789 -0.24319314936994285
-1.522815346803565 -0.26943486932901806 0.14688110371233254
-2.4326807475341603 -0.5219086225501357 0.7617425920546177
-2.7083646089584867 0.648947583842066 -0.33758354167340965
-2.588218699966685 0.679208279551343 0.1734857561171177
-2.4783797067411726 0.699637994988727 0.681137085157645
0.975667649879572 -0.7108057427311074 -0.5991439817368862
1.03408587267743 -0.7104511861002827 -0.04245424250959129
-2.633087096781651 -0.6887820215413996 -0.24316263179181785
-2.560263014654108 -0.6820653050540209 0.262647152143729
-2.390041058328311 -0.6428009405229993 0.7596693040907505
-2.68079653497308 0.5235341772975879 -0.3375759122788784
-2.627174380049965 0.5332611402118488 0.18079280872942238
-2.503065791994171 0.5576337542342209 0.6859431268751743
1.5054842571960094 -0.727750294300197 -0.6607809064805386
-2.5574777970566203 -0.8001906342914218 -0.24966096858381004
-2.5182085405189483 -0.8025668958866667 0.2604432107985142
-2.1263084832448627 -0.7056140637242514 0.7366614343702915
-2.7012445535156857 0.38385779799419595 -0.33154296855329246
-2.595255647415428 0.40903521493312667 0.18013048191667824
-2.4853692564322074 0.42872560030299667 0.686594963270438
-1.899008606376146 -0.7733936953829961 0.19526624699236184
-1.664972499660049 -0.7189167724412897 0.6949729921400669
-2.703186881419871 0.2500694466016746 -0.3279132841050503
-2.63054865668596 0.2650480631785861 0.18691968937517434
-2.49202397710404 0.29279898200797305 0.6895637514174107
-1.758067965688351 -0.8579785845571379 -0.3428893087327358
-1.5682215095353556 -0.8223528175747425 0.16155147572160988
-1.2081352903398788 -0.7365660233384119 0.6537151338636997
-2.681807341054128 0.12335243443151 -0.3272886274278042
-2.647313186533779 0.1269904432594302 0.19158887882829934
-2.5135439988723043 0.1528813943078049 0.6939272882521275
-1.2304701276896317 -0.8587013958639318 -0.40528774241803855
-1.11680655303552 -0.8431325631147999 0.1146936418593052
-0.7654673104413199 -0.7609400389024188 0.613801002699149
-2.699052905001192 -0.014347096565170858 -0.32183885554670066
-2.650279050735886 -0.006712505422740378 0.1946673395216587
-2.502093481837697 0.022845586105784577 0.6950573923170689
-0.7024505634262397 -0.863005984523106 -0.4677152631699917
-0.636153644839407 -0.8597699128091456 0.0646600725233677
-0.20654924640243522 -0.7595142414863076 0.5629248621046665
-2.692953387154944 -0.14503773404772957 -0.31939649562238426
-1.0847590293145757 0.30393251008876376 0.023099422651541524
-2.510297670514973 -0.11257004756424394 0.6980447771132114
-0.09205705214327864 -0.8508094629008269 -0.540282249253976
-0.09238269014596412 -0.8642944959597294 0.007770538526785664
0.2996071282376107 -0.7748943381782958 0.5170331003248814
-2.7064582022003556 -0.28099107322706374 -0.3145375249802944
-1.637843405160222 0.011215610944173449 0.08739089985491066
-2.4998330629085252 -0.24245304283819635 0.6991858484327915
0.5140403755366485 -0.8439322598755297 -0.612287044328439
0.44695457409792283 -0.8736767040456321 -0.04862213115094871
-2.6965562386832502 -0.41013157660845323 -0.3126869199693081
-2.6094803447353208 -0.39241318420861404 0.19807767887712746
-2.4994385208107204 -0.3749262547221477 0.7012581827223423
1.1077431303388572 -0.8514132718346481 -0.68260192851423
1.0914826323228297 -0.8761868641215962 -0.11620807628034324
-2.6758930680716695 -0.5427486408566367 -0.3120961187302944
-2.6127508471668115 -0.5318499618145935 0.2011198999464634
-2.473852881696491 -0.5069261481199945 0.7009606363356236
-2.7117352072707774 -0.6772666064431903 -0.30474853495954246
-2.58622487298868 -0.6498425186573868 0.20055246372820168
-2.3077831956729753 -0.5880310646273834 0.6868734361708286
-2.34340367572252 -0.7109394751127915 -0.34814453105329246
-1.8706646349932683 -0.605192368962939 0.6467485429823521
-1.6291046933301843 -0.6569067105610067 -0.4350214002549526
-1.3898869776893719 -0.6140140801470189 0.602425098615897
-1.346633514612769 -0.718954910298919 -0.4675970075547573
-1.358321214059174 -0.7283425230996663 0.07170486469866066
-0.9183863724259425 -0.6285534791141068 0.5590043069899204
-0.7915464486361472 -0.706935147280852 -0.5345511434495327
-0.9083934890638901 -0.7429951797569565 0.024147510725271992
-0.3564852336304227 -0.6165561564155411 0.5067977907240513
-0.20546693646448588 -0.6978390622544879 -0.6052198408067104
-0.2684427991331866 -0.7200903253406921 -0.04431486110089988
0.13990811249177781 -0.631675183797352 0.46100187321306496
0.36346059761776317 -0.7041319450371724 -0.6735649106919643
0.26751668334875944 -0.7343127023431855 -0.10112428645490379
0.7204718314648311 -0.6366921432582124 0.4072198869764927
0.9360426772871051 -0.7065448135313837 -0.742484569352853
0.8843990408578364 -0.7257201781809179 -0.166984081071603
1.3787055295207828 -0.7439420989939052 -0.7951107023179409
-1.877788772231792 0.7069481560929844 -0.537218570512521
-1.820828760914182 0.7101904189751593 0.025986194807303242
-1.8690681013053876 0.5730335221163827 -0.5347452161729214
-1.821667555592171 0.5732692594151025 0.029091835218680195
-1.6709162552091712 0.6044734171489097 0.5492620470106724
-1.870368956012232 0.4364006039725048 -0.5310358999192593
-1.7991659257710566 0.44346041824369564 0.029499530988943867
-1.6626511185432058 0.4699694010762734 0.5508656503737095
-1.862653745076635 0.30266128518660196 -0.5285525319993374
-1.8057900359392676 0.3053526874168604 0.03315734882952004
-1.6405340362874696 0.33967108828685966 0.5510625841200474
-1.860210291389155 0.16763145981693484 -0.5254478452622768
-1.7986002383308275 0.171500953367957 0.035198211866629414
-0.35969780035824783 0.56754226622445 0.4274511339247349
-1.8678189027797814 0.03002568287941898 -0.5211057660996792
-1.7871166766929534 0.03907375126302526 0.03670310993791848
-1.6935509135539242 0.052098397767885274 0.5608878137648228
-1.8568248886364955 -0.102092619098336 -0.5192213056504604
-1.7761171074921833 -0.09330773557590177 0.03821229954363137
-1.6585483342462624 -0.07395330259074129 0.5596880914747837
-1.8606706767908499 -0.23809558633436367 -0.5154829023301479
-1.779986440267738 -0.22957835501584611 0.04135131855608254
-1.6624006086707048 -0.21062148534351977 0.562261581617606
-1.8506604661449657 -0.37007112856469604 -0.5135879514634487
-1.7795683406018625 -0.3644080370495608 0.0439548494398716
0.9286431355379889 0.3521191534430521 0.3102808000624302
-1.5154543849074855 0.8232276366780731 -0.7183461187302944
-1.7104065294849775 0.7498821573688907 -0.05309391002057762
-1.8411284238617256 -0.5019959358365682 -0.5116887090623257
-1.7604415423338864 -0.4940061237568294 0.044396400648367695
0.8251643974914096 0.17984130465368153 0.3226833345472935
-1.6870076154676674 0.6344070911528803 -0.6917481420457241
-1.8206884127002105 0.5800829016370592 -0.03728914241193504
-1.6954134510247414 0.6107053167513925 0.47865200062395363
-1.8464831115385678 -0.637652214755704 -0.5079340932786343
-1.7417786991204345 -0.6236230537349421 0.04484224339128762
-1.6336657376745976 -0.608360765681148 0.5657715799391392
-1.7404382356831967 0.4817883941429031 -0.6809487340867397
-1.7647778223098456 0.46003399388859734 -0.040701865953194805
-1.7014434769665527 0.47208332754853544 0.48175287266374855
-1.8139166205148918 -0.7632031502589136 -0.509107112687814
-1.6947072329131068 -0.7457846645085056 0.04203987141252785
-1.5624113427583985 -0.7246627901335465 0.5608172418654087
-1.804024284030536 0.32691442542074256 -0.6688747404038784
-1.7904284451992147 0.31628395071760806 -0.034769534867989726
-1.7032245744063594 0.3350152566403395 0.4843802454054478
-1.8394771133121068 -0.9035898789661339 -0.5028743741929409
-1.0284349969484872 -0.7234928763577386 0.5105481149733189
-1.8634826914835152 0.17397643724495993 -0.657422542375314
-1.7927613909865485 0.1796459842497704 -0.03157806376813621
-1.7103149249044982 0.19671993268755372 0.4874939920485142
-0.8406574214857088 -0.7859124123253132 -0.6280617711961147
-0.922087860589162 -0.8200517133835099 -0.04005098323224754
-0.5326427802414955 -0.735628249508288 0.4640274049818638
-1.8758235300571826 0.035026712199663024 -0.6522922513902065
-1.7860211902692207 0.045850246537273875 -0.029480933946358867
-0.3524463320655009 0.44243437076546144 0.3536796571791294
-0.20661586324266423 -0.7658056144414722 -0.7064023015916225
-0.3931842430953161 -0.8258505659268742 -0.09713363627790184
-0.026831143640851707 -0.7487269369096516 0.41653585453630715
-1.8648035716824047 -0.09706860414446439 -0.6503205297410366
-1.7654159629449033 -0.08388342548910188 -0.0290284154832241
-0.27772442772719685 0.322331680484119 0.34858942051531105
0.4713784246293784 -0.7394329475252839 -0.790333747667062
0.12163174806913801 -0.8387654631470518 -0.15261650065778465
0.8614124341382379 -0.6722661716826792 0.3316898347914341
-1.8590521737213273 -0.23043168312422324 -0.6477117536485073
-1.7548734545141436 -0.21626656989715443 -0.027470588487374492
0.8478946315203579 0.4894361110733527 0.23820781727434426
1.603480997497826 -0.6086741286486941 -0.9323477743089077
0.7189594862400774 -0.8354483866320201 -0.21735715846418113
1.029394175839741 -0.7747587699335874 0.31721878071428566
-1.8442151040370014 -0.3611228850698893 -0.6463637350022671
-1.7640002139658861 -0.35378036447295713 -0.023706435960519023
0.8411625477827513 0.34283321979012626 0.24126052876116066
1.660260499060282 -0.7405669759581635 -0.9366927144944546
1.3312748460980153 -0.8327665998548035 -0.2837591169297573
1.778475844177251 -0.7411248868776319 0.24600458164812355
-1.8525483760849362 0.6795704437793582 -0.10222101191877098
-1.6835928044494288 0.7236312316320337 0.4091720583021763
0.6053324324028893 0.1647862946601748 0.8250293733656529
-1.834649235802157 -0.4930778794751802 -0.644377708238351
-1.768837400556098 -0.48982888962398974 -0.020487308305489726
0.8675377917767868 0.20536237270545143 0.24095296879411965
2.0741689745758727 -0.7894248490572799 -0.9867525098740932
1.9973240590234802 -0.8218619194248156 -0.35617113093732566
-1.0913823693636147 0.7847124341387577 -0.9736585615098354
-1.8010757916648537 0.5582725134580464 -0.10511255244611473
-1.674872246817884 0.5890762389154425 0.4108800890028599
0.669643519696109 0.03832854645408901 0.8213005067885044
-1.825565768485074 -0.6249826636802283 -0.6423873899400112
-1.7453535154807938 -0.6181596219700545 -0.020565986436593242
-1.6530815210297227 -0.6002147378349925 0.4952368738234165
-1.0348416987036018 0.662063370727985 -0.9775314329087612
-1.8167863362910843 0.41725988027788574 -0.10018730143903465
-1.6188891570186321 0.4685257630384285 0.4077067377150181
-1.6489290445042961 -0.713280725566495 -0.6625819204270718
-1.71751049285038 -0.7452880694542507 -0.021191596788155742
-1.5673513442498361 -0.7126978573555967 0.4887619020521763
-1.823492359955722 0.2792339626683429 -0.09637260417340965
-1.6015605609214631 0.33669946531902184 0.40844631214739113
-1.2994876562873827 -0.7585105680739659 -0.7056131360947964
-1.752725459561379 -0.8884696270102026 -0.014649390977608867
-1.03830425379007 -0.7125825935970731 0.4379820825636509
-1.8163902999181687 0.14545902214427642 -0.09422588328717918
-1.6995880097810385 0.1722401119209067 0.42092752476335793
-0.8296932032232185 -0.7758022484443821 -0.7645196912705776
-0.8486799558277802 -0.7950725268216665 -0.11557817439435691
-0.5329455628592825 -0.7221076718878336 0.3895821573317173
-1.7906396327326313 0.017129983676742455 -0.09430932978986473
-0.36573810270574114 0.41023640930250593 0.28715419788957863
-0.2763974970888725 -0.7903059869785523 -0.1785178182542202
0.378575692942114 -0.6346384138470604 0.30067682285906105
-0.49853111943400563 0.2542349865471216 0.8465971948683384
-1.7749279358122365 -0.11390488987606773 -0.09327077845929832
-0.2287891202698411 0.3073945842266177 0.27563381214739113
0.19497156636142776 -0.8141591558280652 -0.22990798930524559
0.8608260042776088 -0.658319197158761 0.2546200754225376
-0.40033509210525864 0.14110561710685587 0.8399024011671665
-1.7932429909286824 -0.2540878135331823 -0.08831500987409324
0.8487923624030849 0.46044052349613196 0.16816806812883645
0.8598998721052595 -0.7947646948834688 -0.30338764171003074
0.994956105385775 -0.7688938144069937 0.24325704594255715
-0.3121033676211695 0.02482068463064735 0.8340477945387486
-1.7977098875777742 -0.3901488771785253 -0.08502960185407371
0.8131255485883813 0.30610564282447683 0.17423820515276223
-1.7413165899240184 0.7674348181843342 -0.18293714503644676
1.467382286731194 -0.7936335955971536 -0.37028312663434715
1.7729127375862355 -0.728044189525594 0.16773796101213723
-0.21940711937197577 -0.090675220498035 0.827771663862479
-1.7738667359329305 -0.5184067028812933 -0.08509397487043113
0.6566159156868601 0.12024353734911841 0.19256258030535012
-1.8228724509386076 0.6061427514499478 -0.16999578456281395
-1.6873739996002186 0.626183304233038 0.3451519014418247
2.046290221507384 -0.8034001400606989 -0.43389940242170066
-0.1318873815649404 -0.20796295865353898 0.8219165803969029
-1.7360604973925753 -0.6429358335210971 -0.08683252314923973
-1.6091868861430996 -0.6160045574829738 0.4255142213881138
-1.7764253550702094 0.4833080808578032 -0.17234468440412254
-1.3782216238031957 0.5798004406640551 0.31558418293596535
1.8029262660453718 -0.7088134052688098 0.4249930383741978
1.729976288582538 -0.6445865134040147 0.4241905214369419
0.6458866570347546 -0.3386073880682403 0.7842731477797154
1.6745523760038523 -0.5625163200112233 0.42740201969743996
0.6064249517065115 -0.23960763302564558 0.7900819780409458
0.563799086377113 -0.14396123205858302 0.7951645853102329
1.3694047473748796 -0.5934727736019596 0.3888649942457798
0.5215906662810177 -0.04825362088224239 0.80024719257952
2.2956223849563635 -0.5979034039121309 -0.04715681056379051
1.3248081650552344 -0.49985034747227886 0.39448499699236184
0.48705431276556155 0.054237907662308515 0.8067822458326939
2.2979825829706435 -0.4573013763283065 -0.0283107755601284
1.2771097994639504 -0.4096268322931067 0.3993020059645298
0.43842138723070434 0.1433317472955764 0.8104128839552525
2.260100940795688 -0.35942680977413133 -0.020233630937325664
1.2192294514300883 -0.3296734956827301 0.4017105104506138
0.3755552963925517 0.21918157831850849 0.8111391069471958
2.253529295519762 -0.2297827291024923 -0.004079341691720195
1.0944792335833213 -0.31496664794545737 0.3888649942457798
0.3093028344249582 0.2919122299907144 0.8111391069471958
2.257954114749861 -0.08978768800650982 0.014766693311941914
1.01926055191311 -0.251602930388259 0.3872594835341099
0.22125793987272502 0.34499982491078285 0.8067822458326939
2.22859150940803 0.014906183126417005 0.02463865299822121
1.6776072010741245 0.5161225200539938 0.5510411264479282
0.12595893441561756 0.3918736136198149 0.8009734155714634
2.210128919032197 0.1300443483092799 0.03720283527971535
1.5480878415020491 0.5230082044227551 0.5365900995314243
0.038124188402676396 0.44575417252235994 0.7966170312941196
2.1991924583087545 0.25203428969969366 0.051561832624686055
2.6859787616507944 -0.36360924190723765 -0.6497578618943569
1.0850869957830938 0.21503309325288456 0.4474730493605259
-0.053298116042043375 0.4967456720590526 0.7915344240248325
2.199341489139691 0.3842654662223488 0.0686135294020298
2.6547636581269884 -0.2598979883578849 -0.638567447465646
1.0547696925759666 0.3190890178818293 0.4555015565931919
-0.14834232617943854 0.5448859704383509 0.7857255937636021
2.144160586108903 0.46099419880600223 0.07130575199724465
2.6511176420606297 -0.12790568569263527 -0.6192374227464077
1.1620166615225571 0.5511016116719389 0.49403858204485207
-0.2731623958837517 0.5674805963654599 0.7741079332411411
2.103336786331621 0.5516449982974088 0.07758808155657082
2.6447702217625064 0.00034755187038726376 -0.6009249685227749
1.0571084858433295 0.5841787060429233 0.485207081037772
-0.4055705172304904 0.5842497751718767 0.7610378267347935
2.0452852384250875 0.6252024563912322 0.07938289662004738
2.6527253579744503 0.1424636626503144 -0.5785436628281948
-0.5418758264216379 0.5984954821631767 0.7472419740736607
1.9627495378466904 0.6750119769301968 0.07489585896135598
2.6751299681624445 0.29829755229919996 -0.5520920751511929
-0.6206613778684869 -0.6900771307030809 0.14399480839372902
-0.6783433405658919 0.6134671447852398 0.733446598249686
1.894528141946413 0.7387941271485978 0.07399797459245949
2.6434669082631324 0.39789889721662774 -0.5419187543809292
-0.8691318160130628 -0.7764015944613867 0.10465526600481301
-0.8300743826571946 0.6163855613693308 0.716746330457938
1.723243046350543 0.7044338988118533 0.04707479496599465
2.6536168859995612 0.5392294844310186 -0.5195369718491909
-1.0194956310179322 -0.7720155723836903 0.08699274082781105
-0.9593281815083081 0.6392261907231145 0.7044024469435337
1.5872117734021778 0.7048475400232341 0.029125690656912617
2.5988399052966606 0.6144039960548504 -0.5164847371995327
0.02865087837923852 0.306209550112456 0.33105945606828957
-1.096283203833984 0.6564080564783197 0.6906065942824009
1.4688747751746405 0.7228275129113548 0.0156645776808384
2.509668065241218 0.6551939167178276 -0.5236063001572964
0.12869323241045194 0.5276912880704963 0.36718797703386574
-1.2638692442300083 0.649074945281793 0.6710019113600376
1.346827226565697 0.7380516603281109 0.0013051034987094923
2.427519173976645 0.7032648757084203 -0.5286931989610073
0.08941650022158143 0.6241401344879698 0.3728079797804478
-1.3782838375505762 0.6866763560611844 0.6615624429762486
1.2066033772121152 0.7371882601048227 -0.01754140834211082
2.3454769593439835 0.7516816960513886 -0.53377962092756
-0.034801684326197346 0.6458230802625806 0.3599624635756138
-1.5463551165850475 0.681047255404934 0.6419577600538853
1.069756290200008 0.7404123899536437 -0.03549003581403465
2.2319965062481977 0.7696891991536496 -0.5480227468430874
0.9399488974211891 0.7509991401386777 -0.051643848222481914
2.0937932715587273 0.7644280168094859 -0.5693874357163784
-0.4739904782240245 0.5265403650673299 0.2933254243910435
0.7735403442678574 0.7292196773043713 -0.0767726896226284
1.8106349336273162 0.6208042749756721 -0.6324634550034878
-0.5504002912216457 0.5925934752652537 0.2909169199049595
0.6579003554258378 0.7544682316990716 -0.08933687190412254
1.7528567471442607 0.6952835121488192 -0.6304283140122768
-0.6867165986973625 0.6077407476675774 0.2756628992140415
0.5238587199573104 0.7639025625889282 -0.10638809184430809
1.691810878955316 0.7665719031858664 -0.6294112203538296
-0.8231919384343129 0.6236126500093668 0.26040840168596535
0.3712443652657065 0.757714406992136 -0.12792730311750145
1.552608380218949 0.7642351292580756 -0.6507754323899624
-0.9409268103722148 0.6560842708511814 0.2491688730299595
0.23309404029512848 0.7653840032411985 -0.14587593058942527
1.4060028678937115 0.7559600448449757 -0.6741747854173061
-1.1193411852831154 0.6385710310036217 0.22508335133196145
0.08734344839552222 0.767311945566469 -0.16561984996198387
1.266276861627098 0.7551471941176509 -0.695538997453439
-1.3019431678607951 0.6189330164741307 0.20019483585954934
-0.06236058196167704 0.7668044193455508 -0.18626070002912254
1.1227048025988609 0.751764995348676 -0.7179212568223354
-1.3896607778457373 0.6787087400912526 0.19537782688738137
-0.19743227274204145 0.7799773921968587 -0.2033123968064663
0.9535906525814077 0.7260220418416417 -0.7474246023118374
-0.3662767573273129 0.7650520933806817 -0.22844076136945457
0.834768729992998 0.7473378687992707 -0.7626843450486538
-0.5092678389024137 0.7734039341549206 -0.24728727321027488
-0.6411913534770797 0.7920583924574487 -0.26344108561872215
-0.7996238520670467 0.7892683743166984 -0.2858772275864956
-0.9432234529963566 0.7999606744865666 -0.3047237394273159
-1.1021723889363422 0.7988871297638269 -0.32715988139508934
-1.2689995987595601 0.792451968423233 -0.35139083842633934
-1.3942194102096153 0.8211643267680238 -0.36575031260846824
-1.576840253658407 0.8040823442841791 -0.39357089976667137
