-1.425475677973509 0.3097441655489064 0.2123718574734026
-1.3340992151440858 -0.08702273482300171 0.203888924428969
-1.244344036254553 -0.46447126903730407 0.1956506088466936
-0.9489335892139792 0.007520632760002144 0.5880298927517229
1.250960251004301 0.679809422222533 -0.16415020673558178
0.6049137349486955 0.7221758243643706 -0.10210701673314038
0.03762878208839027 0.7355274972364185 -0.04863926618382397
-0.5562986327280939 0.7643790965033013 0.00785496980860767
-1.0946110746731463 0.7732532146159663 0.05829623491480884
-1.541575395422889 0.7568725684488022 0.09915402681544361
-2.0882118420824654 0.7876143032775715 -0.7268223449496931
-1.8512014205355598 0.671410581458673 0.1243748977871233
-2.001868996191284 0.5166584620616774 0.13194134981349048
1.826821025539239 0.6932735423575949 -0.3258676215915388
-2.075903668597512 0.3278326189254983 0.13093188554957447
1.290116243704503 0.6853195094185196 -0.2750715896396345
-2.1098843374501044 0.12065367093142143 0.1253834083767229
0.602872521349255 0.744745554693317 -0.20734259336277905
-2.117558410454521 -0.09906061170996594 0.11680844576075611
0.03110241110600498 0.7598503299918491 -0.15244147031590405
-2.1351436249055595 -0.314825238163035 0.10924247057154712
-0.5398803835235029 0.7786664119706046 -0.09754034726902905
-2.0409995994555032 -0.5835656122893873 0.08906558305934009
-1.1146111593036494 0.8031607045749816 -0.042126147439927486
-1.5427974430495865 0.7673695003152297 -0.0031308814792341266
-0.11232025592071437 0.1389576470086311 0.6794042900295549
-1.825083826546468 0.6697521329489575 0.01944545061305103
-0.15122363497741986 -0.0725567236682636 0.6749682739467913
-1.9575891404082597 0.506764492444983 0.02508977205470142
-0.15912032598924952 -0.29832641419799444 0.6674270942898088
1.7078692120585046 0.6950500704554621 -0.4226531669406599
-2.040729583959056 0.3218872127704344 0.02508977205470142
1.194320109644238 0.6781790778189993 -0.3736066505222029
-2.1199850701411265 0.135232258635547 0.024576218435316655
0.5027645932633931 0.7402468751626579 -0.3042106315402693
-2.208940695381102 -0.046995645975343336 0.02508977205470142
-0.14651234840778926 0.7892492166204832 -0.23951050489232006
-1.9602171793956842 -0.38604947096433406 -0.012879817178697017
-0.7262892157329048 0.8129305290974358 -0.18263670652195874
-0.007580447479675456 0.5025734932113863 0.5785327270717913
-1.8708437328937393 -0.6532438190891234 -0.03289028852269116
-1.159356664071666 0.7767767337957139 -0.14246031492039624
-0.28702387875271285 0.3964615254101176 0.5979814842434221
-1.6966946554196056 0.7894276201882633 -0.09028288572117749
-0.2885210492811865 0.16964066596387184 0.589839966604262
-1.928815079812118 0.6702663174067851 -0.07306429593846264
-0.3000456945114891 -0.05340925861013446 0.5826034858913713
-2.0159226267771118 0.48732196066276856 -0.07254215925023022
-0.3533460883952202 -0.2583369717730015 0.5794372871609026
-2.0764797732610205 0.2923919467137246 -0.07515141217991772
1.3127321899921043 0.7196919657680851 -0.49095913617894116
-2.12418251140425 0.09139492528741755 -0.07932564466282788
0.726433063471994 0.7359957013320617 -0.43260904996678295
-2.0687897113071188 -0.15745060128861255 -0.09550043790623608
0.07233448283254518 0.7853335778913717 -0.3663024589328474
-2.0460437535876324 -0.39229020599750086 -0.10802313535496655
-2.0197926142213305 -0.6297004525316368 -0.12106749265477124
-1.0868339184034852 0.8334570547642421 -0.25066372602269116
-1.6241650694142393 0.8451834157313876 -0.19761845319554272
-0.8697347774581274 0.4918703140127292 0.5460429504604631
-1.942536555695355 0.763779468844298 -0.17003437726780835
-0.9028616058166676 0.28100896481808135 0.5409717872829729
-2.011160903970797 0.5727611586290777 -0.17162558286473217
-0.936803569003203 0.07008992636861322 0.5359011009426409
-2.071406431588443 0.37785018175951635 -0.17427822797581616
-2.123324554113367 0.1789456587184297 -0.1779913589267439
1.354564468731141 0.5276839593580895 -0.6108121558932966
-2.157913813909559 -0.028183190462357288 -0.18382641523167553
1.0701813797685418 0.4167977416696722 -0.5870899841098494
-2.1166265395793715 -0.27091677388067836 -0.19867893903538647
0.36546101339782666 0.48795183353682603 -0.5137686416415876
-2.0763875358220787 -0.5142382063131912 -0.2135314628390974
-0.43385365998997116 0.6052293421673482 -0.4291252776889509
-0.14611403801883682 0.4691913307036728 0.378665478536635
-1.0312843583310567 0.6401413323525453 -0.36820360868260327
-1.5959659691956674 0.6648789438319014 -0.31105610578343335
-0.9644679322590619 0.3747467406008802 0.4458289459438616
-2.005448483716897 0.6244548327152017 -0.27223822324559155
-2.065518003104714 0.42954531548617325 -0.2749337837009138
1.5952722839104823 0.8771097365970775 -0.7283396407870955
-2.1081867020028895 0.22653765594258957 -0.2797860786227888
-0.2700655907612699 -0.619789188685548 0.34766724855616626
1.348264565767387 0.748683738600981 -0.7086186095981306
-2.129043114838531 0.013193402520489173 -0.2873339339999861
1.2980132881554596 0.538764773634238 -0.7124528571872419
0.8107754702899115 0.7324791827148154 0.19887975008204517
-2.101116466528026 -0.22326579984913053 -0.3008122131137556
1.2515549258210186 0.32696113035026997 -0.7168354675082869
-2.1823021250934573 -0.40974321299222183 -0.30135151593968335
-0.3118696373723324 0.7661538204793601 -0.5393471404819197
-0.16407099698849947 0.6913709778413484 0.28354981691554126
-2.1697093452974983 -0.6404389750897259 -0.3132118865756697
-0.9869006673195173 0.8324899663146645 -0.46813198774144116
-0.6301337939445517 0.6665737084056573 0.3237324074001604
-2.1086990911539374 -0.8949989648036265 -0.3310036346225447
-1.0911370946434715 0.6427476095865714 0.3634362533779436
-2.106234388058951 0.8780097350910552 -0.35309311597630444
-1.078210408367326 0.412583587039844 0.3533907249660784
-2.0791436650888926 0.6450665700672431 -0.366240470102281
-0.5299101176917773 -0.057250844103315046 0.2868986442776018
-2.089290016861284 0.42797118032568804 -0.37500569074437085
-0.655866662128048 -0.22871888810400876 0.2912035301418596
0.5187845432444433 0.8315238685309474 -0.7271079704074568
1.2378591189672221 0.5167252908365754 0.04558995516017017
-2.109357274606218 0.21476666479095385 -0.3826746627597517
-0.7823562856047701 -0.39960177990011303 0.29550889284327564
0.5099033937006325 0.6068529825150009 -0.7360114738254255
0.7427140600459268 0.49623071259421536 0.08942416460230884
-2.107682733040015 -0.008948403826263274 -0.3930830642490095
0.49100645148698163 0.3858802893991715 -0.7438020393161482
0.1978329669389538 0.5005298833462035 0.13861563951685962
-2.097908810930271 -0.23713554524551483 -0.4045872375278181
-0.28700898117874374 0.4825763526038749 0.18147614748194751
-2.152123454110381 -0.43624083846850326 -0.40842148511692944
-1.2150719889291892 0.673478876581715 -0.5557126685886091
-0.8168627002722815 0.4876930656149945 0.22920659334376392
-2.126161668734319 -0.6734138853128506 -0.4221167251376814
-1.674797101291496 0.6528735786338338 -0.5095247909335798
-1.2004054235290837 0.4317684095189236 0.2613516166897112
-1.9933483739697735 0.5723723842685189 -0.4805879279880232
-1.1793135005502862 0.197555590223498 0.25014928133204517
-2.0989109479724064 0.39782358195168754 -0.47780558316990795
-1.299826822752209 0.026328549925057843 0.2540459945888811
-2.132679961744884 0.19080405515457244 -0.48392674176976147
-1.420879468485147 -0.14434794913717752 0.25794223100855884
1.3071462588265206 0.7865666877009474 -0.05782839505955639
-2.122094848601172 -0.0370093537461571 -0.49561259000584545
-1.234987485019154 -0.45575090287475106 0.22871926576808033
0.6562970775760633 0.8295229328385219 0.003642113515883061
-2.139508696783622 -0.2526514365603205 -0.5039601012973494
-1.2311998625505751 -0.6850102437778496 0.2189784363003069
0.09801827625011583 0.8378285821325022 0.05519822389796314
-2.126272583555874 -0.4832000716160998 -0.5162024184970564
-0.42751018415365394 0.8360180680547131 0.10328439027979908
-2.114010167466816 -0.714146936549227 -0.5284452125339216
-1.093066621899922 0.8985156937172043 -0.6722592994479841
-0.9112856039225221 0.8197905931200467 0.14690879137232837
-1.3068441441227634 0.7683285977377636 -0.6558446571139998
-1.348911513356093 0.7867220531596395 0.18557551653101978
-1.5903936242244043 0.670037268779879 0.2029261902065569
-1.6865972801286517 0.4899461618198835 0.20441344530299244
-1.7198845671196636 0.2816746765405007 0.1989603355617815
-1.7630387288448688 0.07745838029682162 0.19449857027247486
-1.698408735970176 -0.17648788789389513 0.17813971788600025
-1.4086882482192422 -0.5357828747582118 -0.7062201186923689
-1.5807183901102277 -0.45623760796689083 0.15583184511378345
