-2.085682086242457 0.7317811996239456 -0.6246595085480209
-2.1361761397486134 0.3203928594339729 -0.626547306857347
-0.9326959219681186 0.6553290060476726 0.5074091254851822
-1.8784300925042814 0.3270303679343485 0.546703368344069
-1.9238271211411728 -0.06569114527476216 0.5445289909026627
-1.9656363340134675 -0.45862068713426396 0.5421419440886979
-1.8947166330079952 0.7645137004432101 0.37412360302424474
-1.9385963409702356 0.37178712933302194 0.37195637814021154
-1.9788900563701688 -0.021130508286262284 0.3695688544890885
-1.8911014542220528 -0.4244602276660885 0.3610239326140885
-2.057844998835783 0.4608269112479775 0.1612129508636002
-2.0101185912020227 0.1010896270445727 0.15493395916438146
-2.0330342097231835 -0.31283872393007783 0.1514473258636002
-2.0325893480160033 -0.7288236262934262 0.14674189678645178
-2.019307563371548 0.577481765315909 -0.037016838870286506
-2.0623383302758356 0.20485623308925227 -0.03897473224186854
-2.008637518084953 -0.19517127264956713 -0.046173542819261115
-2.0560592507158546 0.5612222238055224 -0.2329401672699447
-2.1037134512446514 0.1297347039774408 -0.23529908069157557
-2.1796828216372006 -0.2597940224932245 -0.23576876529240565
-2.1243431413701614 -0.6798576267678911 -0.24350354083561854
-2.0861243159877034 0.920013050218401 -0.42493149646305994
-2.0548105657222777 0.522404096923978 -0.43108364947819666
1.0835404928187131 0.7912334873378271 -0.2249564827301498
0.6601252117776326 0.7869341001688568 -0.18914267428898768
0.25402267067862994 0.7742522076409841 -0.1553468407013412
-0.13903377279386575 0.755752462197357 -0.12306448825383143
0.27742428960191745 0.4672223750590305 0.7749629317901139
-0.5439578270999377 0.7477981886491634 -0.08926913150334315
0.003895982241630236 0.36988507400272397 0.7901535331389908
-0.9358702223747102 0.7339314225102598 -0.05698630221867518
-1.3395756830414598 0.730698784022259 -0.023190945468186897
-0.5018614480150347 0.15173247475638618 0.8161964713714127
-1.7302961356543065 0.721450413371798 0.009091406979322869
-1.9808614925391694 0.6189227981106029 0.024224311032057244
1.091869396250651 0.7985252763636055 -0.34352919467472987
-2.149598156784485 0.4612115033984594 0.029267817654371697
0.693528726359844 0.7778661327720755 -0.3101782501556869
-2.1799051049438063 0.2077080111783829 0.017162352719068963
0.2790864187127653 0.7704287153353917 -0.2747745216705795
0.6120998121853845 0.5525954149503107 0.6254453956267838
-2.174652236945221 -0.07171600617748908 0.0005169212005142754
-0.12226849619997893 0.7572362212298671 -0.24091002353215174
0.16804368953644655 0.5658838801268402 0.6591592132232194
-2.1625821052069085 -0.35735286263066257 -0.017137974581956428
-0.5313191168256566 0.7519002621623798 -0.2060203255035873
-0.23376521652810567 0.5542811876786757 0.6884370147368912
-2.143751837228578 -0.6492936312696358 -0.03580138095402674
-0.9231919390705912 0.7379047742317582 -0.17318198092961268
-0.6184018718348128 0.5339428743837615 0.7159400283477311
-1.3186234563036052 0.7289864853421335 -0.1398305595734115
-0.9983929114554257 0.5130692682640969 0.7430000602386002
-1.705221896998296 0.7167950223748534 -0.10750529178166346
-1.3407750912897711 0.46920893693494037 0.7660675346038346
-2.0132532345993255 0.6534729321049468 -0.0849294365265365
-1.6663573697896794 0.4160384870388256 0.7873602210662369
0.9721546573410293 0.8187426779584541 -0.4501318634369369
-2.1163589587315315 0.45068716656947316 -0.08800789721989588
-1.8030595946889107 0.2346357694290191 0.788247615017653
0.5698851743425521 0.8013682496371857 -0.4156946838715072
0.7965669153245898 0.6539902365187302 0.49892380825495763
-2.03234134212083 0.11763924497210354 -0.11468836673283533
-1.9362837218036404 0.050901066487774926 0.7886910735747819
0.1473905572439307 0.7999808937822266 -0.3786492050507064
0.43563046157422747 0.611146818511898 0.5242524444243912
-2.0518640309129665 -0.14514236321376472 -0.12854239352726893
-1.9722154061243984 -0.20089152221310513 0.7784881889007096
-0.25783376427388305 0.7901429853588127 -0.3436894119598861
0.09586291665031155 0.5566575403866736 0.5473189651153092
-2.064448562601598 -0.4139685351793858 -0.14342257388615565
-0.6665855717966096 0.7854431101948691 -0.3082093895294662
-0.35141403277079775 0.5758067566350888 0.5821457206389908
-2.07825795275307 -0.6831640028120916 -0.15830180057072596
-1.0705623891988196 0.7803771291248793 -0.2732505501129623
-0.8309605648144398 0.6197974516461215 0.620591193356276
-1.465668025558891 0.7721304339714479 -0.23933455356144862
-1.2022328500992074 0.5942399972960573 0.6472764312407975
-1.8478269765171618 0.7577935392299437 -0.206984490237474
-1.5935995276479602 0.5848260807250298 0.6762233077666764
-2.016155334396906 0.5994921397626314 -0.2017664612152572
-1.9843700157174595 0.577703369329619 0.7051701842925553
1.1289376088857779 0.82783498314501 -0.5818280876495834
-2.184928361564019 0.44191162769680403 -0.19654938586735682
-2.079523897960577 0.36911583077633026 0.7015514670989518
0.7682244425101175 0.7824512858322663 -0.5521230400421615
0.9505110675724566 0.6364002447781161 0.3683505355498795
-2.1418953466781474 0.1373805376491788 -0.21846386798405604
-2.085562997106507 0.09818613790092456 0.6879825889251237
0.2705166653271647 0.8288626355918751 -0.5049123466827865
-2.153284409289114 -0.13078695181974354 -0.2335948646881576
-2.09692520649147 -0.17029503235615095 0.6748662292144303
-0.10988869722088168 0.8017710069623334 -0.47255513080143885
0.08311562082051438 0.6470292234984285 0.4361152946136002
-2.1537047519493484 -0.4079373425373376 -0.2502922714569564
-2.052571100069734 -0.47935885017245994 0.6554179488799576
-0.5270975926625354 0.8016192456924358 -0.4354233444550033
-0.027995872126524546 0.4428527597407168 0.43427184215998693
-2.199989574012733 -0.6538242291198202 -0.26124951251530604
-0.9353689855348293 0.7984200111285915 -0.3993520439484115
-0.735823098864202 0.6375241193189538 0.4988093673369889
-1.309994096374865 0.7754018938466345 -0.3675245941498275
-1.053494798144058 0.5751844714535039 0.5200147925994401
-1.725256060452061 0.7824702057230652 -0.330392807803392
-1.239111680023349 0.4251360627783711 0.5264683066985612
-2.041291906956104 0.724657687019743 -0.30599257358097987
-1.9100332698874425 0.6075933258533439 0.5873179732940201
-2.095002640438693 0.48815595364436604 -0.31554028399968104
-1.9599717921030688 0.36771540683063364 0.5785594283721451
1.1018372427211958 0.6348179084124155 -0.7091359794952865
-2.117034990719411 0.22891283331683354 -0.3293327988007064
-2.0068385097442274 0.12489561374975011 0.5693397819182877
0.70757266591432 0.6118344341835567 -0.6746315658905502
0.8389027845821815 0.5122550082606665 0.25277331463313146
-2.11578640877093 -0.047705571244875955 -0.34630677112126307
-2.0098844678621504 -0.14942537191262772 0.5550494491240983
0.3179968621116842 0.5884249704393198 -0.6406664551117416
-2.107684102640931 -0.3305088745407474 -0.36434218295597987
-1.953139497910854 -0.4671982649663349 0.5338435470244889
-0.12494365408043251 0.6029554887855397 -0.5996927917816635
0.009087599204178787 0.5003548831085212 0.31758883587336584
-2.1252454501897162 -0.5965644772510572 -0.3791947067596908
-0.5505531007874254 0.6090926033691773 -0.5608753860809799
-0.15225706136543238 0.32955121228877715 0.32134631268000646
-2.188505898066005 -0.831155208009072 -0.3882131279327865
-0.9671975213544997 0.6122135139561706 -0.5231365860321517
-0.847043454230608 0.5176715018259017 0.38569119564509435
-1.1649980869583558 0.47009602368277115 -0.5139703453400131
-1.107086535730744 0.4170875063771078 0.40072110287165685
-1.7532283283849281 0.5950267373494995 -0.45358797915959315
-2.069539102134918 0.5377766224926646 -0.428788632235765
-1.9267062002864463 0.425889836252054 0.46506598583674474
1.2150896835573732 0.811701169343479 0.12004712215876623
-2.136320926381586 0.30968779362194 -0.4368753136017318
-2.1738385092321764 0.3219442102538679 0.4786863624236588
0.8581712151045906 0.7633546401568339 0.14635708919978185
-2.216263607393252 0.09014463293863173 -0.4433445633270736
-1.2413158726437459 -0.6040221625225044 0.3565717040679459
0.4234810261444295 0.7818852970905041 -0.7562241257050033
0.3640374098591437 0.806797448981186 0.18845322720027013
-2.223893345386003 -0.1807364084209766 -0.4595188797333236
-2.171519962131576 -0.23140273576409953 0.448627024807692
0.030423861024011956 0.7622110013769472 -0.7211646736481185
0.12876056965091465 0.6837354274033913 0.20089009396052404
-2.2124814880428687 -0.46637881970568174 -0.4783887565948959
-2.0951062180126954 -0.5634346273290944 0.42467406383967443
-0.4449641041045638 0.7997099463459705 -0.6751484573700424
0.0011826965192582861 0.4904114134070099 0.20089009396052404
-2.2145578173596974 -0.7438942301513478 -0.49564024814152674
-0.8491263218865299 0.7931921928575321 -0.6384458244659896
-0.7852843627600095 0.7368421487698953 0.2769494353911881
-1.256787828153982 0.7918215088219398 -0.6011953056671615
-1.0117919211284772 0.6133672164005759 0.28843024364924474
-1.6967160226041997 0.8151536339627157 -0.5595616997101303
-1.1643275758832559 0.44077539245323294 0.29130032650446935
-2.0126509652492146 0.757056841558267 -0.5343632400848861
-1.8435608091876858 0.6279920052158161 0.35540059200739904
1.016884400584587 0.6174464363824441 0.007710486569166619
-2.0539640408059014 0.5120861189011876 -0.5458664596893783
-1.9877252564851133 0.4528323193567232 0.3573146163604264
0.6099313281980088 0.603339080032633 0.04034283749079748
-2.047301374852047 0.23298693280668203 -0.5639443100311752
-1.1301915562108462 -0.41627921709702775 0.24202921978449865
0.20357038209349554 0.591624582880165 0.07297471157527013
-2.078626047885841 -0.02099313474111142 -0.5770916641571517
-2.012494755967502 -0.08098685008944528 0.3300476371428971
-0.18975251115859493 0.5740553360735703 0.10414555660700842
-2.0378951593678494 -0.3266621784086041 -0.6000995338776107
-1.9269621519532762 -0.41858354819351007 0.30469468227839513
-0.2760874422339512 0.36792906168447104 -0.8339018524506088
-0.5866565701549931 0.5615488623258216 0.1358042060515885
-2.0757035794388727 -0.5784900573113987 -0.6126985252716537
-0.9901352961225882 0.569966930830212 -0.7548818291046615
-0.9788407056759851 0.548581999475509 0.16697505108332678
-1.4306695429416862 0.592488393557808 -0.7125892341949935
-1.3704440088050234 0.537905549025794 0.19814589611506506
-1.870366962807438 0.6176323411335005 -0.6702971161224838
-1.794327950794397 0.5519818825752338 0.23321345440363928
-2.1086772421221696 0.5073556361771026 -0.6552719772675033
-2.0617024087673954 0.4613242451076971 0.2497730552337174
1.1674464540467682 0.8815422336933949 -0.10889431842350916
-2.1878550412247293 0.287863805422937 -0.6619500816681381
-2.1246235292322453 0.23026509471171863 0.24198010555720373
0.7397478329137073 0.8791168060216421 -0.07320162662053065
-2.1538721845798037 -0.011198900152727731 -0.6842088402130599
-2.151799480858486 -0.026459591775470415 0.22980359188532873
0.3335625296673612 0.865656476393525 -0.039987534365891975
-2.15382959773455 -0.2880747609129628 -0.7020168007233138
-2.163847211548905 -0.29490034492432926 0.21567967525935217
-0.06786908545724657 0.8518526304417193 -0.007269352755784553
-2.191561691773977 -0.5395272522159829 -0.7148155868866439
-2.0756465831193793 -0.6356890732672369 0.1893787681243424
-0.47286946219060866 0.8431557861043544 0.02594473949885412
-0.8689725017130172 0.8313222185868483 0.058167487301588494
-1.2882440683801235 0.8377656653987202 -0.8369412124969955
-1.2520935056372622 0.8134846100855668 0.08890250317072912
-1.4728708500798078 0.6883710229339286 -0.829017132601976
-1.6346644303521387 0.7978723392310982 0.11963751903986974
-1.469085863871534 0.411078120022772 -0.8471293152191635
-1.9714840687563395 0.7536619207366897 0.14492037884211584
-2.033185379968373 0.5225880395032192 0.13698866955256506
-1.5878879668750727 -0.060092752622686874 -0.8663744629242416
-2.0508578315599735 0.2603596219520341 0.12360385052180334
-1.7914021236795534 -0.1962725524776019 -0.8561858833649154
-2.0493088632538914 -0.016419523861408436 0.10774090877985998
-2.0205433942226065 -0.3136820724273761 0.08840706936335607
