0.2678307287613464 -0.3396685487686284 0.5561410126541286
0.20974427139849894 0.06824579501440198 0.553019636616531
0.15309262515115307 0.476365332132513 0.549911612019363
0.4812740260874335 0.41676494305805356 0.35571681831819113
0.5588258600168814 -0.777491637286845 0.15572082375032004
1.1519384492851685 -0.27588525155997523 0.17696296547395285
1.1011312235658295 0.15060350090021402 0.17407810066682394
0.7400467076830353 0.5343385203225637 0.1595584091995388
0.6481195018087789 0.9149815924823592 0.1551514801834255
-0.976110274345146 1.1163810086302615 0.0933839020584255
-1.3691082610472165 -0.9002262254407416 -0.720784074320969
-1.4065847465013093 -0.8827362998711799 0.1299120125625759
-1.1061780760108704 -0.7364884337191988 -0.697581178202805
0.47255332454876253 -1.0206169923097743 0.29311143730622824
1.1657074590752003 -0.9563183195290907 -0.46706379081266824
0.5737077073374337 -0.8334576421490301 0.2987538513992458
1.8774231577688383 -0.8900392151199323 -0.39745462562101785
0.7928432264649459 -0.6696298690968749 0.31481325005036886
2.008142460528248 -0.7139787848515962 -0.38787115241545145
2.1150294873203848 -0.5337954789078037 -0.38080871726530496
0.0035866362151963926 0.11029846390934317 0.23408185814363058
0.04020524800441194 0.3122143578320422 0.23364745949250754
0.07753700591214141 0.5140197026355207 0.2332135376785427
0.6511753370021793 0.6001546706294647 0.28052436684114035
0.6700495924620284 0.8041278348560574 0.2783538040969997
1.1593430673939977 -0.964221951115114 -0.5687516989852757
0.6383883992878694 -0.8652681469268959 0.19275342796784933
0.6458995854370997 1.0178826176717237 0.2722774681900173
1.812336267102637 -0.8864453807190369 -0.5041016402389378
1.1360872974339458 -0.7555486110884377 0.2344518837783962
1.9625807705857383 -0.7139847108803075 -0.49229992057341043
1.189219001965263 -0.5614898135806836 0.23578273628694113
1.199066711218201 -0.3588378768511884 0.2331210312698513
1.2047672751032152 -0.15512632973779716 0.23001586769563254
1.2014488315250276 0.0507125713501253 0.22602331016999777
1.1793904407415639 0.2608424301597143 0.22025644157868918
1.1191706164611688 0.47965777259935116 0.21094095085603293
0.13781152278467346 -0.9352004374462641 0.04734575127107199
0.655991851298694 0.7874815069251486 0.16480600212556418
1.4116790528661909 -0.9704328276804297 -0.6438621344711155
1.1441523567074796 -0.9194224385708125 0.1369000611160427
1.8106239034302263 -0.844620020220308 -0.6052511992599339
1.4997803017005396 -0.7842274618872427 0.16629945610505636
2.0780492351321627 -0.6953998009104865 -0.5807274642135472
1.5821106942998213 -0.5972475033450451 0.17036973808747824
-0.7738942947122212 0.03845094229091828 0.7855545220230251
1.6406487263185099 -0.40578884735308485 0.1721788582657009
-0.7814788468035374 0.2520524668037023 0.7817274269912868
1.636439180648246 -0.20159565729029616 0.16810809944612082
-0.7980529800581735 0.4678770550735223 0.7771345314834743
1.6329684598156504 0.0027658400223007362 0.16403781746369894
1.605889759229889 0.2124658559786905 0.15770542000276144
-1.5466921733983128 -0.8964732076048403 -0.20946348334806864
1.560131063248754 0.4267032545860818 0.1495643792007595
-0.05494810237026826 -0.9605096994943398 -0.07255113746183817
1.5151827788026822 0.6414080637594495 0.14142286156159933
1.260766062244521 -1.0220369460292176 -0.7594975295211643
1.1372285446594574 -0.9782490346511992 0.036241167530837615
-0.6382651999960203 -0.6311292976677798 0.7120481667373806
1.4642895297468712 -0.8575289267555455 -0.7414616408492893
1.5073248400433314 -0.8455231178568923 0.06758844231111105
-0.11483902756848607 -0.5216804975766411 0.7507129845474392
1.7164522930896169 -0.6835207757719228 0.08372270439607199
-0.06577016830647153 -0.32229069044736036 0.7514940438125759
1.7991009479565747 -0.49740115912628013 0.08787166450959738
-0.016000622221021388 -0.12310536484736723 0.7522751030777126
1.8287110551866093 -0.30077704188484944 0.08694946144563254
-0.04369434673342454 0.09182713043795765 0.7468076882217556
1.8053945202235582 -0.09307922266736135 0.08095704887849386
-0.20235553388863536 0.3344925823912632 0.7307945427749782
1.6854272004787774 0.13550695122413536 0.06574403618318136
1.595584025951446 0.35879052965353075 0.053297632679763396
-1.5739752232236555 -0.7410038333920923 -0.320391065135178
-0.2684750107723701 -0.7734079888114689 -0.198745614543137
-1.669228145771335 -0.498663698589052 0.5143386063430935
0.9969476531982195 -0.8072779496757274 -0.0808576407577366
-0.5677847345247073 -0.496150402085485 0.6011658844803005
1.5921507083045796 -0.7188479551323113 -0.027314549937424104
0.0683057805912668 -0.4101544467966427 0.649981134877029
1.7381518424082785 -0.5449003484046617 -0.01698196555632059
0.17641307412844753 -0.22313298322820252 0.6555830178115993
1.9041897473099922 -0.3758008401026771 -0.004770165934738557
0.18255671196206436 -0.015889493286563194 0.6527820763443142
1.948849245248951 -0.18254206424104602 -0.004300958171066682
0.1796842831936587 0.19346965146349682 0.6491810021255642
1.984450855269543 0.012592986710782128 -0.004770165934738557
0.17270227977846275 0.40402099125073043 0.6451798615310818
0.14211893846145074 0.6199784428984128 0.639177912220779
-1.408873851952606 -0.9726083879518637 -0.40665186072843973
-0.015524204354832705 -1.0176476374048171 -0.27414596702116434
-1.400368751730113 -0.7613644052888375 0.43411743019563254
1.0784427037771422 -1.015991298002966 -0.17082012321012918
-0.09851410064472788 -0.793927458660729 0.539594286427322
1.731834909374598 -0.9372586647133314 -0.11054647590177957
0.20408232769968748 -0.6434809564043444 0.5616704163406521
1.7354820316842208 -0.7356902439985404 -0.11389482642668192
0.23317362380007012 -0.44136384448240307 0.5608531174514919
1.871631219455601 -0.5603097605307532 -0.10432756568449442
0.2629683547491908 -0.23931370067893631 0.5600353417251736
0.2788284069271114 -0.0343543608904433 0.5579911408279568
0.2417406812785856 0.1817330723547439 0.5514498886917263
0.1957113523079883 0.40027330208404344 0.5440913376663357
-1.389445195513126 -0.7303546881302907 -0.5146216216232151
-1.7630706916047387 -0.6610100389313835 0.29735481117707785
0.15996466960110922 -0.8104728934280434 -0.3641246619369358
-1.1171977883836206 -0.5688073535782703 0.34912740562898215
1.312307512797993 -0.8249473798619089 -0.25307739402311746
0.2869229913797966 -0.627214440224245 0.46561538551789816
1.6874508234286765 -0.6947974927127731 -0.21947181846159403
0.38940765291791735 -0.4397853729301868 0.47104322288972433
1.9847410239783514 -0.5515159676116266 -0.19365823890226785
2.0394764740678255 -0.3808885329768952 -0.19170988227384989
0.19102896708428574 0.21420412290891555 0.4439045128677517
-0.07913550410752634 0.48022620039398234 0.41718351219636496
-0.2312188608947423 0.7232067709791608 0.4004822907303005
-1.4250390591019766 -1.010040445568631 -0.6187294783737034
-1.6416173933232585 -0.9602249150981326 0.20615207527619894
-0.06145961671543887 -1.0485873281461604 -0.48438633109587137
-0.13902079505920284 -1.0238655723613928 0.3335901436660915
1.1495352543914663 -1.0680244350040429 -0.36541116858976785
0.38321536652856025 -0.9136511807178174 0.37578546379548605
1.7390831658250008 -0.9768951452866563 -0.30939329291838114
0.5189906408733762 -0.7328345672729473 0.3843098816726833
1.9867595985173736 -0.8230368163455886 -0.28807676459806864
0.6455536866559441 -0.5509280249928814 0.3919821915481716
2.0347451837426433 -0.6309905579613861 -0.28708589698332254
-0.05171325844690955 0.003565865132225454 0.32421361778718527
-0.03985433056210752 0.21069620070941575 0.3216563401077419
-0.28079187330381217 0.47110556488595456 0.2969356713150173
