1.884326915630922 0.6508427789922528 -0.39697173596290547
1.6760352482887555 0.5367646166628237 -0.3909349775400539
0.4333490366631736 0.6676232805866018 -0.3264932966318508
0.0315194387855513 0.7080370860740768 -0.30583051205543477
-0.3417377023903896 0.729540251515516 -0.28727296353248555
0.027615596907409667 0.43239500917180074 0.5307454728993992
-0.6432127502502709 0.6982046781579427 -0.2741127348032375
-0.24738487845877444 0.3784727703859545 0.5392305517110447
-0.8813443311459821 0.6194268044873645 -0.2657509183969875
-0.6206315684367212 0.40280160570247503 0.5534462594899754
1.95936921615791 0.688054512009705 -0.5076256132212063
-1.3549761222507613 0.7267938241458847 -0.23943952084449727
-0.7535319946099577 0.24108536077239684 0.5536465310964207
1.6829144434554877 0.6240329318216116 -0.4961743688669582
-1.615890381991207 0.6698431833236143 -0.22930005551246602
-0.8791375522543063 0.07364234967378991 0.5533783101949314
1.294552328648578 0.6449485782404079 -0.4761090612497707
-1.8766396264001344 0.6142660282887569 -0.21917108059791524
-0.9428543993153795 -0.14317346942056908 0.5494260454091648
0.882982110584976 0.6860870349211439 -0.45420650006202656
-2.00873099389905 0.4570023601753057 -0.21892837048438984
-0.941279368653241 -0.4131353049199724 0.5415615701589207
0.5161046986801097 0.6965607129697293 -0.4357018804636379
-2.129715270301787 0.29079259026314475 -0.2195926046457668
-0.9759839340555061 -0.6553048436326012 0.5357527398976902
0.16976054113523276 0.694031992284339 -0.4187465047922512
-2.2048405780933678 0.08717861811345351 -0.22385934353736836
-0.17998004107478494 0.6965146350519333 -0.4014940595713039
-2.222930913918617 -0.16381422424236725 -0.2326255178537746
-0.5394584134175204 0.695769741648018 -0.3839431142893215
-2.1872221296151793 -0.4739389648643275 -0.24619630337623555
-0.8903978959691443 0.691033322830858 -0.3670192098703762
-1.2196505482783095 0.658679788965566 -0.35226300717262227
-0.9586173494775068 0.4405533629359457 0.4623670244130711
1.6176926274491592 0.5638909783439487 -0.6031284666147609
-1.525356088418448 0.6494899996147332 -0.3378200864878078
-1.0849147149561418 0.2881949262039232 0.4625701570424656
-1.8906346804009075 0.7027491217908128 -0.3181467390146633
-1.181770280367516 0.12577551686050192 0.46133753298851055
0.7670613078568493 0.6788439406546747 0.29748817919822734
-2.0263092935795157 0.5486412990246805 -0.3175850248423
-1.3078005629150624 -0.04018666625776213 0.4610442781362156
0.4703396417736343 0.6634604589852842 -0.5409627294626613
-2.1405358150672242 0.3904948529572163 -0.3182602262583156
-1.2840243466807522 -0.31359302687302737 0.45192619799705547
0.1542400521390448 0.6515005337454944 -0.5254326200571438
-2.1932899049619294 0.18239017365006838 -0.3238730764475246
-1.2421603381251742 -0.6033104505918239 0.44160744189353984
-0.21925380983498144 0.6724048380677257 -0.5057936048593898
-2.2135814295071725 -0.0796074529451225 -0.33320096493629414
-0.5944405578203487 0.6841499220755445 -0.4864812231150051
-2.192820708309654 -0.3768462406945705 -0.34592822552589375
-0.9231589660681294 0.6756932407726772 -0.47034648419288594
-2.1757334305461313 -0.6460370791564696 -0.3574228620615383
-1.2984726677482428 0.7060296629110745 -0.45041945935157734
-1.1738998519382022 0.59494847644374 0.3710775041493992
-1.6220962623307855 0.698324243251264 -0.434619936951675
-1.3100180306554563 0.438274636898754 0.3715338373097996
1.3254211375695348 0.5658185116597512 -0.6849856710520168
1.1808307165166667 0.6738063218373718 0.1737932825002293
-1.8436984948175166 0.6116335318821182 -0.4270644521799465
-1.4310474696520288 0.2696677559173484 0.37099262713523906
1.9390926016995564 -0.16306073658305031 -0.7453246450510402
0.8691495618845977 0.6406786764101877 0.1855888032827
-2.0653507571746843 0.5260417777651121 -0.41951802731422383
-1.5137143982633035 0.07020716928193593 0.36797138690086406
1.6092239190556228 -0.18623561304576342 -0.7290745115366359
-2.1705545523926872 0.34749985535498773 -0.4214840269174953
-1.5544777757569648 -0.16364071186144358 0.3622228765401463
1.2718536114760752 -0.20151672558832345 -0.7121849393930813
0.04830173932931814 0.7309149107225412 0.2219373845967869
-2.171915925952476 0.08425657292333177 -0.4320116376963039
-1.5885701300847614 -0.40395803620864257 0.3559703493032078
0.9864439620243672 -0.25439522461880415 -0.6995253896799465
-0.15477705587548485 0.6215484948041059 0.22679802416893047
-2.0741916764017247 -0.2616333094854717 -0.45078519345191914
-1.6044425202786101 -0.6603233612731731 0.3484725618276219
-0.5816184952262944 0.6860791731361875 -0.5813904142465969
-0.5318640060458648 0.6475479269471016 0.2429017686757664
-2.016815729833027 -0.5769066586818727 -0.4664016103830715
-0.9339581464197266 0.6959198408503244 -0.5629072523203273
-1.2606209587533073 0.674999577625643 -0.5470328664865871
-1.1604458637917645 0.5962294280600116 0.2666401529225926
-1.574038888392323 0.6721302341304387 -0.5311632490244289
-1.4076937582119058 0.540508350432388 0.2747888231191258
1.6065832374212903 0.43559078991572164 0.0410122537526707
-1.705927024139001 0.5137961802529283 -0.5308842992868801
-1.594773730690875 0.42509388061473885 0.2785789632711033
1.1101530000072017 0.5385114682404062 0.06537672518821758
-1.8344782418841277 0.35281372590338655 -0.5309400892343898
-1.7548271159591735 0.28868202252750663 0.28056928156944316
0.7425588574870545 0.5481751843276434 0.08126923083396953
-1.8802899155985529 0.12471511861400231 0.28024860858055156
0.3517913329209392 0.5780925022500227 0.09873768328758281
-1.4040918389570578 -0.5279901284056816 -0.588858160981216
-1.986960607111243 -0.054589547517425174 0.278639283171616
0.0014550387078884341 0.5799311801937375 0.1135520601186375
-1.5941808243316444 -0.642599498631137 -0.5840740537729641
-1.9861491240220204 -0.3221572958843204 0.26985832690330547
-0.3443255361217439 0.5807102770662826 0.1280917787465672
-0.661896584906998 0.5620087670251674 0.14077087878318828
-1.0771719951666654 0.6220153889757576 -0.6731963491526027
-0.9947638907113401 0.5573797985242912 0.15449902056785625
-1.3973153859940055 0.610184294962723 -0.6568575239267727
-1.3074737981555558 0.5391703547878457 0.1668948793325047
-1.5255214484849802 0.44813493654367775 -0.6569009161081691
-1.5610905360613572 0.4761298391853934 0.17531439303489726
1.1073137243510303 0.6193489590254249 -0.03906873227027852
-1.8262662022611238 0.42376043826704546 0.18451782702537578
0.6919827543611916 0.6648018415406813 -0.01937297345069844
-1.959031710074683 0.2663079757122979 0.184720244399033
0.3690572044624503 0.6433082291892518 -0.005970034607925001
-2.098825629383299 0.1013384102158561 0.18490907191368144
0.0005046672271049601 0.6455705322919982 0.01015421389671367
-2.192811140113619 -0.10102654958226331 0.18191381930442851
-0.32782255906516866 0.6195799634651866 0.023536648741684374
-2.15506267506305 -0.38563438853964094 0.17071815966697734
-0.6823532522811178 0.6425738117921078 0.03964134692283672
-2.1099346492117093 -0.6916506471943418 0.15844913958641094
-0.9993109535619453 0.6255360873986486 0.05273243426414531
-1.3290370403858702 0.6338301935940418 0.0671810769948582
-1.6215453318363728 0.6017257612244791 0.07861420153709453
1.0762612197139134 0.5878779757498709 -0.14586976529029805
-1.8668647213651894 0.5338441489235262 0.08676001071067851
0.6968764745395077 0.6065723287100795 -0.1280856466379543
-2.0498447805555173 0.41719219662005536 0.09052511691185039
0.35951042064777994 0.5828005203080924 -0.11369327069190938
-2.1515735485429843 0.23540851681430297 0.08854433535667461
-0.016095785048506173 0.6171775847081804 -0.09564832211402852
-2.20494564211927 0.02715476775436798 0.08355232714744609
-0.33801891648197113 0.5996273947456761 -0.08184007168678242
-2.2259787219921066 -0.23509646776414606 0.07526394366355937
-0.6688677948564248 0.6043709048967276 -0.0669131612863918
-2.1515671248432966 -0.537384567492678 0.06151529788108867
-1.037019590156575 0.6273119496954767 -0.04974130154518086
-2.1561279452216553 -0.8165731954371704 0.05184074877830547
1.8988777971829194 0.7779787416290329 -0.28505948544410664
-1.3573624377226423 0.6153106785485232 -0.03596070767311055
1.566410158506443 0.75558703389604 -0.27018311978248555
-1.6626534290217165 0.5672466596524348 -0.02416757107643086
1.1358890711300518 0.7950039334820556 -0.2486315107431789
-1.9093878147639316 0.5138652801292487 -0.015196356781997267
0.7766109851217209 0.7976721675130811 -0.23174193859962422
-2.01461252959389 0.3347968475934895 -0.016949210175551954
0.3940263340041952 0.8204473942556341 -0.21311906338600117
-2.132152695518741 0.16545201695163136 -0.01786569119361836
0.036054286832040816 0.8273216025290875 -0.19624951840309102
-2.2077844946173855 -0.03825907322165101 -0.02189258099464375
-0.3173282058170628 0.833211499111945 -0.17968038082984883
-2.2225912754963133 -0.29260479999437905 -0.030439887055434767
-0.6582238700107723 0.8319756858080662 -0.16399386883644063
-2.2001565163240144 -0.5791470321850642 -0.04181769848731953
-0.8408569600516813 0.7101914201433885 -0.15993932248023945
-0.19972661832328242 0.21209048289484755 0.6384477281484227
-2.156169840441393 -0.8854831010340263 -0.05489591122535664
-1.3343472000450731 0.8322271572173019 -0.1329374647226711
-0.3214966750083903 0.039668411884811405 0.6379813814077
-1.5990114733091616 0.7780665323277578 -0.12279990673927266
-0.41642490373683927 -0.15400207050950776 0.6359591150197605
-1.8322115696490187 0.7004868558694 -0.11499646664527852
-0.5121371283769207 -0.3474709288548361 0.633927311888657
-1.9484252704424563 0.5305782314128411 -0.11591962338355977
-0.6437214154372555 -0.5126486129298922 0.6338739061269383
-2.0069276916446626 0.31409334996914495 -0.12121251583961445
-2.163318978308965 0.1761513016815499 -0.11924985409645039
-2.1062758776543262 -0.14908519173201995 -0.13386586666969258
-2.106080871556017 -0.41651733936653024 -0.14383891583351094
1.058671415112471 0.7875006218447069 -0.7460685110178371
-1.4612738815375508 0.6187999067340275 -0.6330967283335109
-0.512458815096295 0.5740419478403478 0.4506835603627781
-1.9523103514029572 0.4331689798725282 0.1296209955129246
-1.9102924384036442 0.0577498239857821 0.12675520419212383
-1.8245712257480875 0.9043837725431025 -0.05916932583717305
-1.820693642543148 0.5322754787478434 -0.06056741238502461
-1.7867578434871092 0.4910786910289584 -0.2476525640573879
-1.9095806442167031 0.8535149103744981 -0.4266257619943996
