-2.24445820025638 -0.993843775466182 -0.6212926567149464
-2.177008883284005 -0.8543878854119669 -0.6234164894175831
-2.095208180842551 -0.8846621177699845 -0.0019732177806202067
-2.0911702488505686 -0.7239181203841767 -0.6238432586741749
-1.6555413943115038 -0.9275692075241437 0.025427275841205965
-1.3167967574596204 -0.9331497003841349 -0.5588756263804737
-1.2479685303685368 -0.9578611661184055 0.05037491912123526
-1.0484332064900546 -0.8967832257959785 -0.5418449104380909
-0.9214677513965697 -0.950757394065775 0.06894677275893057
-0.695683017461052 -0.9045082860070366 -0.5167155922007862
-0.5953876273725989 -0.9456986201583106 0.08754580611464347
-0.29012529992042957 -0.9414668372715695 -0.4864531219554249
-0.29645317711853103 -0.9291491981641542 0.1040314971852001
-0.04059524739077425 -0.9017119729869094 -0.47105032807114755
0.04654196474672112 -0.937141821862042 0.1241101562428173
-0.4070211365257119 -0.6877596264143122 0.6876482307362255
0.26189519715185483 -0.8908451807655524 -0.4505191505503956
0.34467885330586334 -0.9244490290343563 0.14064639205214347
-0.36518137189676025 -0.5409569541233452 0.6838654815602001
0.6303093061536327 -0.9162881522624247 -0.4235721290660206
0.7265225417765038 -0.957292203184295 0.1639961540150341
-0.300639085287278 -0.40572566982665137 0.6815170585560497
0.9627771966948142 -0.9255749103915534 -0.40000445252183114
0.8514789876514701 -0.8582855961500826 0.16663973922011222
-0.2356229069204634 -0.2707046938284847 0.6791676818775829
-1.7459409647621236 -0.9431235512674192 -0.056207245643169035
-1.509649937697736 -1.0252535510061733 -0.6523342788768116
1.2638924206268696 -0.9206482811003198 -0.3793941200328175
1.056032887788147 -0.8018647135876762 0.17572873229262198
-0.18336084529487096 -0.12889062752311986 0.675951892082661
-1.4456503110945071 -0.9198359817551989 -0.039356774146587004
-1.2367704651226958 -0.9896239383578163 -0.6344557464671436
1.555795370744086 -0.9129086115493763 -0.35961348419907724
1.12850295978651 -0.6762562707545214 0.17409031981703604
-0.1305710825812234 0.012798261211663942 0.6727341949391064
-0.9759297364718744 -0.9826329176851161 -0.008621281440288175
-1.1693141624051808 -0.8536872520788776 -0.6365390480113331
1.8078065147688003 -0.8857372863442876 -0.34365136032822763
1.201401397846558 -0.5509105550424138 0.1724514305042919
-0.06846005228316443 0.1496372296318853 0.6700906097340282
-0.6765948431867503 -0.9636510300743169 0.008285933678120028
-1.1557529403514994 -0.7059519602569537 0.5784167587208446
-1.2438665821763486 -0.6465465118179168 -0.6525326431346241
2.0946085923688145 -0.8790849847013149 -0.3242526710582081
1.2703443729382062 -0.4234658619776397 0.170453959648579
-0.005860116308108232 0.286284775166628 0.6674451171803173
-0.35533858167091736 -0.9577600651805085 0.02704375380751456
-0.7977911037657428 -0.7165966715353349 0.5955433189320263
-0.44623813405060986 -0.879268130659149 -0.5833030403209034
2.1886478158015894 -0.769091437173941 -0.3236404121470753
1.3397334404331254 -0.29625869108832603 0.16845553511854972
0.0484787487965459 0.4275350090487322 0.6642202674793896
-0.03451788748227891 -0.9538737331973195 0.04582779998061026
-0.5070887211277437 -0.6955030635219686 0.6082629501270946
0.003183710930072081 -0.9407465324208104 -0.5479365051341358
2.2524823665873868 -0.6426980573838321 -0.3260203064036671
1.370262793501178 -0.14763639306382714 0.16322606200453604
0.2725538403600858 -0.9451580754708786 0.06354086989638175
-0.21227189908560895 -0.6784717801952951 0.6213006317066845
0.3144018709331746 -0.9344789302693002 -0.5260267913890186
2.373381681182763 -0.5479641259774866 -0.3228374183726612
1.3926588970968679 0.005867620613997815 0.15727227324721182
0.5703707171408112 -0.9337527181466072 0.0805472671436962
0.04674271076789793 -0.6448763443199041 0.631992274467915
0.6296210892677223 -0.9324385626011704 -0.5036550224376026
2.438002689031528 -0.4221875043207035 -0.3252163589549366
1.411332602929102 0.16189559014947008 0.150953227226704
0.850126728496523 -0.9149592376687394 0.0961121856617626
0.20380862839396663 -0.5596584297592955 0.635882312004536
0.9929396992894599 -0.957768053630744 -0.4764633834910694
-1.6926818049025183 -0.9264407013608462 -0.13079316025498544
2.433664827991218 -0.2574299988084263 -0.33445174103501474
1.4350072472626563 0.3155859715675433 0.14498751754042472
1.0898473784784422 -0.8769505354672447 0.10840218657728995
0.26828935457854897 -0.42638391347149707 0.6335481941151317
1.3115710730730568 -0.962150489602962 -0.4536014259410206
2.3824153006371978 -0.06529834587517058 -0.3484116256785694
1.3596317365377972 0.5261149361980912 0.13073628539320792
1.3073763092082373 -0.8286857678988895 0.1188763915943798
0.33325501340628527 -0.2933261713840736 0.6312126457142528
1.6165298674322353 -0.9614853929970124 -0.43202168350938
-0.9363008688259793 -0.9601602225052162 -0.08307988053086435
-1.38589254965928 -0.7186849016693131 0.4915899574207958
2.3753016030871326 0.10264068174586782 -0.3580957115245167
1.4885604616339752 0.6207253243779363 0.13339894408461417
-0.7976217878207983 -1.004810518270709 -0.6777830780101124
1.3929320356216586 -0.7110293524558244 0.118358069603413
0.35910179296791434 -0.13924520283782016 0.6262006103443798
1.96054209725642 -0.983916636853337 -0.40648800736191903
-0.6325498124113835 -0.9437329515998059 -0.0653424919200245
2.4551626861202633 0.2209809035223813 -0.35920578842881357
-0.7213114859370258 -0.8748794784453295 -0.6789618194651905
1.4788653687553595 -0.5937324660535381 0.11784117812392081
0.3723965252805961 0.02202453852770958 0.6202902137684521
2.137499324331662 -0.9184158724454434 -0.3975234687877003
-0.3113661230356737 -0.9381988408610127 -0.04608399277451669
2.3675977036593006 0.4368770238935866 -0.3770623863292042
-0.64901055789284 -0.742993842642818 -0.6805840194773976
1.5607932562544962 -0.4744101350194043 0.11695807570692862
0.3819880379814258 0.18583072844671022 0.6140755950855907
2.161454447224582 -0.7703838418597329 -0.4038439453196827
0.01826701117953533 -0.9392025108687108 -0.026051110084087004
2.2811074862462863 0.6536462497577205 -0.39493805771592294
-0.5762569535300752 -0.6113733088158924 -0.6822066963267628
1.6431164768154982 -0.3554221280804555 0.11607592696425284
0.3878874734966846 0.35222615166492943 0.607554846947163
2.251466582359005 -0.6583106579735727 -0.4036107719493214
0.3385565610846939 -0.9377017566541355 -0.006739682014018644
-0.12026107338808245 -0.6839118121245917 0.5511807739185985
-0.10463572301240553 -0.6853700038707942 -0.6438599289012257
1.725827039541863 -0.23677365052661514 0.11519425505873526
2.3766753882325853 -0.5659640915673947 -0.3998752296519581
0.6318416743583484 -0.9244134826918469 0.010349684898823153
0.3689132427907733 -0.7704577653852454 0.5781177818226513
0.5781039445308487 -0.8726766546652414 -0.5841417968821827
1.7697492323155677 -0.09656796613196406 0.11100047225233878
-2.077108869537321 -0.9190588574855596 -0.2245531738353077
2.467312743635917 -0.4547948020304986 -0.39963681107285653
0.9115142638862253 -0.9060021344992393 0.026338034813373934
0.38403764734101387 -0.6122938764677457 0.5724286376881298
0.9811743457676574 -0.9188128558581496 -0.5523667991710011
1.8055201565367565 0.04846672235493088 0.10606663817641104
-1.695825319900127 -0.9333005503080543 -0.20001131897690927
-1.9855224634489002 -0.7824912574597249 0.38756077880141104
2.5583024724581067 -0.34401968918650283 -0.39939600830796396
1.1908496651227596 -0.889299149506364 0.04234831923720206
0.426281435901684 -0.4679914830441092 0.5685667335438427
1.326236694445054 -0.9372684807260043 -0.5263391197276417
1.8331926536628025 0.1984240204951888 0.10039132231947745
-1.626429972514357 -0.7873095903400511 0.405744486992329
2.4547979567029072 -0.12283183238130135 -0.4188748062205616
1.4346497738794834 -0.8555576646265806 0.055377417747944246
0.4646744765353663 -0.3213944263123807 0.5643953620838817
1.5872155670860009 -0.9133699683070091 -0.5087381065440479
1.800894805207613 0.38311045681559364 0.08954613799330557
-0.9127066454592754 -0.9801559038862493 -0.14892298584702646
2.443157797885993 0.047289488289592896 -0.42916447525742685
1.6211361533789015 -0.792622551073876 0.06354134673353995
0.49924151860680865 -0.17246382120386272 0.5599130927967724
1.852302205558134 -0.8934152060949074 -0.49067217713120614
1.7780858090192773 0.5632837706091536 0.07942765349623526
-0.6045764978408563 -0.9659887126411135 -0.13038784867051278
-0.9455052452098744 -0.785852661560348 0.43969910735365714
2.4408954851177835 0.21275708689385908 -0.4385867775035206
1.8119981414628459 -0.7331198178832281 0.0720929443287548
0.5080695288270665 -0.009264242406295864 0.5535892784046825
2.103951851034613 -0.8679498692350123 -0.47392136460068857
-0.12117738756261431 -1.060166405465715 -0.6999006927562061
-0.2701211981348024 -0.9672383866919319 -0.10953671341660653
2.4350567047219487 0.38098938554315964 -0.4484568298411671
1.819037966731667 -0.5743493202482952 0.06485884780165518
0.5657585449996922 0.1277900197903108 0.5506295501637157
2.189288018714021 -0.7532272518894274 -0.4740911186290089
-0.053966724852712034 -0.9281229060987002 -0.7019372642588917
0.06828507569606757 -0.9728480785945237 -0.0882754982066456
-0.1998460906004773 -0.8269661167931375 0.4784659683155712
2.064920323380192 0.7639184787705986 -0.4956684768748585
1.896639025485097 -0.45387102919409017 0.06363909835097159
0.49282317158128386 0.33694927076098224 0.5384644805836376
2.274991236164558 -0.6388619350993565 -0.4742594421458546
0.01812926680056215 -0.7985924615949145 -0.7035227478099171
0.3973211249342743 -0.9760207790170341 -0.06775099640610849
1.9702822015867678 -0.33127257370428254 0.06204312438246573
0.6259300607293063 0.4329382924629783 0.5407127677845653
2.3697654703012976 -0.5296962115035981 -0.4735336959910694
0.09067105811854148 -0.6693270458820777 -0.7051082313609425
0.6948949979840435 -0.9651789011485619 -0.04987675553086435
2.031291766583527 -0.20164318733991138 0.059317046349018465
2.4127373923554325 -0.39173938601150127 -0.47816426163438
0.45047705531480453 -0.690315997242692 -0.677235192115337
0.9876739880143628 -0.9538638252763718 -0.03236157303574716
0.5138588570089961 -0.6968363545425476 0.5084370910572704
2.058030903232482 -0.05259435771811383 0.05357163542982901
2.408545933504805 -0.2268956190556466 -0.48771197205308114
1.2589199797427835 -0.9504793943587515 -0.6030803382945362
1.271254266339481 -0.9397041114816886 -0.015588349158794035
-1.63823596511601 -0.8421473297059165 -0.28535038834336435
-1.8797351845379566 -0.7140227673224189 0.3127593337940868
2.094049754804038 0.09157748408148336 0.048576289360493075
2.3964246449436457 -0.056846416831710656 -0.49816281204941903
1.5331336268153484 -0.933147371056144 -0.5837417305064503
1.5192797812946184 -0.9085458971114093 -0.0018587768626514567
-1.4671402563125504 -0.7465065256773542 0.33537667388197745
2.109012286849315 0.248151763594322 0.041688376610248934
2.3936982984668242 0.10856475238001195 -0.5077286422801319
1.8289523371035967 -0.929248891971298 -0.5621114433360401
1.7231422774074456 -0.8553024366882696 0.008054667656391512
-0.8642701180541419 -0.8864696052577159 -0.2336326301646534
2.068524980970852 0.437309983928742 0.029881411735981356
2.4046225193101796 0.2667606448640143 -0.5159607589793507
2.041140623592308 -0.882182153669028 -0.5490861595225636
1.887477973433879 -0.7818842101774095 0.014529162590473543
-0.5605894857717022 -0.8707938702000675 -0.21496350174668466
2.3474083821368286 0.46527772381764976 -0.531363552863628
2.1526651475332415 -0.7815132140902605 -0.5464969337535206
1.9993786220415535 -0.6807198660738081 0.016405039970844637
0.33057069706567965 0.23941140735595212 0.4601821243214306
-0.2394971432283377 -0.8660385823706065 -0.19470364456895028
-0.4960520784691198 -0.7262282706476668 0.38444941634413565
2.1366289681329214 0.7553467897240296 -0.5629068077159229
2.242643822442827 -0.6694026417742407 -0.5461769760203663
2.0503986563622263 -0.5464482349339903 0.012906008903950106
0.021967765429968367 0.5792920786841549 0.43068307036635245
0.43802754587278514 -1.0637624758312185 -0.7317295730662647
0.1077585858431096 -0.8769375612966144 -0.17206675415757333
-0.17027057039660143 -0.7250197971937595 0.4010748207020458
2.3242617987170675 -0.5528544372768209 -0.5467649162364308
2.110645226580731 -0.4171292064531755 0.0101737319874462
0.5184839920270541 -0.9405318580832613 -0.7323594749522511
0.44119657014671887 -0.8831567279601842 -0.1505766571116749
2.3888765721007346 -0.4269179812170023 -0.5491724670481983
2.1670030301364287 -0.28555849078026796 0.007055216972797762
0.5861078524022698 -0.8107231605044305 -0.7343736351085011
0.7608713508596363 -0.8845421850946309 -0.13023526077988778
0.5285520241784649 -0.7541209148635559 0.4379562675404247
2.393207135634677 -0.2669621835550515 -0.5579562843394581
2.2151663127580328 -0.14924613022832744 0.003164225761860262
0.6630024689302392 -0.6857881812045505 -0.7354646385264698
1.0668441994435902 -0.8809538619256543 -0.11104542618516122
0.6409290414950988 -0.6475655009694492 0.43916600341078604
-1.8687379979205048 -0.7709241216123388 0.23831456298109854
-1.6599063100727758 -1.0020212215721784 -0.3562360466075245
2.411213015853539 -0.11418277755212358 -0.565381115729839
2.242177328383688 -0.0006985434297206439 -0.0026555717540088786
0.9954005629427467 -0.6964634379390588 -0.7097421348643604
1.3855878017063041 -0.8862738812062503 -0.09065205460312997
-1.3756955196049532 -0.8428676003030091 0.26753609771010245
-1.3106712113371781 -1.0030536337508664 -0.3331790626597706
2.4168991821819734 0.0461416132363226 -0.5741792381358448
2.2395244889743386 0.16525674777091126 -0.011178559119731535
1.5994472862538922 -0.8548176557146547 -0.6553140342784229
1.6862730597678297 -0.884167713768619 -0.07180363541367685
-1.0577524754933023 -0.831149518130232 0.2839288055348095
-0.8815561392342577 -1.0461235244191514 -0.302901810462505
2.427577913719019 0.2041866986815961 -0.5825296104502979
2.228965117409187 0.336469071558092 -0.0204811752391163
1.8820672813340131 -0.8445932523855433 -0.6346111953807179
1.876868838926204 -0.824724573383115 -0.06276184921982919
-0.7535799059052497 -0.8146844105067643 0.2993559181141552
-0.5557476133312456 -1.0406862464002344 -0.28178173905137216
2.3700894184714896 0.40247498090517553 -0.5981879890513722
2.189013605055745 0.5255665702594428 -0.03249556427720224
2.1074565509399816 -0.8051803360157948 -0.6199045837474171
2.0543101441945417 -0.7592226123676085 -0.05488783722642099
0.1950491478531955 0.262412857088826 0.37765591735121573
-0.45866596921457514 -0.7955866986324196 0.3141464530872997
-0.22593382003602258 -1.0395280929217279 -0.26023537522080575
2.1246055491873133 0.7122908194968289 -0.6339502990794483
2.206095626581315 -0.6976809341729648 -0.6186161697459522
2.161856549801131 -0.6563465315362365 -0.053301876838237394
0.2580798220419993 0.3981755071106221 0.374947482292622
-0.12856947642553251 -0.7964979577989055 0.33160679930922354
0.11230244024869229 -1.0449571622075524 -0.23786074524644052
2.2919810694180978 -0.5833926794395268 -0.6187153518748585
2.2566026826648873 -0.5467392951113581 -0.05289418106797372
-0.01449220762043879 0.7198654598707819 0.34726374739882315
0.4367327733266322 -1.045689615933881 -0.21665913468125497
2.382575883223102 -0.47189599458279474 -0.6183496177745167
2.321211131925822 -0.4205520099688371 -0.05524403458359872
0.7562665583330261 -1.0461562288036959 -0.19583136444810068
2.4431410144829337 -0.3437124876166848 -0.6212297142100636
2.377580986367027 -0.2896882110195662 -0.0583835304332081
0.684915803918317 0.6721520111858155 0.384354048912495
0.726324165107382 -0.7419989374777316 0.3742069541859325
1.0325425442370388 -1.0353204632726616 -0.7610326469493214
1.0753390139453156 -1.0486123874798352 -0.1749773681712452
-1.7519343300391839 -0.7939400961410925 0.16833918685194815
2.4651939351245176 -0.19362343472656818 -0.628289765174419
2.430099125007903 -0.15652127392902315 -0.06191975479844247
-1.5946059403409976 -0.8379604006475958 -0.4367738426280323
1.231997273205824 -0.9768445089960025 -0.7489009559703175
1.2925069738194397 -0.9996676737452006 -0.16332537537339364
-1.357506518342909 -0.8178347530708834 0.19094842070814932
2.4835338558803386 -0.040972435598810364 -0.6358199775767628
2.4441695775625014 -0.0012018900368104823 -0.06901270752671396
-1.2498603589551873 -0.8381112767723877 -0.4135618866038624
1.6336646744682453 -1.026858405722372 -0.7150893867564503
1.6988501842847699 -1.0524950025659976 -0.13439423447373544
-0.9860415633477491 -0.8330956184125995 0.21189778441664542
2.4636909162599077 0.13415830870017942 -0.6475387275767628
2.441626964993586 0.16422425285593079 -0.07769305115464364
-0.8966879551498312 -0.8448875124107929 -0.38950497513535653
1.7053681767089452 -0.9032881054436785 -0.7165857017588917
1.8846843364946846 -0.9902988846339156 -0.12551266556504403
-0.6686175083911312 -0.8237643014357019 0.22880929106947745
2.1002297317612593 0.5096670308553328 -0.6964626968455616
2.426881801442671 0.3374173856778313 -0.08756834870103036
-0.5484940575510198 -0.8516425064004736 -0.36582667237046396
0.21741494858664012 0.19931826848998213 0.3066405593800243
1.7687344690671436 -0.7752603196972032 -0.7190247238231007
2.0485835713199956 -0.9173288655882956 -0.11862809067490732
-0.3738393958778179 -0.8051010674845003 0.24404948348280753
1.7948274169479994 0.8552610573246895 -0.7393890083384815
2.4000166186390652 0.5185268755404238 -0.09864098435166513
-0.23634431834080516 -0.8424962968100616 -0.34539133911851083
0.2671001375667199 0.34218079335266083 0.30291979903456534
1.8238122287682668 -0.6426750502046232 -0.7224088371348683
2.0681067523713628 -0.7666341275818951 -0.1250057876658741
-0.07940283896872025 -0.7882583053109897 0.25931351775404776
0.11529334884285447 -0.8557855278832704 -0.3212471664500538
0.046577110490988005 0.6344982564013293 0.27855151290175284
1.6262647357693956 -0.37137089259439193 -0.7531686485362354
2.249893447186804 -0.7045705737224353 -0.11649948960068857
0.46194462046392815 -0.8689994719501044 -0.29748303299668466
1.5913378969503107 -0.18760027268539403 -0.7664867103648487
2.3270280800893106 -0.5856162249424628 -0.11764532929185068
0.7560785283363618 -0.8892440126397787 0.3089556037831005
0.8036148765374609 -0.8820799926056111 -0.2740994155955616
-2.049244147027478 -0.9831832733581649 0.08248227233168448
2.37845278593543 -0.4523921541540119 -0.12120873337510263
0.69581602104833 -0.6928719924843776 0.29708045119520987
1.1403352591453952 -0.8949840405491543 -0.25109679108384286
0.8663280666313398 0.6889914361007641 0.3183717071461376
-1.730646472674115 -0.966672768087939 0.09979003066298331
2.3956214470474446 -0.29973927058626515 -0.12799937134507333
0.6761366390673302 -0.5168880710511843 0.28825657958266104
1.353304605950882 -0.8445175822254072 -0.2395506561351124
0.8529340678217245 0.8670573986923245 0.30964844817396964
-1.3686875583818736 -0.9914629875633665 -0.490678852851421
-1.2646823096438489 -1.0247234463605182 0.12857716674086417
2.430767543649212 -0.15679607840370835 -0.1331825912547413
1.7725996153465946 -0.9059441086928501 -0.2086997688365284
-0.997602119385558 -1.0054004048947078 -0.4644170463633839
-0.9068744491725269 -1.0326367071869669 0.14906972045180167
2.4188922731598534 0.013354196102532967 -0.1428108871531788
1.9542919689790903 -0.8421072892956474 -0.1999870002818409
-0.6716698677219863 -0.9994227135379674 -0.4422956169200245
-0.5942199105204065 -1.0204983673058479 0.1661166488575634
2.442321483269195 0.163916370552613 -0.14921719437363778
0.24494778961928 0.2183413142169499 0.2323736488270458
2.109736436734436 -0.7649885471889704 -0.1937280357432667
-0.3684254606137447 -0.984272427317471 -0.42223412400010263
-0.27304773408436134 -1.0148033079213903 0.18388503188368643
2.048406936683259 0.5574612264349099 -0.1948276222300831
0.24223679788860508 0.38991767395071264 0.22451155776259268
2.225979774350111 -0.6671186844467414 -0.19116122132065927
-0.03000783857319078 -0.9890643545303917 -0.3988071144175831
-0.005654084606195653 -0.9839718380987605 0.19750302428480948
2.1169288020608326 0.6844586067231475 -0.1972256362986866
2.281447595116399 -0.5360093367770418 -0.19434887772324716
0.3212013583058475 -1.00279658777891 -0.37409836655381357
2.3287025383010516 -0.4001930650650607 -0.19836146240952646
0.645300041359592 -1.00501526966503 -0.3518682182383839
0.763145970530525 -1.04870426052085 0.24327271575209464
-0.9591354723392129 -0.14794950933087136 0.7183422386097607
0.9994386934885569 0.47832521475520196 0.26075928801771964
2.4025266618892838 -0.27913390603900723 -0.19990593796494638
0.9865948597839846 -1.0184769309668127 -0.32793814545396005
0.7596033751783438 -0.8827913453737892 0.23569052809950675
2.446427033756849 -0.14112770982599443 -0.2043352783274952
1.2479615693368622 -0.9923362707543859 -0.3115130127024952
0.46987967934253483 -0.565613497767508 0.20541518325087393
0.8764502073702332 0.8878436083305985 0.23544495696303214
2.4389737903486743 0.026521846963213136 -0.2137165725779835
1.6058900693340217 -1.0191373038545137 -0.28585392838242685
2.440889625417463 0.1894892071969423 -0.22228152161362802
1.818200745899035 -0.9706614653410668 -0.2739935577464405
0.2255628432807999 -0.10105302972416297 0.1709565460133251
2.3702917601554656 0.39529067157460673 -0.2378731430125538
2.0435622755650593 -0.9305245362120615 -0.26085955506089364
0.3092486966939507 0.022692355678614717 0.16995661849257315
2.2792173228766863 0.6144321991002428 -0.255545681769878
2.1111968057560864 -0.8060263883282204 -0.26281315689805185
2.2278487751989893 0.8116353737338642 -0.269517964179546
2.222943339430847 -0.7057227283186478 -0.26056963806870614
2.212877371010002 -0.5384548374239486 -0.2700825393748585
2.2253033921270564 -0.38300473958170755 -0.2775035560679737
2.3035360163352987 -0.2640271599537698 -0.27862364655259286
1.077167585595677 0.44309495198315574 0.19269316787001456
2.278128748415388 -0.08640681848608978 -0.2898407638621632
1.0888446428791916 0.605418814664489 0.18574755782362784
2.409267591270371 0.0026685797716723414 -0.28591448670151864
2.4197165344383667 0.1606960074698307 -0.29377514725449716
2.357582661286628 0.36142601655543416 -0.3088088691783253
2.2104348390668473 0.6131687016542173 -0.3322921455455128
2.005152699298913 -0.07076361321206548 -0.05007702713730966
1.9273238959811279 0.2720767631496557 -0.017290180976420988
1.8242753578801878 0.46830579607592426 0.00036423796889151205
1.7271834504073782 0.6892137935193503 0.020540887062519442
1.6087052503064472 0.7931436563401846 0.028611832802265535
1.4802068331252176 0.8437541454512925 0.031133586113422762
1.3499946889037444 0.8850512547044858 0.03264682883498038
1.2179778961470085 0.9170417710959882 0.033151322548359285
1.068753355959756 0.866724318091002 0.025080853645771395
2.065107154825615 0.2287527650054102 -0.08852536087754403
0.9335962669582631 0.8850986671628576 0.024071866219013582
1.9738654638166988 0.49307287012655365 -0.06338364487412607
0.7944204352488189 0.8530978552358732 -0.5744248092723194
0.7984722914338764 0.9039498518507187 0.02306311721083487
1.864220142408966 0.65000621320889 -0.049530094916850675
0.6612375890336146 0.9135659464032031 0.021045380775898348
1.7443806689057872 0.7486105013470166 -0.041833466346294035
0.5217929097985667 0.9139665232509557 0.018018656914204012
1.6194366443972035 0.8182923742942236 -0.03721577530625497
0.38666965505255213 0.9342773031086438 0.017010146324604403
1.4910203811392488 0.8688676019202646 -0.03465039139512216
0.24485399632788152 0.9259925799733679 0.012974673454731356
0.18600116266846634 0.7021008959412924 0.5497793495106396
1.3589269864969058 0.9003711648544552 -0.034136837775737394
0.1051530639810494 0.9279152675915938 0.009948426430195223
0.05234797608721031 0.73328723892336 0.5497793495106396
1.2229564355577018 0.9128480435539714 -0.03567606812241708
-0.036953002390498924 0.9206774177900883 0.005912953560322176
-0.08119604307229622 0.764938498419923 0.5497793495106396
1.0879924308105187 0.9306743753778832 -0.03670269852402841
-0.17453081589130903 0.933297840702842 0.0038952171253856527
-0.25221399370180464 0.6421553430606295 0.5358900367664989
2.0798687416001096 0.47078604616576314 -0.13270241623643075
0.9509911138948102 0.9392542550862117 -0.03875500565293466
-0.31688394787052054 0.9271032287686438 -0.00013977890732919107
-0.3753502691938895 0.7184028544092627 0.539796525185078
1.9778995808091109 0.6714035616956835 -0.11391837006333505
0.8118442028971877 0.938603647998967 -0.041833466346294035
-0.454572070576754 0.9407421566569738 -0.0021575153422657145
-0.47631553125852655 0.8820170333275428 0.5515155136036571
1.8588467040021541 0.7745243002047744 -0.10556990509751474
0.6758044827746374 0.953031808561704 -0.04337269669297372
-0.5886125890701006 0.9693361264347189 -0.0026620090556446208
1.7263725951238005 0.8047532414257788 -0.10504824524644052
0.5375933333186147 0.9582376927792922 -0.04593855744126474
-0.7362018833555961 0.9454148443473329 -0.008715218360454191
1.6226417308149328 0.9818559890786958 -0.08887297516587411
0.39710734033827144 0.9542472657995731 -0.049530094916850675
0.3390798114518745 0.6992385830970349 0.4765896140980419
-0.8677413149496065 0.9846295203089781 -0.008210486228496183
-1.131840366027678 0.0007449652717497202 0.46297114485976065
1.4880150307430045 0.9982699154997192 -0.08991677170518075
0.26209470482402075 0.9750102499219935 -0.0505562484813038
0.20092819675827123 0.7104859228957565 0.474815064613789
1.334639822785495 0.9225628315494419 -0.10087401276353036
0.11915744099282222 0.9623459581240894 -0.05517393952134286
0.02858192010224414 0.5767738506622138 0.45973270529982413
-1.2126058905375618 0.7847525896561365 0.5272094547199901
1.1977317309224063 0.9302587625550061 -0.10296112900498544
2.165068246835732 -0.14315070664494556 -0.2646365821910206
-0.02282056336358984 0.9550617775958656 -0.059279030616313566
-0.13671282184693645 0.4777140647241822 0.44775527114149893
-1.356436209799888 0.7823737447614434 0.5237368881153759
1.0618027518204842 0.9433113160774056 -0.1045265853953663
2.069756159209705 0.11112669795569019 -0.2397056282115284
-0.16378819486342522 0.9531386481991717 -0.0628705680918995
-0.259421713179357 0.558428416993479 0.4521912872242626
-1.505711656690126 0.7613240130708832 0.5185283958363232
0.9217158162113233 0.9373978384037329 -0.10817868119004403
1.997628898699439 0.4829619619956915 -0.20204312210801278
-0.30368947240234867 0.9565675096236959 -0.06594902878525888
-0.36621063804165566 0.7024012583524382 0.46239417189833487
-1.652575375645215 0.750452079636716 0.5141879856037792
0.7846563372373208 0.9465772027821728 -0.11026579743149911
1.8814545008468109 0.6055696914362869 -0.19143444901230966
-0.4460903393869948 0.9508585292330807 -0.07005411988022958
-0.48176089588939774 0.807997099397241 0.4690484344410595
-1.8064423781935055 0.716172477958473 0.5076772510456737
0.6454159862233286 0.9465417977752963 -0.11339671021226083
1.7753530931955464 0.7773586636068543 -0.17552048569443857
-0.5886447752512929 0.945682332616812 -0.07415825730088388
-0.6162654362085291 0.8366848851096975 0.4686047374653515
-1.9537944192361554 0.7064415759503362 0.5033370792317089
0.5060757457641216 0.9470126826294418 -0.11652714615586435
0.4616542935420913 0.7492571931264678 0.4144234001087841
1.653315703181593 0.8615675407688457 -0.16915518646958505
-0.7288718207601548 0.9506631414530347 -0.07723719483140146
-1.0384089687002653 -0.2531823073510324 0.3652450382160839
0.36995347096138964 0.9625320593845075 -0.1180926025462452
0.36917156078473035 0.9591021935102404 0.43115847701308097
1.5288893872258793 0.9315274658560355 -0.16438109284165536
-1.15904348563517 -0.15506632023729594 0.3710121452259716
0.22709990711129713 0.9494806825113358 -0.12278849488022958
1.3950470864232125 0.9531461383413671 -0.16491181259873544
-1.3007775839404907 -0.13843814676098276 0.36923759574171866
0.08290326177652219 0.9321171651275648 -0.12800604706528818
-0.17491173081074685 -0.16195466283126336 0.3207985698628124
1.2542801638525107 0.941151253306522 -0.16915518646958505
-1.208909775063411 0.7493367978791099 0.44775527114149893
-0.05573140626703754 0.9394828382466685 -0.13061529999497568
-0.1481531874703368 0.5533204041900532 0.38457196349379386
1.1143508031028366 0.9345346005063035 -0.172868794257671
-1.339774783616372 0.7950048508170653 0.44864266509291495
2.0497444409217023 -0.19085683848030754 -0.342032498176128
-0.19677440469391527 0.9376858918300712 -0.1342673957896534
-0.25527570458139337 0.6969666790258913 0.39497488135573233
0.9794391064573631 0.9527523893085217 -0.17392928009751474
-1.4863362700708755 0.7835012093341973 0.4442064105915722
1.9798114666025528 0.2006001950203924 -0.3015976608348194
-0.33793881721632957 0.9364108063154646 -0.13791996842148935
-0.37224342460682003 0.7973756210639067 0.40130680197951163
0.8403652890727038 0.9520105396318712 -0.1771116912913624
-1.6398074793862758 0.748582555489719 0.43755262488600577
1.9161636108542046 0.6116121839208972 -0.2590060890269581
-0.48164441667510083 0.9260163088178928 -0.14261586075547372
-0.4934654474783624 0.8788126798369618 0.40582984084364737
0.7033195139874557 0.9614833716416271 -0.1792336166453663
-1.7909388504792254 0.7238472262859474 0.4317855178761181
1.7849599954040363 0.6514121000155839 -0.2573886573863331
-0.6206371630223462 0.9354273322348519 -0.14522463684800302
0.5629864312249815 0.956898271002693 -0.18294674759629403
0.5302762616990844 0.8729348822594076 0.3580436050343212
-1.9341248285489936 0.728425718202871 0.4286803543018993
1.6897660870833695 0.87712573969376 -0.23528439408066903
0.4247225775005159 0.9625205362884515 -0.18559939270737802
0.3828756373400317 0.8397990065847338 0.3520507156300243
-2.091317071886243 0.6857201469255969 0.4211391746449169
1.5615111146286482 0.927446372874364 -0.23258883362534677
-1.1707064489138546 -0.0837729363082218 0.3058728515553173
0.2875123654872045 0.9734933405854136 -0.18772131806138193
-2.237684511319575 0.6818616164748335 0.41714661711928214
1.426684694265635 0.9440830316952784 -0.23366696244004403
-1.1972721391883034 0.36607222471943857 0.3447701274799999
0.14687017168257022 0.9704346164893636 -0.19143444901230966
-0.1562076273918116 -0.26205742496414786 0.24141448134657706
-2.392758182438955 0.6499236612734478 0.41049283141371573
1.286914827649139 0.9368441254357123 -0.23744112854722177
-1.2195263397646503 0.8204285935501119 0.3841199218678173
-0.004253297695530733 0.9243706971657417 -0.19992119675400888
-0.13746269108218634 0.42415530868096596 0.3036474525379833
1.1480110705271542 0.9349815604929006 -0.24067599182847177
0.8273303143306805 -0.5747815270207681 0.1616937457966503
2.235786979364894 0.11202816240082569 -0.37585026627305185
-1.3671726713140728 0.8036747324287603 0.3791446029591259
-0.13946459056493055 0.9465499014727925 -0.20098263626816903
-0.26623214870643785 0.4806647583253678 0.3059522449421581
1.0090021454853844 0.9336263996537397 -0.24391085510972177
0.6830405398609667 -0.5750467554885432 0.15887587661024893
2.167430874143287 0.5127640580036186 -0.3336697280955616
-1.5137349957456347 0.7922911904203502 0.37462180251356925
-0.2829183061124887 0.9354157799363421 -0.20575625305894052
-0.3507767728858955 0.7165045025074974 0.3253137409138378
0.8698870114658384 0.9327802410975252 -0.24714524155381357
0.6590291538856228 -0.015132190124482747 0.21007006758925284
2.0598667052071065 0.6837094475207408 -0.3172350586009327
-1.6403427619258224 0.8533796948792443 0.37688296431776847
-0.42415915956592976 0.9344642182481948 -0.20946938400986825
-0.4554669747831497 0.8655025148498581 0.3363773166584667
0.7359726167966212 0.9567216079399046 -0.2476845443797413
1.9434123802130117 0.8011906493226348 -0.3068266571116749
-1.7843425935098605 0.8526204378095343 0.37326448554274405
-0.6056436220017325 0.831355045429035 0.3299235641407665
0.594576164170558 0.9471643306221083 -0.25199753647568857
0.5370448549158144 0.7198426143562457 0.2753547965931591
1.825840458238079 0.909250552573944 -0.29751402741196786
-1.9298546089630335 0.8476164400254049 0.3691939651417431
-0.7437949185615746 0.8460125304143986 0.328079634849995
0.4541114644037858 0.9429874573125545 -0.2557717025828663
0.45175271682513163 0.9634380064372507 0.2960204421925243
1.692899763627147 0.9347094049690625 -0.29751402741196786
1.4062147109500565 -0.511472814711567 0.10746925467726554
-2.0964472039493547 0.7714601497185569 0.35833900565382804
-0.9020349753470533 0.7840882794955562 0.3188599883961376
0.3179594947389468 0.9586991891779846 -0.2573886573863331
0.33015742456081654 1.0422121809186535 0.300717049782246
1.553328032892959 0.9265023752693011 -0.3013487518382374
1.3010417288705858 -0.3185101723851176 0.12373321646925772
-2.236900607030975 0.7867372972720545 0.3560773670124706
-1.0366665925202039 0.8142571237263496 0.3183988868641552
0.17729661426104748 0.9555359366484524 -0.26116282349351083
1.4165418436522543 0.9334240912955067 -0.30354029541733896
1.2000599890562444 -0.11066175782012522 0.14143269652602042
-2.3959364611903826 0.7405089396892919 0.34793608779188956
-1.1712095990485842 0.8448979806794341 0.31793778533217276
0.03765570464685908 0.9577299085859039 -0.26439720993760263
-0.24821074644488128 -0.21826309072929462 0.1724964916157421
1.2787186512674795 0.9359621640847919 -0.3062792480540577
1.1123922825439196 0.15592954154805483 0.16487234229323233
-1.3174078578063408 0.8327773239731471 0.31332796210524405
-0.10324639691148363 0.955601345905869 -0.26817137604478036
-0.21492343428191418 0.5210187989314718 0.2410687744068798
2.0624679712821274 0.04966446515093992 -0.4558287323069874
1.1418302617313154 0.9438689696905485 -0.30847079163315927
0.9991246290919644 0.29108621857113093 0.1753963767933544
-1.4624942652633557 0.8260087029169014 0.30917900199171866
-0.24072779547895173 0.9684826142021592 -0.2703281105113331
-0.2841789007610611 0.8195513315548624 0.2669004737782177
1.0038775088048677 0.9474061781056875 -0.3112092674327198
0.9176206337909321 0.572634879044557 0.20027082556959952
-1.6077514556491135 0.8197957972665293 0.30503028029677237
-0.38182793137913684 0.9673814256099078 -0.27410179978135263
-0.4066262218980299 0.8958629302153156 0.2711278736042675
0.8616665815389286 0.9320054025885582 -0.31613976364854013
0.8243633058441766 0.7910214299713374 0.21892707938429679
-1.747761479564165 0.8332880291536711 0.30272524947401847
-0.5517570357015877 0.8808455656979106 0.2664310275959667
1.5451397596801266 -0.4146029753300269 0.0484890281605419
0.7288135642749669 0.9608311477887455 -0.31613976364854013
0.7101789252950983 0.9074955300894416 0.22753756636854972
-1.8932976707877724 0.8281499142045945 0.2985765277790722
-0.6847813127964688 0.914606368934777 0.2664310275959667
1.6657901333015577 0.9071845225644992 -0.3695746124339405
1.4653952473012932 -0.09016262111918394 0.07819884413954581
0.5798771743772075 0.9173573769595862 -0.3243566215586964
0.58589121560607 0.9757155766790859 0.2313644229817089
-0.8276843329512378 0.9102798063463737 0.2626735507893261
1.5232218876357067 0.8844556774668888 -0.375139302070171
1.3820349333006794 0.2050617314411909 0.10498660201308097
0.44697481474816136 0.9471639459669063 -0.3243566215586964
-0.9682037620923136 0.9161218188617752 0.2598556816029247
1.3911759425528816 0.9158444642300196 -0.37458283310654794
1.2682417075931598 0.3394002970268559 0.11570184821364249
0.3052735260326962 0.93868966980083 -0.3287392318797413
0.28713797701973043 0.8902454726579592 0.21701377028700675
-1.108801336474352 0.9224751801588411 0.25703733557936514
1.257266948147099 0.9379569055247075 -0.375139302070171
1.1532953873928058 0.4643126515105749 0.12544243926283682
0.17018549064540878 0.9597745795704142 -0.3298350036692921
0.14281726376683324 0.8726076493214663 0.2122299014973339
-0.1426065490479047 -0.3491334530144883 0.6599275409626659
-1.2494769829127144 0.9293467668914488 0.2542194663929638
1.1173355784660943 0.9313503257369646 -0.3790345848155323
1.0553752079180105 0.667492564785114 0.14297621840712393
0.006312467804757915 0.8894166479388588 0.2107948600697216
-0.22699986706972552 -0.09375759075768997 0.6787332832264599
-1.3875922826238138 0.9463427249459428 0.25234072798964347
0.9741723250908869 0.9106741137529255 -0.3845992744517628
0.9422566733693731 0.792999145712777 0.15271704787489737
-0.13367980711629812 0.892198941056968 0.20792477721449698
-0.33657325127378357 0.050299903612284425 0.6881365119862255
-1.532387353984479 0.9398572103601452 0.24811380500075186
0.8307687455729571 0.8905310798222672 -0.39016444092515146
0.8131157845921244 0.8410035769062887 0.15466516608473624
1.9093110633266166 -0.2071028815271987 0.004792624657123934
-0.2702158815344813 0.9099959777027493 0.20648973578688468
-0.4322288852359186 0.24788922825661075 0.7020363151478466
0.7020277958998467 0.9388825327754233 -0.38793856507065927
0.6788780810601995 0.865137249440032 0.15417807692763175
1.8369664650167907 0.16538752260268552 0.0399894058155712
-0.4127379741190378 0.9041306355332637 0.2026628791737255
-0.5542466709461653 0.33443728197833167 0.7065333663868603
0.5670354144288865 0.9585660734377655 -0.38905102616074716
0.5382048742551291 0.8606060267262876 0.1507686912464794
1.7301203182509726 0.34235942426344224 0.055357390587299715
-0.5566315494924741 0.8939687970787773 0.19835751647230948
-0.6867405104669491 0.37787427824244446 0.7073511421131786
0.42109721352920815 0.9302685143670999 -0.3957291305613819
0.4062048178305382 0.8954118801587541 0.151256018822163
1.614994656850783 0.47075155221524767 0.06576769942519034
-0.6920770512381917 0.9181010396804581 0.197400981132954
-0.8289314979673286 0.3831373307334829 0.7048980533528026
0.2871260902510109 0.9557891202729181 -0.39628512268784677
0.2821662474995712 0.9646227998023633 0.15515249366041983
0.02148815601868037 -0.16633079726877753 0.6069931327747997
1.518909208058207 0.6922286589269575 0.0855969726490673
-0.8399730304046127 0.894542235082703 0.1916603385853466
-0.9724521512120337 0.38410608706897165 0.7020363151478466
0.1324109630112904 0.9227940440001845 0.14784663314101065
-0.0538482792704027 0.12740516505483868 0.629539185707539
1.3940028225917116 0.7626634747031176 0.09005849951979483
-0.9754839743218824 0.9196835115976043 0.19070380324599112
-1.1820651254883252 0.13501750922686995 0.6779159843372997
-0.003925157791361045 0.9396446282253876 0.14638560408827628
-0.13646802983556228 0.3824066417885348 0.6487452327656444
1.2851919581514295 0.9105160742778935 -0.45306069260361825
1.2685051275152093 0.828638484464598 0.09402435416457022
-1.122490775173338 0.9020282489949949 0.18544190520521964
-1.338254918012879 0.09394603387961808 0.6713744937824901
-0.15076793383817844 0.9134416162631425 0.14054077262160147
-0.23847830022759808 0.5503298086147268 0.6604356109547314
1.1532695430408868 0.9427251350717043 -0.45249468689683114
1.1352872927407747 0.8560428965503419 0.09402435416457022
-0.2919782946910985 0.9119749806692354 0.13713162535902823
-0.372657409587557 0.5830014548243696 0.6604356109547314
1.0194234493344325 0.9656775408411633 -0.45306069260361825
0.9990812787912144 0.8693110697918414 0.09253709906813468
-0.4321059822227138 0.915852755752077 0.13420932883498038
-0.5067210319932052 0.6161353051265763 0.6604356109547314
0.8658289710897709 0.8968068424804585 -0.46438128357651864
0.8597424115524355 0.8684694084447884 0.08956258887526358
-0.5711044580352098 0.9250733881611808 0.13177412146803702
-0.6455508229093034 0.6304191070065102 0.6587659656452831
0.7381482726964652 0.9498871499896069 -0.4615507782054249
0.7298501756812144 0.9118892978633681 0.09105008239027823
-0.7076814988232929 0.9444394444886512 0.13031285399672354
-0.785637084416301 0.6403766207890484 0.6566781341480907
0.5947697928082665 0.9314563296888849 0.09005849951979483
-0.8492513897899183 0.9450308714423485 0.1269037067341503
-0.9270230121841223 0.6460252352483948 0.6541730701374706
0.4509617850844627 0.9126819767257004 0.08510106200453604
0.26742948690550783 0.13119087763409 0.5658811866688427
-0.9883955351309002 0.9557750829049567 0.12446849936720694
-1.0672195097119008 0.6570081306603797 0.6520854770588573
0.3158190100292817 0.9332463712726664 0.08410995597121085
0.2354524113179295 0.6136545700043854 0.6055192291187939
-1.126298652913377 0.9718302777654628 0.12252038115736807
-1.2023100257858985 0.6877521565970355 0.6516677677082714
0.1739367354763104 0.9252141769398463 0.08014386290785636
0.08904210400476842 0.5913025501034781 0.6008307277607616
-1.347744831740231 0.6805084682390117 0.6479102909016308
0.034183981666915386 0.9273876488119583 0.07716935271498526
-0.04384593464347475 0.6276742698001456 0.6012570201801952
-0.1068209321321465 0.9252421931772261 0.07369917029616202
-0.17775826418602314 0.6596637980699 0.6012570201801952
-0.2432341781809484 0.9429485159990989 0.07221215361830557
-0.3162859149616519 0.6727604079320173 0.59955208892104
-0.38681585879335323 0.9321680924977116 0.06775062674757804
-0.45603357094283403 0.6815271674149272 0.5974213420796093
-0.5293670205242336 0.9267527379905118 0.06378477210280264
-0.5970509668859876 0.6859635477531469 0.5948638259815868
-0.6646939313171547 0.9507937828316102 0.06279342765089835
-0.7381516401753956 0.6909261444234076 0.5923065483021435
-0.8099479129451836 0.9367797181719979 0.05783575171706046
-0.8793351800590248 0.696403843355256 0.5897495090412792
-0.947831928463172 0.9521940504256889 0.055853301231830965
-1.0256706278489958 0.6831239476471467 0.5854870616841015
-1.1709326254702521 0.6752165995372437 0.5816511451649364
-1.3085709242787367 0.6967185479638474 0.5803725063252148
-1.456721383095914 0.6802668396805629 0.5756842433857616
