-0.10832714304282831 0.009156668607669616 0.7149959577301628
-0.15226537289422026 0.2102083613572745 0.7321859372833854
-0.26096706611725295 0.3119017309259178 0.7350703252533561
-0.13329207020144906 -0.3664615797583828 0.600522614834655
-0.25502441803468656 -0.281344304630629 0.6010123265961296
-0.2537491837928343 -0.009245574830107017 0.6287375463226921
-0.22618952087633915 0.2996289287545828 0.6619153989533073
-0.3372861916807537 0.3974136188057855 0.6642428411224968
-0.5615558523511268 0.3267496067249276 0.6417690290192253
-1.6445673324340433 -0.8340279054069484 -0.3146671282073372
-0.8874233000605827 -0.9278132175111509 -0.2289723383208626
-0.34659293326867413 -0.9357301529264781 -0.17049112189019855
0.11129475064841898 -0.9120534126479107 -0.12243213522638019
0.5823761013493254 -0.8971933276647484 -0.07263650763238605
1.0301499375295506 -0.875445699609994 -0.02573575842584308
-0.3095368486921899 -0.2815496605876362 0.6830998433807975
1.4228692094839346 -0.8325767938884816 0.014216996548522154
-0.18293936728549198 -0.11621384704207216 0.6881443036774284
1.624564606390642 -0.7076196500918606 0.029850102780211607
-0.2058988305202405 0.11509221259521141 0.6765428556183464
1.7267867775411858 -0.5391646064930988 0.03274545800482098
-0.2642025610039127 0.363104753957046 0.6609059346893913
1.9200702666872616 -0.4120391080349819 0.04722080361639325
-0.9192225112744907 -0.9243677523231923 -0.43863191473687824
1.978057651093735 -0.22416734651093506 0.04432544839178387
-0.32823594335875583 -0.9532645743922465 -0.3718399034758919
-0.9231239501623918 -0.690883008810026 0.539435960171569
0.15686030835653497 -0.941208698858393 -0.3187645899077767
-0.4821189570161337 -0.6576253312173073 0.5799709333161003
0.6003525681480895 -0.9145849745192969 -0.2710560785552376
-0.15573724931856958 -0.5779556375469106 0.6076775563934929
0.9341280556253793 -0.8432712749078668 -0.23766078818048175
-0.07572182128589589 -0.3931415954141322 0.6076775563934929
1.5268528071234684 -0.8877626537331871 -0.17027320730889972
-0.04970283866934011 -0.18460189427743856 0.6015206350067741
1.800934582078412 -0.795309988683826 -0.14462985861505206
-0.004691379493166892 0.015969282718486966 0.5974155439118034
1.9345626150891917 -0.6416523445997484 -0.13747348654473956
0.05923798378690037 0.2083829694908772 0.5953632367828972
2.005291384019607 -0.46005013785251236 -0.13866605627740558
0.03321787088626138 0.4415854720371293 0.5830493940094597
-1.3719354279723532 -0.6893349627907632 -0.8118642793914193
-1.1413124390317293 -0.7749303669557257 0.4188729299286491
2.063117876137362 -0.27248128719343967 -0.14164771902764972
-0.9154534317323737 -0.648726643916465 0.43556985986028973
-0.9565417679915313 -0.42067903775122417 -0.777012728335511
-0.2733057990944232 -0.7017435499343883 0.49974784982000653
0.4768781149029877 -0.8168960102836742 -0.5921787248870247
0.1852055977501479 -0.6801194035733857 0.543055631039489
1.1700587589398381 -0.9018064869786571 -0.5081628786345833
-1.1756019351519669 0.13141463489322192 0.3781748784760124
1.5849856832267903 -0.8694307710922295 -0.4621099458953255
0.3178497811541803 -0.3011308948656186 0.5399247182587272
1.8317463283723185 -0.7651846790474934 -0.4390834795256966
0.36702080014342897 -0.10384026189473161 0.5362726224640495
2.0106878742639296 -0.6319450133727571 -0.42539253103936847
2.0995423339603434 -0.45878000862110824 -0.4241475092193001
-1.2090379429900864 -0.822955318491239 0.3109651578644401
2.165948096072867 -0.26475396550124586 -0.4266370760222786
-1.2312436765916246 -0.5805598294874024 0.29876432549749676
-0.33591045812554654 -0.5089816528501814 0.3836370481232292
-1.280594168261338 0.0997221992199222 0.26534614693914715
-1.3074785517813368 0.33639091430932666 0.2526150716522819
0.003639541896376386 -0.029496016234723754 0.3963681234100944
-0.17730455330070782 0.26110325455449157 0.36613235604559247
-0.35306983737187636 0.5737644752755244 0.33536586892401044
-1.6992948924082754 -0.683940869523834 0.15274629723821942
-1.047353320334068 1.1135159061911928 0.2441278470734245
-1.147728210186898 -0.6923325681304568 0.20827636849676434
-1.1550297883803466 -0.467109383410385 0.1980329526642448
-0.3549839804926975 -0.36742295171463013 0.27351102959905926
-1.1577653514880524 0.2045110893379416 0.16892013680731122
-1.2478129082326959 0.4691157748029724 0.14843282830511395
-0.1652668699098072 0.2125387192976369 0.26704177987371747
-1.998263876159207 -0.994972922775613 0.031088448880065123
-0.014503580820701245 0.3667927915057163 0.27512846123968426
-1.4327434889852881 -1.004757919274578 0.08915577065740887
-0.11675565443121627 0.635375639280916 0.2530241979340202
-1.0973299111346364 -0.922584272641128 0.11983308923040692
-1.1376077656733088 -0.6843355122690475 0.10558996331487958
0.6795033126407972 0.7143556739938646 0.3279634488800651
0.534305115845342 1.0034792604367162 0.3004675878265983
-0.31545119661011256 -0.5923953516482676 0.18502197396551434
-0.9012448641283655 -0.11846925343851566 0.10504255425726239
-1.2658268109734365 0.26419493952884565 0.05135736596380536
-0.05542229775709018 -0.04515259596218257 0.1872130407074577
-1.7590146493160717 -0.8354369648493112 -0.055524729373108705
0.4485840605241549 -0.04892298644476867 0.23815879952703778
-1.2580427710094568 -0.8211638665668843 -0.004328631045471987
0.8612770526981706 -0.01513155677673339 0.27814827096258465
-0.7713779298387564 -0.8043218127467497 0.04519758355413739
0.8934787036572516 0.18874395135852495 0.27212247979437176
-0.2898304319722129 -0.7886490314518326 0.09416780602728192
0.7999739425601504 0.45067836014348117 0.25075826775823895
0.4833265652471397 -0.9016572330740686 0.17875251900945965
0.6077892902771254 -0.7388545440963128 0.18431720864569012
0.8328740792103559 -0.6205218520301763 0.20212469231878583
1.0172532524421598 -0.48539283600934624 0.2149234784821159
1.070364908691964 -0.29251354247726624 0.21158514153753583
-1.8492467623607283 -1.075848205480309 -0.16941966879571613
1.1649587593633868 -0.11810731910310679 0.21325407159124676
-1.3300720035348164 -1.0669581352459865 -0.11508216726983722
1.196820607719694 0.0847305317727276 0.20713291299139325
-0.8069145247583833 -1.0633223084129604 -0.060178183200013
1.2701059547901323 0.2689678480124371 0.20601997506414715
-0.3439297013132503 -1.0380289144058423 -0.012632750155579409
1.2944605455510683 0.47596240585249205 0.19878587853704754
0.1002778077156492 -1.0079223727397384 0.03264866006170575
0.553183167397421 -0.984557798589691 0.07906160485540692
0.9782429226704608 -0.9522366432667795 0.12207899224554364
-0.2917010851492847 -0.40234629070857864 0.791630841610778
1.2162620202799133 -0.8410246497399498 0.14188966882025067
-0.29312873261073236 -0.18119001272160773 0.7827077878693229
1.3680730841688415 -0.6930908929456301 0.15094623696600262
-0.29820878656988015 0.04227243007284898 0.7732888234833366
1.4295237640407166 -0.5055049804207172 0.14868221413885419
1.509786196660599 -0.32622241287610976 0.14868221413885419
1.586146342300104 -0.14517223402462065 0.14811573159490887
1.617979403653635 0.05632271308770598 0.14188966882025067
