0.8798278232636463 -0.508562127693466 0.15184998512268066
0.8408956404276822 -0.26209061169919323 0.17761492729187012
2.048874443967648 -0.41699747956895195 0.08690190315246582
0.8346895570462891 0.04617230582365295 0.2123706340789795
1.9846610378766272 -0.21736930615690753 0.10673832893371582
0.7517970994803065 0.19933037810137577 0.22468829154968262
1.9322318143012325 0.00463718210096431 0.12987637519836426
0.6946264521650107 0.4011609766494644 0.24407076835632324
1.8448345956026415 0.15054342618659788 0.14183449745178223
0.6750639328928898 0.673391374269567 0.2737305164337158
1.7453393355193114 0.26982124401980556 0.14984917640686035
0.5448616501736794 0.729918348418984 0.271958589553833
1.6421345470681814 0.38043441410775003 0.1565554141998291
0.4125163061736359 0.782526495266108 0.2695496082305908
1.5394872375311124 0.49132467338469255 0.1632692813873291
0.277992624527414 0.8312397849475879 0.2665064334869385
1.4176173862273558 0.5625183757417176 0.1640632152557373
0.0336716264706709 0.6749903468256164 0.23329997062683105
2.254220222496535 -0.2453054265079473 -0.09696602821350098
1.2938149380089854 0.629674991881167 0.16420435905456543
-0.09899797923716136 0.729458562299726 0.23090720176696777
2.286289474240931 0.1602101411101593 -0.044858694076538086
1.1680352999918355 0.692835135267412 0.16369366645812988
-0.23389491156069653 0.7800569581646357 0.22787785530090332
2.228336590345897 0.3678194154752994 -0.022840261459350586
1.051453256084372 0.7741146851750997 0.16582465171813965
-0.34006651463855064 0.8833261742509215 0.2325594425201416
2.12920790954405 0.4859034923742307 -0.014494657516479492
0.9035824969957034 0.7940183643580951 0.1587369441986084
2.0285533236077313 0.5997628277883784 -0.006826639175415039
0.7647293499885635 0.8321286835681221 0.15429091453552246
1.9263375561715677 0.709421391854395 0.0001647472381591797
0.607595120998333 0.8356160157807473 0.144578218460083
1.8268417250635736 0.8238113334518644 0.007848501205444336
0.47331082707673744 0.8836283147112916 0.14146018028259277
-0.9799183518852033 0.9112176209809029 0.19355416297912598
1.688634081789445 0.8584490117606869 0.0032188892364501953
0.31128956476426595 0.8796017436555061 0.13043904304504395
-1.1219226872385164 0.9521848668369266 0.18863177299499512
1.4646846477610822 0.7205846651085217 -0.028104543685913086
2.3526431453075816 -0.15285896052439085 -0.43988585472106934
0.16769387939139335 0.9112364457762929 0.1246955394744873
1.363571108668502 0.8318744626158576 -0.0210874080657959
2.3011204937747536 0.07262775766178109 -0.4135468006134033
0.005277835428721289 0.9085320946554241 0.11368298530578613
1.2295751072291239 0.8771147321777235 -0.02433323860168457
2.297102621341793 0.3965684093162949 -0.37119460105895996
-0.14792543645830847 0.9239512746055105 0.10531258583068848
1.064230095410295 0.8610634150733425 -0.03715968132019043
2.2169666077423997 0.554626932866924 -0.3557431697845459
-0.30363998278152593 0.9356564501963689 0.09628748893737793
0.9302079234180596 0.9074125609922241 -0.040395498275756836
2.1206971943854 0.6770919551249115 -0.3461024761199951
-0.4595048574671665 0.9480206641181468 0.08726811408996582
0.7666978114283083 0.8970879485881689 -0.05252861976623535
1.9929180959715538 0.7329294133524549 -0.347367525100708
-0.613115191035078 0.965354112357609 0.07891201972961426
0.6189257793096061 0.9182053922105915 -0.05986332893371582
1.86531241587263 0.7892224259235086 -0.34862589836120605
0.47339124703890434 0.9442912742667389 -0.06650757789611816
1.7270172862806419 0.8237586712216007 -0.3535177707672119
1.5712261107674195 0.8233550696059311 -0.3642256259918213
1.4306570204537863 0.854581198007498 -0.36983466148376465
1.2878743161286224 0.8819364393800591 -0.37616658210754395
1.1204497732749203 0.8613373597620857 -0.3904993534088135
0.9954587949033993 0.9251269580489172 -0.39099717140197754
0.8321378363309364 0.9146284404289595 -0.4038670063018799
-0.0034835969376629805 -0.05923409956466941 0.5593879222869873
-0.09679874732271543 0.07424444727624646 0.567798376083374
-0.19176147938208743 0.2035438052537799 0.5756237506866455
-0.31900723322477376 0.27187684943370627 0.5751497745513916
-0.4483756784130364 0.33629372549907544 0.5740883350372314
-0.6132993078280009 0.33586665910656777 0.5641305446624756
-0.7664752249186364 0.35786743960109035 0.557145357131958
0.16646498003250088 -0.4399646608465062 0.4557197093963623
-0.9124903306304688 0.39351188219597333 0.5519459247589111
0.1490709058512678 -0.15708192931409215 0.48470377922058105
-1.082803289499708 0.38645261096269934 0.5408151149749756
0.1196079336676732 0.09909688407815054 0.5100882053375244
0.06618746571993483 0.30674705293765925 0.5288631916046143
-0.011689034728156855 0.4661578293956268 0.5410263538360596
-0.12156873368858356 0.5644616547719785 0.5447685718536377
-0.24519001088815884 0.6369176329546242 0.5449049472808838
-0.39710059493522465 0.6575326726741935 0.5378220081329346
0.45900615273503576 -0.4903068854346486 0.39374375343322754
-0.5371283490497945 0.70049818536571 0.5337555408477783
0.44896617246997295 -0.1900569041350586 0.42557644844055176
-0.6867443543747527 0.7266513335047478 0.5272848606109619
0.4589704135721675 0.1450948106954577 0.46230626106262207
-0.8606642007103886 0.7101192744471234 0.5147964954376221
0.386432694452715 0.3168276753260493 0.47646069526672363
-1.0325062856970817 0.6986848210252532 0.5029146671295166
0.33328942337654155 0.5237717878714427 0.49550843238830566
-1.2365903484489351 0.6319508892910903 0.48320603370666504
0.20716074822508546 0.5902732513936932 0.4950263500213623
-1.4142160295096389 0.6135498663237939 0.4701273441314697
0.07892428815816288 0.6528319174770125 0.4939396381378174
-0.07964891696160947 0.6590460775258471 0.48491978645324707
-0.24314333156086576 0.6571982280817323 0.4746825695037842
0.3496237295198057 -0.3351462025421874 0.3304617404937744
-0.37356698702127034 0.7170024631142553 0.4730031490325928
0.46840133124699435 0.21182693914287398 0.39743542671203613
-0.5445295598435465 0.703411090589448 0.46094346046447754
0.39384426860833344 0.3790763346014785 0.4111807346343994
-0.6844921123911547 0.7469551918435435 0.4568307399749756
0.34097177582017224 0.585927207064465 0.4305078983306885
-0.8583464528356757 0.7304466862570109 0.4441697597503662
0.2127316406575943 0.648016044404848 0.42940783500671387
-1.0228036430910379 0.7319900541437789 0.4339573383331299
0.08236508754192329 0.7061953709617583 0.42769598960876465
-1.1850346397270926 0.7385611069662836 0.4243605136871338
-0.0431317170158394 0.7735751434165756 0.4272282123565674
-1.384530621772214 0.6812808899709033 0.40560126304626465
-0.23702152858638925 0.7149565033829823 0.4088013172149658
0.6628462167530103 -0.438131764560719 0.2569773197174072
-0.3886816855571311 0.735584946723737 0.40153002738952637
0.6788906043178713 -0.08512423990580231 0.29730725288391113
-0.5260619942722755 0.7828958943202515 0.3979809284210205
0.6971736716684376 0.2673047009336216 0.33765101432800293
-0.7815329122932297 0.6183328256265632 0.3640758991241455
0.6450500583043848 0.4780502760266394 0.3578941822052002
-0.8466559049210787 0.79688300360705 0.37912631034851074
0.557602877010801 0.6182978073198342 0.3680875301361084
-0.9913678216776063 0.8329640351424459 0.373734712600708
0.4340943625213072 0.6884124742212805 0.36823058128356934
-1.1827649359436379 0.7877454230995369 0.35657238960266113
0.29000398876706157 0.719486101885451 0.3627192974090576
-1.3252781170775023 0.8294420633756268 0.3518106937408447
0.02932498782262627 0.5322694692548069 0.3257710933685303
-1.4851629945167915 0.8416543945259498 0.3427155017852783
-0.07566003736484106 0.6391669121506247 0.3309595584869385
-1.672739147431173 0.8074317180657289 0.32680630683898926
-0.18013351547806877 0.7463375912217778 0.33615565299987793
-0.367301571815311 0.7014753197396857 0.31934332847595215
-0.46171126306369104 0.8269049143669669 0.327068567276001
-0.7770375302039696 0.8490692677206155 0.30919480323791504
-0.9897889554417745 0.7639793929108407 0.28610730171203613
-1.1420663248178045 0.7876941178607844 0.27875542640686035
-1.3437863984309075 0.7259994301033466 0.2588207721710205
-1.4941937653431268 -0.5458492470154539 0.397960901260376
-0.9892691951574051 -0.6100729749069558 0.45354676246643066
-0.5993029839823834 -0.616812711107471 0.4940783977508545
-0.18806933800494363 -0.6377333814461963 0.5375049114227295
0.017249071539580996 -0.5500369369636857 0.5537173748016357
0.1354756152672678 -0.41585493548369 0.5583493709564209
0.20624922349341546 -0.25584549125437306 0.5566122531890869
-2.279746868367546 -0.5531733729653858 0.1331474781036377
0.2906351594272323 -0.10327670039841408 0.5566122531890869
-1.6941212763418747 -0.6527274756412993 0.20113158226013184
0.24122835001438148 0.12422503563355747 0.5386626720428467
-1.298869834811029 -0.657042018970607 0.24347281455993652
0.10206280252835853 0.4036442473591819 0.508554220199585
-0.8251947472805128 -0.7055553918205781 0.29654860496520996
0.2232777131733812 0.5369197610526655 0.5131857395172119
-0.3874699087748539 -0.738414851945965 0.3448526859283447
-0.02924111294041154 -0.7317589478500928 0.38242316246032715
0.3197586765502365 -0.7225837685048369 0.41880059242248535
0.42865583660786655 -0.5846840036227618 0.4223787784576416
-2.3953702583794794 -0.6559520736354614 -0.15006327629089355
0.5988625680327928 -0.4807855448499545 0.43430590629577637
-0.15085152642329547 0.13310845582792652 0.3198063373565674
-1.2164903297689875 -0.8594808309557074 -0.006925344467163086
0.08217103730491004 0.20446955660085564 0.34008193016052246
-0.8090983035379296 -0.8724882988520228 0.03912758827209473
-0.20795632104768202 0.569757872958494 0.28819966316223145
-0.34973130030250843 -0.9158871469850745 0.09264874458312988
0.6689002644293041 0.2744730774717574 0.39733195304870605
0.012488507109402747 -0.9108355238260799 0.1324779987335205
0.4537075229008778 0.5983396685141251 0.3555872440338135
0.40915103164879696 -0.9268238846364518 0.17728638648986816
0.5496651857390233 0.7450709540254579 0.3567798137664795
0.7005083860249783 -0.8885193950973473 0.20715880393981934
0.9393688675898986 -0.8233856984652981 0.22956299781799316
1.1129982819798698 -0.7236960540039092 0.24263215065002441
-1.9448571576536438 -0.7535717619494839 -0.5518715381622314
1.2217569420107566 -0.5887547659111654 0.24636626243591309
-1.426682506291833 -0.8193447749667584 -0.4859764575958252
1.317952393905614 -0.4470052568340215 0.24823307991027832
-0.9142168069533554 -0.8760203063000027 -0.42141222953796387
1.4101821664329393 -0.29333319803528113 0.2488553524017334
-0.45975382974515355 -0.9060546043287516 -0.36550164222717285
1.5030498960368845 -0.14988353213351857 0.25009989738464355
-0.0492868206158974 -0.9358286777998046 -0.31491541862487793
1.5877463504389482 0.008030796055951583 0.24947810173034668
0.4425967231276289 -0.9827572822728108 -0.2536795139312744
1.7031038399608889 0.12849717364615998 0.2544562816619873
1.7716873407935552 0.2858511057773896 0.2519667148590088
1.5152750863112487 -1.0119454402992254 -0.12521719932556152
1.7922840639992614 -0.9818520529042019 -0.09459948539733887
1.9517600808300202 -0.8685851236295186 -0.08328413963317871
2.0555782356777215 -0.7342716472899546 -0.0799558162689209
2.043500574180314 -0.534286153488452 -0.09459948539733887
2.0968050058275836 -0.37088359632154777 -0.0992586612701416
2.193652728798533 -0.23234938156413065 -0.09726166725158691
2.162481834036555 -0.019392181463501856 -0.11523318290710449
2.2092172844354465 0.14892360766384982 -0.12122368812561035
2.1969087908777496 0.3525351746675973 -0.13653254508972168
2.225518482652184 -0.4917428572012916 -0.6746513843536377
2.3947822913493866 -0.395629239046972 -0.6601297855377197
-0.8300019265150951 0.06825001470005176 0.666860818862915
-0.7096474151723626 0.20528444389345424 0.6713130474090576
-0.6106078598221245 0.3538239580241438 0.6729824542999268
-0.5110747794575659 0.5019621221766748 0.6746513843536377
-0.9182921846848444 -0.5388175158803463 0.5916450023651123
-0.5676937112009881 -0.5252937930326453 0.6261718273162842
-0.5541989505374048 -0.3322749147030102 0.6171152591705322
-0.40898387137123393 -0.21029539323631852 0.6250393390655518
-0.3331466043249449 -0.050795787136596715 0.6239078044891357
-0.25674149547895553 0.10846647716322622 0.6227753162384033
-0.17107839601298025 0.262650761699323 0.6227753162384033
-0.08921051144083236 0.4189642404205891 0.6222093105316162
