2.546028619586643 0.48046778715137517 -0.13763114646265073
2.4295421126762022 0.565116877427223 -0.12911912635156675
2.3099593428790612 0.6947930521004739 -0.11588021949121519
2.196468921560964 0.7604890223270031 -0.1094576998073773
2.0883917382358987 0.7621501443538126 -0.10985848143884702
2.1723856348654635 -0.49553312667700844 0.24318078324010806
1.9763807125654083 0.8187396461577494 -0.1044830961544232
2.0592269092591167 -0.4838528014247805 0.24346855446508364
1.8765078460451647 0.7070823108885627 -0.11697837546655698
1.763443293589738 0.7842921198486543 -0.1095034761745648
1.655284141565886 0.7924367946308211 -0.10938998893091245
1.6454532916640758 0.7613081823569479 0.3540232495944782
1.5492530008327847 0.7662152420927164 -0.11296388343164487
1.5378388944851409 0.7599240091220469 0.3530047254245563
1.4414075346444264 0.7701456032699623 -0.11338397696802183
1.4307858986817408 0.7489748070494837 0.3510787801425739
1.3343883029723855 0.7595618495669241 -0.11538764670679136
1.322901185217198 0.7533130403258195 0.3505049066226764
2.2604275822972753 -0.12420193807561475 0.22180226608922915
1.2153118696719503 0.7530597287350211 0.34947541519811587
2.092143549471423 0.7888794718458998 -0.21575328543970151
2.148872425992664 -0.11780072985907175 0.2216861562412067
1.1081806414307138 0.7432316610307401 0.34753754898717837
1.1417645485137555 -0.27488177931586577 0.70764187142065
1.987109371091563 0.7512493100053819 -0.22046348288843198
2.0225753488528326 0.09258937529328115 0.24040392204931216
1.000592397243075 0.743726933807749 0.3465006665866657
1.0143783737949335 0.12398559596752534 0.7370832280795856
1.8932421757067388 0.5503495452236393 -0.24309989646265073
0.8928350154861135 0.7495760945908945 0.34591391846349673
0.8946123710598499 0.39382249127793845 0.7566092328708454
1.7723928027811127 0.7365838788059351 -0.22338601783105894
1.760089571575861 0.7334349893600587 0.29812506004980044
0.7954297700013058 0.8016738900305214 -0.11596700385400815
0.7854732956234116 0.7458463119684531 0.3444173650424762
0.7822961232613963 0.499685415691677 0.7635200338046833
1.659095003022557 0.8240651356764772 -0.21452733710596128
1.6523608032574444 0.731649889860293 0.29711750313451724
0.6881110806960464 0.8032765613040782 -0.11693641379663511
0.6779449611984418 0.7474675561722011 0.34337070748022036
0.670877223197806 0.6009662851390241 0.7700546102206989
1.5549452715167362 0.7680712413161048 -0.22143098548242612
1.5437626279689596 0.7451545929197492 0.29748752876928286
0.5810930757685568 0.7953157140683 -0.1189653559047894
0.5704444215601185 0.7494667858823307 0.342320473639278
0.5605850576032765 0.6876979494625752 0.7754450158756061
1.4484946152295564 0.7471760592417409 -0.22453567221948667
1.4363801887808805 0.7391585349646403 0.2960126714389606
0.473786226194882 0.7976662933638572 -0.1199419184047894
0.462967554024992 0.7518429086817706 0.3412669019382282
0.4532281956575943 0.6751380964963367 0.7731666879337116
2.3110977442634066 0.3344173996607527 0.20968964859655337
1.3372512420480476 0.8159876655132665 -0.21785136893579526
1.3279538703453397 0.7534200145999304 0.2963776902835651
0.3667179737621282 0.7904545510449665 -0.12197896674463315
0.35531373945502054 0.764547754309489 0.3411190824191852
0.34578950690944055 0.662953654710523 0.7708833532016559
2.1831083255074404 0.7441200045213003 -0.3837821169216351
2.205035745976012 0.29100852695093593 0.2049470262210651
1.2298949550317246 0.8157007987467413 -0.21878453925439878
1.2194050253621498 0.7730459682391633 0.2972016648929401
1.252571532529629 -0.040689082988417447 0.665881903616695
0.24801207738197206 0.762699342258558 0.3396048860233112
0.238360086636213 0.6461618555095052 0.7682116346042438
2.0765033928587258 0.7260183072939128 -0.3863722963649945
2.0934372839026665 0.3174611843833963 0.2067475633304401
1.1225591407657234 0.8157829178754872 -0.21972200110742612
1.112348499392965 0.7632023977402671 0.29525593086889224
0.14063280891843988 0.7661990692744212 0.3385417775790973
0.1308828936151727 0.6247581734282726 0.7651498632114215
1.9683581946612918 0.7281026218382509 -0.3866917772609906
1.9738251969221707 0.4585041109775032 0.21931532189062075
1.015449068161061 0.8112832725718269 -0.22120734885522886
1.005030628329834 0.7587076958128733 0.2937677220981403
0.045199693375316485 0.7760268827473684 -0.1275870485622601
0.033381501488001675 0.7601177477889092 0.33656552597692446
0.022470764107517027 0.6884730147365454 0.7686217145602985
1.8588822202381223 0.7503949257130049 -0.3847386522609906
0.9083192559907616 0.8071578415537068 -0.22269651130029722
0.8975154372589031 0.7595700033461021 0.29273727699926333
0.8923260129282795 0.7374701776645889 0.7236683683078571
-0.06211228726988338 0.7852237577845829 -0.12805101111719175
-0.07393790546246493 0.7593853196143598 0.33504036232641177
-0.08514113787313704 0.6927441129219627 0.7674775437991901
1.7502452842831033 0.7631534116149723 -0.38392516806909605
1.7366626501111426 0.7568470287425342 0.2458868341129108
0.8004876295333219 0.823271166240163 -0.2220084352810101
0.7898523071937191 0.7657794620068676 0.2921653108279987
0.7854181182484226 0.7187834525565115 0.7209935502689166
-0.1692958259932098 0.7749070817558126 -0.1306388063747601
-0.18125770006474795 0.7590339984006764 0.33351114556005435
-0.1927114662569167 0.6924058246547578 0.7659447507541461
1.6423346570423405 0.7663905653620988 -0.3842527551967816
1.6284040862938696 0.7650871369816379 0.245826275793819
0.6946450453506259 0.7801498650144199 -0.22786924079248472
0.6825496727209028 0.7624094832924193 0.29066613480260806
0.6779396522661756 0.715411003993923 0.7194917516391559
-0.28858311724955144 0.7540749037005208 0.3315227346103473
-0.3002907143045803 0.682480220237748 0.7636375741641803
1.5394116819050296 0.685692494202752 -0.39426967337915464
1.5211003011348794 0.7587942458168131 0.24435547157934145
2.4751947782617165 0.20849402419407959 0.14335468575170474
0.5871339908635704 0.7870808560507756 -0.2282793207485394
0.5752371437258077 0.7594198572946684 0.2891629056613727
0.5704493539123234 0.7124095703640272 0.7179863767307086
-0.38369936765924706 0.8001451232739418 -0.13105174735376401
-0.39592211573868497 0.7544720889562804 0.32998636528661685
-0.4078721504645557 0.6878818418943649 0.7624826745670124
1.4274759894552886 0.7591016563952921 -0.38662740424463315
1.4134971434000931 0.7578472062468196 0.24335006043127017
2.340430212553194 0.6394627904354726 -0.6692716760952191
0.48004517449239614 0.7794771604986739 -0.23033067420312925
0.4679127823591216 0.7568012462296103 0.28765610024145083
0.46282702214037386 0.7147718564939023 0.7168703393619342
-0.5029481636417543 0.7950727529127253 0.3320966081302448
-0.5154554246964764 0.6886713982945905 0.7609389142673297
1.3206818991571438 0.743625363902753 -0.3892452402431683
1.3046386211773182 0.7821385748827101 0.24468925759008364
2.2290822405669104 0.5327208011983746 0.17327526375463442
0.37291634331114665 0.7722476013337527 -0.23238584235498472
0.36037790733212915 0.7645148176202206 0.2870717363040729
0.35523248515506367 0.7175121281301555 0.7157504872958942
-0.5980163697643732 0.8020181760047294 -0.1341302080471234
-0.6103108730748446 0.7812794784750343 0.3291852788608356
-0.6230311793861887 0.6898388623028362 0.7593913392703815
1.212843747235354 0.7483606743247453 -0.38958665564844175
1.1971560014326244 0.781948832437636 0.24367836281469302
2.112930303195405 0.6285489226751446 0.18182018562963442
0.265743712809261 0.7653964703259275 -0.23444577887842222
0.2528212056338788 0.7775824841326084 0.286947520224361
0.24866314123492117 0.6608188513095499 0.7099032716434284
-0.7049575612013115 0.8184309806052381 -0.13408061698267026
-0.7179172215652443 0.7579055221283157 0.3253548459689899
-0.7306076599006204 0.6913820490849538 0.7578401879947467
1.105280132830714 0.7485165609451974 -0.39050170615503355
1.090346491758197 0.7672167546446165 0.24125364586523013
1.0890732172508493 0.6597206190237781 0.6654088811557575
2.009501607372414 0.7183346516554936 -0.6607887430507855
2.0007647938468267 0.680139999132102 0.18608048721960024
0.14556213821685304 0.7760895063213864 0.28543046280553774
0.1408515446761882 0.6692903466919677 0.7091682271640583
-0.8125839939706907 0.7904771862257078 -0.13881847098657651
-0.8251465428556628 0.7647823312818725 0.3242609815280719
-0.8381769590457466 0.6932977592880984 0.7562854604404254
0.9975302137770754 0.7540111975295272 -0.3908488436062054
0.9826452127636429 0.7727542823486901 0.24070528313329653
0.9815875977080495 0.6503175144398998 0.6635136918704791
1.9020549116528471 0.7107561366949158 -0.6622488184292035
1.889331660285734 0.7271688417666597 0.18986490532567935
0.03830108347157335 0.774973681874016 0.283909829108028
0.03325260572225375 0.6631822105893166 0.7072477655093952
-0.9197756173628804 0.7927259333586267 -0.1403710527736859
-0.9324451736418595 0.7670486102468237 0.32270649239232974
-0.9462878557859895 0.6706690092601484 0.7527926282565875
0.8900218507728326 0.7549176709757477 -0.39177056983301206
0.8749970498142758 0.7786641510976091 0.24015405937841372
0.8740492571318725 0.6412798848049945 0.6616139726321979
1.7945888145405462 0.7035572202068661 -0.6637131853420453
1.7832147831120935 0.700098616721534 0.18649247452428774
-0.05608508104943155 0.7570194102508747 -0.2395550890285687
-0.06896481978189684 0.7742324877834506 0.2823853807132526
-0.07445159497111575 0.6674253220021615 0.7061121778171344
-1.026957198205828 0.7953497269196159 -0.1419269724209027
-1.040360351280043 0.7448035149262404 0.31886103913000063
-1.0539257398314774 0.6733430842658237 0.7512293176334186
0.7823689951119945 0.7611616195925945 -0.3921243830043988
0.7679107756696268 0.770025156575616 0.23818734451940493
0.7619668847168697 0.7671106326098585 0.670544178931026
1.690233024919685 0.647208699009858 -0.671309201272221
1.670672284978636 0.7727539964154433 0.19266346260717349
-0.16344657683472974 0.7715383355624601 -0.23944160178491636
-0.1762462421890092 0.7788382358647921 0.2813217954318805
-0.18218621774305177 0.696959635032659 0.706946881262569
-1.1331482861643778 0.8331290182143514 -0.13975927069971128
-1.1467234596580198 0.7826625297676637 0.3205030278842731
-1.1614099572117027 0.6813683400544219 0.7500500993411823
0.6743133100879888 0.7826795792800567 -0.3907653971035199
0.6606230588337141 0.7667420790971793 0.236687453238277
0.6546572929600956 0.7638235236360424 0.669044049231319
1.5763140808596177 0.7447668472344731 -0.6599104090053753
1.5622075174700143 0.7861881579154915 0.19310501381566958
-0.27070456879644667 0.7516452162356826 -0.24316379264184995
-0.2834990442073817 0.7788435192062533 0.2797901944797321
-0.2897413994952771 0.6919784848754569 0.7050161676090045
-1.2403479071191583 0.8315282521855165 -0.1418535394985394
-1.2550771710827888 0.7512192653494392 0.31573227211645083
-1.2690116035977042 0.6847914933975279 0.7484801129977985
0.5669586640474833 0.7847209971846736 -0.39169570639917417
0.5531911875141091 0.7688018609763576 0.23565557762792544
0.5487871716137036 0.7061065960009767 0.6631210164706989
1.4678502518113348 0.7585171672786055 -0.6589309854824261
1.4546985431383774 0.7851054725725861 0.19211128517797427
-0.39078768682458076 0.7692631772624239 0.2773254232089801
-0.3972843142037874 0.6973479572068593 0.7038715200107379
-1.3475704669924227 0.8302937932481846 -0.14395162299463315
-1.3620686586843576 0.7649379208380136 0.31507900520971255
-1.376601945930929 0.6885882625787323 0.7469067887943073
0.4600996903509582 0.7672649881648272 -0.3949181719143109
0.4457899721611014 0.7712421513689591 0.23461988732030825
0.44103380581262996 0.7135257811305493 0.6624143438022418
1.3605498520613537 0.7528375794610307 -0.660407273324223
1.3466773582988196 0.7943279726920336 0.1920700387637897
-0.484896118187379 0.8173511866439123 -0.2391116304714398
-0.49806759992382155 0.770020166426173 0.27578619286230044
-0.5048385738547125 0.6981046100377011 0.7023284749667926
2.2484773693290308 0.6243840760163728 0.12765458389928774
-1.4536575056459142 0.8592516490578745 -0.14285442069360776
-1.4697471749979911 0.7591334327220389 0.31258967682531313
-1.4845686853349847 0.6827991746195554 0.7445533589999958
0.3528296419243304 0.7650808053814542 -0.3964287920314984
0.3382171939602543 0.7840108264169441 0.23452451988866763
0.33344148024091425 0.7163442925646129 0.6613028363864704
1.2534748557998014 0.7425708430240539 -0.6625015421230511
1.2394792086227397 0.7890284507371623 0.1905911283176227
1.2263341481386618 0.7151591778763873 0.617140801398067
-0.5919972322794251 0.8184591093218261 -0.2406518144924359
-0.6050742357960317 0.7960411741580931 0.2765696363132282
-0.6123786682729104 0.6992374017136846 0.7007816152255817
2.127144685585293 0.7895838160982374 0.14317849442174868
-1.5606045498813756 0.8637377462905524 -0.14442512229272886
-1.5774888425460816 0.7537004800878355 0.3100951032321735
-1.592161740821176 0.6873488199384834 0.7429726438205524
0.24554969897541667 0.7632769753147821 -0.3979427500087933
0.23106486528224934 0.777246258472224 0.2325384931247516
0.22620044190370692 0.6996041751388118 0.6585781888644977
1.1463499996848086 0.7326721045430986 -0.6646001024563031
1.1318043529135124 0.7940399924012596 0.19006565376928286
1.1190645953207436 0.7052803384377837 0.6152446584384723
-0.699084181138744 0.8199431708448808 -0.2421953363735394
-0.7123348378710759 0.7925658523347083 0.2745588140170856
-0.7199210881922511 0.7007419625665303 0.6992314176242633
2.0232431427305713 0.7368959683465297 0.13735750481298403
-1.6850467231410988 0.7536249245660755 0.3080556707065387
-1.6999723400318203 0.6872945427301387 0.7409994916599079
0.1381997186571553 0.7668127007750609 -0.3988878412563519
0.12374349676345275 0.780807214002941 0.23149326607397036
0.1187165847842735 0.6931982692060998 0.6566536740939899
1.0385428304527835 0.7380297958218076 -0.664860455544682
1.0250176300408427 0.7795416194829619 0.18762162491491274
1.0113323041965288 0.7057197934663773 0.6141631917636676
-0.8057333101846567 0.8466430782671903 -0.24099704459497495
-0.819803912701552 0.7795103425719274 0.2716124372165485
-0.8272703635443506 0.7125938933962228 0.698470147101192
1.9119664621856458 0.7838339029891594 0.14124062821081118
-1.792623081798233 0.7539221527398805 0.30601218506505923
-1.8075478334265398 0.6925971420851553 0.7394116239230915
0.031025227183839377 0.7558224808234453 -0.4015552683193402
0.016499544489214202 0.7797700454246446 0.2299721555393024
0.010973308552749472 0.7120952451459059 0.6567399816196247
0.9298186417911793 0.7685478873636846 -0.6620514078457074
0.9171899868291788 0.7902749426314024 0.1875686959903522
0.9039963513123794 0.6965910734633667 0.6122587041538043
-0.9126236595497943 0.8538391389998683 -0.2419974489528851
-0.9270465167837045 0.7817649944409197 0.2700591401737018
-0.9349792467208218 0.7048858995133358 0.6961200551669879
1.8027153506628082 0.8063499223482724 0.14269545838048892
-1.9002150573375332 0.7545946876162972 0.303964646307735
-1.9156346667397415 0.6883169544353649 0.737041981665401
-0.07603994037747697 0.7153968977168459 -0.40766832068750425
-0.09077447982321729 0.7840847871339767 0.2289197759311481
0.822558947917031 0.7647427774422919 -0.663545815499516
0.8096241749113489 0.7964201805400997 0.1870334462802692
-1.0199589050091475 0.8415373888362536 -0.2451989336330609
-1.034283201000072 0.7843936003209082 0.2685022668521686
-1.041620930651753 0.7423975449457973 0.697336228338985
1.6965028412970113 0.7845559952778274 0.13977435394933657
-2.0081062627367743 0.7506751873359425 0.30145362183263735
-0.18345792492997504 0.7051557579426566 -0.4103467150051312
-0.19801692483842714 0.7887732225797732 0.22786453530004458
0.7152874216712704 0.7613086824535884 -0.6650440378505902
0.7029060945974805 0.7780661294494333 0.18409779831579165
-1.141792044885122 0.7774392615593699 0.26600888535192446
-1.1490097742743686 0.7454005740669558 0.6957733945529743
1.5874673364688547 0.8078368542035417 0.14122513100316958
-0.30524685049809364 0.7789013537148577 0.22538641258886294
0.6078593728914186 0.7632141695712917 -0.6659304781276898
0.5956487335844542 0.7750081733058716 0.1825959996860309
-1.2490400257942937 0.7808131745559539 0.26444438263586
-1.2570223890567789 0.7288548647607733 0.6926181630771442
1.4805933183688254 0.796725058843661 0.13926842972448306
-0.4124679489112708 0.7843384514268159 0.22432378098180727
-0.4190204128485888 0.7116848435094401 0.6506040410678668
0.5010790998424426 0.7406856295398585 -0.669898240121098
0.48826370882160575 0.7772974461882098 0.1815707997958942
0.4732228559387437 0.7036458943178658 0.6078827695529743
-1.3569788199260842 0.7646682357179069 0.2610085324924274
-1.3642807519174127 0.7375929649073028 0.6914449052493854
1.3723384086155335 0.8108325287314777 0.13974169060399966
1.389782321299144 0.2687806734299345 0.526876719443111
2.340817151824048 0.7471335148719334 0.08581617638280825
-0.5054487379900152 0.7660823958577199 -0.4080712480861859
-0.5195332473527969 0.805079338644302 0.2246795015018268
-0.5266025298459454 0.7025526657190309 0.648252280203609
0.39350801741540664 0.7482960692351295 -0.6701771898586468
0.38079350864713035 0.7849434416771812 0.1810224370639606
0.36538865781488283 0.716318826155451 0.6076023893039508
-1.4640779826781696 0.7737679598542178 0.25990322395971255
-1.4718749613600082 0.7367453637101757 0.6894729451816364
1.2649464081687896 0.8104073639677196 0.13875153824499087
1.265924513910491 0.5618989858822534 0.5504255609195514
2.2322405946609507 0.7532368303806649 0.08584979340246157
-0.6123272194209406 0.8020399889685423 -0.40559217170068784
-0.6267462390171872 0.8013077820586485 0.2226636724155231
0.2862718557969828 0.7414016310362941 -0.672306744607182
0.2734789645150286 0.787989101643543 0.17999103829076724
0.257565276314601 0.734349208264387 0.6077304200809284
-1.571549666802433 0.7733005024181585 0.25785997673681216
-1.579279999662539 0.74125482145259 0.6878950910251422
1.1575730338111327 0.8103648146531643 0.13775804802587466
1.1514796177339832 0.6962227484857113 0.5606296376865192
2.1287462904980003 0.6952423022519421 0.0794606523196979
-0.7188829395557477 0.8433300341353682 -0.40253850653955503
-0.734065553140475 0.7929388308686871 0.22016957565954165
-0.7414229663225527 0.7202925372178788 0.6463682965915485
0.17892064546394693 0.7398401159636272 -0.6738245172817425
0.16633293190491116 0.7814538689052606 0.17799428269079165
0.15034905381656216 0.7178751008352435 0.6049774007480426
-1.6792702764424732 0.7682243367152735 0.2553451375644489
-1.6871222607692076 0.7361781883595331 0.6855178193729206
1.0508591399698233 0.7957780833294272 0.13529828354528384
1.0435021569762384 0.701537081254501 0.5599754171054645
2.016773414986183 0.7467591172475672 0.0839321927707477
-0.8303115847342681 0.6019290570041136 -0.43226691916772886
-0.8412608849848766 0.794891863788413 0.2186198548953815
-0.8490747322179004 0.7122890628168888 0.6440048532169147
0.07156458662272058 0.7386532312477687 -0.6753456278164105
0.059039396201946204 0.7852428069507997 0.17695596977880435
0.04292139432760678 0.711739990638736 0.6030423955600543
-1.7862984228850038 0.7784547401195123 0.25423005386999087
-1.7945274892176641 0.7414376610597246 0.6839325742404743
0.943269291196458 0.8014545587970829 0.13478496834447817
0.9361562412811821 0.6922927703176516 0.5580635385196491
1.9090534583827221 0.7440815688196007 0.08296850487401919
-0.940517888673277 0.4950113067959663 -0.44648811057397886
-0.9485600162811352 0.792244640923891 0.2165916280429645
-0.9544487245398301 0.8092929474940735 0.6501462773959918
-0.03583046596943973 0.7428053036114175 -0.6762540026027875
-0.048186230126908924 0.7844328666431597 0.17543271347692446
-0.06464213461778456 0.7209337460614611 0.6023385839145465
-1.8943322795907207 0.7691657995594854 0.25123861595800356
-1.9019147679228254 0.7470689808351381 0.6823442296664997
0.8352022489607691 0.8224259323169587 0.13573292061498599
1.8013413594943657 0.7417873121866423 0.08200052544286685
-1.0560130043885891 0.7849962522342233 0.21408441826513247
-0.1431576157279295 0.7374098294905211 -0.6783997698147015
-0.15545099946299956 0.7939511020352681 0.17486909195592837
-2.0010421750724277 0.7851086695635221 0.2505853490512653
-2.0098437538190765 0.7431288804271672 0.6799543218295856
0.7285855182896412 0.8039857855533592 0.1327731923740192
1.6914218960409002 0.7746183240222866 0.08449295326879458
1.7318632343551528 -0.04136825050843207 0.4482019261997028
-1.163233650131538 0.7880738525701734 0.21252325340917544
-0.2626481975978763 0.7988650748872033 0.1738207654636188
0.6217087040280802 0.7908930767712894 0.13029673859289126
1.5820589768654827 0.8028846321873946 0.08648994728734927
-1.270603691829308 0.7865567636850361 0.21048334404638247
-0.3698888515534833 0.7792695164348586 0.1703589276950641
0.5146297707294494 0.7831455166587906 0.1283042745273395
0.5051831576472807 0.7038939290281307 0.5541448907535358
1.4754555142661374 0.7868287967989787 0.08402922913244204
-1.3779988572797066 0.7854142272583458 0.20843914314916567
-0.47710239239525976 0.784934518763281 0.1693034486453815
-0.49442289991763033 0.7315519052441859 0.597020180670528
0.40695984816813535 0.8006500419450298 0.12875226303747134
0.3973348740290419 0.7164501775148135 0.5538912133853717
2.2141585834702866 0.7722428771408341 0.033292801825313134
1.3645166659923191 0.8506347697747643 0.08949116036107974
1.3579661170128148 0.760670161181622 0.5139582471530719
-1.4856087052746219 0.7796702913114206 0.20591476723363833
-0.5840160732479447 0.8158564646083661 0.17065742775609927
-0.6019570646514367 0.7226883383558391 0.5946491079013629
0.29969499664301225 0.8036047426005508 0.12773135468175845
0.2894894998403643 0.7343670756256877 0.5540550069492145
2.1068812637155645 0.7639185858334914 0.03184250160863833
1.2592488440761684 0.8104895428435057 0.08454540535619692
1.2506314894212807 0.7553062379384965 0.5124781446140094
-1.5930623635972267 0.7792746749674722 0.20386293694189028
-0.6912012320965033 0.8123128905375339 0.16863086983373599
0.19268218289614936 0.7920043654956332 0.1252382116000934
0.1819965251334139 0.7377131329069702 0.5529568509738727
0.1859603083022634 -0.34296314277171014 0.9090707616489215
1.9966444640426033 0.7956560111026887 0.03441026970556216
1.1502697016663248 0.8452533943902631 0.08703234955480532
1.1448840606317319 0.7154857301916957 0.5080085115115924
-1.7003002680177062 0.7842290425115586 0.20228317543676333
-0.7985850186571142 0.7991952669584625 0.16563442513158755
-0.8169470095724307 0.7210333730170211 0.5911343412082477
0.08542092573567572 0.7957047893390117 0.12420943543127017
0.07464766402053158 0.731477127168171 0.5510156469028278
0.07449963185657538 -0.31930833985450935 0.9092486219089313
1.890139832168721 0.7781615301103013 0.03194764420202212
1.0438834045484526 0.8257271485029989 0.08406070038488345
1.0373936866292794 0.7108694299565714 0.5065188722293659
-1.8080187157230725 0.7796176077543411 0.1997464017551227
-0.9058609754998059 0.7964006420077929 0.1635992841403766
-0.9245136213244933 0.718279976741024 0.5891645269077106
-0.02180715245116005 0.7997828605158688 0.1231777982394977
-0.03277846530993145 0.7305946446831566 0.549490244833736
-0.03664080097301081 -0.315211567349726 0.9080221967380329
1.7818933857370567 0.7858630372742148 0.03199652001073794
0.9352307519259426 0.8612569833523329 0.08654478356054263
0.9296990087556267 0.7116065237579594 0.5054521875064655
-1.9155176250157595 0.780351865115243 0.19768193527868227
-1.925835626667407 0.7077523319433086 0.6246028260867877
-1.0130412302305913 0.7989594871519969 0.16204384133031802
-0.12904619120674 0.8141859859379901 0.12312320038488345
-0.14008040625041218 0.7001907299496777 0.5454368905704303
-0.14780646715120582 -0.2957672023387907 0.9078450517337604
1.6734039316065434 0.798904153123984 0.03254583641698794
1.7237990063007587 -0.18176771999349217 0.3802225904147907
0.8284468624244568 0.852419266041343 0.08455851837804751
0.8200782202558656 0.767481031128793 0.5090816335361286
0.8542657562151135 -0.3729978410440822 0.8592734651248737
-2.023037535377604 0.7814617673516553 0.19561413094213442
-2.0572790744106584 0.2959293867369128 0.5887565927188678
-1.1204863225937416 0.7919443872657812 0.15951708122899966
-0.23616973470817015 0.814033150138231 0.12159517571142153
-0.2476164965722205 0.7050449067167275 0.5443237142246051
-0.2588386507204845 -0.27094876710536386 0.908017905203609
1.5647370945397725 0.8172969721457539 0.03359702393224673
0.7224153888375255 0.8190923004402473 0.08008340164831118
0.7132563053213872 0.7490659338994501 0.5063011960666461
0.739965064426876 -0.28190493107917636 0.8645189122836872
-1.227837312521416 0.7902788038774249 0.15747025772741274
-0.34335128691484584 0.7893757511499127 0.11761000916173892
-0.35506693060955996 0.7301964878572722 0.5448923425357624
-0.3697430621732707 -0.2607059831805367 0.9071343259494586
1.457618298138037 0.8112384090425477 0.03212669655492739
1.4505348332256318 0.7353803016651428 0.4584396199863239
2.475278436026933 0.5655631781744539 -0.046683041604252296
0.6157413204799127 0.8010517025104438 0.07709267899206118
0.6058888021701492 0.7459540845670771 0.504798443762569
0.6264477291160802 -0.1953801596727356 0.8694112615268512
-1.3350403581437078 0.7939593552579076 0.15590360924413638
-0.45055898271989037 0.7899700957074396 0.11607340141942935
-0.4624326660263165 0.7407751230724404 0.5441949681918903
-0.48054217345561057 -0.24508600757873023 0.9065997914951129
1.3441577820930064 0.7098048020869374 0.4552221612613483
2.354187877958779 0.7099611406491775 -0.03227588370630308
0.5085710449190728 0.7983044941445199 0.07558944985082583
0.4991310206885089 0.7183187059441485 0.5011523084323688
0.5131757224977989 -0.0935031676573157 0.8753838853519245
-1.4424121516346347 0.7930383247419774 0.15384867951086
-0.5574825351953976 0.8207994179566214 0.11748007103612856
-0.5697755034142276 0.7467482475336356 0.5430734471957965
-0.5912854052413437 -0.23406280339432595 0.9057114438693805
1.2371421611446323 0.6945451271277934 0.45286920830419497
2.2430472635566474 0.7457688628461643 -0.02911802962610288
0.4011705656112028 0.8058771913719571 0.07507756516149477
0.391335408624748 0.7308959706297102 0.5009253339450641
0.4009436270109319 -0.006180738373234185 0.880286725012569
-1.5500182265687243 0.7875265851814328 0.15130499169042544
-0.6647074455101745 0.8121907526780578 0.11495474144628481
-0.6778683563467425 0.6933168890281163 0.5368855313937946
-0.7016846955637988 -0.2027178766468758 0.9062292890231891
1.1277750456780495 0.7294144281012951 0.45486286446264224
2.135288702083372 0.7423045467718321 -0.030057160409183936
0.2939273420221369 0.8088535066738007 0.07406523987462954
0.2835480901775256 0.7488335467665657 0.501124651877193
0.2899551302979333 0.04663641686916442 0.8826830701511188
-1.6574490980895717 0.7873646737122026 0.14924195572545962
-0.7719111090002997 0.808933477138047 0.11291673943212466
-0.7846758500964128 0.7398930391838014 0.5391323880832477
-0.8126363399878898 -0.21586140930171993 0.9035728292148395
1.028741462482408 0.7957132023737739 0.026711495367793603
1.020340048613292 0.7248622175609745 0.4533734635989948
2.0234613554170124 0.7937716806102104 -0.02536412909814878
0.18693363320427636 0.7972776053951529 0.07155469223669009
0.17618180641086667 0.747225680946765 0.4996073560397907
0.1793397838728481 0.09984365026408515 0.8850810842197223
-1.7646566466871718 0.7925441625911684 0.14766052529027895
-0.879150326444126 0.806056814589275 0.11087444588354067
-0.8922648904383053 0.7320491392534612 0.5367334203403278
-0.9221401443823538 -0.15382125174303152 0.9062044934909625
0.9217484978892045 0.7865588857079766 0.02471664711645083
0.9128853119828904 0.7206842213061924 0.4518800096195026
1.92049794468997 0.7265870142751698 -0.03297039702722593
2.011328622468696 -0.6370558189288884 0.28583124443700747
0.07975599348817042 0.7960268115206723 0.07003668114355044
0.06880907445959394 0.745988491886755 0.4980862455051227
0.06915284036539049 0.148446930872292 0.8871207551639362
-1.8723634141376735 0.7881617248674821 0.145104201285152
-1.8928329280459693 0.7253498301019183 0.5725024060886188
-0.9862945181218592 0.808522853761402 0.10932043358495669
-1.0003883555952982 0.7046589973233681 0.5326392964999958
-1.0323034014605454 -0.13627498909254143 0.9056604222934528
0.8115394484094338 0.8672555756608658 0.03181484505346255
0.8052440237186786 0.7218625581662321 0.45081880852392153
0.833156610053031 -0.2548499152333301 0.811795981375484
1.812058134916839 0.7341790441969476 -0.03289481833765073
-0.0274707320070533 0.8001264194454922 0.06901315018346743
-0.03852300722543589 0.7401487311510859 0.4961321668308063
-0.04042795865854032 0.16252956938145147 0.8866448716800495
-1.9798423978085538 0.7891271640960547 0.1430297212283893
-2.0106214058393377 0.5472634225285686 0.5555036382358356
-1.0935627844958873 0.8063885592509132 0.10727003380468325
-1.1420790068940505 -0.1083827623157152 0.9058211164157672
0.7063424911038112 0.8091328526030486 0.02475932404211001
0.6976269927153638 0.7234055891516249 0.44975403114965395
0.716505672964928 -0.07397659704803594 0.8238115625064655
1.6998669019300081 0.8017123409392921 -0.02666565612146421
-0.134750034606391 0.8244956273474129 0.06998232170751528
-0.14599707042746246 0.7595882599231052 0.49632099434545474
-0.14990776911209025 0.1769937043432881 0.8861668424289508
-1.2008545749461206 0.8046327707958856 0.10521629616430239
-1.2516668004195282 -0.08010368147867375 0.9059803800266071
0.5991997976939984 0.8060717484255475 0.023259194342402978
0.5901729397907474 0.7203572842255159 0.4482496099155231
0.6012710857882411 0.10233747403209659 0.8354738073032184
1.5914929626749696 0.8150434999612743 -0.026079146416874366
1.5895333799373503 0.7481284711551206 0.40656951233556704
-0.24183419793436656 0.8243673452722877 0.06845453545263247
-0.2533226965678992 0.754496745382335 0.4943600015323444
-0.2592849913188431 0.19184328935481965 0.8856864289920612
-1.3081730888254057 0.8032475812022843 0.1031580285709186
-1.3622751768577572 -0.08634036806280587 0.9036617593448444
0.49204813309253126 0.8033841821877825 0.021755488364009423
0.4825845774257971 0.7226579770881791 0.44717791840246157
0.48945650993792356 0.18933638102660755 0.8405428247134967
1.4843658943268352 0.8088962668591826 -0.027548758538456397
1.4821619941372575 0.7419641507117056 0.4050965623538776
-0.3489564844238373 0.8096900478095108 0.06542495056798892
-0.3606916345997746 0.7447998245654155 0.4919648484866901
-0.36856122495522925 0.20707437081903457 0.8852036313693805
-1.4153271676654313 0.8072128960457974 0.10158923432043032
-1.4725589122187515 -0.08222307884875235 0.9020467118900104
0.3847795731152175 0.8060431686301133 0.02075413033178286
0.3748142220119135 0.7352931151390214 0.44697693154027895
0.3791918978899744 0.23186208299839794 0.8423104600589557
1.374765484584529 0.7361743827267349 0.4036197976749225
-0.4681316310601531 0.7354776385831139 0.48956492706945376
-0.47775785751289845 0.21769908280729577 0.8843581990878864
-1.5226670702657046 0.8065844582885724 0.09952357575109438
-1.5830367167069141 -0.08270172706957801 0.900073798147945
0.2777220129980833 0.7991307559485277 0.01873687073400454
0.2670566210709495 0.7532950412452184 0.4472105817477985
0.2684566100663375 0.3196499616928925 0.8473871068637653
1.266855256035548 0.740708813945032 0.4030261354129596
-0.563128582919262 0.8212499842802403 0.06334927841833071
-0.5754892683174191 0.7414733143109773 0.48845175072362856
-0.5868346370155777 0.2336960183568113 0.8838708715122028
-1.6304650560722678 0.7963820507614665 0.09646633431127505
-1.693750402314656 -0.08777503793203678 0.8977420644443317
0.17054755750510253 0.797564895947037 0.01722172066381411
0.1597073485872471 0.7517428639565589 0.44569280907323794
0.15937675715787236 0.3330376203290708 0.8469512777011676
1.1589959586976022 0.7456238315751191 0.4024296121280475
-0.6702838950442782 0.8176437245251291 0.061306746451167626
-0.6825423442848546 0.7677661588772606 0.48905781075170474
-0.6960060869328757 0.2351042467517841 0.8822982625644489
-1.7381131597241222 0.791535115787207 0.09389832779577212
-1.8052473491140404 -0.1074059687814568 0.8943410234134479
0.06347321877964163 0.7864264930856528 0.01468876167943911
0.05235482727177043 0.750569270621722 0.44417146011999087
0.05018688314100217 0.3667484871171709 0.8479852990787311
1.0518309700049997 0.735989776978661 0.40049770638158755
1.0772329201587496 -0.1267091439350594 0.7684157209079547
-0.7775566361750847 0.8094353623245238 0.058759720770625634
-0.7905077354809222 0.7296822618206269 0.4840615110080524
-0.8050874659100771 0.24188386656548033 0.8810830430667682
-1.8455594772007018 0.7920309338527529 0.0918200330417438
-1.9207864250908742 -0.20135494081340255 0.8856065587680622
-0.04377704592150167 0.7905816337448828 0.013673098532466454
-0.05503979595939512 0.7547496945102932 0.44308427139928774
-0.05862512087931293 0.3808936499939035 0.8475458936374469
0.9444179275994529 0.7317010534279547 0.39900592133214907
0.9586076000141617 0.07815314316094568 0.7826214151065631
-0.8845874303424068 0.8165253788630036 0.057709963766841454
-0.8978298609034283 0.7368027386598017 0.48293784424474673
-0.9138190318078117 0.26400103633607497 0.8809497670810504
-1.9532901334797543 0.7879351328327893 0.08924320503881411
-1.9724508568766694 0.6544556159646655 0.5107946710269733
-2.0264906042025927 -0.10564924180828417 0.890364678351192
-0.151095604386299 0.8199844085562153 0.01519230171850161
-0.16234113703016817 0.7443647414946195 0.4406791047733112
-0.1673524381465228 0.4004105424622626 0.8474726991336627
0.8362763323479996 0.7476987111222062 0.3992886857669635
-0.9918130677112202 0.814037054123327 0.05565527245214419
-1.0226450792035564 0.27652410175935316 0.8800909833591266
-2.061071234769962 0.7842195287328018 0.0866620855014606
-2.079549348602022 0.670666137350957 0.5100462751071735
-2.1535849533944997 -0.38299345447760036 0.8684523420017047
-0.258183663034238 0.8049914465189856 0.01214030548742251
-0.26972134599493813 0.7393293581357057 0.43870809837987856
-0.275938691916231 0.4053482460962696 0.8462918119113727
0.7334997295927579 0.7912378919410159 -0.0363993330318646
0.7290670160159181 0.7391877154536353 0.3973453359287067
0.7290553584097523 0.384534319248405 0.80320170685461
-1.0990606294798226 0.8119311890361258 0.053596289603023095
-1.131660000456094 0.27945628876762196 0.8785057382266803
-0.3653667421371338 0.79534906865723 0.009591134039668603
-0.37707682213707727 0.7496195099859113 0.43804887100866274
-0.3844987505756947 0.41065998163964057 0.845107109991817
0.6255718097270773 0.8129397195492203 -0.03532215789148374
0.6215255345569162 0.7410084348505572 0.39628771111181216
0.6192595746407932 0.42122784877283603 0.804685385672359
-1.2063349146774769 0.8101959228103501 0.05153373047521548
-1.24066706399352 0.2827717675708943 0.8769166783969684
-0.47245212853763263 0.8109506563645557 0.009579213110713525
-0.4844349104254846 0.750315192736446 0.43650892540624575
-0.49294230478930956 0.4263252521704697 0.8446581678073688
0.5189573141885546 0.7902750910941574 -0.038887469323368506
0.5143881096154033 0.7282631770557959 0.39389112755468325
0.5096105648617808 0.46329191099401346 0.8065443353336139
-1.3134612555697416 0.813806791353409 0.04996875092199282
-1.349665346485203 0.2864637233922114 0.8753242807071491
-0.5849352599153832 0.8120655332571296 0.007962258307246728
-0.6025233983712255 0.7515172679394349 0.4348111467044635
-0.6121270270342265 0.44249759149956613 0.844050677267818
0.40606440843293967 0.8026806154649959 -0.038922278435917335
0.40136462413998686 0.7357066126969762 0.3931958989780231
0.394959027091339 0.5006471815095823 0.8079521970432086
-1.426114404499181 0.8130323391615244 0.04781964584997134
-1.46428769055278 0.28577106140384245 0.8732853250186725
-0.6814091735145311 0.8083775820554226 0.006063731161860986
-0.6938356435697202 0.7477780939722622 0.4330566243808551
-0.7040943994398319 0.45870775325166147 0.8438315705936237
0.30435665166766057 0.7957862449441055 -0.04087349608728452
0.29895892019693093 0.7536953682589971 0.39354089066198306
0.29139965138524104 0.5386084775038817 0.8095124082248493
-1.527874291829015 0.8171845305220282 0.04632595345190005
-1.568027977296154 0.28502869965737876 0.8714025334995075
-0.7939875702832282 0.8052862633327296 0.003929884878902001
-0.8067407268120945 0.7397221387734065 0.4305489377658649
-0.8179832738726276 0.4556433380844327 0.8418178872745319
0.1970201630967594 0.8040765475295641 -0.04135486319849058
0.19161112962211035 0.7520376920646763 0.392024310080318
0.1827029025685789 0.5768356873974474 0.8109965638797565
-1.6358585458865278 0.8020370455482135 0.04274085327794985
-1.6767874684191781 0.2948462225678492 0.8701622800510211
-0.9010282741025506 0.8124336592668628 0.0028882341068072748
-0.9141286393343435 0.7419224034839571 0.4289939717929645
-0.9261694502887963 0.46783296972614963 0.8409889058749958
0.08986901495460842 0.8027957112656461 -0.04287215903589292
0.08420222339066896 0.7557325246054294 0.3909502343814655
0.07450635156090613 0.5955084291438029 0.810974152533321
-1.7434878827822828 0.7972092022132289 0.04015568062475161
-1.7862237984975593 0.29010079262328325 0.867828638998775
-1.0083893548290774 0.8050349028332846 0.0003145055454059076
-1.021509370487287 0.7444951916155338 0.4274356679599567
-1.0345201026338557 0.4704328932682893 0.8394162969272418
-0.01712298582016558 0.7819953413013137 -0.04646131232568784
-0.023133389279671235 0.7548281406200985 0.3894265012424274
-0.03332658382217346 0.5846419978540398 0.8086879567783161
-1.8504045724241749 0.8076650385457969 0.039074452368526025
-1.8647495366304199 0.7580023079689528 0.4674883203189655
-1.1156683629976314 0.8029877698333445 -0.0017540140468792487
-1.142723395831247 0.4783911505432137 0.8382113294284625
-0.1244746500606837 0.8063312561420402 -0.0454015417415814
-0.13047006594763388 0.7542940952216526 0.3878989534061237
-0.141465521546138 0.628996359383466 0.8105466680209918
-1.9586237854999524 0.7936606939183983 0.03547457024267153
-1.9775680860089224 0.6644230063576018 0.4572241620700641
-1.2226669092916822 0.8112581981159082 -0.0028059168178753424
-1.2508744963140757 0.48672856363995187 0.8370030240695758
-0.2315835441624472 0.7813030759161181 -0.049516646416874366
-0.23781445230374487 0.7541321571729664 0.38636782929113345
-1.3299597371600882 0.8099592334125125 -0.004882065804691749
-1.3442808108907371 0.7345570610062273 0.42097547814062075
-1.3593316612639583 0.4854811075355636 0.8350489453952594
-0.34517532734486167 0.7443914865143224 0.3839383439700885
-1.4370830839751463 0.8140050507863359 -0.006451336892338233
-1.4497739034378156 0.7883979823799487 0.42381361290624575
-1.468001323924213 0.4796240065440065 0.832719119040279
-0.44596275046036027 0.7970314426348128 -0.051033226998539405
-0.45246121674696127 0.7599205320442728 0.38374164864232974
-0.4646518759962035 0.659614181576778 0.808190138785152
-1.5441951267374279 0.8184244839982604 -0.00802394584009214
-1.5576122724868071 0.7779183804109406 0.42091491982152895
-1.5752609945050366 0.5090176772664217 0.8329878167789264
-0.5529969852444623 0.8129095484382365 -0.05101868346521421
-0.5596398100610784 0.7758239210770386 0.38354328438451724
-1.6521832299141508 0.8033448086211781 -0.011644331963749366
-1.6664408755838025 0.7479076515849794 0.41624477669408755
-1.6839210022678444 0.5039167296637981 0.8306513147037311
-0.6601783861618955 0.8092751974327417 -0.05307981208154722
-0.6669675985459591 0.7721825481789413 0.3815508203189655
-0.6801476748304083 0.6519923154185499 0.8043346719425006
-1.7605310505112044 0.7836782485792284 -0.015782086404056983
-1.7747629390209099 0.7332124667377826 0.4128933267276569
-1.7936010261935778 0.47928382306169404 0.8268206433933063
-0.7671508215835914 0.8209304858297601 -0.05358883574792905
-0.774566721097429 0.7539797803930606 0.378209145514278
-0.7875216085938135 0.6736715101817383 0.8042946176212116
-1.867743785789905 0.7892269836280077 -0.01736709311792417
-1.8821697520160683 0.7387909591620012 0.4113049821536823
-1.9000782517760229 0.5197581240303366 0.8278272466342731
-0.874335273826901 0.8180436267749984 -0.05565711692163511
-0.8819021710208403 0.7560686414618791 0.3766560868900104
-0.8951553736358235 0.6757872161271363 0.8027370290439411
-1.9732869508180784 0.82495070686742 -0.015884606393070655
-1.992329055674304 0.6950164567269344 0.40528944298437075
-2.013817679506019 0.4261907153094704 0.8187668637912555
-0.9815461113263595 0.8155327507686527 -0.05772968962976499
-0.989116259400916 0.763510712351037 0.37554815575292544
-1.0027778346250642 0.6782765379106355 0.801175864187984
-1.0887849337583901 0.8133939042137035 -0.0598060770351605
-1.0962851389298507 0.7713283236378929 0.37443688675573306
-1.1103889915615142 0.6811394755322286 0.7996113614719196
-2.20474862884074 0.5599238386587917 -0.04776403144189878
-1.1960488799430564 0.8116296101172011 -0.06188651755640073
-1.2047645284073312 0.7347213104626906 0.36928013130834536
-1.21860524408973 0.6644497990278282 0.7965240792911334
-1.3034973883844359 0.8052701328299836 -0.0644907636959271
-1.3131718396264915 0.7084490009102105 0.3650141076724811
-1.326440054762358 0.6630848750689227 0.7945714311282916
-1.4104546775843545 0.8141974319253418 -0.06553956702539487
-1.420480700657194 0.7173943276472237 0.36388996407201724
-1.4337283604439222 0.6770478498494663 0.7937555627506061
-1.516956349746124 0.8334339937773647 -0.06555005744287534
-1.5277389686497642 0.7267148566090365 0.36276319786718325
-1.543594750750941 0.6266197881473188 0.7879908399265094
-1.6253105526898466 0.8083299749033817 -0.07024833396265073
-1.6349453821006676 0.736409157205669 0.36163309380224185
-1.6511646747220539 0.636357190659318 0.7867858724277301
-1.7314939738907995 0.8332790033552016 -0.06974407866785093
-1.742101202513446 0.7464786600270967 0.3605006055515094
-1.759160129792697 0.6365010112130793 0.784816058127193
-1.839290550166865 0.8238305643828907 -0.07288929656335874
-1.8502225208734302 0.7370235904939939 0.35756161972692446
-1.8712832824153622 0.5573713342554356 0.7767427282016559
-1.9562497106928873 0.7677303970345823 0.3582265691440387
-1.9787620640887695 0.5732287125539637 0.7759054021518512
-2.4645304195254454 0.7388950605440732 -0.6891677065212445
-2.3375506666684416 0.7542278499663038 0.030088217703609033
-2.5516829841543753 0.5440154774226951 -0.6796190424282269
-2.365338665821973 0.5658588957451274 0.03374126717260317
-2.4829914099165933 0.3676219900748112 0.04397037789037661
-1.1492549000465146 0.5097974553104265 0.7000074700992389
-2.482430689306902 0.18338332883878117 0.04543164536169009
-1.3516341376204366 0.2985360769632672 0.7133121804874225
-2.4825222874655424 -0.0007846313611370448 0.046892912833003564
-1.4704609378928524 0.09774317174150049 0.721590550390987
-2.468378000763984 -0.18334941931201154 0.04725840851476626
-1.5453599099450557 -0.09755333747034278 0.727208168951778
-2.502574504867937 -0.3706915378849196 -0.6752788706142621
-2.3854021027928027 -0.3590252127653679 0.042509110419063134
-1.5266023015937904 -0.28287545888749666 0.727208168951778
-2.509554016934729 -0.5550539078435337 -0.6731087847072796
-2.3725173281951086 -0.5418919752178919 0.04287436768224673
-1.5084851910889938 -0.46826140604492306 0.727208168951778
-2.5171844038901483 -0.7393010726801341 -0.670938221963139
-2.3503345341454036 -0.7238656996956445 0.042509110419063134
-1.1679661850719896 -0.623881878353302 0.7079902009647174
-2.4508287113059666 0.8041563637392697 -0.05428907111475034
-2.6285961620453335 0.736417305829085 -0.7762119455654339
-0.04235653013007834 -0.7120352485133123 0.6420576886813922
-1.952057038065135 0.6691585580991726 0.6533160524051471
-2.5079987892785454 0.566502919604007 -0.7850839777309613
-2.4175516373375814 0.4386067102340432 -0.05354091361352964
-2.089281946725933 0.46704147143304287 0.6630559281986041
-2.4662873036063075 0.24859803103181033 -0.04830452636072202
-2.242151102406396 0.2643069705877572 0.6737089471500202
-2.4562276957906306 0.0654168192996547 -0.04755660727808042
-2.356104135144939 0.0669903987999314 0.681927235571651
-2.4367419149568548 0.02144817950444544 -0.7859713716823773
-2.451770769419163 -0.11828006726824647 -0.04643460944482847
-2.3119459023221083 -0.11292301644461755 0.6804051713626666
-2.447289056712023 -0.16384011747928184 -0.7833096666652875
-2.4330778935788473 -0.30043729941391994 -0.04643460944482847
-2.3478550260596194 -0.3010683823578031 0.6837532834689899
-2.4386676385598776 -0.3470053232472248 -0.7824227495510296
-2.4050974284875934 -0.48169543305203 -0.04718252852747007
-2.314899165727965 -0.4821376599204248 0.68284037872961
-2.4108578677758814 -0.5282486817554322 -0.7833096666652875
-2.4273921477904707 -0.6677404824907667 -0.04419013694116636
-2.0788395210422053 -0.6443121102539484 0.6694476918857379
-2.3539288758210546 -0.7068642012432615 -0.7868582887966351
-2.2168983357663095 0.7480822918828194 -0.9055530710537152
-2.435212487144696 0.5739827183205541 -0.14557811454126401
-2.3781757330046176 0.543711026812888 -0.8888179941494183
-2.47353740075679 0.38498367518565946 -0.14098569587060972
-2.4729099762571565 0.2007097431699263 -0.13945457175561948
-2.4608035485924233 0.19282905727790656 0.5955593900363727
-2.467976197874428 0.01703155506950349 -0.13830634787866636
-2.4261415470712606 0.012287757173257141 0.5946202592532916
-2.4488139478558963 -0.16507542773091632 -0.13830634787866636
-2.372247625452701 -0.16636956735676733 0.5924287156741901
-2.4402029599048376 -0.3482345729660645 -0.13754102423975034
-2.318961299951212 -0.3453414337847365 0.5902371720950885
-2.0287451541101973 -0.5295552874348228 -0.91007634833643
-1.9172800756243404 -0.704501515564461 -0.9186694307644085
-1.7964752225329548 -0.8792884123194149 -0.9281675501186566
-2.5266361932335855 0.5713735225360415 -0.22142478659936948
-2.480772480437331 0.39230028969652864 -0.22337743476221128
-2.485071423467197 0.20749928576418863 -0.22142478659936948
-2.4850673677635413 0.023326669042000425 -0.21986219123193784
-2.460918665436637 -0.15820025869389553 -0.2202531977016644
-2.4274871728880782 -0.3388399487132734 -0.22142478659936948
-2.454221900838739 -0.5253926173569745 -0.21790954306909605
-2.1321920714983094 -0.6791828899376711 0.4882595853488727
-2.420586076315388 0.4534851957867261 -0.3300668878872113
-2.4197111235612 0.2689997701500504 -0.3284666223842816
-2.4293951576923405 0.08351131610736306 -0.32606574729272886
-2.4427974609720806 -0.1205774583888557 -0.3232648058254437
-2.4259511903508937 -0.2845429596243845 -0.3232648058254437
-2.44255686081236 -0.4701818133095008 -0.32046386435815855
-2.4548676867191475 -0.6551714972806764 -0.318063466103764
-2.452938622849814 -0.8386663690884193 -0.31686326697656675
-2.2306472836571913 -0.8185293769535873 0.4032516793887897
-2.4464226180946937 0.8188621161366294 -0.4237625284511761
-2.433262775206707 -0.28636211722085836 -0.4147684259731488
-2.4498734004941767 -0.4719722812081537 -0.4119064493496136
-2.301321358668659 -0.7707564837807563 0.31556752487829165
-2.4820283441388113 -0.6588034354460346 -0.40781804755518003
-2.3643810624056485 0.6149921910759408 -0.5208718462307171
-1.537158390694401 -0.7567859757787057 -0.48426791861841245
-2.393390597375081 -0.31103408702028634 -0.5100161714870648
-2.449759038337845 -0.5006174170893818 -0.503753392251225
-2.3679114561042596 -0.6767439664015997 -0.5091812296230511
-2.224762215168198 -0.8017056971300232 0.2183609323184772
-2.4107187644742893 -0.8645587705522164 -0.5041706247646527
-2.399521684925709 0.8409488702476979 -0.6126529856044964
-2.3163964430087987 0.8418833256446421 0.12017420097997622
-1.491183867577746 -0.9686703543781867 -0.5801598711330609
-2.4676840421149535 0.6386184067322249 0.13265565201452212
-2.416622347200189 0.4599430234815651 0.1305160836856647
-2.4590798408516648 0.2798062789344984 -0.6019975824672894
-2.4306057779304595 0.27377595578293956 0.13301232620885806
-2.5182397184045158 0.08906853983585972 -0.5951783342678265
-2.41550146823905 0.09100492366085877 0.133369000403194
-2.4988201445669986 -0.09285730700649175 -0.5951783342678265
-2.4308037246381815 -0.09492390449807697 0.13586524292638735
-2.4750869479689612 -0.2743513806519191 -0.5956041498501019
-2.397143846793263 -0.2756495609731182 0.13479545876195864
-2.4519801256938294 -0.4559425996782682 -0.5960309191066937
-2.428635627237213 -0.4628520985760307 0.1383617238681598
-2.553495083337296 -0.6493403698600764 -0.5858018083889203
-2.361493991837584 -0.640406349700223 0.13479545876195864
-1.9611443313968024 -0.7788035323987428 -0.6352426691372113
