0.03223406050402389 -0.8562304003280943 -0.2107454962285562
1.288472326998857 -0.7951693802098347 -0.19692604012809234
1.7359348521055225 -0.5769147412043907 -0.19478146500907378
1.9342731476995283 -0.30947743613965883 -0.19625727601371246
1.9427123047410575 -0.0027008594957322885 -0.20052353806815582
1.6321836398342597 -0.8961382441912704 -0.3427168554814859
1.746259540003777 -0.6107599753819173 -0.34531108804069
2.1157999913407863 -0.3790027661229445 -0.34373418755851226
2.1044239860154548 -0.06873741091389007 -0.3484100527318521
1.8809597960524584 -0.5621883931852096 -0.495135945752482
-0.14391777820290486 -0.1297721956334641 0.7040553861109213
1.9619010764287879 -0.27075861080031416 -0.4982532686742349
-0.14469041849115882 0.18618838563656936 0.7002490334955649
2.0389525754045295 0.02136791404927152 -0.5014633364232584
-0.07247245681429604 -0.08211880408590133 0.56462224058785
-0.0730798621938149 0.23363145685654274 0.5607145600763754
2.1533255673541447 0.042346724637830846 -0.6507400698216959
-0.25548945340725737 -0.6145345630069627 0.2461273246256308
-1.2771160714659828 -0.09114630078075692 0.23262198500313325
-0.47481955660855846 0.06226558536302207 0.23585637144722504
0.6107342998894154 -0.7261559656045833 0.10023339323677583
-0.2788400542271674 -0.2320792983299782 0.08627791933693452
-1.1219723997199225 0.25924338189944507 0.07272584967293305
0.3168150808107413 0.27453873613153235 0.08435924582161469
2.1495499758235965 0.39221613067399375 -0.21808878846488433
1.9783457034317564 0.5567510117773367 -0.21933834023795562
1.9125562922436927 0.7986288822636496 -0.21652690835319
-0.026675604810890263 -0.006108110785511656 0.683505731150289
-0.020603537236965508 0.2943120479980621 0.6866157823053793
2.15356425959974 0.30908593135686857 -0.33666698403678375
2.0504756689093213 0.5239956166448607 -0.3351828283818765
1.9683787762755003 0.7538858372924011 -0.332873982861857
0.08541478298309357 0.14986455944351462 0.5665220790354208
-0.03813736137553292 0.3569068210669357 0.5669025950876669
2.141898832333787 0.650755397319152 -0.44707862801871734
2.0320388112374914 0.8596495666875086 -0.4458631701024576
0.4287984532394731 0.6618216577678737 0.45837410025276704
-0.20167149693705255 -0.30697263568301736 0.31497784189858
-0.28610983072317 -0.3218226760205667 0.19207544855751557
-0.37883904356766607 -0.09015573056885984 0.1935307555643515
1.0480188748221337 -0.017702619383413776 0.10361238054909272
0.9843406379885522 0.23028509098536176 0.10608263544716401
1.2774697654392853 -0.11310493259467336 -0.011820477918009331
1.3180787756067645 0.21117511750970408 -0.005577129796366265
1.3360359492630494 0.5170261982501287 -0.00016645856223540534
2.067050693624637 -0.11351501003014164 -0.11191777654014068
1.994436864428458 0.12571834357792966 -0.10941104359946685
1.8906742622615695 0.34120791793952066 -0.10808400578818755
1.7797046609571368 0.551026581766159 -0.10705165334067779
