-2.104199352965125 0.5255146619196509 -0.01789203329146183
-2.0919785253309726 0.5405619713388603 -0.13432517690718448
-2.215099822038738 0.4396225727859502 -0.23064342184126652
-2.1871447187684794 0.5463938767957188 -0.35346522970259464
-1.9831308470043325 0.44386515248335456 -0.4846374098783759
-1.855748247094283 0.726195845292466 -0.6285258833891181
-1.3046942184368362 0.6644061860554302 -0.8020316664701728
-1.4779187010063026 0.12608804486634284 -0.23870483083784855
-1.420674826829753 -0.2577897742846673 -0.2556325499540595
0.9251072532908893 0.6892748646575839 0.6011084015840265
0.3052041391753022 0.5584512395215455 0.642059653567669
0.07636382702891353 0.28120267631855 0.6508625443452569
-0.0045904475171028025 -0.052657272148650236 0.6474178727143975
-0.04037419249566199 -0.4045859718288085 0.6401465828889581
-0.39424984279254716 0.4792063470076826 0.5367549355500909
-0.4791654687502529 0.14880676846623686 0.5336302216523858
-0.5049573858278933 -0.2051004885344696 0.5254281456941339
-1.0613478630669562 0.8233676811562276 0.24014410333573544
-1.077731731466244 0.432001859833818 0.060465663241741296
-1.0498935238509546 -0.6665421869526114 0.024558871554729578
-1.061093366229187 0.5146388818426146 -0.10774150533736027
-1.0949020900827406 0.16655060740470873 -0.11583820028364933
