-0.02797951763227502 -0.10571650595974269 0.6341474056099576
-0.13309559357351475 0.46254029802029706 0.6888158321236295
-0.2724510699646814 0.584612342989109 0.6983778476570768
-0.43820313543438516 0.5551054919794183 0.692310094818942
-0.5972265119202049 0.5804671046256829 0.6917793750618619
-0.7594196594109519 0.581733599501554 0.6887404918526334
-0.9250166705724965 0.5589216985366701 0.6831915378426237
-1.0824236742300357 0.480288411200295 0.6722133159493131
0.19314969951157934 0.6282585028939867 0.6303350925301237
0.03317104042485397 0.6415497123101304 0.62876772879111
-0.12971513000152868 0.6307030750352087 0.6246507167671842
-1.6415636722294948 0.07407604795053047 0.6203033923958463
-0.2982964643475796 0.641172238759717 0.6225330829476041
-0.459539242089825 0.6463054564779789 0.6199610233162565
-0.6227172101271492 0.6372192340941467 0.6158616542671842
-0.782751435547894 0.6533727322026301 0.6143252849434537
-2.2026379748269846 0.702750414557638 0.018555879578463497
-0.946114132572319 0.645443319275385 0.6102368831490201
0.3994020041821571 0.6739500817219604 0.5578300952767057
-1.106845850726792 0.6578014212632581 0.6082017421578092
0.2363074159166203 0.6568710696614701 0.5531299114082975
-1.2718150475602599 0.6411859687023433 0.603100061402194
-1.436975589090963 0.6251656576726763 0.598003625855319
-1.6045644969031585 0.5949932738557422 0.5913746356819791
-1.7633231572975063 0.6244139977751999 0.5908997058724088
-0.4110540490390946 0.6486359236451538 0.5400993823860807
-1.9437211360854505 0.5168521035168769 0.5760810375069303
-2.2276887107971817 0.7516883639212111 -0.05807518960488611
0.4524574831400301 0.7218204682780964 0.4829542636727018
0.28793436900691916 0.6897323451930291 0.47660708425986
-1.3796795268552273 0.68554741898385 0.5241129398201627
-1.5440405339155987 0.6748458558321904 0.5194723605965299
-0.22989247419355507 0.40947470987711654 0.4375021457527799
-1.7078150084305292 0.6696514421851667 0.5153582095955533
-0.3717319046344798 0.5771983926904163 0.4523212909554166
-1.8763346804841845 0.6355787345842252 0.5081231593941373
-0.5131037877233808 0.7404110723761423 0.46662402151571936
-2.162128577141928 0.7555903632026499 -0.13753437997353846
-1.671762765234945 -0.5087701345713196 0.3117573261116666
-1.8194183166303617 -0.3808127525974747 0.32186579702841467
-1.809956500754602 0.7496071212679762 0.4400651454781217
-1.9720747321239855 0.7551926997382044 0.4369699954842252
-2.2834490285442683 0.7654989695665027 -0.22106432916177088
-1.4980655936247018 0.7156659203448239 0.3622024059151334
-1.65717580489801 0.7398032181852887 0.36121392248617834
-1.824632655781059 0.7104822351359719 0.3543093204353971
-2.135161130458478 0.7258423642710401 -0.3036162853385287
-1.8467540470167592 0.7280636989888034 0.27431654928671545
-2.0097545358534674 0.7288894412646858 0.27060532568442053
-2.318498493732875 0.7564945963974719 -0.3864099979544955
-1.7964937341676759 0.7394592285444954 0.19535279272543615
-2.0023831416320945 0.4702551634723129 0.16102147100912756
-2.11018865245979 0.783660754312443 -0.46744036675942713
-2.2102376209956773 0.20194432603974555 0.12668395040976232
-0.6601555419184493 -0.6776575425716524 0.6142489909981412
-0.20889011457306594 -0.6016151028582355 0.6683919429634733
-0.289930286587861 -0.43336581779976857 0.6547005176399869
-0.27270618560740445 -0.2822792960952114 0.6534559726570768
-0.20617111839471391 -0.14029626339299828 0.6584351062630338
-0.1781627243281818 0.008709507248802595 0.6584351062630338
-0.15450664466384012 0.15856637349340197 0.6578123569344205
-1.4725145451356951 -0.9078273921742683 0.12349390982138342
-0.03297230895228864 0.28916909866259033 0.6696369647835416
-0.8899646105061549 -0.8474083277088074 0.1993730068062467
-0.013194992258711125 0.43952713420044276 0.6683919429634733
-0.1707537599915625 -0.814293458849213 0.2938892841194791
0.6750833853429583 -0.8082101380397768 0.40571141241537756
-0.2043794822695233 -0.34755527379948337 0.2785799503182096
-0.06743503858933053 0.08888321019489354 0.2859017848824186
-0.014308746229708902 0.23264344246384816 0.2892301082466764
-1.4756571874913078 -0.78798707541028 -0.43442463876260096
-0.11135768872753005 0.40618181102233386 0.27192425726401037
-0.05986853680581561 -0.8703243569601282 -0.22748637200845057
-0.14457158621623734 0.5676769411470222 0.26327157019125647
0.8234941512052387 -0.8704282764435742 -0.09969305993569666
1.535819123303888 -0.846460159284045 0.0026872157906217
1.799900111533077 -0.7465635918499389 0.03826594351278967
1.8793000273371234 -0.6144021529688155 0.04625296591269201
1.963980223796753 -0.48361487118432755 0.05496573446737951
2.0150771769689015 -0.34682510914178444 0.05859684942709631
2.047208750515381 -0.20651209808334503 0.05932307241903967
2.079818859585842 -0.06633043108369563 0.060048818573824825
2.0741287442561784 0.08156434323509743 0.05496573446737951
1.976914905426085 0.24853670717574694 0.036087751374117794
1.7989436283008544 -1.0383094715340926 -0.6108043193961459
2.061932487163787 -0.938397488274048 -0.5714647770072299
2.1065680248195733 -0.8008019092636269 -0.5682532787467318
2.2293270095977817 -0.677725282022581 -0.552196741118558
2.2602945617442316 -0.538123503159893 -0.5513937473441439
2.267510714949367 -0.39401196492505 -0.554605245604642
2.2413377139325945 -0.24325157698103617 -0.563436746611722
