0.5261368469520988 -0.8860071003143766 0.3067337426361849
0.5837256632816974 -0.8275583994831557 0.31815256206367515
0.6559620852024466 -0.771639020739471 0.3328586968598177
0.6753173523995315 -0.7080866999796385 0.3354822549042513
0.7093544831151917 -0.6468917286604245 0.3413955125031283
0.7387684598332669 -0.5851334351730344 0.3462063225922396
1.9966955917990816 -0.538272369777232 -0.18257509143974282
2.0499639513198957 -0.4855515907834196 -0.17043434055473305
2.1033945859273757 -0.43316649205776514 -0.15829883487846352
2.1474815927095534 -0.37936340131857804 -0.14878307254936196
0.2690267311363925 -0.4539989111056286 0.5585175904450228
0.3426246573478693 -0.1285138084862929 0.5685697945771029
0.33662936813163924 0.17060112834979435 0.573596135061722
0.3174633962027542 0.4649936616941268 0.5777355584320834
0.2994113443755708 0.7592223012065098 0.5818745049652865
0.5817984965994469 -0.9844112876164104 0.27823843089912437
0.7005451626151853 -0.6433055252810931 0.29201425639961265
0.021989284048046898 -0.08702400827781531 0.6956797990021517
-0.026679157359168926 0.1996264216203194 0.6979752930817416
-0.22210028741595522 0.4404689997911504 0.6913758668122103
-1.0038629446619325 0.5025287740803677 0.6494809540924837
