-1.510079352857467 0.234514650544547 0.3408473187382324
0.31513586345858613 0.6032341092151015 0.06988031205488276
-1.8128399385651761 0.3760107647598261 -0.05863111677812505
-2.0245541697884804 -0.027261803165835374 -0.052275354296435594
-1.6979139770308223 0.8895844859650666 -0.2667800730769532
-1.9577404727909027 0.48760213485390125 -0.2575237101619141
-2.070327370922186 0.07984938704276345 -0.46314161482500005
-1.8469377143272467 0.8562680686873776 -0.6744181460444825
-2.0021356068550844 0.4495232603828683 -0.6701480692927735
0.45903391580031894 0.5789899809238364 -0.44092767897294927
-0.08696687223078925 0.6064061130815119 -0.3914944476191895
-0.057330667181119566 0.28998923221740824 0.5995000058109863
-0.5859463373437279 0.31250415276790733 0.6403001004154785
-1.6677499669951814 0.6786227608826039 -0.2492501086299317
-1.0063427526479742 0.27507788320981774 0.6702488118107421
-1.9019400637463306 0.5365656858334589 -0.23613517943071294
-1.9784254753885548 0.30122730066297265 -0.2416836566035645
-2.1069582648237812 0.09681589710289273 -0.2411796397273438
-1.3731253430020516 -0.3598658604813494 0.6693804913456542
-2.1086636885949943 -0.1846203488822198 -0.25580709639238286
-1.35073941404832 -0.6595091285257624 0.6541894131596191
0.5928838852797327 0.5157767061751528 0.42235595521284175
-2.1328205286034034 -0.45349301409056153 -0.267913515002002
0.02424408879730322 0.5555080326913071 -0.5285631960933106
-2.0946440894687726 -0.7618230751740214 -0.2875854319636719
-1.6555744767764082 0.6842386103240585 -0.3720690554683106
-1.1462528226207596 0.38452660879201517 0.5505574398930175
-1.8683476180730239 0.5294204020901816 -0.3612944430415528
-1.4886920729395072 0.3042231299175526 0.5731809788639648
-2.01316354230633 0.33481580789811716 -0.35872858229326177
-1.608686151143452 0.09298275746638751 0.5727375203068359
-2.069168106643204 0.0868910271585932 -0.36693828764604497
-1.7294171390467667 -0.11785884030507532 0.5722935849125488
-2.126178360803472 -0.16107475849987907 -0.37514751616166997
-1.6976670688865525 -0.4213591555948 0.555880373090039
0.48453396284160277 0.5190913862492081 0.30572110947919917
-2.107839797388621 -0.4558321439247237 -0.3925930804316895
-1.6588143290474946 -0.7307237746320183 0.5385797673161132
0.1149904214998827 0.44506560284638397 0.3315013104374511
-2.1077733130396155 -0.7406986519757837 -0.4079853838984864
-1.6400177844225254 0.6177161395172206 -0.49910991850541997
-1.9940422302060483 0.5467054817483046 -0.4709336108271973
-1.698886452151676 0.3713503759798371 0.4703562909062011
-2.0790702998715247 0.31679632662142865 -0.4756295031611817
-1.7217269461566147 -0.18049977250557703 0.4463847332890136
1.1581401635760002 0.5083941543995891 0.12578517731977534
-1.7072989506933425 -0.4737708325432308 0.4314587765629394
0.6321864079988302 0.5195595201846288 0.1686571293766601
-1.9494089243891395 -0.6110977771035806 -0.5377208537166016
-1.6856998947285078 -0.772792020962477 0.41562825974775386
0.10709598616986682 0.5339602019234135 0.21152812775922847
-2.1276278754536264 -0.7868007552293008 -0.5314595049922364
-0.399909729114043 0.5416252299221611 0.25255615052534175
-0.8889071605854824 0.5423663787906321 0.29173976716352534
-1.6847319246445593 0.44615415774057965 0.35074598130537105
-1.8127719815254437 0.24070526230048728 0.35120660600019526
-1.9415356275508628 0.03572812663963987 0.3516681843693359
-1.951813379781008 -0.24112314053220985 0.3392213040287597
1.0350405515789873 0.3754027933390134 0.0034149342472655775
-1.9420720536260845 -0.5313304288142078 0.32446939286542964
0.5179021989305994 0.3829922016013896 0.04615527924848628
-0.0027281071403066903 0.39624440159755636 0.08936530885053706
-0.4751958685454696 0.38517137829180825 0.1274092846806152
-0.9984946660075593 0.40717150105106015 0.17108852204633784
-1.4994807930027676 0.41973146283934426 0.21242029008222651
-1.8285927877434744 0.33340953377771143 0.23496419724775386
-1.9655539933300616 0.133600906930603 0.2363732510502441
-2.086158510577576 -0.07599769736722095 0.23590404328657222
0.9851478437181314 0.6753211483570567 -0.10447900953935552
-2.1097704222692926 -0.3448287550074056 0.22463161286665034
0.49433253163551427 0.6669933180377186 -0.06381815138505864
-2.13029619211369 -0.616541629720416 0.2128894978458984
-0.043277560579312535 0.6888746181528944 -0.017895395189990282
-2.0716136677472434 -0.9383849340103438 0.19222385224653316
-1.0598242790376773 0.7100407858698006 0.06773120698286128
-1.5089158737050496 0.6912973152671995 0.10408622559858394
-1.807458074863078 0.5865631013159245 0.12369901475263667
-1.8751621720745604 0.34585336436926184 0.11748010453535151
-1.9864828996506105 0.13082350266324738 0.11604530152631831
0.7936058949535791 0.45267275610236624 -0.22487657728837895
-1.9155402799741594 -0.1947335735595246 0.0940411740238769
0.3288336906342124 0.43159466998172746 -0.1864001101558106
-2.011805304341536 -0.42008388890914006 0.09069234666181636
-0.19565553262572877 0.4482089752231744 -0.14110439482377934
-1.7124063130557161 0.4869395156269931 -0.011063272387255907
-1.9257607375712666 0.33259605506719225 -0.0008355921809570788
-2.0286111895744128 0.11261104537909716 -0.003270799547900438
-1.932290212619705 -0.2283690023090159 -0.028597051531543016
-2.054161873039021 -0.43810454824853906 -0.02908437910722661
0.4990719444695202 0.7046595945596152 -0.31287496748613286
-2.1725470825074638 -0.6500252078559683 -0.03005808058427739
-0.03407488409613535 0.7237546131029688 -0.265779668719043
-1.5937427533738244 0.7806321579265258 -0.1284629649226563
-1.8320029462369476 0.6406424630717638 -0.11507766905473638
-1.920898519134056 0.4127887850763656 -0.11904400053666997
-2.010652946386813 0.18512455575914544 -0.12300985518144536
-2.0118850634175303 -0.09642763210828065 -0.13738554182695317
-2.0228536242157986 -0.37322509536448933 -0.1507703608577149
-1.9756915814404508 -0.6868548309080182 -0.1710955447261231
