2.0698636525168936 0.04223220815172901 0.007177567207776292
2.1112459935701686 0.10965827975391207 0.006005501472913011
2.160800316965311 0.17132489950963503 0.007177567207776292
2.147300817740593 0.27804624746823947 -0.010407710349596755
2.1619313932133117 0.3651292910171975 -0.019785666739977614
2.0314662704618023 0.657091063614871 -0.08660771874193074
1.926333813655205 0.8342618371207031 -0.13232829598192097
-1.511480381035149 -0.5322802959064941 0.19302484961744426
-1.1909976448554112 -0.6115580603882531 0.25915310355421184
-0.9649501256774293 -0.6396543528817737 0.30289909812208293
-0.8073080838248536 -0.630202476134281 0.33036777945753215
-0.8193723035603995 -0.5236698018038641 0.3171422240376103
-0.8309544526786077 -0.4169025406387199 0.3039166686176884
-0.8378284166041432 -0.31238650625887665 0.2917082068562138
0.6059035573666911 -0.10315388492729483 0.524682259285413
0.6137441795120182 -0.009524342724290591 0.5155265090107548
0.6301998292945044 0.0788707380371747 0.5084044692158329
0.6306573235960258 0.17803635365197756 0.497214054787122
0.6601563106979746 0.258476910811007 0.4931447264790165
0.6410648165951791 0.3714160450684112 0.47686693640943645
0.6794471073887536 0.4464778554919313 0.4748322722553837
0.5842449746567198 0.6118691943158936 0.43922493430372356
