1.8049469142587782 -0.6445815658764209 -0.013581953397680202
2.0066292140994335 -0.3242125489484682 0.02152136767775925
1.926742494542843 -0.23234823678262995 0.018921651491235814
1.9211485918489188 -0.08141422792381015 0.026152410158228
1.8928563589780367 0.050817456880790424 0.03028897250564011
1.8651429651757425 0.18297611552731397 0.03443316424758347
0.7010485548718144 -0.7094797637811814 0.3962083240833989
1.8183841101678588 0.2998033866167642 0.03599528277785691
0.619760035795867 -0.613019088209585 0.39360693896682175
1.7721235614513589 0.41670316951783537 0.03756264651687058
0.5466821927498486 -0.5101829091181864 0.3919024845448247
1.9310688698404874 0.6718350684847803 -0.45551701580612747
1.7105422896500606 0.5215595107019944 0.03705958331496628
1.8793474169257998 -0.5920757252381224 -0.06592961346237747
1.8704091532719573 0.7761097517452358 -0.4557778457316646
1.6414517558071822 0.6205714041412271 0.0355208298054448
-0.14544489757875922 -0.7196683019643011 0.32656029666335495
1.9572461871157785 -0.371818126136092 -0.04701109921066848
1.7705417477184682 0.850612057110717 -0.4619757751139888
1.5647757574047283 0.7138144932826513 0.03294590915114792
-0.23077947005637256 -0.6231970076265165 0.3234732529011479
2.028586474305257 -0.1585935937619336 -0.02911969219772903
1.6271910788130448 0.8927790028343923 -0.4747135261210689
1.448636380464496 0.7775048356749181 0.025173463472436985
-0.3157974325347155 -0.5264004629818198 0.3203866859760991
2.0232306411584204 -0.008006475803945534 -0.021725855222631374
1.4360241140369077 0.9001013019062709 -0.4945966819438228
1.3286070315116945 0.8387805885415345 0.016876020082544407
-0.36053949838999344 -0.39955841146154114 0.32179717029006394
2.0029825206124627 0.13002950719323003 -0.01642437969772903
0.7484769054924278 -0.8488163388669729 0.32430151904494675
1.2605499388435497 0.9203245522451828 -0.5121156791362056
1.1886776630413145 0.8858701911340248 0.005970754274438939
-0.4007491905538316 -0.26971461781184214 0.3236639877644292
1.9677004465787817 0.2556771337541788 -0.013220987668920436
0.8352846552338988 -0.6205308093626121 0.34134510959060105
1.0048464999810065 0.8827532102383131 -0.5415527442607173
0.9886012834201132 0.889561262856998 -0.012752256742406765
-0.3520534900127643 -0.07509289227670646 0.3354442497578374
1.9329678715658574 0.3813111266947109 -0.010010443082738796
0.7818207691090429 -0.5031506131864454 0.341945924409937
0.8207508713479115 0.8993566195019094 -0.5602972129496822
0.7962516668369055 0.9002563886292334 -0.03045149838059036
0.5230676541781598 0.7195427844247879 0.4396195789662114
1.8791078885688535 0.49173336586519945 -0.009428701749730983
0.7958407379547054 -0.3339435542042324 0.35033349002272995
0.5761142832067954 0.8733459412276359 -0.5879928687724361
0.59960069571693 0.9091306195086721 -0.04868765865891067
1.8267633693538308 -0.7616147842392529 -0.14201136623947708
1.8296239644372534 0.6052936097577675 -0.00831576382248489
0.8027937245978514 -0.1711591904970513 0.3578203102436772
0.3390083964962791 0.8545861687490088 -0.6145207503947505
0.41074835678438504 0.9249259137803767 -0.06589814220993606
-0.1919255450195756 0.5109119744905417 0.3718068977680913
1.8959681661578998 -0.5470208206981138 -0.12383338009445755
1.8426635192611478 0.746191801607087 -0.5818788627299556
1.748953337119172 0.6948583163849253 -0.011420450559545436
0.7867508237279139 -0.026785786818537716 0.36256960833938034
0.117599492580716 0.8487630010220144 -0.6386859038981685
0.16901443723681453 0.9042883644294681 -0.08990736996262161
-0.32992627315773504 0.5673379996753987 0.36244706118972214
1.954727637071798 -0.34253243412336776 -0.10723324810593216
1.7071020528370546 0.7938618130275907 -0.5937020400676021
1.6606438858278487 0.7787366905413675 -0.015580854764867702
0.01252337564878303 -0.45570895239339304 0.2797263046589604
-0.12040751498514979 0.8327653632371419 -0.6652567008647212
-0.04073359335850313 0.9080543825943304 -0.10976334606735794
-0.2442066528912079 0.7825020865600898 0.3779275795307866
2.0417568279709 -0.11699784958005566 -0.08687087093918411
-0.256185115053043 -0.5270417083112946 0.7706783195820561
1.571527803239512 0.8422187111993047 -0.6055338004740962
1.5288362359157013 0.8301553182085861 -0.02555533444016067
-0.23921398769567048 -0.48521090663339006 0.25736168826491745
-0.2589420823962989 0.907326732553833 -0.13068219219772903
2.044358409642115 0.03966801370427664 -0.0782477477702388
-0.31692410058866116 -0.4122864491144176 0.7700519939747563
1.4200571796891595 0.879414866016119 -0.6198212722453365
1.3850899793494094 0.8733339581590069 -0.03712340389816848
-0.2918067007499765 -0.3645704850302449 0.2579348465290776
-0.9846323520068623 0.5352588285949489 -0.7752072433146724
-0.4815891611075216 0.9050324314818168 -0.15214320217697708
-1.0992479114112044 0.49337153004911993 0.2949631592121831
2.0242879873428805 0.17758384097517332 -0.07282181774704544
1.0385622698949142 -0.5882219933219979 0.29668120349318894
-0.41328526229870377 -0.3240602658571978 0.7659201999989262
1.2286113904636053 0.8878914221294325 -0.6402408698710689
1.2373047862637492 0.9143071795403328 -0.04923029934494583
0.46892694552261105 0.3568354966926224 0.3518016716328374
-0.7087002140676049 0.9012107135484486 -0.1741478065165767
-1.2461346580767483 0.5482158232808194 0.28464106524856003
2.004852402580397 0.31538222583754294 -0.06738682781784622
1.040062948261415 -0.4285484151104164 0.3038652321186772
-0.4852913296940109 -0.21772616269186162 0.7641282459583989
1.0408984703452262 0.9004017774612416 -0.6600648978862056
1.0173336341404458 0.9031157948178494 -0.07087393795578567
0.6040449958578513 0.6102907020684256 0.373597421297144
-0.9197914367952116 0.9099881257766489 -0.1940791228923091
2.0135328620315747 0.47440112683779123 -0.05819245373337356
0.9990820422962621 -0.30273731533603865 0.3059337517109624
-0.5488575497705064 -0.10527946971447832 0.7631192585316411
0.8130094483442178 0.9049172526096187 -0.09041949307053176
0.5997150749200344 0.7599593085899672 0.379320659288477
-1.448468268865227 0.6845448406178507 -0.81759282147019
-1.1517314710172357 0.9059896527273201 -0.2166473487529048
1.9009520572529084 0.5389887901355728 -0.0655986884745845
0.9546841982067242 -0.17995254097241542 0.3075426002827397
-0.6200750270816755 0.0015001075286029675 0.7613320728626958
0.6043354000186874 0.9049868338482154 -0.11051341091721145
-0.049500140018295724 0.4427174751464751 0.3113859077778569
-1.463338442241021 0.8305607142727656 -0.8113944152507075
-1.3675845628044385 0.9145076490643804 -0.23714085613815872
-1.5835317202565484 0.7870626320476868 0.26495961154372605
1.784547451032953 0.601087680921566 -0.07354661022751419
0.9503409447138083 -0.02686448009136644 0.3138258835163823
-0.7192464854526897 0.08814996608971715 0.75680903399856
0.37916238192050855 0.8946655228912244 -0.13274642025559036
-0.13091535977837765 0.539043924758702 0.3083317657795659
-1.7282653763961768 0.8273011334538767 -0.2759992698344478
-1.8500275912014281 0.7642197447508652 0.24144772494704636
1.7276096082283345 0.7088654095232938 -0.07345124279587356
0.9229418985589568 0.10791925444234529 0.317318238863062
-0.8425241217746056 0.1578661574524487 0.7499356647816411
0.18191909806254003 0.9058667319069516 -0.15128680264084426
-0.17551950191688448 0.6616770498786853 0.30942610705764206
0.01642836210873 -0.4418429469255525 0.7293110271778813
-1.9574766479143335 0.8305737764137398 -0.2981135467204341
-2.1294937948692017 0.7347104289789819 0.21654776538283738
1.6829907762084915 0.8257698832977312 -0.07174178158371536
0.9080542527460196 0.25162366995289265 0.3222210785237065
-0.9453275734628726 0.24258752093354374 0.7450156589833012
-0.044010833331263655 0.898098714568973 -0.17355986630051223
-0.21963141423833576 0.784363988903773 0.3105266472187749
0.12744028185569434 -0.19946478986958738 0.7458520313587895
1.5433751120010122 0.8712018845202083 -0.08291884457199661
0.8141303632987871 0.33549294459123846 0.3177802940693608
-1.1009309517378405 0.2905040526245788 0.7349965950337163
1.2488609252692768 -0.628386504584336 0.24988964999587449
-0.23778749600429805 0.9145176985659704 -0.1916043380412349
-0.6544495600479081 0.6325385170381974 0.2673180481281987
-0.02011686166333959 -0.15151966352711366 0.736526527055811
1.3997506527966834 0.9143889031216075 -0.09464140926926223
0.7883672864707449 0.4702481186057659 0.32129363025100144
-1.1748079870039057 0.39628190223626714 0.7328133961048833
2.063060356411931 0.1468287198636613 -0.1316387275370845
1.2577472764179376 -0.46293026703883644 0.2581951996174565
-0.4889124750539118 0.8922363145158405 -0.2171046355876216
-0.9803817754466131 0.5603391893561795 0.23653010333449753
-0.03139332164298381 -0.002125692003901669 0.7407467743244878
1.1521100758860428 0.8815605854059534 -0.12035532986252395
0.7431663418001833 0.590144979372969 0.3224738022175542
-1.2483025708039044 0.5023253726547603 0.730631866106104
2.0004386410972046 0.2508142494943577 -0.1320664504679927
1.2439383569133042 -0.3162232167950618 0.2636678596821538
-0.7241891480600522 0.882777032386878 -0.24050255810349075
-0.9386232540917021 0.7450089736910481 0.24730566943557175
-0.0781548140250905 0.12055532505650124 0.7413876434651128
0.9079236070136858 0.8531547830199377 -0.1455552199992427
0.7265687948644022 0.7306916898109135 0.32693985904128464
1.9852615993056801 0.3916303068418463 -0.1259605506572017
1.2268762526848924 -0.17275345326138059 0.2686760803547612
-0.9475973270603824 0.8831548549142028 -0.2623264411601314
-1.1011991111131358 0.7882598202261404 0.23497418368728074
-0.1647175590160792 0.21396704844851566 0.738040723451685
0.7797687614988682 0.9110202636941613 -0.1551677802714595
0.6341128647506693 0.8154732526751101 0.3225067039814702
1.9156885499674772 0.4897166376748716 -0.12746783291428176
1.1986628477555925 -0.03855794767753373 0.27226952517897995
-1.1918996227582674 0.8708478827138633 -0.28683110272018997
-1.403728966251009 0.7371016114021876 0.20689705813796433
-0.23885899601887317 0.31648083321974774 0.73589257205398
0.5670545329446561 0.9084088245748978 -0.17609807049362747
0.013164578149243766 0.5189589009683981 0.2566097160664311
1.8740734900204927 0.6092256382742613 -0.12515994106857864
1.1552458484117167 0.08345521765159791 0.2739694496479741
0.23318142320833601 -0.6045806924104129 0.682172336229395
-1.4366517459326538 0.85999458034967 -0.3113586524638423
-1.583243445309126 0.7714627105746032 0.19268111194045456
-0.30896046303537616 0.41411282496176227 0.7338533779469243
0.35756353390160456 0.9020023788027798 -0.19694253002731887
1.7456787423883569 0.6546740962045137 -0.13528080975143997
1.1158202254288234 0.19269827996702116 0.27540949786574753
0.1995521157382001 -0.4864032556977085 0.6838686844197026
-1.6705131892809462 0.8426035985822491 -0.3351580718669185
-1.759803416094897 0.7932517981585425 0.1782071968403569
-0.4189366387260449 0.49110724251051074 0.7281070133534184
0.1400790924364408 0.8989477924216507 -0.21845027004807083
1.7209953167594385 0.7943475940804667 -0.1303431609782466
1.0458486891632894 0.30167429817754066 0.27415970767409714
0.20264888726650554 -0.3169916315962906 0.6901142975178471
-1.9895322493821368 0.8013271550709273 -0.36847945248215286
-2.0711262397534007 0.7576431750501547 0.14983538592727097
-0.5283210048912501 0.576674243989368 0.7226496120777837
-0.0935504209684197 0.8936631241399189 -0.2417013267192134
-0.21714612544921152 0.816849689246566 0.2488220115986577
1.6254390219307169 0.8801991739428487 -0.13521929775803176
1.0041757955709585 0.4317992823755903 0.2762477775898686
0.21456434890995268 -0.1419265502557998 0.6971855541554204
-0.7031954141675847 0.6088987630899254 0.71048335040481
-0.31586832032983025 0.890375499975204 -0.26378937756149856
-0.4807514341245529 0.7852906154487176 0.2245920082417241
0.9387864880140384 0.5362000506292377 0.27511004413039597
0.14318036720703375 -0.03775476965871327 0.6954434295979253
1.433740137143488 -0.3711190679006062 0.21525076831252488
-0.8986534896110996 0.6278533217427178 0.6962988754597417
-0.5344878223657865 0.891231133603557 -0.2853576759013423
-0.65504020531057 0.8178599670513638 0.21068934405715378
1.0064597767095549 0.7132948631007654 -0.20476170574753372
0.8777830366388173 0.6437587930243627 0.27445200885207566
0.15633234496401727 0.12884725263552976 0.7022402664509526
1.408448133930026 -0.23419172461308957 0.21942309344680222
-1.1517378046711002 0.6082491490787492 0.6764798542347661
-0.7779854920314833 0.876416504423827 -0.31018706356613723
-0.8581242749136067 0.831599932469179 0.19347790683181199
0.9300827577790791 0.8088145931762591 -0.20738621746628372
0.8252172171064238 0.7573843925631927 0.2747524162617436
0.09394147612498216 0.23908407826807299 0.7013218780842534
1.938377054169706 0.31697509241054966 -0.1954056838664302
1.3484493658527725 -0.12489932255362479 0.2192533394184819
-1.392996809926494 0.5986120278949345 0.6578410049763432
-0.9891518230522109 0.8855417429652341 -0.33071394955246536
-1.0737976739776265 0.8380635269789689 0.1748350044575444
0.8460054555688323 0.8987570265544269 -0.21110363995163528
0.6926518045901808 0.8124882349563567 0.26550654376418503
0.027941611818242507 0.34656333093216496 0.6999996086445561
1.844978205487699 0.3969710969117122 -0.2002288917216548
1.3164247443794856 0.005875045781140287 0.2224734207478276
-1.597613665267808 0.6156550339566467 0.642797507890772
-1.2252730879555784 0.8791083455120869 -0.3545052627238521
-1.2774357630022202 0.8541836433306642 0.15758828128249558
0.6092717185864345 0.8782422975108455 -0.23561450039475051
0.6004479532081177 0.8974419802185016 0.2610314270344487
-0.04169202000501926 0.45133032049497057 0.6982725044575444
1.905409532940503 0.5955328087602343 -0.18346949612228958
1.2849666231873904 0.13660248108857864 0.22570065463454636
0.3400157774156227 -0.5707720006789962 0.6212752243366948
-1.4988675765119908 0.849041946421516 -0.38318987881271926
-1.5184532655935392 0.846413407422979 0.1360781570759526
0.40028724149598816 0.8794377365967927 -0.256315908780981
0.5287116888234564 0.9973057586573821 0.25894478763015183
-0.11905518379118618 0.5505090405599873 0.6957323929157964
1.8286795221762127 0.6878481515097343 -0.18606968914597122
1.2422141699962026 0.25823459185150544 0.22748307193190964
0.2552094867627801 -0.4760511948225785 0.6182835480061284
-1.723500518103254 0.8538478418679238 -0.40540238415329544
-1.7392255658920064 0.8539250101300926 0.11690596545607956
0.1667079715260229 0.8645249314239605 -0.2803222755107173
-0.02494458321850246 0.7535959505798724 0.1999342819538823
-0.2488446606850303 0.6123897441720754 0.6878888985005132
1.7720503566606212 0.7954507550261036 -0.1858989814433345
1.1920390640149634 0.37389541480632094 0.2283027550068608
0.266066986050955 -0.3088311934024439 0.6252541920033208
-1.9733014533356332 0.8434524942055326 -0.43088599239914505
-1.9934705588128168 0.8406793388381812 0.09393528903396042
-0.04705085978650558 0.8653608705593108 -0.3016101936015376
-0.14593213662720217 0.8211419809575657 0.19207123721511277
-0.4843551973531035 0.6001177891228231 0.6694240948048344
1.6483543943179022 0.8523936768850318 -0.1951477149638423
1.1542629866525083 0.4986154873939608 0.23058108294875534
0.22993570213585102 -0.17787528297902444 0.6272545238819829
1.7276871350692247 -0.4435340039070965 0.17545155490310105
-0.2652268059870728 0.8645759001913946 -0.32346554791061966
-0.3523341556585535 0.8292026460571407 0.1741454979267827
-0.6550378623031072 0.6350418793353283 0.6574740787831059
1.5923953218972855 0.9605195661652184 -0.19497462307541458
1.0970747094450921 0.608458641747128 0.23044041598708542
0.2982074618760002 0.03053443415942425 0.6400699993458501
1.643481151329297 -0.353792959037019 0.17236975634963425
-0.5082032119334059 0.8480005624128282 -0.3486325362834224
-0.5467781032735921 0.8469970778404381 0.1576393028584233
-0.9116990212850844 0.6110925322122522 0.6369254967060796
1.3971663698932595 0.965152415104547 -0.2142197707804927
1.0203256914644392 0.7036263717306888 0.22787598575026902
0.25145049707132827 0.15219722602730812 0.640844621309351
1.6376122270645475 -0.2020055121593849 0.17911795581252488
-0.7271358793721738 0.8498598801850719 -0.3705288985881099
-0.757823406120032 0.854572908292214 0.13919905627639206
-1.136107155813967 0.6113515651808177 0.6196251293507329
0.9358800622542809 0.7931760174664069 0.22434119189650925
0.22124879732491465 0.2857298986092278 0.6432898422566167
1.60116286748341 -0.07502424125698592 0.1819436928120366
-0.9546096325046705 0.8473641913273164 -0.3935429671916255
-0.9691837026210344 0.8633659209942994 0.1207406898823491
-1.3115673435725839 0.6467637422895836 0.6072183033314458
0.861424803288763 0.8721933037045666 -0.27275725399582473
0.7633135835862781 0.8184837291000413 0.2101118942585698
0.1876084957206423 0.4162767514634602 0.6453266521778813
1.5731173718546785 0.05806905572255605 0.1857602974262944
0.5658619721286513 -0.7161597822207462 0.5694804569569341
-1.2029884759125125 0.8321936459919135 -0.4193250754985103
-1.2013966259324569 0.8593749005116251 0.09986332858474167
-1.5695201063631146 0.6270367911139472 0.5866036793080083
0.8016754064829463 0.9799205144711314 -0.2731668571147212
0.6228213950195212 0.8681215779462947 0.19976023639113816
0.1424123826216004 0.5380270839279762 0.6461196323719731
2.0312409859198297 0.5489268170970609 -0.23412104641525833
1.5259903859715962 0.1758655840791814 0.18712357486159714
0.48453386197448367 -0.6192306151078206 0.566898145326685
-1.435370188926477 0.8296643378958422 -0.4429318526896724
-1.4175187914930554 0.8679084973225679 0.0808861633625737
0.5810695287595458 0.9716272745258623 -0.29581614529221145
0.5590515745394598 0.9737200930463272 0.19864634478957566
0.07749945166306915 0.6452940664676214 0.6448326488819829
1.930727024938932 0.622616650240186 -0.2400986770304927
1.4753932427068541 0.29068995257743513 0.18799952472121628
0.25734836489773016 -0.6342854915978657 0.54865793193252
-1.697010948763193 0.8090926330817183 -0.47041007076828567
-1.67939396748271 0.8471794454639818 0.05660275424392136
0.3439077442736149 0.9530732781569471 -0.3207108596476802
-0.02352220440696584 0.7266997097528822 0.6397915264454594
1.9172731192419548 0.7630868401739699 -0.2337066749247798
1.409444058573289 0.39354035108017893 0.18690804446608933
0.02970639391653407 -0.6480238962567926 0.5303969761219731
-1.9054228761087302 0.8259690157090152 -0.4907586196574458
-1.94178975520148 0.828027511767238 0.03229359591872605
0.13462562876832251 0.9560559804599711 -0.34173222576706497
-0.16498283889639254 0.779744476075698 0.6305699726429692
1.7598215881755443 -0.39418470674745 0.11886910403640183
1.793602845704335 0.8193580405169829 -0.2430598357829341
1.3518064762447821 0.5026032407250431 0.18680552447707566
-0.07524170975229794 -0.5672208630190196 0.5252521416035405
-0.09123000728653352 0.94880515004927 -0.36499949490158645
-0.15885633338523775 0.919262909619138 0.1319401642170659
-0.3879275371307749 0.7761967043799602 0.6129792114582768
1.7341775366752046 -0.25808261126293885 0.12327221835524949
1.6541115016738104 0.8642889074454994 -0.2546722510966548
1.270731716986905 0.5938669991456997 0.183745183595728
-0.08439815897186875 -0.4141232828574326 0.5302822967854253
-0.30933740240865504 0.9485813569485453 -0.38717337643234817
-0.33656397259807136 0.9476642654021665 0.1171396156635991
1.6779176333363175 -0.14674599712251624 0.12368229831130417
1.4350122279414208 0.8504788986937273 -0.2775580505046138
1.1939414157653907 0.688417362113805 0.18117932284743699
-0.07687185341177027 -0.2493107344666159 0.5370216747608891
-0.5114809200841108 0.9609659275907747 -0.4071366408976802
-0.5430445394938026 0.9572086814086367 0.09890822375686081
-1.203506979640796 0.5175833801688166 0.540059127458643
1.6493361625770042 -0.021665519252501042 0.12720374072463425
1.0775028826069253 0.7536304619487515 0.17367152179152878
-0.040526070298387395 -0.06406292640433087 0.5467477222767583
-0.7634937161404949 0.9326340553911381 -0.43426152264206497
-0.7667241794801853 0.9486100835644189 0.07832459414870652
-1.2154670150061548 0.6579637400023053 0.5438554664936772
1.6252206571980743 0.10643507188098145 0.13123396838576706
0.9311302437547013 0.7716902903831002 -0.3328740218791255
0.9407328249067035 0.7967780656764196 0.16329602206618699
-1.022884768790096 -0.6371671637503695 0.44823411906630906
-1.0062795755902307 0.9355884813507034 -0.4589416602763423
-0.9686665466072846 0.9795248906587757 0.061307706483911595
-1.2788192970579964 0.7860206488335013 0.54314354861648
1.5828686041276328 0.25066442378915976 0.13435534442336472
0.4892182616434866 -0.5836761986737997 0.505034246095728
0.8513618638194806 0.8724376325259824 -0.3356206039103755
0.768617586051846 0.8299767557072917 0.14924076999099167
0.27640009959176837 0.4810901060897548 0.5917694946614018
-1.2263815692220277 0.9325486951072852 -0.4816467384013423
-1.2095068216574418 0.962281373002388 0.03872899020583542
-1.5370856253997438 0.7585270069699801 0.5217855354634038
1.9331191156815635 0.6471635997747622 -0.29909916912643997
1.5283458154455047 0.3543934580188717 0.13439015353591355
0.3963710817758752 -0.5036129124556501 0.5008256813374272
0.6187120674392723 0.8547469605798375 -0.3602768996867427
0.6160721787570189 0.8708495189646905 0.13725642169387253
0.28790934248072375 0.6434544964085269 0.5985885044422856
-1.4998714869792877 0.9027771291523612 -0.5111834624919185
-1.4626278730024218 0.9462030514168172 0.015041627534936985
-1.7457321100125327 0.7740805401715187 0.5057516476002446
1.860515626522119 0.7423987022982352 -0.30114193951218216
1.494271348719451 0.481180210227647 0.13733509982497605
1.790942948681117 -0.7321427011981045 0.04272822345168503
0.3896286563464493 0.8413333589130039 -0.3843896011027583
0.447323658492909 0.9009162509027897 0.12328080142409714
-0.1689403663807738 0.4680478691642058 0.5560212513294926
-1.707849432654779 0.918856350209766 -0.5318038085612544
-1.7038066748206582 0.9399391299849169 -0.007201395383764186
1.7922083216598246 0.8408882405414113 -0.3026125053080806
1.4250465665549932 0.5809333000135499 0.13576868976027878
-0.22140524873065814 -0.6537389544440577 0.4459073921528569
1.864328156993654 -0.5144032834775842 0.060428895601343235
0.1843554791037505 0.8466099792948549 -0.4051344016703853
0.14078986383095682 0.8335801107604466 0.09243992770583542
-0.23407843327058586 0.5763720834321546 0.5547364136067143
-1.8995269037667555 0.9471290297395152 -0.5502040008219966
-1.949558193133619 0.9323579971986637 -0.029956541410375515
1.668670280201873 0.8978117985114968 -0.31208439861862747
1.3522011083443886 0.6779258029896873 0.13370207751662644
-0.3145010550700711 -0.5629684469249527 0.4419870754566899
1.8807270239164176 -0.3441750338370664 0.07052973712356003
-0.02528291329696586 0.8501924968327357 -0.42646237408249466
-0.07727813944700657 0.8314485394763054 0.0724771400776616
-0.3028805036734781 0.6820167222564582 0.5530279060688725
1.5173367423037334 0.9345502905443661 -0.3255669692668208
1.2637404354552224 0.7632738484918775 0.12962655032546433
-0.3513997357902099 -0.4301452809220221 0.44412950480849656
1.8824324442583524 -0.18673502160181688 0.0786111732807866
-0.26773041556387867 0.8321044714671837 -0.4523331741008052
-0.2672239244535852 0.8506403003633567 0.05596951449782761
1.3180273452370983 0.9366135089769161 -0.34592743908493606
1.1515449857275613 0.8312265511969406 0.12253216708571824
-0.37572202185867454 -0.2884457092589763 0.44757989848525437
1.873198167083597 -0.03884013998330005 0.08517960513503464
-0.5106585481481041 0.8154615452293674 -0.4782278159770259
-0.4614720513103556 0.8680548268157171 0.038948812135767064
-1.1623060403006065 0.3891499147156532 0.4740314861622563
0.9913876123494738 0.8643630606773502 0.10939530337722214
-0.3873744748666077 -0.13800010467021284 0.45233992541701706
1.8372927170079407 0.0873355813701826 0.08819560016066941
-0.7703818333034604 0.7889346611381622 -0.5064093688639888
-0.7050145392201443 0.8525580701638678 0.01595047915847214
-1.1703132568850343 0.5405625426750804 0.47868756259353074
0.8542746897073563 0.8973033245412436 -0.39586754833786575
0.8110256014392725 0.8837069881932429 0.09372834170730027
1.7901666873447688 0.20431603194407 0.089690007814478
0.6295212024021097 -0.6825927581377282 0.448684730180811
-1.0061047562098828 0.7808813849004892 -0.5312187293681392
-0.9408242789823014 0.844154430805915 -0.006077013364721218
-1.2227761858146593 0.6607144521937833 0.47865060771377
0.7222312311708663 0.9525835773441509 -0.4065415481242427
0.6264276995629245 0.9011428857388628 0.0775435348835698
0.26524109190608414 0.6500846806141114 0.5344219585743657
2.0383262058998426 0.5392329770346915 -0.36116906200974075
1.7395973933506994 0.318317869066421 0.09067992175490769
0.6034548091530212 -0.5431904455284613 0.4522531410542241
-1.2463418556717727 0.771420418507863 -0.5566155532511958
-1.1688351944995858 0.8427628493613719 -0.027130804410863796
-1.4557949403618657 0.6573720121117343 0.4597900291767827
0.48943118806882424 0.9360099493557952 -0.43155976330368606
0.4658458904603897 0.9370421230061892 0.06436852420241745
0.21285093357097296 0.7656367949291747 0.534483708986353
1.9850272924812415 0.649251511369421 -0.3603107551249751
1.6697772515975693 0.4172495829303964 0.0891249557820073
0.5029823323273277 -0.46155215718019527 0.447459258684229
-1.4541205991374895 0.7857100253798546 -0.5774976829203853
-1.4095771024571313 0.8343349172658554 -0.0496990302714595
-1.7015691302936808 0.6470239777598392 0.4396231552448979
0.2804298871865534 0.9381372823634946 -0.4531571487101802
0.2484845866919727 0.9333618265355907 0.044120111116479954
-0.3622096226163265 0.5081908302237625 0.47844890559585007
1.8887595450119719 0.7262168353258094 -0.3658349136027583
1.6082170465498926 0.5224455513968191 0.0885918518391362
-0.11988599150091517 -0.7783290574919581 0.3844714542713872
-1.6704171616140933 0.7956437769101345 -0.5995328048381099
-1.6301103552231346 0.8412242434166419 -0.06979914700119583
0.0670453337807082 0.9386054133288289 -0.4753467658671626
0.0672744955215876 0.9568255042575791 0.028394498476099095
-0.3702669915221648 0.657454868373426 0.48326877559096726
1.8639134379550875 0.857630608112788 -0.3609053710612544
1.5351660243172098 0.6188007241568041 0.08653000796706589
-0.1974797625782898 -0.6759498357935225 0.3822811027851811
-1.874623360323536 0.8151208700884514 -0.6198827842387447
-1.8964657997214367 0.8190140261949468 -0.0954000571879634
-0.17106093538180644 0.9231614708862468 -0.5010015586528072
-0.16295034847589562 0.9469738285808331 0.006594457277368626
1.6611458518102147 0.8545121758642074 -0.38212080990402786
1.438610996374937 0.6974600556507946 0.0814044853535405
-0.27869208869987716 -0.576292344630855 0.3796506306019536
-0.42183687783442636 0.9006004482940204 -0.5284039596232661
-0.3364821991896534 0.9783381786854042 -0.008152208677221218
1.434172484575921 0.8347193583157129 -0.4068424323710689
1.3143788682889053 0.7556951496622215 0.07269743884475144
-0.33562509944620444 -0.45845896720464996 0.3796716114369145
-0.6608749243180121 0.8880362470269931 -0.55410405193894
-0.6082917338272793 0.942682938698737 -0.03504630123703567
-1.3363530842112716 0.4490560948217057 0.3970616241780034
1.1867761907337346 0.8014572995985576 -0.4344942191752681
1.1382897305041624 0.7760191686990261 0.05733469928176316
-0.30807692725693414 -0.2782160221693202 0.3889792343464604
-0.8962741495205293 0.8797073837483351 -0.5792524436625728
-0.8356174765214561 0.9396775897436145 -0.056403360715795436
-1.2249273811121668 0.6826206238422126 0.41451243365676316
1.0627600157051447 0.8610088854713016 -0.4441277602824458
0.9820345007434064 0.8120711139128982 0.04451731646926316
-1.1821646263488823 -0.7626187521821093 0.2987797638264409
-1.1320896232572046 0.8727732685837006 -0.6044227698954829
-1.0345543897146676 0.9576467027679803 -0.07423707043259231
-1.3179871937991905 0.7748172289496278 0.4101579567280522
0.8225842779507673 0.836144219580162 -0.4706551650676021
0.7975776151168574 0.8284112564473771 0.02810410464675339
0.4776178010439516 0.6126493092844498 0.4877610584583989
-1.3559778741007271 0.8755995320634353 -0.6278860191020259
-1.2749267767126042 0.9488512923842629 -0.09715243374435989
-1.5345127945849093 0.7836372957920021 0.39269403422744187
0.6100163686301556 0.8331310704627697 -0.49312754665939895
0.6008279150416307 0.8370307819780605 0.010138787874292454
0.2919863594359313 0.6310646641845228 0.47325519526870163
-1.5719699068181363 0.8852873223546949 -0.6502172568949947
-1.4950699265730023 0.955369418627547 -0.1175558189067134
-1.7968246587469139 0.7631618404684719 0.3704016586628667
0.3890276074920429 0.8255419702610061 -0.5167853454264888
0.4158943825543169 0.8554910408649601 -0.0063054183635005145
-0.28593141376668996 0.3682806571960846 0.415742196687769
-1.780005532838448 0.9017506349591722 -0.6714150527629146
-1.7279609756600465 0.9548913700211061 -0.13949986492722122
0.143420177374324 0.8019166405476454 -0.5439622024211177
0.20243013635167628 0.8547410634956707 -0.026355467191625515
-0.2379630150175558 0.5580995775945947 0.42690137828261765
-2.015133526644515 0.9200950265752388 -0.1680600265177974
-0.0743650419145574 0.7998817042430577 -0.567078791013647
-0.007333405684846639 0.8581097112496661 -0.04591151272385208
-0.3027700640198141 0.6666425045168358 0.42565301860244187
-0.32903568103980874 0.773368463752063 -0.5954687217387447
-0.26214093003475014 0.8311830446051411 -0.07113476788132278
-0.9820591566743637 0.3424420247964557 0.35734871829421433
-0.5394954567746559 0.7797022329932535 -0.61745854412644
-0.47266194910180914 0.8371409693445626 -0.09073134457199661
-1.1945223308713473 0.3508258891064253 0.34006289447219284
-0.7788109967009333 0.7674264748298274 -0.6435572723063716
-0.6834856687183866 0.8443251658725996 -0.11034556423752395
-1.1985969757844508 0.5052122596628177 0.3454382797566167
-1.1044253512144309 0.6973762913644235 -0.6819574454936275
-0.886441193838774 0.8583720678056865 -0.12894936596481887
-1.2183810752596678 0.6480647169939884 0.3490455528584233
-1.2792593495173215 0.7331197820396875 -0.6987473586711177
-1.138912757716092 0.8398924441639624 -0.1537472823771724
-1.4348891940446151 0.6559237829425442 0.33128861392409714
-1.4377831735237976 0.7809925824798869 -0.7132088760051021
-1.3548451302010527 0.8480694968008589 -0.1739341834697017
-1.647595914409397 0.6678371332495461 0.31395844424636277
-1.633400296599536 0.8047364646459298 -0.7329513648661861
-1.7608045135090151 0.7296662086974548 -0.21784468685715286
-1.8647208771320365 0.6782015407861026 0.29616431201369675
-1.907630705673661 0.7771346676072062 -0.7638408759745845
-1.8413685973013294 0.8322613558303438 -0.22106667553513137
-1.4866802722928334 0.4376665415294454 0.669603862413477
-1.5325228847397803 0.3189750198286694 0.6789389034596196
-1.564423528785916 0.2043913021965631 0.6864068886128178
-1.606398934952015 0.0876895885072484 0.6951196571675053
-1.6247650547505827 -0.02263761831936595 0.7007205864277593
-1.6098282014353913 -0.12448375184999261 0.7019653698292485
-1.5904304504964344 -0.22518043480031125 0.7025876423207036
-1.561736048676277 -0.32363442033036005 0.7019653698292485
-1.5430437933623686 -0.42446610661726414 0.7025876423207036
-1.2630857965046367 -0.6409219927973044 0.4123819252339116
-0.7857960053426929 -0.6412950579208179 0.34981469119460495
-0.29363327555550356 -0.6417695598915989 0.28525093997390183
-0.24214947981482027 -0.7396920129343423 0.28125742877395066
-1.9426708710751797 -0.8718743570772576 0.14920977557570847
-1.6262129131879028 -0.9059927591697825 0.1049178024616948
-1.1887184640084172 -0.9163361300164867 0.04247311557204636
-0.7557959914392534 -0.9306769061709179 -0.019245348325658718
-0.1288549676909554 -0.9078643536613669 -0.11000796352951614
0.6197943651297564 -0.8647097680759046 -0.21892281567185012
-1.2651538142060623 -0.8284122742178592 -0.4183051208171138
-0.596763896329378 -0.79060443685748 -0.52588721310227
-0.029177038217309104 -0.7787433618091972 -0.6166092971476802
