1.8469025328847835 -0.6211434111776484 -0.24823704133595292
2.1040771111334067 -0.46827943199935973 -0.2255753553923494
2.1390314450113834 -0.29147592493024277 -0.22262182603443925
2.1696418252752494 -0.1142643864913957 -0.22011556993092363
2.1560208370367206 -0.6617187620820744 -0.311359313827408
2.1705118223859046 -0.4828310856203828 -0.31015863786305253
2.195511458960965 -0.3051191771066897 -0.30807295213307206
2.216189366037824 -0.12692380080868304 -0.3064426458891756
2.1727944726545445 -0.44507438782669695 -0.40047922502125566
2.2028706331538785 -0.2679475577040513 -0.39793196092213456
1.9213416763942064 -0.6687676397641944 -0.514329341750992
1.638954277258307 -0.49743415120232015 0.09868201841746504
0.12308333319052167 -0.3280480965296775 0.7262412034455412
1.6540269796654314 -0.31671204679225085 0.09993848432933028
0.19329812866676832 -0.14821655562453273 0.7312804185334318
2.2023605480993353 -0.2008641648985936 -0.5791586912688143
1.6796362232037296 -0.13719283139884197 0.10199222196971114
0.249269091990854 0.03294593967505577 0.7353082620087736
1.7553408808768012 0.036251442241333365 0.10806092848216231
0.2612662360243121 0.21916849811597672 0.7363301240388029
1.7525001810218725 0.21906478527508355 0.10768136610423262
0.2541174576288654 0.4078481052204026 0.7360135041657561
1.7799498022309024 0.39818224546188574 0.1097074471894377
1.7833469528233508 0.5804447287429255 0.10971555342112715
1.6836551866128389 0.7767444680675233 0.10127791990672286
0.3333877322472034 -0.7230026651643016 0.6462498628083342
1.8956836711489302 -0.6961059259999551 0.028673263687240436
0.39730050364752856 -0.5430253594156298 0.6510463677826994
1.9199729986299303 -0.5173871011116944 0.0307432137910002
0.43205160289598155 -0.36015960632493105 0.6537795983735197
1.9349601267527987 -0.3376586998599578 0.03198155989085372
0.45259626110856743 -0.17576133536194405 0.6554771386567229
2.0099785014769793 -0.16492660278194293 0.03814706434642012
0.44899345617142217 0.011462139968148932 0.6554575883332365
2.0064255049975372 0.01691602128434866 0.03772220243846114
0.4510057152483853 0.19817895694460574 0.6557727776948088
2.013401608115558 0.1976339524696229 0.0381132089081877
1.718043575620399 -0.6479295027347618 -0.07723083863819902
0.47634185856124134 -0.521562636602475 0.5634075128022307
1.9405655363585481 -0.4905576676855965 -0.058338073593033
0.49631317601051705 -0.3373268627420849 0.565110298294174
2.039803712369519 -0.3205270232141757 -0.04996815095509355
0.5169119846366925 -0.15316908404654583 0.5668049775544279
2.080240141222987 -0.14410400157355596 -0.04665127168263261
0.5332055762292072 0.03150202029210547 0.5681401215973967
2.131159015417623 0.030898462457248144 -0.04250517259205644
1.7214465620197075 -0.8827855336590993 -0.16818228135670488
1.8045026808757854 -0.7097749773230646 -0.16093054185475175
2.0466059929529052 -0.5546721104394123 -0.13996305833424394
2.0565168439842125 -0.37483054440072294 -0.13917389283741777
2.111592845035304 -0.20019322411212315 -0.13453426728810136
0.0936752854469205 -0.29344942004141217 0.7739435159150236
0.10647356535108088 0.11723909027316282 0.7775727235261076
-0.6612397982473937 0.3614430959319854 0.7521663628998869
0.30885209641087386 -0.3265786683779517 0.5621744119111174
0.3410488496722621 0.087657922781613 0.5667601548615568
0.3307907541909856 0.4919982594507033 0.5696259461823576
-0.015408226013690296 0.8254343501621726 0.5593086205903166
0.665992931597188 0.4429903318855217 0.3834157906952971
1.869334439464879 -0.4418632946720642 0.029485317367660357
1.730280357123661 -0.07032881530340163 0.0270963632050627
