1.2326417766686912 -0.45996685712103513 0.24327804572864675
1.339812922757515 -0.18201847355141076 0.251006622388803
1.284842766483866 0.048871079751172886 0.24806692130848074
1.2306635086206148 0.27991099384079554 0.24513723380848074
1.1869402704951355 0.5137531382494238 0.24284746177478933
1.7444120334899411 -0.6198323497150753 0.1573915673045745
1.7597460708061607 -0.36938182631863725 0.1593027306346526
1.742474984456165 -0.12890287959155877 0.15897132880970144
1.687671220769734 0.10059067484250939 0.1560669136790862
1.6625130317119803 0.33829728789797464 0.15511419303699636
1.6267242172249023 -0.384189940390554 0.03183700568958425
1.9618458182845213 0.4455568345025167 0.05770494468494558
1.916055045264999 -0.546227068010749 -0.06735179893688059
2.056207405742433 -0.26021636671207915 -0.0562901305408845
2.149600164948172 0.010831487373913262 -0.048600654527700904
2.0376898549990505 0.22261595381145227 -0.055534343645132545
-0.36083800669093513 0.32757094954071064 0.7495074463634124
1.9493214381098625 -0.16627240045545122 -0.18132398597911692
2.1198669000985415 0.12669410351222332 -0.1677546309681306
0.15924481715328387 -0.40356834723420754 0.6578769875316253
0.23807730150851647 -0.1308594696360661 0.6626453591136565
0.22176985652757342 0.11445082810751117 0.6618356896190276
0.20156365841886004 0.3583401870121321 0.6607604218272796
0.12439093042061256 0.5865711017669604 0.6563306046275725
2.169525059821562 0.05488856647156304 -0.2820758628101716
0.3747106657328203 -0.44317309299111685 0.5497493935374846
2.206969383174683 -0.11781612386725016 -0.3978314208240876
2.1905922587667304 0.12103406954006246 -0.39769552223399973
-0.1772595394823302 -0.5385971717814435 0.3950939369945159
-0.04534497950563754 0.501916306159572 0.4046969605235686
0.5901238413853536 -0.8329855389963026 0.3211093140391936
0.8061450480528674 -0.5205033229123046 0.3354969216136565
-0.2948347070119537 -0.5728725143662619 0.26598550803943777
-1.8107592297841748 -0.31021814172363626 0.5446710778026214
-1.6706009874315662 -0.3915005671586531 0.5999660683421721
-1.55370284635314 -0.4496129950306891 0.6435322953014007
-1.9701535727034525 -0.5620016239170003 -0.8748860167713532
-1.4694596159935376 -0.47398074133706025 0.6703419876842132
-1.902667441731916 -0.5652460240613415 -0.8516421126575837
-1.417512750150573 -0.4642676861174255 0.6803956223277678
-1.6352601470938346 -0.7725130708093548 -0.6952733802051911
-1.5845803853842764 -0.760948872772266 -0.6825947570057282
-1.555998473357894 -0.7268443538254292 -0.6847080992908845
-1.2650761290189063 -0.43312674931897455 0.7088809204845061
-1.4770229223145677 -0.7450815568761726 -0.6530117797108064
-1.197513056954664 -0.44189280545302445 0.7273130608348479
-1.3982824392915383 -0.7637593712673656 -0.62131498329357
-1.14267974296469 -0.43697174529285476 0.7390423012523284
-1.3790328743749551 -0.7204089779504788 -0.6297673987598786
-1.087915659263249 -0.43231879717059307 0.7507715416698089
-1.3098725482737077 -0.7298598329684243 -0.6044101523609529
-1.039454576021802 -0.4208676609627169 0.7591495705394378
-1.2439803837821994 -0.7363717043423588 -0.5811662482471833
-0.9848081495921299 -0.4167263584034515 0.7708788109569182
-1.1412296822240755 -0.7830754490053202 -0.532565097734488
-0.9333248835227153 -0.40929859149338554 0.7809324456004729
-1.1126464788979273 -0.7504428140581911 -0.5346779631824861
-0.8911286465763233 -0.39141969223106265 0.7859592629222503
-1.0839391368923206 -0.7178984136912252 -0.5367913054676423
-0.851975166419912 -0.37014360738360175 0.7893104744701018
-1.0520571068731428 -0.6887960059615459 -0.5367913054676423
-0.8005543455164883 -0.3633732521689623 0.7993641091136565
-1.0231116778881226 -0.6564413603827504 -0.5389046477527986
-0.7157268605615501 -0.3964138885285724 0.8278494072703948
-0.9123504173652766 -0.7152631698646541 -0.4839639472217927
-0.6433450707656867 -0.4155002817854978 0.8496327591685882
-0.8774467747259997 -0.690143775061328 -0.48185108177379465
-0.5892936725721798 -0.4132665929837742 0.8613619995860686
-0.8424671146318001 -0.6651568776918992 -0.4797377394886384
-0.5623601511474368 -0.3786343100065359 0.8580107880382171
-0.747610280695687 -0.7084037133847545 -0.4353627967090974
-0.5711742664637383 -0.300405101933789 0.8345523072032561
-0.7037841241759368 -0.6941375888221586 -0.4269103812427888
-0.5646452025692552 -0.24024773788128861 0.8194713784007659
-0.6035975344178839 -0.7451562103174503 -0.3783092307300935
-0.5340652968571451 -0.20930068603168372 0.8177957726268401
-0.530454234914945 -0.7658359310133811 -0.3487262534351716
-0.49155210110647385 -0.193132354976985 0.8228230667857757
-0.463435858929266 -0.7800224056647522 -0.3233690070362458
-0.4490229307111866 -0.17714160058051043 0.8278494072703948
-0.39661267964724 -0.7945652457451207 -0.29801223747447825
-0.41232953365123226 -0.15395061976004776 0.8295250130443206
-0.32706563805350264 -0.8129326078308843 -0.2705416487903962
-0.3784833809159922 -0.1271959133254228 0.8295250130443206
-0.26646085982838486 -0.8212408932314599 -0.24941061012462473
-0.3387395928714021 -0.10798429636191464 0.8328762245921721
-0.21758098668693737 -0.815915715765815 -0.23673246376232004
-0.3047336968043064 -0.08148627538134612 0.8328762245921721
-0.16875653922061762 -0.8108204374819152 -0.22405384056285715
-0.27926222502886766 -0.043912362858902654 0.8278494072703948
-0.1142494734863515 -0.8129698986540479 -0.20714900963023997
-0.24503242195335329 -0.017623320008356202 0.8278494072703948
-0.0798477249206897 -0.7907698837574237 -0.20503614418224192
-0.21071125432199267 0.00854640642149107 0.8278494072703948
-0.022622394717285665 -0.796917103748795 -0.18601797096446848
-0.17913466318406446 0.03835664642252823 0.826173801496469
0.02313951366122602 -0.7892041499067322 -0.17545269005016184
-0.14744141000498967 0.06806709691536206 0.8244986725597014
0.082967947650876 -0.7994361462663431 -0.15432165138439036
-0.12125184758842344 0.10523932980155237 0.8194713784007659
0.13982815722587105 -0.8064179749317475 -0.13530395500377512
-0.09489263543435111 0.14234895964007954 0.8144445610789885
0.1909611592476974 -0.8065533746950173 -0.12051246635631419
-0.0600137955866229 0.16799320778787674 0.8144445610789885
0.2364406144651694 -0.7997829258756468 -0.10994670860484934
-0.030586473131784864 0.20113703656105386 0.8110938263682952
0.28465082200193326 -0.7968054582478796 -0.09726808540538645
-0.0010171101302018926 0.234197261074236 0.8077421379832854
0.33555388075686565 -0.7976496678447482 -0.08247659675792551
0.028695067745680092 0.26717211293451015 0.8043909264354339
0.39185649998993366 -0.8059496782062006 -0.06345890037731028
0.05035876359062019 0.31157914363086725 0.796012897565805
0.43981801832186385 -0.8036873201535659 -0.05078027717784739
0.0776758221260625 0.34826354562338224 0.7909860802440276
0.4931515074298023 -0.8088983583135647 -0.0338754462452302
0.10786685908812998 0.38101895600708424 0.787634868696176
0.5463653138666276 -0.8143712269293424 -0.016971092149771216
0.13281805765985322 0.4214247817512007 0.7809324456004729
0.5940680295468281 -0.8128179861154141 -0.004291992113150123
0.16064074142350915 0.45790341915096455 0.7759056282786956
0.6363366432912114 -0.8041838803700827 0.004159946516000268
0.18596856007216633 0.49819879127569067 0.7692032051829925
0.6839216863708053 -0.8030574615120294 0.01683856971546316
0.2167896691292297 0.5306513501400367 0.7658519936351409
0.73674634123876 -0.8094956380358251 0.033743400648080346
0.7656547442253583 -0.7830690094100223 0.0316305352000823
0.8209741788840104 -0.7936305063658349 0.05064775474353933
0.8604329329622624 -0.7822730021801867 0.05698730476184988
0.9155220942494404 -0.7933297393696321 0.07600547797962331
0.9626796885745881 -0.7935086327953798 0.088683624341928
1.0097590170985562 -0.7939071073298383 0.1013627243785491
1.0618910118173046 -0.8019950581400703 0.11826707847400808
1.1011236956370816 -0.791613098363225 0.12460615165516042
1.1454344139019614 -0.7889033050425187 0.13517190940662527
1.1846336967518942 -0.7788661448418015 0.1415109825877776
1.223830019096825 -0.7689948839229732 0.14785053260608816
1.263020877446781 -0.7592865944501472 0.1541896057872405
1.307179408103071 -0.7573163309024444 0.16475488670154714
1.3488036797872667 -0.7517456141171248 0.17320730216785574
1.3928555060305436 -0.7501612441644756 0.18377305991932058
1.4295049931301396 -0.7373332353967115 0.18799926765247488
1.4759078295166113 -0.7399389911116803 0.20067789085193777
1.5125385446719743 -0.727434009968178 0.20490409858509206
1.5467782314394265 -0.7112338363469615 0.2070169640330901
1.583454797921048 -0.6990095379546091 0.2112431717662444
1.6011041162737039 -0.6560824815667186 0.19856454856678152
1.6379193761622792 -0.6440819177233763 0.20279075629993581
1.6723958904156753 -0.6283539489696306 0.20490409858509206
1.7022335212362911 -0.6049927168835669 0.20279075629993581
1.7344927983859089 -0.5856170751815419 0.20279075629993581
1.7645060345191457 -0.5624560369220948 0.20067789085193777
1.792314881355403 -0.535487562993886 0.19645120628162527
1.8179599398869621 -0.5046880221676417 0.19011260993763113
1.8414813736878601 -0.4700329310676281 0.18165971763416433
1.8696939810066446 -0.4432854174821248 0.17743350990101003
1.8935393082227927 -0.4087483910799232 0.16898157127185964
1.9153292926782655 -0.37031905396234954 0.1584158135203948
1.9395382702312922 -0.3358781304500553 0.1499633980540862
1.9595178633650177 -0.29357332391295365 0.13728525169178152
1.9862938333113815 -0.263192700266357 0.13094570167347097
2.0088679387974713 -0.22493403596118355 0.12037994392200613
2.0294833029066863 -0.18273389523317718 0.10770132072254324
2.0395915266247604 -0.12060835609075049 0.08445789344593191
2.0671390262850426 -0.09042000876280376 0.07811834342762136
2.0799965409667394 -0.032269047827526265 0.05698730476184988
2.0868791165609055 0.03794991779028756 0.02951719291492605
2.1339292671388703 0.03186030934507933 0.04219581611438894
2.141400349983841 0.10208019992853146 0.014725227430306909
2.1121580455841897 0.24498636162519816 -0.05078027717784739
2.104344883540783 0.34780069923525936 -0.0951552199573884
2.1378919495008146 0.3698164613779209 -0.09726808540538645
