0.3025662251460943 -0.13418978778438628 0.547597286198739
0.2495812193734679 0.33370654793507804 0.5440086097461023
0.19100944310200418 0.7783254123387735 0.5402983398181238
1.8463737582544013 -0.3885880415590126 0.1547249526721277
1.7952276247823704 0.051695446166030834 0.15135943600953006
1.5868925933970672 0.47266884341071425 0.1424249381762781
0.5986356176650247 0.7792892372113744 0.10608327100098514
2.004455184849519 0.054558030426594684 -0.06261742403685666
2.023869106141859 0.5473197392220897 -0.06355870058714963
1.742786882598807 0.959202431473134 -0.07549631884276486
-0.4118542792304538 -0.7735479285623246 -0.7094937591808996
0.41896528984057113 -0.9259506283938208 0.32881962964356326
1.0772708996139357 -0.8020837141964297 -0.5814520149487219
0.5759084070922285 -0.7083067229221012 0.33722245404541873
1.8509747677387907 -0.7046552391797682 -0.5167795448559485
2.0670784298557408 -0.5041717879552046 -0.5015884666699133
2.1274104701222285 -0.2740996523571546 -0.5002867012280188
2.1690008268058705 -0.040343426683003614 -0.5007201462048254
2.1821324807790745 0.19927887037965775 -0.5037590294140539
2.1229991740764262 0.4542486015423428 -0.5133072166699133
2.0599491910814294 0.710832558066194 -0.5232907562512121
-1.034420159609752 -0.7464671227477648 0.09715783307373904
0.18694542980496465 -0.7212399378759891 0.18692385861695193
1.27044450543481 -0.8615370286665662 -0.6968504219311438
1.0352788218983022 -0.633865292212727 0.24826371381104373
1.6720305312511385 -0.693746165175444 -0.6644674568432531
1.2812230788741346 -0.43602754750553885 0.263598319981698
1.9566182531947618 -0.5058457857171845 -0.6427308349865637
1.3075735046142967 -0.19646060007272226 0.2621024818164148
1.30543138250043 0.04895441181404259 0.2583616943103113
1.3139677822195068 0.29255410417646566 0.2553700179797449
1.2794259879529335 0.5453827434381004 0.24901139447510623
1.0702064147279913 0.8357086773788218 0.2291878432971277
-0.5578542331504082 -0.7696247121746378 0.00887477109253787
0.5993544884980224 -0.7351635596441977 0.09575307080567264
1.412357554349498 -0.8382243722460085 -0.8054257660168371
1.4229257831229205 -0.645248000412181 0.15660702893555545
1.1291670286586992 -0.5403633182049017 -0.8357292442578039
1.68835227824502 -0.4527327428984673 0.17382943341553592
1.7928849693472415 -0.23002571370133396 0.1784218520861902
1.8101998559178298 0.00980229375821473 0.17612588116944217
1.799059102515173 0.255677293663382 0.17153346249878787
1.754661721662174 0.5089167255201037 0.164261218999032
-1.8612041833932835 -0.7975325301580085 -0.20263493349730588
1.6526828559948257 0.7750411191613935 0.15239703366578006
-0.12976755781960492 -0.8593469983481246 -0.06828320315062619
1.2769401722201081 -0.8727722401083131 0.04029118726075076
1.6053606761779236 -0.6910331815168647 0.06294333646119021
1.826555484256403 -0.4905772809600091 0.07700335690796756
1.99453956591924 -0.28089125991168906 0.08676755139649295
2.0361000172880495 -0.046677993668140516 0.08637654492676639
2.0345391228753016 0.1963960065445871 0.08247124860108279
1.9752912599285963 0.4518396543182064 0.07387911984742068
1.7999834760574203 0.7326654434408333 0.05591332623780154
-1.8877264440619115 -0.613249338672766 -0.3460437088268957
-0.4898927206112518 -0.6172563716663166 -0.23560917666136838
1.0392588163886671 -0.6558566907707952 -0.11437094500243283
-0.8586262420253945 -0.29708801757269576 0.7256983489733972
1.6080645913017548 -0.5201761063813084 -0.07155764391600705
-0.5182701541816215 -0.11052768626237075 0.7455285758715906
1.8101846142647986 -0.31631351843456024 -0.05875361254393674
-0.5887017735157514 0.15453059684859127 0.7375963897448816
1.9640363028175045 -0.10393933064191963 -0.04995072176634885
2.045294816516005 0.12243947866165605 -0.04714978029906369
-0.6092191217049248 0.6627315724569502 0.7296642036181726
2.093152184738429 0.35548540450325383 -0.04714978029906369
-0.4422008347457904 0.8807488034817812 0.7375963897448816
2.0052803501121303 0.6171526283285296 -0.058353069331046115
-1.6815569863241535 -0.9037675899549633 -0.45139372637450315
1.7722249184458008 0.9109542656199903 -0.08156073382079221
-0.13696480452082938 -0.9304780525752001 -0.3262931137341223
1.3232547132669907 -0.9523682906854276 -0.20814335634886838
0.04936784240497616 -0.29348563048979415 0.6620196075183191
1.7052218230221428 -0.7806579411682737 -0.17993510058104611
0.09578520596458873 -0.05346620915790545 0.6620196075183191
1.9799148705594405 -0.5907216946190488 -0.1607199936169348
0.11368896891848124 0.19222669254644664 0.6599844665271082
2.0497371553919095 -0.36224448601311643 -0.158675792719718
0.1031286707984691 0.44389675306382514 0.6559137077075281
2.0274952769339194 -0.11552885084315712 -0.1643992691296301
0.08371570057671818 0.6978212710144813 0.651164409611825
1.9085000091832711 0.15137223322284932 -0.1782990722912512
2.063815589665836 0.3626596903928956 -0.16930496981322385
-1.5902542761547664 -0.6524612509188312 -0.5734092026013098
1.841864243673001 0.6404869641003916 -0.1917907028454504
-1.8895859499443617 -0.3938441936222308 0.4076493949633875
0.0003010366587830049 -0.6811176827143672 -0.44189036181151486
-0.4416505070025778 -0.41129412674440147 0.5071524352771082
1.4895455461678466 -0.7144493400500131 -0.31872141649901486
0.26562212882909364 -0.29660069492715735 0.5541204185229578
1.7839850248497697 -0.5276136037826724 -0.2974282531994543
0.19455213883310307 -0.0343444066419174 0.5457709998828211
2.049573449775721 -0.33690743839934534 -0.2786399154919348
0.22720652078606918 0.20809150089365858 0.5447272033435144
2.0616427058229476 -0.0970265831298871 -0.28156197359740354
0.26071475299923463 0.45046445321539785 0.5436834068042078
2.020855615406603 0.15388957031279382 -0.2890778808850012
0.22180160813054783 0.7079107196494228 0.537420627568368
2.122487689462133 0.37588489275521475 -0.2844849853771887
2.0591076845918224 0.632344859481984 -0.2940880089062414
-1.696406804223912 -0.9370446917211677 -0.7038093834179602
2.0064440880474166 0.8873175121150769 -0.3028560905712805
-0.25027471394787426 -0.9450667769284724 -0.5819112091320715
-1.2561856967498244 -0.750081197861002 0.33069359967530154
1.150836051632993 -0.9548760198740389 -0.4638496666210852
0.3432065199913694 -0.7931983219444696 0.443741199467782
1.831371918628406 -0.838661749702915 -0.40844118883788205
2.0324202623933303 -0.6349320717968059 -0.39480269243895627
2.0874203234909317 -0.40375019264717515 -0.3939501076000891
2.07481925125208 -0.1591573372834798 -0.3990646629589758
1.9898793010551827 0.10055014520476924 -0.41057265093505
2.0913176616616767 0.32270510753130033 -0.4058839111584387
0.360027796782191 0.692904331826643 0.4244841308337488
2.0228755193794683 0.5801935172592909 -0.41611349871337033
