-1.9231793135068873 0.7819419600038557 0.04715421711155088
-2.0017604825307878 0.529536265664543 0.05207899128147275
-2.0269889325028583 0.28559432962981646 0.05320623432346494
-2.018506017993082 0.04679857686748434 0.051917343484841894
-1.9911061492932012 -0.1892410265714659 0.04924943958469541
-1.9348559104101035 -0.4214145674882097 0.04450586353489072
-1.9041480529719843 -0.6570719298465093 0.04150751148410947
-1.206162404865644 -0.8087624854184838 -0.008465022695578028
0.5461290733214224 -0.83626936969954 -0.13266155208400576
-1.8748086944071662 0.8741213159091075 -0.0757519909267792
-1.9974443861367615 0.614804242972383 -0.0674369045620331
-1.9976743051605288 0.37435337558156334 -0.06798717464259951
-2.013577115135438 0.13192698348706244 -0.06745931590846865
-2.0056370425428725 -0.10686314094482441 -0.06869813884548037
-1.9886654891825666 -0.34427154760485834 -0.07063886607936709
-1.9280172347230602 -0.5758646531179572 -0.07577678645900576
-2.00174775523812 -0.8247516887158177 -0.07127925838283389
-0.012399029686601892 -0.8180155994581959 -0.21557638133815615
-2.0371389426497863 0.7897516802765452 -0.18361970866969912
-2.002207689581457 0.5544356233077892 -0.18666479076198428
-2.0273267951751004 0.31046967386228985 -0.18533060039333193
-1.1236202457924982 0.42817328834374635 0.7146065524692169
-2.0236957711604404 0.07096352707320719 -0.18616888011745303
-1.1442891956064596 0.1820853784925447 0.7147844127292267
-2.0307977953976053 -0.16980464126810446 -0.18626663173488467
-1.9992215227212773 -0.40513895037562975 -0.18927213634303897
-0.8864945872400103 -0.26912035944939916 0.697167187082254
-2.0327629360564243 -0.6489250510228395 -0.1875211902981171
-1.6317983329145989 -0.8374072458185005 -0.21791145290187686
0.3227994596354389 -0.8379144691796157 -0.36313125575832217
-2.2022094956004414 0.7892650762723434 -0.29057523692897647
-2.113036557874705 0.5625441360184524 -0.29771396602443545
-1.4484835536064686 0.6363120893172187 0.6148178866977325
-1.9752736205321373 0.34245231867381776 -0.30858013118556826
-1.4930966537867878 0.3875945024285663 0.6166098407382599
-1.98140443867627 0.10135887153874634 -0.30862304652980654
-1.489191073451039 0.14624813644546464 0.6153815082187286
-2.0032166980806068 -0.14160980741296214 -0.3075334736233124
-1.4812119065819758 -0.0943288997323215 0.6138608745212188
-2.0555561623389043 -0.3882779825532836 -0.3041894146328339
-1.3899749708828217 -0.3236269305910504 0.6071827701205841
-1.0124584264932892 -0.5161915594658311 0.5828631213779083
0.41918573431243367 -0.5781328688569509 0.4936740687961212
-1.8956899965519636 0.6674456278711105 -0.43372747386745303
-1.905590715914606 0.42516754597583173 -0.4333388515835175
-1.9657353232604873 0.1760726575183078 -0.4291183658962616
-1.5938153188974429 0.19237113363362823 0.5021693996066681
-1.9625749988999193 -0.06359415501255938 -0.4298488804226288
-1.6746434351728778 -0.060128798657981264 0.5063178828830353
-1.5536295624181076 -0.2847250715480456 0.49766614948459775
-1.4630524061918333 -0.5139307743956785 0.49089220081516416
-1.290593041941765 -0.7210648208034343 0.4789502910251251
0.254500570158692 -0.7713558200886297 0.38006666217991025
-1.6523795221458695 0.764650661984021 -0.5726558872585663
-1.5156907985692811 0.5549976564903218 -0.5837580868130097
-1.9503811808945635 0.25080145065007287 -0.5497190662746796
-1.880649129425798 0.45303255829428934 0.40194585834690244
-1.9124120591828238 0.015861146844653007 -0.553135604513205
-1.8419354561183212 0.21789992898245103 0.39858797107883603
-2.0135639516054322 -0.2380241734075561 -0.5455987163906464
-1.8139248823645477 -0.018759214510488675 0.3958800128574005
-1.7768439687023223 -0.25414951153071286 0.392538338052713
-1.5229355418249035 -0.46104618371215267 0.37505796467014463
0.7655313524927863 -0.657852150794696 0.22415187870212705
-1.4199670733622227 0.7635768162644645 -0.7117211529140839
-1.1040399764430653 0.5670979042421322 -0.7375313946133026
-1.9146626738304828 0.4244639936216714 0.2846262744540802
-1.951802891363065 0.19070342135187346 0.2863571933383575
-1.963425419891279 -0.051047343011752844 0.28630235706516416
-1.9430895303315294 -0.3121579314317344 0.28397872959324033
-1.86745702820543 -0.5419326315532267 0.27800300632663877
-1.7366870298686976 -0.7770015587990713 0.26824739490696103
-0.8521241242267958 -0.8952960798776388 0.20819166217991025
0.7669184044798136 -0.9431728396121777 0.09894111667820127
-1.8920680259066245 0.8980657584200458 0.16488864933200986
-1.9670517700994 0.6578632833275115 0.16941907917209775
-1.9589560565081454 0.43050291025943466 0.1682188800449005
-1.96644681714944 0.20108601744444599 0.16804340397068174
-1.958260342481089 -0.037883185262352015 0.16671255146213682
-1.9360898568234584 -0.2747919599300239 0.1643760493869415
-1.8999100880273971 -0.5097818678174519 0.1610329440707794
-0.8403132191365703 -0.61370140839486 0.08748939548679502
0.8891601653692689 -0.6539343648634173 -0.03210899318507998
1.743910763928712 0.7873559101129537 0.5200965694064728
1.6644740849846986 0.7764215052509869 0.5283024600619903
1.5850983739782567 0.7658307076403048 0.5365088275546661
1.5057873901991208 0.7555791176777475 0.5447151950473419
1.431725281947429 0.7374468901746738 0.5505764773959747
0.9274471814946068 0.7349745974680388 0.6138818553561798
0.8338929991041191 0.7525600610785119 0.6291220477695099
0.7901237255280584 0.6869399609547173 0.6209156802768341
0.6795496081836845 0.7345629398598774 0.6443617633456817
0.6036964338114501 0.7239554559223578 0.6513960651034942
0.5230294316293449 0.7220794357811968 0.6607749751681915
0.452148071713383 0.703683874678525 0.6654637149448028
0.37164835782797034 0.7024693906833406 0.6748426250095001
0.2793180323375086 0.7227724247638925 0.6900828174228302
0.2086177689359996 0.705327906365703 0.6947715571994415
0.13555551232574636 0.6924164343863239 0.7006337932223907
0.060180719986679065 0.684055338131234 0.7076671413058868
-0.010476051012863863 0.6674761331828485 0.7123563579196563
-0.07187342308556843 0.6340787444349303 0.7123563579196563
-0.13108802448211598 0.5966141894787675 0.7111842921847931
-0.18816204705170136 0.5550561822120095 0.7088396838779083
-0.22498770891972342 0.47499991780710005 0.695944099771463
0.17226202736709517 0.9244595874093058 -0.17422315563014834
-0.2757829170496766 0.42082082136247934 0.6900828174228302
0.1634218917622583 0.7981881258425467 -0.20461723293117373
-0.33132214878474286 0.3754099360014891 0.6865656665439239
0.10481443227072873 0.7599804604789036 -0.2059991070156464
-0.367044998381056 0.2912721150705586 0.6724975398654571
0.04373769950911033 0.7261828238105466 -0.2059991070156464
-0.43858956775450686 0.2764387166240816 0.6771872333163849
-0.47940880047078416 0.20116644149428353 0.6654637149448028
-0.5206416978291255 0.12596004883691592 0.653740673410379
-0.7218962443203747 0.9932112473455774 -0.03468772853664248
-0.769038703196598 0.9366178932641169 -0.042977065694845606
-0.8208097465218192 0.8887186004468575 -0.04850265468410342
-0.857717116162215 0.81090585361396 -0.06369993175319522
-0.8779364547974406 0.6987228950283537 -0.08994934047511904
-0.9094609475585855 0.6080185231360957 -0.1092908092861542
-0.9372916345625217 0.5086871596964748 -0.13139554942897647
-0.9615196560254233 0.400687753716813 -0.15626356090358584
-1.003038268388547 0.3272944031629237 -0.17007848705104678
-1.0201819340745182 0.20190826236289894 -0.20047256435207217
-1.0462974364853501 0.09380935334144525 -0.22534057582668154
-1.0201549033057162 -0.12751218942097253 -0.2861282535915741
-0.9934346783632702 -0.3535952612431785 -0.34829780544093936
