0.19471178425275681 -0.08479939427135541 0.7364070606433417
0.08413035856507278 0.20031698933224362 0.732081193944123
0.2004986773037949 -0.43152466243753906 0.5985453319751288
0.14161611431729426 -0.13165107184005365 0.5966742229663398
0.4108911646497333 0.1956385481554186 0.4431269359790351
0.506868978822677 -0.5030702063441748 0.2933075618945624
-0.5996864014083947 -0.5010842606785921 0.23771025659671086
0.1298738314250265 -0.2630875825520267 0.12269808771243351
-0.756906904129174 -0.7541675329971405 0.20747878076663273
-0.6157397810170906 -0.6916020375832144 0.22901703836550968
-0.5923593198227799 -0.5949447739243521 0.2281196308337714
-0.5686367178562115 -0.49835232385632544 0.22722270013919132
0.21304370432013897 -0.6323981424752372 0.37081362726321476
0.22723814920308527 -0.5356869222320171 0.3681214046679999
0.23708994250876003 -0.43751200824222813 0.3645317745410468
0.8007781974206871 -0.5141030690154906 0.4668405246936347
0.6280161883194246 -0.35938635329584834 0.4282500934802558
-0.46593049989219537 0.09489496795508323 0.21286322595706242
0.8504428866429699 -0.23121983209298058 0.45966078760257023
-0.5906951169919452 0.3461187998489965 0.17696549417605656
0.8355194545831282 -0.02603926615888419 0.4453013134204413
0.8086708782235696 -0.8421551122196158 -0.19918559072384578
0.8472977800609627 0.0704646869304284 0.4417121601306464
1.1170200644525892 -0.8380738405547783 -0.13814423559078914
0.6267916451986935 0.24676923915548876 0.3932497692309882
1.3783311902251043 -0.8215148761188988 -0.08727667806515438
0.46761648744612927 0.40376706095395676 0.35645462991824406
1.5880760057861671 -0.7905231047659926 -0.04759953496823055
0.23031476354553604 0.5896567019404237 0.30440260889163273
0.2953264174582202 0.6704461763814056 0.3106844616138007
1.9001182254932694 -0.6980923703592588 0.008354921361115153
0.7726633030324237 0.6031295675010746 0.39683987619509953
1.960754230020548 -0.6222457170563231 0.015476484318878825
0.8237667209548007 0.6868285325546655 0.40042902948489445
2.012318843302875 -0.5436505286777162 0.020563383122589762
2.064131582001494 -0.4653201927117845 0.025649805089142497
2.092998647585315 -0.37941817942162004 0.025649805089142497
2.1221679548006556 -0.29361524095338787 0.025649805089142497
2.1516349035205806 -0.20791478034124822 0.025649805089142497
2.1767812551973016 -0.12070346782589247 0.02463271143069523
2.1883890361964013 -0.02866740717855798 0.020563383122589762
2.2095602895510567 0.06009444652231366 0.018528718968537028
2.208035795381136 0.15713244884734934 0.011407156010773356
2.247453616977314 0.33629572768907323 0.0063202572070624186
