-1.037618018823352 0.7745401085601031 0.01952879937295382
-1.272201471037925 0.7620014253058542 0.027162485438627648
-1.4734291079655648 0.7202674513259453 0.03196423562173312
-1.67085658056655 0.6761423286647812 0.036465101558012414
-1.7952790415433437 0.5648399498098335 0.034628324824613976
-1.8546657818783858 0.39242983929631237 0.027071886378569054
-1.8894803381328318 0.19599254164567625 0.017281942683500695
-2.4292196075454005 0.5073951876855318 -0.6083775231062942
-1.928858768748638 0.0028533156541037386 0.0078000357926315544
-2.4247095342734735 0.27454581428215263 -0.6239510246932083
-1.9368005558091905 -0.2215390960282413 -0.004560537022309852
-1.0646301551397013 0.8787426231257953 -0.057722634953218055
-2.4343504590917364 0.04225400627159104 -0.6389022537886673
-1.905158467184882 -0.4974531407683678 -0.02122599570150907
-1.2697346423863447 0.816810886663113 -0.053660936039643836
-2.4001597918049677 -0.2227303592127683 -0.6580095955550247
-1.4908921542687352 0.8047486730494526 -0.04623085944052274
-2.356729630898789 -0.49883238815749564 -0.6783075997054153
-1.6954271658718927 0.7673735551634024 -0.04087597815390165
-1.8924939016267386 0.7242126285403856 -0.03615767447348173
-2.0567136550559697 0.6512936848634574 -0.03436190573568876
-2.1557934314217784 0.5173922606510288 -0.03843981711264188
-0.10455420520719194 0.38527028143720443 0.4791855147660202
-2.1975940620879246 0.32871055400780946 -0.04775196997519071
-0.2523925920897918 0.2883748263868213 0.4786791137040085
-2.2510944697841087 0.15029688055791368 -0.05609042136068876
-0.36351720111585006 0.15852002546268196 0.4755381873429245
-2.2874869696066993 -0.04548211960191395 -0.06607491461630399
-0.4456582971351395 0.0020694026958096856 0.4702829650223679
-2.2497426929906297 -0.3144805289508703 -0.08295876471396024
-2.2743920556513313 1.024967519887582 -0.08741242377157743
0.0507743935656757 0.7163028232953188 0.40510504754189913
-2.1505495833642234 0.6832850152038255 -0.1119590470015579
-0.1184986417327929 0.6385386254496588 0.4063052466690964
-2.314700642189779 0.6114740799890122 -0.11002404181356962
-0.35851009311793636 0.6248742685233459 0.41269104989175265
-2.151172180562172 0.2544544406572058 -0.804473466557222
-2.327376872255094 0.3957442690597155 -0.12218815771933134
-0.5499902897305748 0.5690039743433708 0.4155549338639206
-2.369912934696245 0.20736335295240949 -0.13167626349325712
-0.6564469180479726 0.4368312281444169 0.41215651543740695
-2.3775060812442455 -0.015810986209235267 -0.14453799216147
-0.7633884011292427 0.3050036254323274 0.4087595275223679
-2.4041050995874116 -0.2219215068266287 -0.15573079077597196
-0.8304337369507326 0.13630699090919762 0.4023546508133835
-2.253725777982196 -0.6029869900619076 -0.18379170386190946
-1.9175123862399728 0.940291017258847 -0.18859488455648954
-0.8872420093907953 -0.04251947446592652 0.3951229384720749
-2.0337263268181562 0.82302478754562 -0.19102055518026884
-0.8609864413160198 -0.2997519391546426 0.38158076317910616
-2.121273448803123 0.6788441001493837 -0.19619566885824735
-2.23837631834141 0.5623086760761105 -0.19861704794760282
-2.287302520226538 0.38079693591082986 -0.20758349387045438
-2.272320100316998 0.13703359965954576 -0.22276598898764188
-0.8677967256975254 0.6862743138088092 0.3462347319901413
-2.2980620615784932 -0.0690936906341797 -0.23416954962606962
-0.9849140319284544 0.5652888239424776 0.3436841300309128
-2.249796005464127 -0.34852235791576547 -0.2528405853926712
-1.0951026759683664 0.4379800716743283 0.3405722907364792
-2.199504850183507 -0.6321836735056188 -0.27188164679403837
-1.7377398686853134 0.8418043489461873 -0.28463799445028837
-1.202081154221717 0.30763989372027467 0.3371800711930222
-1.909041620774465 0.7749171174024063 -0.28178173987265165
-1.2365416784466952 0.10953759960822396 0.3281344703019089
-2.1094782765443725 0.7361465441101664 -0.27609211890097196
-1.2574063532170339 -0.1023982704662032 0.3179458907425827
-2.233640813552336 0.6264300819097315 -0.27779824225302274
-1.2285586715883499 -0.36261801144556927 0.3037790587723679
-2.3220221907385845 0.482796318197547 -0.28303200690146024
-1.2372401675692855 -0.5890108311073625 0.2924269965470261
-2.3749859901015746 0.3048767081254944 -0.2918029495894485
-2.4287717556905877 0.12692850954758583 -0.30058104483480985
-0.8650604430307531 0.7410350962288135 0.2645954421341843
-2.329600436629443 -0.2005106543878128 -0.324594087284761
-1.1147665860277511 0.741138017495846 0.272512846308989
-2.406953274580686 -0.3581043584681751 -0.331272668522554
-1.1728680127873359 0.567004108874464 0.2653331092179245
-2.271864675861906 -0.7256253460433548 -0.35923678366537626
-1.250086059743932 0.4098457729437541 0.25960295708779757
-1.3133504078471585 0.23920016530016142 0.25270360024575655
-2.254512752763042 0.7145767653792205 -0.3543172547041946
-1.2863660503241219 -0.016760905968922657 0.2385067275345749
-2.320874391272837 0.5504491806314036 -0.3617792793929153
-1.2389712767808003 -0.29387485104889777 0.22253792794351046
-2.3915658512306024 0.389832180571716 -0.3688841530501419
-1.2509539867146824 -0.5166769093039818 0.2112221053421921
-2.4988836781533728 0.26391106833241196 -0.3723688790022903
-1.0041960671571388 0.618002430606083 0.17835133584145968
-2.399040339272074 -0.06303033164375194 -0.39689118353720243
-1.2538473871375588 0.6191075049306747 0.18660729439858859
-2.4045274671980446 -0.2900243787473009 -0.41091687170858915
-1.44078074837726 0.5639129758971784 0.18978970559243624
-1.5254444944133319 0.41435291560291176 0.18458359749917452
-1.5634133019830996 0.22058012997062804 0.17546933205728
-2.2704962162572926 0.6847918090559517 -0.43825823752279813
-1.620444911692335 0.04381909879491275 0.16784947426919405
-2.3622972991327433 0.5447472879895834 -0.4432397553145462
-1.486682356405601 -0.31531275669373926 0.14427035363320773
-2.40783579545341 0.36012122933043145 -0.45304400412436063
-1.4847204156560965 -0.551451883763221 0.13149970086221163
-2.321456798404678 0.04734084320389442 -0.47659069983358915
-0.9463373995814992 0.7929384284030014 0.10149472268227999
-2.419275463959618 -0.08927054288950487 -0.4812217423140579
-1.2289810063317255 0.8236210922839824 0.11283534081582491
-2.4498991493016344 -0.29184918997005127 -0.49291665045614774
-1.393391089768711 0.7478162025471526 0.11434166939858859
-2.4424458487303964 -0.5330898712790351 -0.5087152191817337
-1.3930806357026615 0.5202289343747104 0.10197442086343234
-1.5363166048152985 0.4249521516602428 0.10163586648110812
-2.1710772164741217 0.8065517180682846 -0.5175505348860794
-1.5487865136829786 0.2073155425647144 0.09017651589517062
-2.2551408898296392 0.659394626373615 -0.5233426758467727
-1.4317812147503943 -0.13402218480951333 0.06756394417886202
-2.300075750959877 0.47462279285232967 -0.5333090492903763
-1.5191738962645402 -0.283909202747882 0.06226056130532687
-2.3134856479163073 0.2587398910327252 -0.546701020878511
-1.5351293804676125 -0.5026480623261556 0.050754957515043664
-2.3602794463221084 0.07369738352307209 -0.5566874214827591
-2.322125619947114 -0.19478206415395505 -0.5758066841780716
-2.296127291405048 -0.45347453131449456 -0.5938068100630813
-1.4637318954194143 0.36682351854851447 0.5850755503952927
-2.233756352239771 0.46309332954173144 0.35652130158547823
-1.3770710192280564 0.32792613525584713 0.5875648787796921
-2.1570674493924287 0.36832838244328414 0.36717122109536593
-1.2863459557589838 0.30812055955803075 0.5875648787796921
-2.114247781561973 0.0980811487959592 0.40178244622353976
-1.2000255920068383 0.26863571208702197 0.5900542071640915
-2.05725712226989 -0.08943507149848529 0.42507880242471163
-1.1117087601486793 0.23853951470931634 0.5912989905655808
-2.7312988382706234 -0.1288500789658933 0.12413757355813448
-1.0224129053637858 0.21297648494535437 0.5919212630570359
-1.9333750328257606 -0.3966827480246238 0.4623529246628708
-2.6538269843719116 -0.21219230039261205 0.1343027880967087
-0.9354979668662491 0.1774445761715242 0.5937883189499802
-1.8550961552628316 -0.4630930678440315 0.46900885613564913
-2.57858472621115 -0.30550968952588065 0.14592044861916964
-0.8464499776434966 0.1512759272231179 0.5944105914414353
-1.7802443182640078 -0.5442987652662552 0.47766202004556124
-2.5100115744070015 -0.4331337439554588 0.1626207164109177
-0.7551746544530831 0.1344396932810028 0.5937883189499802
-1.7028185243376948 -0.6111699935775654 0.48431795151833956
-2.4352003545858 -0.5219879872866926 0.17351239236001437
-0.6627604209485156 0.1221039212009849 0.59254377396707
-1.6174550561370298 -0.6395192545246147 0.4856490424454636
-2.3636579510473243 -0.6256507471680628 0.18658202202920382
-0.5643474765578764 0.13349999615159547 0.5881873896897263
-1.5290453645523892 -0.6536348374099994 0.484983377772612
-2.295537919642812 -0.7440850611695708 0.20183008225564425
-0.48526957408186 0.06757629597994708 0.5937883189499802
-1.4417445349535 -0.6729040893689344 0.484983377772612
-2.209485001063693 -0.7655355016911329 0.2025563052475876
-0.3769301195995327 0.11673765614240494 0.5844532779038376
-1.3523259914960546 -0.6828111991533596 0.4836525252640671
-2.124476949950063 -0.7921356593970401 0.20400827439431612
-1.260688081972507 -0.6833774607968088 0.48098986657266085
-2.0366878193079785 -0.8044735456228231 0.20328228982095187
-1.1712405810969093 -0.693929317917334 0.47965877564553683
-1.9469535252671157 -0.8074250972791326 0.20110409768228
-1.077217385915782 -0.6855143402454118 0.47566502602700655
-1.8571761937526992 -0.81069706002922 0.19892566712502902
-2.6890853304244375 -0.9450738513605579 -0.15750271765585477
-0.9819070186765231 -0.6726348257124641 0.4710056117356247
-1.767364776613877 -0.8143000488282794 0.19674747498635714
-2.6001995596415286 -0.9457137663613508 -0.15991122214193876
-0.8911444257535628 -0.6793721874153285 0.46900885613564913
-1.681658690823916 -0.837569507167828 0.1974734595597214
-2.5147951214497866 -0.9660970756297047 -0.1591082283675247
-0.794383068463203 -0.662391456070182 0.46368401558999484
-1.5918390007221914 -0.8418035695423711 0.19529526742104952
-2.428581045022999 -0.9819208965501716 -0.1591082283675247
-0.7022722018662737 -0.6650047240432713 0.4610218337357468
-1.4923512406564488 -0.8028933470875259 0.18658202202920382
-2.3433367078717904 -1.0028967875613013 -0.15830571143026884
-0.6162465484087543 -0.6919595918482777 0.46168725999001925
-1.4044825477866665 -0.8174622768580413 0.18585579903726046
-2.2553858204455803 -1.0096260381062834 -0.15991122214193876
-0.5216174712769295 -0.6856286631579849 0.457693510371489
-1.313341434101397 -0.8178775871365822 0.18295162232522433
-2.164574308178671 -1.0021429635614751 -0.16392571417685087
-0.4306505305085331 -0.694037422438619 0.4556967547715134
-1.2176467597465663 -0.7993478379881722 0.17714279206399386
-2.7548316655728025 -0.8681441576138837 -0.6648679444014602
-2.073653582097444 -0.9949932679719531 -0.16793972937460477
-0.33838528401235557 -0.6979879496537471 0.45303433449868624
-1.1331323479839268 -0.8293297430028481 0.17859499962930148
-2.6682722265490213 -0.8831313330442612 -0.6648679444014602
-1.9836083655306807 -0.9930127333096124 -0.17115122763510282
-0.24995376713246387 -0.7166280473636526 0.4523686698258347
-1.0372138449305401 -0.8114952971591549 0.172786169368071
-2.5834953253469406 -0.9081056920205768 -0.6630731293379837
-1.890484401555928 -0.9768639910272583 -0.17677123038168485
-0.939925020246223 -0.7892208544780495 0.16625135453347628
-2.485624132194821 -0.860781016791492 -0.6747394272505813
-1.802275947163193 -0.9852104734638196 -0.17837721793051298
-0.8542882326367911 -0.8153477508658504 0.16697733910684054
-2.4035328665161275 -0.9008911962296651 -0.6702523895918899
-1.7119941264058358 -0.9842177334829536 -0.18158823935385282
-0.7687619366643768 -0.8417649729087451 0.1677033236802048
-2.3234925552454095 -0.9509345861692537 -0.663970536869722
-1.622693670567502 -0.9883802828421722 -0.1839967438399368
-0.6772382720239518 -0.8445133050123523 0.16479914696816866
-2.2195258456058724 -0.8756599120488744 -0.6810222336470657
-1.530153515764173 -0.9784089132170735 -0.18881422964926298
-0.5584099243692267 -0.742225803051717 0.14592044861916964
-2.1339433644761963 -0.8973438870415684 -0.6801243492781692
-1.4418178579076102 -0.9880419758655563 -0.1904197403609329
-0.16518217939401136 0.40269226976250394 -0.03124768225546415
-2.047490828111103 -0.9144967051552015 -0.6801243492781692
-1.3501784263437973 -0.983557798614445 -0.194434232395845
-0.39978286989675915 -0.8452066150412527 0.15463369401101534
-1.9610990080785067 -0.9319523515523009 -0.6801243492781692
-1.261794244264749 -0.9938339454929874 -0.19603974310751493
-0.29898558995230573 -0.815877971444575 0.146646671611113
-1.8747684230928687 -0.9497134732865042 -0.6801243492781692
-1.1711434074247196 -0.9948224900923037 -0.19925124136801298
-0.18746144861165082 -0.7487745824420635 0.13285058053140109
-1.787482558441174 -0.9629573899507342 -0.6810222336470657
-1.0792789438324215 -0.9913430807546995 -0.2032657334029251
-0.0582049937230229 -0.6201749695630703 0.10961549790505831
-1.6940336696572675 -0.947654324957405 -0.6873040863692337
-0.9884853262681261 -0.9929986774119008 -0.20647675482626493
0.07738494888399305 -0.4731275201294274 0.0834760001481003
-1.5993663252469652 -0.927900744492316 -0.6944833466231399
-0.8964462905673329 -0.9901994216970103 -0.21049077002401884
0.025736351202412244 -0.9880577736567489 0.15826433213357394
-1.5119581716845847 -0.9421196751611731 -0.6953812309920364
-0.8043154795173857 -0.9877383738115313 -0.21450526205893095
0.12832158885937872 -0.955713713036829 0.14955084832314913
-1.4180841389658578 -0.9278592174962732 -0.7016630837142044
-0.7096542922909883 -0.9760606431827128 -0.22012526480551298
0.2673092110396116 -0.8003328247001278 0.12195938141946261
-1.3262430499941509 -0.9235382483876435 -0.706150598210054
-0.6185438138677242 -0.9790729695654541 -0.22333676306601102
0.3526807120816029 -0.8306118731506587 0.12268536599282687
-1.2343075118789946 -0.9195628828141977 -0.7106376358687454
-0.5261254254497514 -0.9776481868304003 -0.22735125510092313
0.4407721129918576 -0.8517100034149294 0.12195938141946261
-1.1377401297780985 -0.8967759922693972 -0.7187147804915481
-0.4323509346165908 -0.9717998617755121 -0.2321677872359329
0.5288070542479559 -0.8731172934988507 0.12123315842751925
-1.0409443362275166 -0.8743664538045053 -0.7267914482771927
-0.3423114089117849 -0.9805999896127169 -0.2345767685591751
0.6255091323707749 -0.8664683058044709 0.11615031273965304
-0.24964989758238065 -0.9802068838199389 -0.238590783756929
0.7252896604748944 -0.8507443942165303 0.10961549790505831
-0.15822283089161093 -0.9849139766718196 -0.24180228201742704
0.8252754022231459 -0.8354180271899487 0.10308068307046359
-0.06407526539612185 -0.9804581352577273 -0.246619290989595
0.9209491211515823 -0.8346270333031569 0.09872429879311984
0.027481426972755685 -0.9858503175691098 -0.24983078925009305
1.0182437548209204 -0.8294918765077632 0.09364145310525362
0.12319080050135955 -0.9773589543516081 -0.2554507919966751
1.1218195608131563 -0.8059233697801176 0.08565443070535128
0.22043051675163738 -0.9644946850048832 -0.2618737885176712
1.220994927046183 -0.7968715357310288 0.07984536202554171
0.3150423278651395 -0.961478054372499 -0.26669079748983915
1.3219035019235097 -0.7835126616473254 0.07331054719094698
0.4125991988494935 -0.9493658582308022 -0.27311379401083524
1.4245914030077724 -0.7658709025414865 0.066049747782988
0.5045928215128264 -0.9565189939939138 -0.2763248154341751
0.6009785312948841 -0.9498643593788216 -0.2819448181807571
1.6273998777560905 -0.7411849198856935 0.052979879695219445
0.7004396055121447 -0.9341575601832517 -0.2891708084761673
1.7846736785098152 -0.5706982743023659 0.021757536250395226
0.7941658648961951 -0.9376728524076405 -0.2931848236739212
0.8849591555581702 -0.9509443932805581 -0.29559332816000516
0.9833388492864437 -0.9410645826294513 -0.30201632468100126
1.068086122635398 -0.9737927172422118 -0.3012133309065872
1.1542551961368392 -1.0021232399372337 -0.3012133309065872
1.3076478568982957 -0.8295078836722993 -0.33573586432333524
1.3958974032289593 -0.8540000390343607 -0.3365388580977493
1.4904707287769252 -0.8601324753129447 -0.3405533501326614
1.585106805676439 -0.8666214830314516 -0.3445673653304153
