-1.8954800097030073 -0.7437342142014707 -0.4501405804719243
-1.8837126444582566 -0.23866445110665957 -0.6547629683579717
-1.9462488380790575 -0.6727192914809788 -0.6603479235734258
-1.6400554205596478 -0.20424388929149195 0.4014115781222072
-1.6013871693993451 0.7019975493899615 0.19958366459948684
-1.632763975030926 0.2557543773104669 0.19491828984362747
-1.6613347939919691 -0.19289484077644303 0.1902475506697383
-2.0148698056072476 -0.10328249410934731 -0.021655604180267796
-1.9308843683486856 -0.6022848430544876 -0.026580676373413548
-1.7118670653643733 0.17148338354616932 0.5244476050768581
-1.6827660603693175 -0.12115674618593353 0.5244807750616756
-1.6497211720518692 -0.4132250982406198 0.5244973451529231
-1.7955758822385235 -0.22594352832336106 0.3782279045019832
-2.066731984571902 0.062111356154645136 0.23312731093508865
-2.0330512886216923 -0.228628429014746 0.2331613451872554
-1.995445319507212 0.0115438969117303 0.08630849427325393
-1.9768036997552798 -0.2813854677530365 0.08647949999911453
-1.9344079526242695 -0.571164022957614 0.08643676346881057
-1.9653614111979465 -0.34003720139797977 -0.04527656727688645
-1.9281178094077518 -0.6304742408336779 -0.04527656727688645
-2.091708903275901 -0.12158372933024708 -0.20511268072979782
-2.0239440273297618 -0.40773708830364797 -0.20547400408642624
-1.9869468839462172 -0.6979761358011807 -0.20547400408642624
-0.9494072887387546 0.6128712681401076 0.8184098797549095
-0.9286665330585038 0.3161772138486043 0.8184063882265773
-0.9188823354604807 0.01816493266334973 0.8184011532623854
-0.7564332135042662 -0.25992728914718555 0.8184229694936958
-1.3191028161217986 0.2172137466666122 0.6707309932146754
-1.4682764874839336 -0.10037583166513642 0.6710294634733882
-1.4798058466592607 -0.39893544145793136 0.6711080223952022
-1.2492841021282146 -0.6668801938644684 0.670801684323379
