-0.6487429795503488 0.7151460122019184 -0.7168276528324933
-1.0381646562160967 0.7175295621569653 -0.697614930054173
-1.4553561465415328 0.7424804294431198 -0.6763365487065167
-1.4316944081595437 0.7129865937922304 0.20876357755996278
1.3983871101071799 0.7590024196480503 -0.012348196884617302
-2.013576358872868 0.5886001433160697 0.2273077746424823
1.0096583116761622 0.746663813236129 0.0027963896784930498
-2.0461144438142895 0.34019566612255403 0.22203633985854676
0.5679841300459572 0.7733458315030557 0.0209927340541034
-2.091840107033647 0.10043974214409168 0.217435814956203
0.15591678769780515 0.7827659890877783 0.03752515516616395
-0.18168994774664782 0.7431959022030199 0.049798943618312386
-0.6292603602706777 0.7830403344500994 0.06842658720351746
-1.0310734613479866 0.7938042829827445 0.08444736204482606
-1.310807044502468 0.7330046713703613 -0.7948787430729718
-1.3793052276937203 0.7692602059204408 0.09739039144851258
2.185384189782198 0.4351363463614977 -0.16826655664108703
1.3569294883241554 0.7164214012287147 -0.1266343811955304
-1.9367683400961084 0.6265470614512161 0.11522553167678407
-2.041748035442282 0.4309337827775366 0.11399123869277528
-2.0105877630375204 0.13513253107469403 0.1047332068476825
0.06537587169982828 0.7754720243458699 -0.07202317514084289
0.4337741392166379 0.5212761792754055 0.8153185626063495
-2.0451291335040054 -0.11383644698700301 0.09923598966933778
-0.22706372368250527 0.7049259642981127 -0.06199719705246398
0.054293212571778326 0.5095737367490365 0.826226212600246
-0.2837602806343824 0.47129831174109427 0.8353733798060565
-1.1251962121659744 0.7910206145111687 -0.023157856842503044
-0.6377391847972547 0.4465006320062006 0.8452067156825214
-1.4570143533478301 0.7553610740622876 -0.010725043198093864
-0.9221225134284481 0.3743476560142689 0.8520576735530048
1.8240680569335979 0.7045731872084531 -0.26180913247726867
1.3437238343426827 0.7515820953756904 -0.23998191156052062
-1.9739208921014324 0.5841394726803024 0.005304791549220589
0.889128438959105 0.7845799043129809 -0.21968867578171203
-2.0992272583174554 0.4033704579385571 0.005237557509913948
-1.4273268090150566 -0.08634082125973741 0.8575191279444843
0.4560055081112182 0.8061613705552375 -0.20067670144699523
0.7233615859106521 0.595969059302826 0.6942696352992206
-2.0225233173014203 0.06027194600050123 -0.0075407246556133956
-1.521371084581034 -0.3076532233325793 0.8557746192011981
0.0295874676681791 0.8125314571248445 -0.182424328705296
0.30013939507585974 0.5986939860839744 0.707385995009914
-1.6177202058941873 -0.5138632102327865 0.8543603201899677
-0.3691854125416256 0.8164075476698915 -0.16546561517380187
-0.043895909804405164 0.5766914313324332 0.7175276061091571
-0.7211789667478286 0.7492817584011107 -0.15253760614059875
-0.4827878565272101 0.5687858913329702 0.7308223029170184
-0.822453607411731 0.5886200547021687 -0.15285517968796203
-0.8373243539754753 0.5865493643213426 0.7420177241358905
-1.5410727965630144 0.8275129715044987 -0.11593415536545226
2.0951838141915147 0.5905383591516671 -0.39261843957565734
1.7117246737312257 0.584285767872311 -0.3758247117009015
-1.9693981992205494 0.6337113061892019 -0.10367705621384093
1.2792907005557907 0.6138821131793257 -0.3558995942082257
-2.076796125518925 0.4264086974046162 -0.10526110925339172
-1.8322736231580166 0.2215630806972868 0.7646124144587665
0.8224322280837555 0.6356197706273914 -0.3351748208012433
-1.8285766587990793 -0.0692940598370253 0.7583703776393085
0.4444991129181659 0.6062492665193435 -0.3194425324406476
-1.7930099435908176 -0.3576953652580084 0.751185872176662
0.043079522986118945 0.6233521018931221 -0.3013913849797101
-1.7494440322886788 -0.6676294299099172 0.7432665606532245
-0.35588575000716105 0.6277824713602893 -0.2838652352299542
-0.6563290558523533 0.5653833230451131 -0.27263715066574523
-0.9524906224911547 0.5017229810007358 -0.26168372430466125
-1.5892614423534326 0.6841647126138142 -0.22874524392746398
1.7777039189692374 0.6216815499718926 -0.4933064202275128
1.3635530805340608 0.6244024216503501 -0.4743345002140851
-2.0375843546537453 0.4644273163354935 -0.21606423654221008
0.9047696181007154 0.6605892510272948 -0.4523985604252667
1.1039319145826738 0.7607943230561123 0.45702336035110047
-2.1633157507247347 0.2838789547295981 -0.21615578927658508
-1.8979692097838239 0.06268325625585724 0.6524786730799823
0.47978028098478376 0.6768460131549752 -0.43264272012375304
-1.8121945848895393 -0.2757999282273129 0.6422667284999042
0.07607121868002764 0.6813600202809642 -0.41425349511764953
-1.9191458815299 -0.48699479205246554 0.6408872386012225
-0.3439165340715249 0.6727431823071921 -0.39558341302536437
-1.9363522820997332 -0.7519791014047268 0.6354565402064472
-0.6663780826619643 0.6394502817665337 -0.38210418023727843
-1.1251395265415454 0.6913617350212888 -0.35996653833054015
-1.4766722423188696 0.697172424958266 -0.3440859536137433
1.404297323101659 0.5536237348783022 -0.5934484223332257
1.0236604276768588 0.5361861228598155 -0.5761258820500226
-2.1675867362601053 0.38096722680803907 -0.32323815621994445
-1.785128967105237 0.33473580681684467 0.5442633410487323
0.6059941251537566 0.5192810777079959 -0.5571148613896222
-1.66394492548298 -0.04162704777414561 0.5315933009181171
0.1879079915172639 0.5471261562066498 -0.5367596367802472
-1.7593145505707497 -0.24724501073425387 0.5299491663966327
-0.2440429097054988 0.5738685783231343 -0.5158465126957745
-1.7752917448019332 -0.5122547469081393 0.5242786189112811
-0.6710732991712831 0.6002868905402696 -0.4952256897892804
-1.0484720012311186 0.5944920037365495 -0.4779703835453839
-1.498298177263237 0.6432407786874776 -0.45570113458298156
-1.4000683639655875 0.5601678756711248 0.42567870817519715
0.9538167118206786 0.8172799328242188 -0.6785419205632062
1.0050548308793452 0.7837572700707724 0.23242972097732117
-2.15330796418759 0.3009599314464584 -0.43672110833786437
-1.9594804454196435 0.14605464214849206 0.4350271006617694
0.5559328297875226 0.8278394358786123 -0.6589763382878155
0.5697616673735553 0.8196621425181707 0.24928949079848817
-1.861304970792773 -0.20098282982698024 0.4232458849940448
0.18104763957700243 0.8114851610397587 -0.6414277771916241
0.1535490764890426 0.8317407345756855 0.2648391505274921
-0.1850961782537297 0.7915868056930933 -0.6244685868229718
-0.21272465583210476 0.8120221226535236 0.2777545233760028
-2.0181727093254977 -0.6378439200381294 0.41788122854568055
-0.6692434635375974 0.8569265002532802 -0.5991680840458722
-0.6152947911773481 0.8202204247771157 0.29262206755019715
-1.0096031396539757 0.8243602649855681 -0.5839622239079327
-1.008996357592025 0.8250167760011866 0.30703995428420594
-1.447159217704808 0.8632060253987728 -0.5618579606022687
-1.3694730387921652 0.8089353511802866 0.3196985503230243
-1.9244782025657656 0.40503558351696967 -0.5543768624272198
-1.912137272511572 0.39693831636827426 0.32899902067519715
-1.891652967457219 0.35284661241515636 0.47098419866897157
-1.7720791971391208 -0.04826519492668879 0.46614215574599793
-1.5758867530800842 0.8323103794714761 0.2675418635401874
-2.002226744060067 0.4783847592518793 0.28056953153945496
-1.887748622635641 0.7792839783771743 0.08327529630996278
-2.0948947939027533 0.8345324595306796 -0.0840194443669171
-2.069470181598035 0.5199426420040059 -0.2994706849064679
-1.4364714293230065 0.5413080624826012 -0.714096806427464
-1.3435954417253697 0.1217721185798748 0.8440301199946552
-1.5881320592227866 -0.2476751995370936 0.8498570700678973
-1.5304065873193906 -0.6448721612847006 0.8472211142573505
-1.8380223333511623 0.5552013179335127 0.6643168707881122
-1.8172712098896397 0.16311011934447706 0.6626949091944843
-1.8028835190960706 -0.22876463731804186 0.6612205287013202
