1.9357492973318386 0.402470734818988 -0.29888232222173494
1.6444859588196437 0.6119485007463341 -0.2717469500598697
1.5088126794633325 0.5609484002753939 -0.2703440951404361
0.6951534433607236 0.5303646021997963 0.33466164597894865
2.051445521301389 0.5020090668023931 -0.36846287718389314
1.797809379458883 0.6462640908471631 -0.34720690718267244
0.3200062095932168 0.6235814325085594 0.35181419381525236
1.6621801411794763 0.5946835580118259 -0.3457530306873111
0.18735123763343609 0.5731766598704153 0.3524626923504086
1.465899086899256 0.6466974704901016 -0.3339722918567447
0.016375762686209328 0.5933262077715513 0.35874001511957365
1.3003216787366796 0.6480153262944421 -0.3273633288440494
-0.12337639845777915 0.5572039176754133 0.36043231019403654
-0.25843246121910113 0.5128382830217939 0.36141316422846037
0.8980495372634323 0.7723549223061354 0.26596586236383635
-0.4614837076107108 0.5966831400293016 0.37261025437738615
0.8544179347480565 0.5637231270506575 0.253673477262518
-0.624165926383256 0.6065147010734373 0.37781159409906584
0.6919673244865265 0.5634752647928041 0.25871579179193693
-0.7703705741343896 0.5861147653387055 0.3805391026439877
2.015261173286106 0.5049674186054061 -0.439270334154108
0.5127193938131 0.594387980898591 0.2662829590740414
-0.8610021096366438 0.4815678294045851 -0.19048579207036775
-0.9141995496659234 0.5618768863137245 0.38290850648309904
1.7898522192508324 0.6023445226403163 -0.42240126600835604
0.3266695846223939 0.6391972331223288 0.2749315930309506
-1.034647702747364 0.5152895895034808 -0.18198569288823885
-1.0556912792290376 0.5337761863174366 0.3849181366863461
1.598332132420495 0.645116427670188 -0.4112437533435611
0.1411711756109213 0.6848815271934194 0.28357688912775236
-1.2016861173218842 0.5151298788330347 0.3876282406749936
1.4350750813733981 0.6415516789836762 -0.4049218463001041
1.6678795201690946 0.23885491786718838 0.13418595322992521
0.054185198694568726 0.551961222656205 0.2773849202099057
-1.3160953089817298 0.4347385876682104 0.3853885365429135
1.2895864721773762 0.6085411729288568 -0.40168078413579744
1.4407066333927077 0.3429926816842208 0.14862553605463225
-0.1274814797668995 0.5781587620929729 0.28453390130426603
-1.4080140464587032 0.29364412032992515 0.3785053921642514
1.0856926839617103 0.663174690614885 -0.389254407793024
1.1335964989601877 0.5742942450994439 0.17412392625238615
-0.3299065231031193 0.6447587106108124 0.2949363423290463
-1.4882723850311805 0.15893085257844852 0.37169568070795256
0.8972071291206305 0.721517027601247 -0.377197580247858
0.9917853377027654 0.5503720546802722 0.17713133820917326
-0.4766010305512083 0.6681856127698209 0.30078618058588225
-1.5534444132089646 -0.023469761631330854 0.3612977696361752
0.7474891957575096 0.6992788018867264 -0.3730939196643619
0.7503261535962196 0.6882776508216937 0.19415823945429045
-0.6009703113288367 0.5910073475284916 0.29923169145014006
-1.6131191257184696 -0.21928909304696464 0.34982530602838713
0.588073303766194 0.6950243597137238 -0.3672374056873111
0.6226223120154799 0.6275860825332895 0.19415919312860686
2.068362588303046 0.526880803280549 -0.5122874545154361
2.1657003326208297 0.3318967067952725 0.0508553219738217
-0.7556673103324982 0.5935798057749437 -0.25528653135869783
-0.7634316950644688 0.6014454056192253 0.3045913411083432
-1.643541739050633 -0.4779869961305767 0.3333870602550717
0.4240177382259418 0.7001404403565781 -0.3605063723621158
0.4971684982003808 0.5629979488495112 0.19378201493646818
1.8683579146855749 0.581164691501824 -0.4995468424854068
1.9777323046036912 0.3645984967076705 0.059613390058538496
-0.936154232445773 0.6399955701884545 -0.24529297819707674
-0.9072103603691204 0.5771719326207911 0.3070470524730893
-2.146306890985798 0.26934554817077316 -0.16543515196416658
0.28678948005969573 0.6580630669268688 -0.35861857405278963
0.2893504176286257 0.6471513342059731 0.20598785409357268
1.6740736695721807 0.627841134307257 -0.4877055453357486
1.739436005254845 0.4839521727205085 0.07593314179804045
-1.1548422900804667 0.7625370748176428 -0.22795613279912752
-1.1056961515833024 0.6598962307258871 0.31819693574335295
0.08234208522942765 0.7387227661547096 -0.34441836348150057
0.14719314066425682 0.6143298673867985 0.20819131860162932
1.5106703199418234 0.6239408184711674 -0.48124249449346346
1.537596531129509 0.5443691610023276 0.08695451745416838
-1.2773632699658464 0.6998204317668613 -0.22877057066533846
-1.2308666431345898 0.6014264668853171 0.3177427483501645
-0.06171926446270959 0.7110534120375842 -0.341222124010065
-0.01881824596436843 0.6258642470592317 0.2140931321087094
1.3600473902555024 0.5992398622313626 -0.477025346666315
1.3489861724396803 0.5842260124483154 0.09608141908075529
-1.3562216827893252 0.5433961812011701 0.31728021630670744
-0.2341531145609963 0.7365300141814197 -0.3327501582202701
-0.17977016873649632 0.6293450862874277 0.21924917230035978
1.1659059991832095 0.6163340750427313 0.10444681176569182
-1.481764287780166 0.4858170533763211 0.31681077012445646
-0.39206214240991244 0.7364549151247468 -0.3269232081470279
-0.31926893742067364 0.5939685248977717 0.22106377610590178
1.003147713815821 0.6146873068560499 0.10977904328729826
-1.5719774150848735 0.3572286378867826 0.3105272484722348
-0.5216863434608143 0.6842677467616056 -0.3263862895068912
-0.5172818709962428 0.669209912697351 0.23214213380243498
0.8307589007147129 0.6310816109956621 0.1166216565075131
-1.6650786694382305 0.23331884206833564 0.304595632642767
-0.6715202682413519 0.6557649989397802 -0.32325299254033846
-0.6858075161760127 0.6760081800270754 0.23761527070429045
0.6587317995869313 0.6482508720757858 0.12345926293756682
-1.7478876615647039 0.08722930118954775 0.29683749207880217
-0.8067192355454722 0.6298842176901704 -0.32048781385991854
-0.8232866145247755 0.6546179644252668 0.24019591340448576
0.5053917907889769 0.6478709630867874 0.12843529710199553
-1.8295789320344653 -0.04671661744569633 0.2898375225963803
1.959106675148476 0.49796883777646617 -0.5824883746204166
-1.0076132564021236 0.7163072274256539 -0.306310014635065
-0.9714401849479231 0.6394183591614899 0.24347273835565764
0.31093728309204494 0.6936101007946851 0.13787929543878752
-1.9072874380041327 -0.2225143147028703 0.2798320485058041
1.779698926961487 0.5185714378480109 -0.5731437968311099
-1.0915989635263088 0.5777629677859624 -0.31461365690801424
-1.1285841961772007 0.6425697068252045 0.2482287121715756
0.15687255776087738 0.6825361749456134 0.14205019006159025
1.5627625294184924 0.6043287940428232 -0.556953267961481
1.5610133167408264 0.5876364176498816 0.017249031156560957
-1.31649704983748 0.7145432809201333 -0.2955940531787662
-1.2719108836612634 0.6197249421723292 0.25075165757562834
0.026880734402610074 0.6283477885229924 0.1424237919750424
1.4195795610845323 0.5665215876974834 -0.5540107058582096
1.4177323752758895 0.5498612138626342 0.019635362714788496
-1.4151727185260228 0.5974538549166626 0.25326888093378264
-0.15787896022607129 0.6754601090735575 0.15151326188471037
1.2538960335497933 0.5680524911134901 -0.5469616221484928
1.2419314991270909 0.5687181108183106 0.02704875001337248
-1.5516836254607256 0.5623757040521156 0.2546655369701596
-0.35859000424024146 0.7541670920391903 0.16325561532404143
0.07819491091755992 -0.08066669626372924 0.6707379055919858
1.0065176892592262 0.7127143167284755 -0.5248425768909244
1.083916778997576 0.5581089082325894 0.03174654969598967
-1.6704866316323859 0.4920912428017692 0.2530824376049252
-0.4858530561460981 0.6974554672850131 0.16323272714044768
-0.06138713434803833 -0.12129138338367351 0.6717905236187192
0.88160385373304 0.6261220317512501 0.04341237077142912
-1.7939709397917625 0.4311503535461556 0.25223509797479826
-0.6435585241688244 0.6985119163576012 0.16813675889398771
-0.18936886793578367 -0.18344891858552081 0.6712910366955014
0.704566928203505 0.6517314311539222 0.05120007523920256
2.2511678236954538 0.5364847159494781 -0.08347638121221346
-1.908920936599742 0.3527174760948002 0.2498923970165463
-0.8281155227044223 0.7886270221775336 -0.37648947706792635
-0.7917718182027471 0.6825692683459161 0.17151705750848967
-0.32217639118090347 -0.23630643705232668 0.6714019013347836
0.5206322434837034 0.6911889253149308 0.06014673241998869
2.066922811579005 0.5821352240907203 -0.6528132723865299
2.0248605428086393 0.6326031202198283 -0.06834061613652986
-2.006856427713913 0.23873843960267127 0.2445656491222592
-0.9045927389460644 0.6364073898609135 -0.3862756060657291
-0.9329731038809825 0.6539567731987965 0.17375223168756682
0.37844354636789035 0.6574473320194985 0.06249920853998381
1.8619360042006434 0.6448726335676369 -0.6386197375354556
1.7994870364276636 0.7298622981784364 -0.05320675840947908
-1.0960103538433117 0.7056029644643305 -0.3736022280750064
-1.1266563957959477 0.7278522233271598 0.18471853265192228
0.21697623415958844 0.6591902917088737 0.06794754990961271
1.6729035280606155 0.6829247487630052 -0.6272199915942935
1.6742799287668078 0.661116736910393 -0.05350597372625154
-1.250455934453825 0.7047617776941797 -0.3681233691272525
-1.2470473775439075 0.6605750827304631 0.18352357873346525
0.09167936904253793 0.5960443569871217 0.06757299432184416
1.5147138910623283 0.6704027333217573 -0.6214068697986392
1.5007965663618137 0.6744075335071118 -0.04629381170842928
-1.384429213109641 0.6645917704153073 -0.36669571867559236
-1.4104751450359743 0.6782265235976315 0.1895426941814633
0.1333526519368604 0.20414265027175738 0.607487363904974
1.3843382244459121 0.6112760549103022 -0.6207197474536685
1.330168260223516 0.6841798353417792 -0.039481716066339434
-1.5534294622079727 0.656477177553648 0.1921354962291928
-0.045555948794614665 0.23794259657933026 0.6140248013439389
1.1963543268419699 0.6516884499457181 -0.6093343066272525
1.1498666688652293 0.7119609833539311 -0.031091527849176348
-1.6985453604358867 0.6397723065642733 0.19510333070184904
-0.4240001024360538 0.6686982018341778 0.08930222520258146
-0.21459808949823866 0.25495849750678623 0.6192847920360776
1.0362088880731761 0.6455074918039383 -0.6030734347400455
0.9550998629609921 0.766500325695179 -0.020328836351373614
-1.8457634971127561 0.6281185192775416 0.19844595918085295
-0.5818667702504001 0.6694912351145508 0.09433762559320646
-0.3622761631839495 0.23302296669275258 0.6216723156872006
0.7609581075507208 0.821962392105748 -0.009569482713678301
-1.964387023365859 0.558827318589171 0.1968359185161801
-0.764998144068656 0.71950731016394 0.10363976487543303
-0.5006016451327042 0.19401614880129792 0.6227795315685483
2.1133871623138134 0.4425529437544897 -0.1575945185718326
0.6288058071261986 0.7699108006794777 -0.00871785154912752
-2.1441551668217897 0.6155742506179482 0.20587532052423674
-0.8796943494211433 0.6620701185034417 -0.4548776911792545
-0.9084079256631981 0.6952045398838731 0.10633532533075529
-0.638968705790532 0.15553682504247135 0.6238795948925229
1.9564840616541233 0.4240427548798289 -0.1530326174793033
0.4745860019642407 0.7574549625679232 -0.004306869417169512
-1.0482751758058413 0.6868737972364141 -0.4465225504932193
-1.0105983004915942 0.5917494734210162 0.10203139314081389
-0.7613551086872832 0.08654065099263875 0.6227406693401547
1.8378441591351447 0.34188948246667294 -0.1545432375964908
0.3807610136379793 0.6580933510829858 -0.574824647813776
0.2647646083910189 0.8458327814095847 0.009215278715154707
0.4152903489423494 0.5691293046099535 0.5507814122143002
-1.2141810082490707 0.70798787399064 -0.4386308955249576
-1.1996031502384312 0.6571901959746658 0.1124862862529965
-0.8635451526275801 -0.02200389214221765 0.618722362607977
1.7188889736860347 0.26013194799530925 -0.15606244078252596
0.1928901152766258 0.7076949033145308 -0.5629971789417056
0.13287805377132145 0.7956028426287158 0.010048551649114668
0.2896389160469255 0.50526757059973 0.5503496361675473
-1.3616844351304422 0.6943180060718417 -0.4344080256519107
-1.3383001488701893 0.6257273535438097 0.11438672074701506
-0.9572425136552454 -0.14806737429394712 0.613417072385809
1.4489008806041852 0.4370356013562615 -0.1333168314990787
0.008001620866124881 0.7538058750156056 -0.5516398715076236
0.10629298953367083 0.5468830823291357 0.5577568245830746
-1.513542336591712 0.690139681549419 -0.4292748736438541
-1.4994026813708246 0.6393309670608689 0.12016956338312346
-1.0112390832936597 -0.35416634894094745 0.6023549271526547
1.1829044547491918 0.6110657301126645 -0.11097462645147127
-0.045582480548617355 0.5323504046466807 0.5609089566173764
-1.6646453268372454 0.6625512715171107 0.12672583588983732
-0.3296045752065453 0.7707513594854518 0.023614568799993574
-0.20678689854771903 0.5360176912574106 0.5653642846050473
-1.8052008939282587 0.6373424724557744 0.12899868020441252
-0.5178485857977222 0.8282503148145279 0.033946676343938886
-0.3559828087688004 0.5183709578606903 0.568178339094183
-1.9523000720707557 0.6261156168015694 0.13243309983637053
2.2518812820953116 0.5741149953073394 -0.22594864836309236
-0.6839986251035839 0.867633696357462 -0.5146363543567447
-0.7031275173784763 0.8822292957420439 0.04387943276788908
-0.509739281941421 0.5101550532972707 0.571640892118475
-2.0644175162907175 0.5437497711140358 0.12963358888055998
0.4649964119753349 0.7300743254918256 -0.07666428557012361
2.1389826332007544 0.4824409483937897 -0.22828276625249666
-0.8061425972255449 0.8032888541435543 -0.5154269503650455
-0.8252434289496904 0.8179253421471593 0.0430890751781674
-0.649409058382858 0.47606744414030633 0.573133869260809
0.3375063302841852 0.6704072998216226 -0.07660372725103182
2.0282703382297598 0.3868563789690729 -0.23103888502691072
-0.8940130236331925 0.6731315101802728 -0.5232256220874576
-0.9475864611556943 0.7540423934028597 0.04229061135675627
-0.7660560847464097 0.39827637903460467 0.57134501466181
0.2899237058663857 0.4595674751491545 0.47676579484369475
1.8153082797172146 0.4629442523120799 -0.21728260984990877
-1.0648097330377482 0.7024037284756179 -0.5142305659351138
-1.1341535825755642 0.814594700591055 0.05260746011163908
-0.8624291405135267 0.28096446984769674 0.5665988160076352
0.14477116934104117 0.4311689499044 0.4790183735790463
1.6056654097180996 0.5358004833625625 -0.20394165983770174
-1.2306375839311272 0.7235728359196001 -0.5061729716357974
-1.2792144143479192 0.7961622660335808 0.05576984414484221
-0.9571191599926294 0.15945253835729822 0.5615147782268735
-0.03601130424975452 0.4691408000110453 0.48630110749628264
-1.3713136693375674 0.6966409508444187 -0.5032561587390689
-1.4332020130843404 0.7960947415193775 0.06051604279901701
-1.020838372375394 -0.024125177979955836 0.5518297387066098
-0.1784884271940541 0.43763462342721393 0.4882060719433041
-1.5780118263992478 0.7788609353936717 0.06366745957758146
-1.090102571940463 -0.19877306420079321 0.5427874756756039
0.27826400739769497 -0.6878310819501552 -0.7578938769397525
-0.3467782387671292 0.4551239594319503 0.4938005639019223
-1.6982611498852975 0.7131478811605483 0.062439127058050214
0.12974233630195897 -0.7159250623590614 -0.7544372843799381
-0.512375916413248 0.46893933448605907 0.4990545941295834
-1.8320046273017283 0.6746444688841571 0.06358901986505705
-0.7471975042145118 0.6449341133781452 -0.6012657450732974
-0.6568054346676178 0.44371279945463726 0.501279039472601
-1.9460688355581226 0.5963806144154669 0.061151189893743574
-0.9137646436733888 0.6647111775438619 -0.5930355357227115
-0.9484494429002837 0.7093851511092533 -0.03052862158391756
-0.7965795388854957 0.41020749152933433 0.5028249455394955
-1.0708424414211777 0.6675145771711479 -0.5867117213306217
-1.08943422477671 0.681371804540972 -0.02808912268255037
-0.9660708465478791 0.4348943263737768 0.5087365342083188
0.43141781522169254 0.5662872626925113 0.40857164391901213
-1.2299403497878956 0.6754176868156243 -0.5799172686633853
-1.2326574402113977 0.6583531776652372 -0.025250034242608965
-1.0693364054954628 0.33150662462779135 0.504887266248724
0.2768211761573127 0.5547644481730964 0.4122888279857846
-1.3910188134748438 0.6884506594860174 -0.5726512240466861
-1.3735731734586238 0.6314615490727142 -0.022822694688775957
-1.1708454627952278 0.22395282995734167 0.5006913376751156
0.13196855485442427 0.526401039308535 0.414623184293768
-1.5249575581571264 0.6488028903299661 -0.5710995959338931
-1.5368243623574642 0.6496544798240684 -0.016338663011529864
-1.2504983490310622 0.07210391732228505 0.4931194020214291
-0.04141821382768285 0.5512016321472322 0.42108456620599943
-1.7552698564761187 0.780082991438527 0.00030080804254728477
-1.310977726792359 -0.11981924079572792 0.48250405320551115
-0.2049332471542442 0.5592170505582956 0.4261635971966
-1.8711173322464987 0.7060406111760411 -0.0017569827136783012
-1.3659577157452958 -0.32516431830719306 0.47086398133661467
-0.3728626718503847 0.5767533869189299 0.4319271279278012
-1.987270669339182 0.632386435432629 -0.003823118120172442
-0.5147406433458599 0.5465258050913233 0.4338943196239682
-0.4101801755388834 0.07712096302788041 -0.7423461245593814
-0.6658908674739621 0.5345439815937327 0.4372348023357602
-0.9008817955680826 0.7134465868632374 -0.666055993944147
-0.8307179744983699 0.549717119955103 0.4426390362682553
-2.1446313351163866 0.008806580951371323 -0.04669530859563631
-1.0806898732285077 0.7603790987051262 -0.6547358798084049
-0.963168660390167 0.5035663456642556 0.443208856672308
-1.2485985217620623 0.7859905926637829 -0.6458442973193912
-1.0888972380402606 0.4445898495037497 0.44273607262994963
-1.3710227541534294 0.7236228803777784 -0.6466615962085513
-1.1831978355872792 0.3237890161568444 0.4374217225017758
-1.2556965143046028 0.1586715743068332 0.4286441040935727
-1.6972261916190092 0.7541491832739577 -0.07238085737798494
-1.329129646523839 -0.006378279235591755 0.41985313424493986
-1.8308310115582884 0.7156491967758809 -0.07114203444097322
-1.3791713109781227 -0.22052334639963167 0.40724913606073576
-0.2543786282216587 0.6116761253525702 0.38523213395502287
-0.7007976014631367 0.3758547295325245 0.40443722733881193
-0.735046379695234 0.10535012973314473 0.4048890305462094
-0.7652754934573807 -0.16547411215931973 0.4051150513591977
