2.2776779138034584 -0.020499229268725827 -0.5566381792184512
0.43750236892990557 -0.37954290169103544 0.6668668409231504
2.1253945404260435 0.27953663786737515 -0.5648044923898379
0.37693291028334386 -0.054457561437134316 0.6636829992178281
2.086767876838053 0.602629181211551 -0.5667666772958437
0.3077115396292527 0.268897336871607 0.6601100583914121
0.21016367252018853 0.5868109422864602 0.6553464551809629
2.1891768945424275 0.1590136494573997 -0.7239064554330508
0.39763828963615566 0.521143334536939 0.4979692121389707
-0.10140372827884647 0.7620272129031651 0.4760256429556211
0.01751667122439926 -0.5013724092611902 0.31726747950347267
0.8013766043243749 -1.0489066466674402 0.2042360921743711
0.060193420125202124 -0.5273742679908064 0.1695800443533262
1.0278041989045477 0.6752790305165917 0.2128081937673887
0.6373061949352348 0.9346992342997638 0.19437366923125587
1.6719273463723923 -0.2647380782271167 0.06391865214141212
1.7488409431754661 0.08378567498574085 0.06737572153838478
1.7046069805124517 0.40722440617203937 0.06498629053862892
1.5977810026129973 0.7183308834653079 0.059554638469537124
1.3791871324678269 1.0083764648038969 0.04872471293242775
-0.29636362562701635 1.0261161038279667 -0.03196471730438866
1.9587642860605072 -0.30640262441833244 -0.08525842229096092
1.9229374668100618 0.018398457076973074 -0.08713620701996483
1.8441951604690558 0.3344162584481083 -0.0911917070504824
1.5509170333681723 0.6084872143749429 -0.10595363179413475
0.2236745819281225 0.68528436168973 -0.17214196721283592
2.0519373342560314 0.07675460486085228 -0.24345201054779686
2.020635792613234 0.3851919075414667 -0.2450928072091738
1.8304524181236062 0.6788489031673421 -0.2549609521981875
1.5272007910491112 0.9848908372021299 -0.2707118372079531
2.2003653540869976 -0.20873160693097148 -0.3984126428720156
-0.2927915712753375 -0.7060546544157305 0.8043079992178281
2.138744993781927 0.09335717434635527 -0.4015726427194277
-0.38546139492599707 -0.40169137985652625 0.7999168058279356
1.9654970893202162 0.37317783971504426 -0.4107212404367129
-0.4967609147697871 -0.10084023790827601 0.7947683950308164
-0.7966000903307204 0.1804618227363175 0.7821899076345762
-1.571569485056763 0.37220214241425786 0.7510386129263242
-2.027658076012351 -0.6749797345162776 0.6927023549917539
-1.6744686741896544 -0.6445728676165849 0.730917515361627
-1.3971915710181406 -0.5922363104235604 0.7598686834219297
-1.256992472926342 -0.4972516418953621 0.7720280309561094
-1.187352178584419 -0.37986856570205774 0.7755022664907774
-1.131482713934588 -0.2581297604741781 0.7772393842581113
-1.0893220714361647 -0.1318913242177544 0.7772393842581113
-1.0420185052050428 -0.007400852614608766 0.7778187414053281
-2.3389701086522052 -0.726754992543567 0.5214524885061582
-1.048120127747012 0.12836810460928127 0.7720280309561094
-1.847606263085389 -0.7514010482886029 0.5787020345571836
-1.070288032074508 0.27713899739930703 0.7639217992666563
-1.4690767295967149 -0.7225255229827336 0.6210432668569883
-1.1527679950489471 0.447615987247449 0.7482882161978086
-1.0881278202568865 -0.704093331201296 0.6639805456045469
-1.131543122699874 0.5822389205750707 0.7453933378103574
-0.7688952038888743 -0.6682871229881595 0.6991654058340391
-0.4781601020019508 -0.6252814577380637 0.7307716031912168
-0.3053560608447441 -0.5450915803728371 0.7474694867971738
-0.2594941331158722 -0.4233153974395609 0.748066010082086
-0.2226201518375035 -0.29852243696987557 0.7474694867971738
-1.962680141970253 -0.8206151749322306 0.3622265478018125
-0.20878021488898924 -0.1657833753205864 0.7438917775991758
-1.633687634049437 -0.7819352434746012 0.4001894613149961
-0.20381859402733937 -0.029735859602148196 0.7391205449941953
-1.2906962159396969 -0.7499109125541921 0.44001871546538673
-0.1842837512153963 0.10148498404766926 0.7361393590811094
-0.9762711638947223 -0.7110433953174731 0.4761148115042051
-0.18765430453193943 0.24102927876031544 0.7301755567434629
-0.5110301485292652 -0.7232699665506406 0.5321250577810606
-0.2045011160375978 0.38578018779738166 0.7224231382253965
-0.11701277554628575 -0.715368540145727 0.5788002630117735
-0.16010181810767676 0.5087801657479023 0.7224231382253965
0.24836976463921445 -0.700679090922188 0.6217413564565977
-0.20847967854597727 0.6658281337881071 0.7104960103872617
0.40653062799113826 -0.6188017434560891 0.6373000760916074
-2.343792811821352 -0.8943952184896542 -0.027324138080755844
0.43333056756772237 -0.4931343394218395 0.635432781780084
-1.9060383348002148 -0.8864794123028084 0.028586926067193374
0.44651583317024546 -0.3626701953002307 0.6316991468313535
-1.4923406764853908 -0.8741028708802219 0.08116966685088478
0.4508148103363965 -0.22889620957135293 0.6267200132253965
-1.1168165575951647 -0.8525375390004104 0.1284280439260801
0.46030931206450276 -0.09664661782356276 0.622364105785211
-0.7746311290145655 -0.8228945800582501 0.17102676829131447
0.4749787057188328 0.03401509121672852 0.6186299939993223
-0.4091099264533895 -0.8031216234602994 0.21695381602080666
0.4808044009367052 0.16808190236227638 0.6136513372305235
-0.09569778982125143 -0.7688076185355914 0.25555902918608986
0.46383484771916983 0.31074321646059033 0.605560841167291
0.5185913075946615 -0.8362451122878038 0.33676344355376564
0.44277968405666 0.45538327539109247 0.5968475957754453
0.43185254558558483 -0.6732558054427784 0.31879145106108986
0.48742041254224944 0.5761207585797692 0.5968475957754453
0.9559570435179339 -0.7163138275570056 0.38734919031890236
0.4163791301069395 0.7403261362118414 0.5812893529775938
-0.011344204418477943 -0.25184244390355914 0.2442441602590879
-1.4721033528429928 0.39160244377907283 0.030583920085748062
-1.4884696890402367 0.5403410567075966 0.021930756175835953
-1.0433786172246826 -0.7705887193966312 -0.3370556215402285
-0.28054371953730595 0.2554602483296442 0.18766695460112892
-0.6310606697443504 -0.7645978803224018 -0.2796940187570254
-0.04533877845406664 0.31015941357008536 0.21495682200225197
-0.24265424231150234 -0.7536732879352535 -0.22596257725922264
-0.0757494354936128 0.4596215537942463 0.20430714091094337
0.15478075508472244 -0.748418769428957 -0.1707791666146914
-0.2637404032223216 0.667412783729656 0.17102676829131447
0.5048994858414346 -0.7301254188120634 -0.12285655537811913
-0.1718818947334526 0.7734050379671782 0.1776834150198301
0.8312799264079658 -0.706209753299115 -0.07856458226410545
0.904163625077004 0.5106010630418858 0.3254476209524473
1.1527283091279301 -0.6828347846970839 -0.03499883214203514
0.8980120191345478 0.6490167317988451 0.3181262632253965
1.417812207042978 -0.6421616402402002 -0.00014585057465232865
0.7165163350264407 0.8548780171793098 0.28551107844146095
1.6033752017862923 -0.575437129427181 0.022363247478326187
0.6377434552158618 1.022876756408234 0.2675400396231016
1.6444079642777467 -0.45874674710100827 0.022363247478326187
1.6718774773602831 -0.3372001261322808 0.020185055339654312
1.7044381527170032 -0.2173842472131966 0.018732609355767593
1.7420774476880752 -0.09934757939658745 0.018006863200982437
0.5949994776288321 -0.8926483551445603 -0.679424224292914
1.7708462264786249 0.022003029831980214 0.01582819422515236
1.7768885056430932 0.15194986644480402 0.010019840801080093
1.2456778728231086 -0.8451253774116321 -0.5814761499520937
1.7741758488461912 0.28549717854581225 0.0027580877188047026
1.6967131962707356 -0.8676630118099489 -0.5108250955697695
1.744263165105366 0.42978965041978334 -0.008859095966498032
1.8486688778142408 -0.7899995119492331 -0.49155658284393944
1.7287940444333998 0.5691082638184106 -0.01829808751312889
1.9075866043648588 -0.6806752981425923 -0.4883455614205996
1.7138924508881175 0.7086908806491046 -0.027737555896917954
1.9715160906022007 -0.5732706149571456 -0.4843310693856875
1.6581295476833589 0.8648297049390319 -0.043712077533880844
2.012556085445368 -0.4578601127699464 -0.4843310693856875
1.6812056771670782 0.9904566213402699 -0.047342238819281235
2.05399925208782 -0.34259507369177555 -0.4843310693856875
2.072664062864277 -0.21900815951791053 -0.4883455614205996
2.0917968280569283 -0.09540686176011448 -0.4923595766183535
2.0697754833424256 0.043744755868129204 -0.5035991052743594
2.0898786653844255 0.1675180330151651 -0.5076140741464297
2.0735599956017623 0.30536911627028296 -0.5180506090280215
-2.11938274063872 -0.43152505801712593 0.7773600240591367
2.1084558304969008 0.42396403579045483 -0.5196565965768496
-2.0730974002977263 -0.3033596428094043 0.7779260297659238
2.0058104518817785 0.5961847154944699 -0.5453481058236758
-2.035812384616854 -0.17229576539600444 0.7773600240591367
-2.0216556162599204 -0.03355961376918515 0.7739639898184141
-2.0116923642801083 0.10679485734774552 0.7700019498709043
-2.0106152911031856 0.25041260588668024 0.7649074216726621
-2.168818921861117 0.4487798226497546 0.7405686994436582
