-0.15822184679869622 0.43351636684381845 0.7483797987363348
-0.35100103379348724 0.546771287923292 0.7374654730222234
-0.6635587992512999 0.6257640252558598 0.7185588796994695
0.6069643335910904 -0.6508694160897246 0.6920147856137762
-1.0995405588905207 0.6806223718380657 0.6915327032468328
0.6774616971975593 -0.41500637302934784 0.699655624236823
-1.5869885951351748 0.6896902233765552 0.6607118566892156
0.6552952731913457 -0.22765143320235026 0.7006593664548406
0.5875251613595314 -0.05893928815521754 0.6984473188779363
0.5203586077492872 0.1100155011872932 0.6962395628354558
0.4769995858725853 0.28831649081438293 0.695650668945075
0.34127237572358027 0.43054619938911287 0.6886073072812566
-0.01293847916968005 0.4893312522573545 0.6663676222226629
-0.9833667449956867 0.5151940351153534 0.6036978681943426
2.3388230013793603 0.3403798248876395 0.022809120025397256
2.277688561909388 0.5051096271185589 0.021070571746588662
0.5933804710091319 0.43181229770977936 0.6140581091306219
2.4120655593010376 0.4836802938959668 -0.056779293213128135
0.7577665995796767 0.6314987196644939 0.5370207746884832
1.1790248391883882 0.7563548508065825 0.29799995025611015
0.8633615569641719 0.8266303527219456 0.2760334928891668
0.8645416919307554 1.0194542983435095 0.2790070494077215
1.6465203709899274 -0.07649050602882745 0.2291623075864324
1.676309284038961 0.12815329251623098 0.23484811386084647
1.5727865441614313 0.27845310390948264 0.22968396743750663
-0.1951494172729582 -0.5916331678147113 0.8267608602902898
-0.37535723758704087 -0.464531979793982 0.8171888311765203
-0.5088832403988768 -0.31799800418903423 0.8106637915036687
-0.7070184089406215 -0.19632182015287647 0.7998615225217351
1.033188607625073 0.8342921869254987 0.19852361282324882
-0.8304906473523097 -0.04456505167741831 0.7939415892026433
0.9411900986989483 0.9910345961618088 0.1941100080869207
-0.9441772496951302 0.11141126875163643 0.7886339147946844
0.17800003466509118 -0.42074236204721416 0.7595039328000555
0.11882580437514001 -0.24665104967192875 0.7578969915769109
0.0602729726922675 -0.07238880936152547 0.756296249236823
0.03950544779281984 0.11663176712671941 0.7572136839292058
-0.12008004389992877 0.2513541979416569 0.7487088163754949
-2.3998107991293436 0.3252966315329626 0.41227206787085624
-2.34160369103373 0.328789573161389 0.39886722167945
-2.317407724566567 0.2869341005917061 0.4055696447751531
-2.284839733752764 0.2562704219412275 0.4072452505490789
-2.238039478044535 0.24418157898941217 0.40054282745337577
-2.1998811571720607 0.2207126361375895 0.39886722167945
-2.1588941296252893 0.2008163943053809 0.39551601013159843
-2.2983187906716926 -0.048973507690240226 0.4960528334043035
-2.266987506423418 -0.07965021221578183 0.4977284391782293
-2.229907039303324 -0.1030576496881892 0.4960528334043035
-2.2194262914045675 -0.15967627560892872 0.5094576795957098
-2.176677304308102 -0.1759395238764938 0.5044308622739324
-2.16962893030456 -0.23623192008194138 0.5195113142392644
-2.1479739415480807 -0.2782358377249512 0.5262137373349676
-2.138513415188383 -0.3348073585242819 0.5396185835263738
-2.1082707487315764 -0.365968534482521 0.5412941893002996
-2.075125162070014 -0.39361191221936664 0.5412941893002996
-2.192078155325196 -0.6647002410112464 0.6418310125730047
-2.184469817673622 -0.7206920436357347 0.6552358587644109
-2.1679344660678552 -0.7659160532788079 0.663614364471198
-2.136184229791782 -0.7933489607030921 0.663614364471198
-2.1014316524743952 -0.8173448790297204 0.6619387586972723
-2.1134214350196654 -0.8945295647551497 0.6853972395322332
-2.060255455220066 -0.89746879117817 0.6736679991147527
-2.3721796743388612 -0.7274152475231119 -0.6141504327394953
-0.20106707060337747 0.5401791944408618 0.8231950720212469
-1.9944688737649194 -0.8866083369946498 0.6552358587644109
-2.314042481093959 -0.7229236679427391 -0.6331681291201106
-0.15153875854438326 0.5198171949095318 0.8176690061948308
-1.9316582380743377 -0.8796023100475487 0.6384798010251531
-0.13191188532883125 0.46796601458049025 0.8245769461057195
-1.881343720377254 -0.8868991015521654 0.6284261663815984
-0.08920503131270507 0.4403430109667923 0.8218136747739324
-1.8405002711094056 -0.9048855439678984 0.6233993490598211
-0.04656901453989626 0.4125490845258195 0.8190504034421453
-1.7964996386463543 -0.9195768868143723 0.616696925964118
-0.014074837405187779 0.37426385855117417 0.820432277526618
0.011537533363704 0.32902239157545843 0.8245769461057195
-1.4293245820513203 -0.6494992966248869 0.45751342376685233
0.04709567129577863 0.2939743964109489 0.8245769461057195
-1.3971730481155067 -0.6795113872527452 0.45751342376685233
0.06896434390115047 0.24518675298463677 0.8301030119321355
-1.3424954620245195 -0.6856506581502799 0.44578418334937187
0.10082616928712262 0.20654705680251695 0.83148440917945
-1.3072257335409532 -0.7125503409918981 0.4441085775754461
0.1359571670775619 0.17118894133330365 0.83148440917945
-1.272039069160643 -0.7395852801364509 0.4424329718015203
0.1709629366252461 0.13570735948344037 0.83148440917945
-1.3480685300853548 -0.8820928600036719 0.4977284391782293
0.2127238686507784 0.10681752749103168 0.8287211378476629
-1.3167298567406966 -0.9123875061030837 0.4977284391782293
0.25440576443591745 0.07775705383818021 0.825958343353034
-1.2822051081575907 -0.9394219595232425 0.4960528334043035
-1.8392268009248713 -1.008200910769121 -0.6796564141848078
0.30639650637707305 0.058524102602879324 0.8190504034421453
-1.2444574534960058 -0.9632292917744323 0.49270162185645194
-1.8144903303262225 -1.0434225100722063 -0.6754302064516535
0.34448331787700326 0.025769425953708236 0.8176690061948308
-1.14045673020388 -0.920264656738393 0.45583781799292655
-1.777522547807525 -1.0654668047403373 -0.6796564141848078
0.39292291564697734 0.0027933156293737937 0.8121429403684148
-1.0892880117841273 -0.9312748117062295 0.44578418334937187
-1.7219744155587051 -1.0678630888538443 -0.6965607682802668
0.46230970840113805 -0.0006258225197832701 0.7983275373837957
-1.0080370829226712 -0.9126253844677521 0.42065009674048515
-1.6476384319141903 -1.0508067222937783 -0.7261446992495051
0.5107490664003329 -0.02411030560741345 0.7928009947202215
-0.8025767102063526 -0.7719097643252031 0.3335181196591863
-1.5855979449877822 -1.0472741600600894 -0.7472752610781184
0.5485909864220861 -0.05762730888810985 0.7914200743100652
-0.7103385773125837 -0.7447135245164009 0.30335721572852226
-1.5202893730948226 -1.0407998341195697 -0.7705191651918879
0.5757347885614763 -0.10106480941809082 0.7941828688046941
-1.4642922741187068 -1.0444450844518638 -0.7874239961245051
-1.4271932714913529 -1.0678425085140066 -0.7916502038576594
-1.3425383307033485 -1.0428811744119493 -0.8275727311708918
-0.6144342161110341 -0.9047348390718994 0.3184376676938543
-0.5797593167717867 -0.9343494861224411 0.3167620619199285
-0.5417467202875361 -0.9608685706671043 0.31341085037207694
-0.4865953354071699 -0.9714604429160332 0.3016816099545965
-0.4348554338066766 -0.9855333719235642 0.2916279753110418
-0.3692426079343907 -0.9870898192772088 0.27487144073462577
-0.3000484885255901 -0.9858159659531047 0.2564402540586004
-0.230728103633961 -0.9849168713348266 0.23800811370825858
-0.14379620280413796 -0.9686130905470645 0.21119842132544608
-0.10224161350857308 -0.9936791898012434 0.20617160400366874
-0.032588263572971954 -0.9938749845272987 0.18773994049048515
0.0371844019038452 -0.9944488631737105 0.16930827697730155
0.09291043670340038 -1.0078293599662569 0.15757903655982108
0.1983927780132948 -0.9781666761055305 0.12239083847022147
0.2650129682277669 -0.9830377966442434 0.10563478073096366
0.3281516947250189 -0.9913345507427582 0.09055432876563163
0.4164446831034283 -0.978564508664931 0.06374463638281913
0.49416846893120514 -0.9754366719677208 0.04196128448462577
0.5720394904900168 -0.9727445051702066 0.020178409423590615
0.6428254238717308 -0.9765264084839771 0.0017467459104070215
0.7173414060581642 -0.9776866089595515 -0.018361000213860557
0.8028880164255146 -0.9702774701861312 -0.043495086822747275
0.8922641963613245 -0.9603758748688485 -0.07030477920555978
0.9781808092540292 -0.9539604955604517 -0.0954388658144465
1.0386003966526598 -0.9687266709701152 -0.10884371200585274
1.1431903931152405 -0.948489197535503 -0.14235630432152657
1.1705925219910434 -0.9904103029361995 -0.1406806985476008
1.3457930214712501 -0.9157188912660352 -0.20602932373070626
1.3955426582739978 -0.9408946527019477 -0.21440735260033517
1.4898853976942146 -0.9316104821528253 -0.24289265075707345
1.5881590728392485 -0.9199986475896527 -0.2730540315248957
1.7016110456927755 -0.8975024835063365 -0.3099178353884211
1.7216286439435304 -0.9470003056516241 -0.30489054122948556
