0.4235554260526726 -0.6475761216268161 0.08903419063238083
-0.06584905235143879 -0.5889819327387507 0.049789538837947234
-0.3857046865646083 -0.4446899195042562 0.029321780659236296
1.1237913711224365 -0.6252051186284397 0.002797236897029265
-1.6866433419184546 0.7424597598777964 -0.02603519871088089
1.192268571452047 -0.29438438834406 0.02561294124273239
1.1416979414422883 -0.023662454076514905 0.034851184345759734
1.0385136423020924 0.22087116431804432 0.038060298420466765
0.8914248959108164 0.44410437018032667 0.036252131916560515
0.0960624908210832 0.6538423644334443 -0.023610958598576204
1.6883255240550454 -0.5771822263638171 -0.07857883884759964
1.7477716759072877 -0.2522623761838574 -0.05643833591791214
1.7150491310921723 0.02551675404157905 -0.04504288151117386
1.6343552023043912 0.27904226127030896 -0.03926933719965042
1.6426184270896869 -0.9837607589212922 -0.23757923557611527
1.868852990008051 -0.5727703706437346 -0.19530857517572464
1.9370683988809816 -0.243862467903881 -0.17178524448724808
-1.8582706771450717 0.6978635691327248 -0.3327072949633223
1.8820574166607997 0.022303330202689153 -0.16283405735345902
1.6094454265523694 0.18095399040879556 -0.1793736310228926
0.7844167159105524 0.6615994791124393 -0.22991836979242386
1.970949253941157 -0.31302401678160763 -0.3050755353197676
-1.5452308717065364 0.7541716109567034 -0.43906582310052933
1.9245457723415171 -0.042483657160104826 -0.2949456067309004
-2.1700249441836093 0.7678857322125481 -0.49593819095941605
1.8212414407270359 0.19939106003722884 -0.2916888089403731
1.7143491561412532 0.4393919171728342 -0.2889489026293379
1.4830408237266965 0.6190816301644873 -0.30100811436029495
1.2521618122127478 0.7999823150087408 -0.3130501599535567
0.6985087798541088 0.8283484128291789 -0.3631371350512129
-0.8357309831699808 0.10606072479210837 0.5499936251416582
-1.0013711142714072 0.32760279392541847 0.546725383259334
1.9800653081952646 -0.8818201526319207 -0.46801269962640824
2.2108014271815364 -0.4695160010021553 -0.42385853245111527
1.9948909263320758 -0.28423579197165694 -0.43404663517328324
-0.18973554778699508 -0.4811234292636648 0.4389325289502519
1.247910023444291 0.5219685576827011 -0.461199650310002
-0.2541333238285972 -0.21245671243434217 0.44629012630132614
-0.34894505024402633 0.04115754138116401 0.45037852809575973
-0.6810123742403391 0.18176174096929998 0.4296818880811113
1.7928327571688527 -0.6344721812517271 -0.6054142804369551
-1.1120123848534718 0.2775916022902969 0.39871703670171676
1.84290745016267 -0.3141806517238912 -0.5829819531664473
1.9344471785880302 0.025231375429115133 -0.5556296200975996
-0.26358096888598936 -0.4699910410475532 0.2973271517529863
-0.09050707580152562 -0.08630371209343934 0.3300591616406816
-0.08613662247627474 0.2140443664819358 0.3446751742139238
-0.1749091603660844 0.4691306640901409 0.34928905055669723
-1.713999001731608 0.6449044572168638 0.22843085811284958
0.18580586861696702 -0.9230977015536013 0.1770878939404863
0.052688395150426004 -0.6883600486511554 0.17734443233159958
-0.07962493845133167 -0.4531235130560738 0.17761146114019333
0.05732594589998996 0.21058539782634256 0.22138034389165817
-1.464826196246733 0.08541238875015722 0.0856581835523027
-1.5314406433702885 0.3556829753924049 0.0927983431592363
-1.989805798941802 0.44409036876078645 0.05776034877447067
