-1.6153526608953115 0.6245229746920771 0.32632849626424054
-1.7170208474845765 0.30645122515239365 0.34922049455525617
-2.2432510107572057 0.44793786221490706 0.2418482106197093
-2.245928015327223 0.16367037844965182 0.2543642323482249
0.4202033373956766 -0.7370409541558942 0.04087183885457257
-2.1852122241264738 0.6911010728586007 0.08934805803181867
1.4060545474249864 -0.7391513547093211 -0.05231453962443133
-2.243767860888468 0.38815420187997063 0.10825083665730695
-2.1992463075516895 0.1189898208929634 0.11573431901814679
0.35155485005280696 -0.8181134988105825 -0.08927323408243915
-2.2325507339266863 0.7581534529611744 -0.04559685773966571
1.5377367523713446 -0.7624152979479462 -0.20583798475382586
-2.248178991861508 0.4689536009421218 -0.03118969984171649
-2.2365207450983036 0.18920048002497936 -0.01994397230265399
-2.244883456360043 -0.09630738215497558 -0.006582995129802427
0.15742636430240964 -0.7916334466066459 -0.21140458173868915
1.3049884105020766 -0.7453237712294225 -0.32579972334025165
-2.252963262452141 0.5496826636560499 -0.17072560377238055
-2.278847911780531 0.2577729550440324 -0.15505959577677508
-2.2632252754828386 -0.02019567720206794 -0.14421917982218524
-2.2296605635540203 -0.2920713814822449 -0.1355149943363454
0.1942354969822162 -0.9857318713768706 -0.34656598157999774
-2.303285314535742 0.8003974178967965 -0.3135993678104665
1.3130364150169527 -0.95053227732501 -0.45965268201945086
-2.347061171123272 0.5021911257074763 -0.29555966444132586
-2.292609483914319 0.2363344901720339 -0.28896691389200946
0.4920079230426353 -0.6262176825496013 -0.532054682446697
-2.059485903762308 0.5495315196771742 -0.46349789686320086
1.529769872788819 -0.6124192609801113 -0.6378305155765798
-2.260535204673573 0.20119966689026825 -0.4269292552006032
-2.240326882071031 -0.07528059197933601 -0.4163968760502126
0.683206536550216 -0.9065688762682527 -0.6800563532840993
-1.928099614484438 0.6745723786788744 -0.6198947627079274
-2.3320354624778474 0.2604246710783187 -0.5586068827640798
-1.3343035061743365 0.03684107395422842 0.6978695195186351
-1.3426681079767206 -0.3647189629715868 0.6883013051021312
-1.439810913565097 0.09256506731844638 0.5344192784297679
-1.308437784828655 0.5702318818507592 0.32605288438679914
-1.341495409743473 -0.22573129152893756 0.3076469700801585
-1.3555993610567612 -0.6258521644076325 0.298044423388264
-1.408235684322804 -0.2034906971669912 0.12128374986531476
