1.7042545695618614 0.799646338326891 -0.5398584767067707
0.9697284494825027 0.7879967972610888 -0.5353969498360431
-0.4698389554590321 0.7642115034543657 -0.5267399712288654
-1.1001510334455844 0.7114435202913754 -0.5240000649178302
-1.8526579685582902 0.7294773233232945 -0.5187920494759357
-2.0563242703376616 0.45124980290000316 -0.524257795401839
-2.0859668489163496 0.07694182647988868 -0.5331739350045002
-2.1171838754494487 -0.29772361834695005 -0.5421096249306476
-1.2043077725922302 0.6723204990410814 -0.6963387890541828
-1.9786325573737926 0.7032095405757879 -0.6894735260689533
-2.173608689601778 0.4206307970944909 -0.6950436993325031
0.08273130500439407 0.5301645294752699 -0.01351513106468083
-0.6673497520610283 0.5392983087352992 -0.011995927878645674
-1.2230701983716585 0.4479460453218973 -0.013011352607039228
-0.6764493958568139 0.9388406826794693 -0.1759420796120441
-1.40310324296658 0.9387333381089285 -0.17354764182212712
-1.957953595161726 0.06988335453636196 -0.19136156279685856
-2.032786981797287 -0.2808130478583237 -0.19906987387779118
-0.1022747630059655 0.5550991033593391 -0.3602959080422199
-0.7772902286996413 0.5248457467112253 -0.35774053771140935
-1.3460931452212108 0.441292981454664 -0.35696067053916813
-2.106804654664579 -0.3156849262065702 -0.3711146279061115
-2.0632739719821913 -0.3526857034446955 0.2852499322211468
-2.207971131378251 -0.5836583680061107 -0.5074230595314777
-2.006127857077672 -0.5455224435566173 0.28462515633461116
-2.1565370380796622 -0.7769696627292433 -0.5081008835518634
-2.1008620439153702 -0.969619256368583 -0.5090047283852375
-2.102044880462671 -0.30013725923786794 0.18609247963783382
-2.0839965197842787 -0.5002828049153454 0.18675194542762874
-2.1269498284499733 -0.34676926550387854 0.08720181744453548
-2.1876202985668414 -0.5616834912072353 0.09067426483986019
-2.1311924834033675 -0.7541475630118253 0.08997975151893733
-0.6619608724548556 0.028773181531217773 0.7529291943824017
-2.2415756137668623 -0.3496572596124956 0.0013071135794842093
-0.6427768509968459 -0.17641612066968904 0.753379447869035
-2.115692250136327 -0.528825677549964 -0.0019594593727862986
-0.5506207203849698 -0.36780071739743114 0.752141220978471
-1.3108787367055825 -0.12955059561372373 0.6665506200110638
-2.176054942457803 -0.5007305511070754 -0.10986532408836247
-1.267691701920917 -0.32779620019844025 0.6664293841635907
-2.026103015205777 -0.675786336412969 -0.11426009375694157
-1.2202809391073401 -0.5252859854314522 0.6661867932593548
-1.9602440119882303 -0.8670620793240058 -0.11540641028526188
-1.833109564196782 -0.18077328488681133 0.5787266330039227
-2.1271601985391513 -0.4314889240216946 -0.21220173079612614
-1.8244605928363313 -0.3837575727608442 0.579506738594743
-2.109570291498649 -0.6315055262516616 -0.2114025517189777
-1.7232063263877464 -0.5691550429734473 0.577816589287492
-1.8232001448554485 -0.40505839016871725 0.4791254834449017
-2.114667829652845 -0.6538724182484206 -0.31100477416160466
-1.7465854781174173 -0.5950868154977922 0.4780156449591839
-1.9848644573228214 -0.8330719079984892 -0.3149663372719562
-1.957136978958431 -0.227557701236492 0.381550891808244
-2.1098424704313246 -0.46087510401086185 -0.4127541943276203
-1.8946473726996231 -0.4197880644962435 0.38081346314308284
-2.1316346715339947 -0.6682970009487565 -0.4101475640023029
