1.5734751255037978 -0.7538299418393777 -0.43376651912713804
0.18636103661636128 -0.5172463868230892 0.5882347473523541
1.8840670944510762 -0.5395682857235684 -0.4311331859209613
0.24080467147458506 -0.25874337835649186 0.5845082649609967
0.23688288229410404 0.00884419046498408 0.5802076706311627
2.059740206086225 0.21557854959397815 -0.4412240138628558
0.23191071185701162 0.5445074163582717 0.5715714344403668
1.889976396294884 0.505307032661797 -0.4501000991442279
1.8445177941203568 0.7752832026771088 -0.456051265297182
0.4889692709861464 -0.4971021908918871 0.4586969265363141
1.8801821269733097 -0.6180604752502319 -0.5587896457293109
2.1142565855240036 0.12753361056694246 -0.5672623267748431
2.111798253638433 0.3889319032438081 -0.5722016444780902
1.9279474452957075 0.6814922732257216 -0.5818449607470111
1.7824015666213597 -0.5517845056205601 -0.6914033046343402
1.8818617984279769 0.478756671365268 -0.7083739390947894
1.8412633059629187 0.747868981596028 -0.7145024886705951
1.1511904534378417 -0.5337543539680567 0.07445772975897036
1.45459797369206 -0.3041981498861617 0.07479747623419009
1.5542189915102895 -0.057283042470764656 0.07197007030462466
1.5389802970301716 0.47094953797899564 0.06266459316229067
1.5081438705519687 0.7395396252639728 0.057577694358579734
1.6645370218597861 -0.6647925087041671 -0.04545584827447691
1.8123612023256541 -0.4259844111743263 -0.04725233226800718
1.8783712965544836 0.08643163503737838 -0.05512396007562437
1.831338698329084 0.3559659748338788 -0.06058231502557554
1.676871856048578 0.6442845526785135 -0.06807700305963316
1.695170471837173 -0.38254718630236084 -0.17919245868707456
1.8685981568116716 -0.14818555738845163 -0.18030015140558042
2.0450761342629136 0.34592265974738723 -0.18600574642205991
1.9990197049723761 0.6151975492878279 -0.19162765651727476
1.6534667548872406 0.9368714965628655 -0.20341626316095152
1.6270712032696366 -0.8830980132144575 -0.3009771457293109
1.8562777656486276 -0.6693223728967652 -0.30036321788812437
1.9565805344088005 0.098232718582004 -0.31217375904107847
1.9391947865136174 0.3626091754104621 -0.3172890296557025
1.819277867315158 0.6447589512754774 -0.32471314579034605
