-0.2901985781894041 0.8268469942299461 -0.041281491438085904
-0.5905188288151493 0.7650264071375776 -0.03111532322519528
-1.3892804985454887 0.7891875153453718 0.0005676449144531581
-1.910706252521095 0.6224984575892645 0.016396254381005892
-1.9640530442868425 0.38888324419603215 0.012328595002954135
-1.9822706644069967 0.12844068637326167 0.006161898454492221
0.19792112033555043 0.8538087365291567 -0.17267182461374508
-1.9656451362136664 -0.15919387588817102 -0.0021040736829589513
-0.18055738605467297 0.8439613723149755 -0.1575386821424316
-1.9344310459349856 -0.45940645634756194 -0.011306315580541959
-0.5706982423566558 0.8449561482294499 -0.14169624439829098
-1.9047057328815669 -0.7602863165771563 -0.02051642529123532
-0.9968174884211862 0.8742713582271264 -0.12369659535043942
-1.3246640933465414 0.836267481516531 -0.11149862400644528
-1.878284904430032 0.6923172524458661 -0.09316709629648434
-1.9957761765791275 0.5059178164348346 -0.09354045979135739
0.5642479921533976 0.8040358256544433 -0.30242589108103024
-1.9130379090149745 0.17158230211893866 -0.10597422711008297
0.4961130848031132 0.579209302354986 0.6031551063860108
-1.9883165459381047 -0.04754809288844086 -0.10901668659799801
-0.2505743737780506 0.822844457603571 -0.26758888355844723
0.11665872222873475 0.568589720861512 0.6145648659074952
-1.9805631021028773 -0.3295037875844429 -0.11712792507761227
-0.2458977059134213 0.54860931400356 0.6252407730425049
-1.0584410708347747 0.848309783667812 -0.23305967442148434
-0.6079379523489763 0.5307131780653176 0.6359026134813477
-1.4105796152962 0.8281665867060273 -0.2189381419812988
-0.8720688392492661 0.444924292313555 0.6422288120592285
-1.8752344307951887 0.6203450043442906 -0.20547202221506344
-2.013107909794357 0.44872286480206114 -0.2046249210035156
-1.4103892902778625 0.009573013804718755 0.6497969330156494
0.522479783470942 0.8586887791048579 -0.41262343517893063
0.7693210319469017 0.6641607721615301 0.4825346172655274
-1.953342254392055 0.11727631530884963 -0.21650722614877926
-1.5088328270120996 -0.2082750296028273 0.6483556927049805
0.15349238764062534 0.8262888070701297 -0.39742949596994626
0.3749056136208111 0.6481498527442291 0.49488851436025394
-2.0208426873648335 -0.10775048661040643 -0.2201736270582031
-1.5814758145448025 -0.431911094022869 0.645988196214502
-0.278038314005542 0.8540590456146084 -0.3778729736005615
-0.6068122258170661 0.8122830905133256 -0.3647966682111572
-0.3722719588721617 0.6362887779751674 0.5185465515459229
-0.6928915773741409 0.6133378240799647 -0.3667502700483154
-0.7234514150341056 0.6250108425537668 0.5294964016283203
-1.4126872908189938 0.8687012137289987 -0.3283782302533935
-1.8771170824841334 0.6607763989056057 -0.31446459881418454
-1.9302829074447487 0.4271293820727653 -0.31902697674387204
-1.71140568832908 0.25625569701494655 0.5530326069200684
-1.940278462250376 0.16076837912459396 -0.3264408408796142
-1.6858059532738707 -0.03770289414732453 0.5460138023698975
0.46185415639986616 0.7199311812116509 -0.5273599921857666
-2.0542689599162998 -0.043282068740195356 -0.3276443778669189
-1.7350244385157936 -0.30536252536353103 0.5418502987230469
0.07402399740968235 0.6876339078731775 -0.5108537971174072
-2.042566088604474 -0.32803670941359897 -0.336626082578833
-1.6416013183193172 -0.6394362110256253 0.5317802131975342
-0.2979444479420721 0.6881304433745026 -0.49415686718576657
-0.5536946675784833 0.5947998640488894 -0.48547223202341305
-0.8987672057974123 0.5667612578962 -0.4709196387922119
-1.518772515572664 0.7393377289230418 -0.4382062255536865
-1.9675672238634974 0.5208877204355247 -0.4249329864179443
-1.9771626670897007 0.25476454019009687 -0.432606249967749
-1.7680837544159544 0.0764220497081336 0.44015571483022464
0.525304529175159 0.7430036724315876 -0.6431474982892822
-2.0361043418217264 0.024000071724550764 -0.4370823203718017
-1.7755221774902026 -0.19391039690385625 0.4343695343340088
0.17081596806099242 0.714419137977897 -0.6275368034040283
-2.343906249178289 -0.021316157041702866 -0.4250059425031494
-1.8362201436789007 -0.4257222806066743 0.43114086993581546
-0.2526225890296132 0.7367286323798155 -0.6072473823224853
-1.8301040453449104 -0.708714772790147 0.42454811938649906
-0.561221711057712 0.6806569938812288 -0.5947003661786865
-0.9873809397584381 0.7104584864325023 -0.5741625129377197
-1.3924285141877846 0.7282094381810484 -0.5550189315473388
-2.096289679176593 0.4227757448504903 -0.5324311553632568
-1.6852020910187946 0.3568939445280055 0.3329536617601563
0.6329401139700792 0.6112810430059739 -0.766008406797583
-2.0823910864901762 0.1389810004464742 -0.5420275031720947
-1.5947131299138704 0.015703843091433356 0.32195970424062503
0.2658630752239475 0.5910581025385397 -0.7490663825666259
-2.1098494561619816 -0.11549017293128117 -0.548873454252417
-1.6705019808775887 -0.20450318261020684 0.3194105327928711
-0.17822205028740257 0.6276143157910994 -0.7267265617048095
-1.691172099835967 -0.46652117571726315 0.31396648295766605
-0.588836380157602 0.6436796883695521 -0.7066803275739502
-0.9581134773609818 0.6330984977255554 -0.6894951163923095
-1.4037557309230237 0.6801143211390723 -0.6669135390912841
-1.3132825129646193 0.6047306888912409 0.21487709887868656
1.0757986460943982 0.8329897993515303 0.019343346437280307
-2.0797856437404363 0.35427898912343636 -0.6456442176496338
-1.8656944789737793 0.18613641934186376 0.22453472026235355
0.6221633394657857 0.8789838220358899 -0.8708677589093994
-2.0982739805624675 0.09414454265611027 -0.6532798110639404
-1.7764553624335235 -0.1552508882750665 0.2130522430742432
0.2309058724613351 0.8751037264495576 -0.8516483604108642
0.2368215356209049 0.8747993848706894 0.05220815547353519
-2.185935344301768 -0.11547546514291263 -0.656086474577124
-2.017015741092976 -0.25235356851889 0.21917745478994144
-0.1392779300148419 0.8591765499651434 -0.8339114486371826
-0.1949613930247267 0.901903107562239 0.06918928035146488
-1.9144936225602862 -0.6067745636269049 0.20681974299794925
-0.5701190174464728 0.8885464127150335 -0.8117852508222412
-0.5238477074344416 0.859582735224171 0.0805613697374512
-0.922784926042425 0.86552322232912 -0.7952485381757568
-0.9582630054067067 0.8943404875076126 0.09773847468740238
-1.3602285004971293 0.9055394692685841 -0.7725649177228759
-1.2496283332017413 0.8299040053704481 0.10707089312917484
-1.8145298122557705 0.4309193468130115 -0.7662134467756103
-1.825826630236378 0.4425785639636075 0.11887809642202152
-1.8324688243230867 0.1702721481322751 -0.7740831672345947
-1.8798737535860397 0.20855828166322432 0.11497327693349613
-1.8506950803131303 -0.08807817821173458 0.10636469729787601
-1.8829823019754173 -0.34049003613617757 0.10110160716420902
-1.8313429916969 -0.6711581762893974 0.09070464976674808
-1.8873420530282772 0.19536443710597595 0.25166746981984867
-1.7396690248621383 -0.20923867649422512 0.245888680299585
-1.7736086026413886 0.691525056548107 0.0549254120195557
-2.0073227848889985 0.3223231751711779 0.061521500428979525
1.3186459197291498 0.7401142989704841 -0.2465894519483398
-2.010999442814537 0.633362477493792 -0.13164904705637204
-2.0188105455187753 0.6719389845794428 -0.3060541450177978
-2.094307346666284 0.36599288943772024 -0.5178847610151123
-1.6742141588091073 0.834788154023828 -0.7271485625898193
-1.5791361817239675 -0.015698329546070866 0.631494730790918
-1.6262223698798124 -0.4027599257679473 0.6317722500169922
-1.6746467546936117 -0.7896429549412751 0.6320500076616455
-1.8477705144770198 0.39890698671320024 0.4455039203966309
-1.8784846207697115 0.01133031561338882 0.4453565777147461
-1.801092191120233 -0.3868000000671632 0.4419648350084473
