-1.5507074387609592 -0.8622189620647802 0.255642938916226
0.7848873603100799 -0.6529535249274758 0.2687762263460356
0.44273359275511837 0.293248398622751 0.25144212276174605
0.38683482075342823 0.6003404512207737 0.24616711169912397
0.941191710889747 -0.606990977282166 0.12431197196676314
1.3351485760092459 -0.3814307745489458 0.12413172752096235
1.4736852426843043 -0.11303895150532384 0.12101655036642134
1.5294538016830472 0.16968659314778733 0.11693005592062056
1.5567110864610072 0.4576541968040715 0.11249165565206587
1.834179438973642 -0.49824607208933 -0.012978863413791064
1.9181524211040326 -0.22198651908049527 -0.016633581812838916
1.8948341002351086 0.07340760556737536 -0.021742295916537646
1.602321194599078 -0.677781387400934 -0.15616078346536577
1.695556308418908 -0.40233844263432417 -0.15961141556070269
1.9758767663065129 -0.40860240413571347 -0.2992373225049776
2.1192255297655223 -0.14343585036944262 -0.30176694362924517
2.2241019915595004 0.12807316486566123 -0.3049627062635225
-0.10845893102852955 -0.2517195641211103 0.6964341881914335
-0.07288876111401521 0.04004054549341163 0.6921585086031157
2.1382756713337017 -0.5104716220580983 -0.438090872462253
0.0031035761781623705 0.3246678036624786 0.6880509141130644
2.133624760257277 -0.21957557154507867 -0.44320161312387407
0.040713948788663856 0.6161369893519151 0.6837587836427885
-0.5064443788036499 -0.7820382375656649 0.5562841180010039
0.2914774310577002 -0.6178743377434941 0.5566626074953276
0.3553478090921729 -0.33265598882447733 0.5525746825380522
0.2970904566591841 -0.026065178003435108 0.5477134469194609
0.2842706837986668 0.27315634464337535 0.5431118491335112
-1.2850910824865949 -0.5942965409691041 0.40199892551137983
0.6026865708040248 -0.3172318572805395 0.40772168666555464
0.531744211312585 0.28696376027956916 0.39797275096609175
0.5692380440393947 0.5765920682275762 0.3936529639406401
0.6028415752262362 0.8670565677814608 0.38928370506002485
