-0.9306065958990359 0.6766364494188011 0.3703505483602676
-1.2290857713472576 0.6116406177568141 0.34266729030362697
-1.409837773243055 0.9550613531169478 -0.44392376270540623
-1.7122405051621001 0.8900160660285241 -0.4758713754678574
-1.949892170175346 0.9009278340168283 -0.49492006626375584
-1.1481585720572838 0.6935550318130339 0.2625357595419082
-1.3757036867436483 0.7125408050483184 0.2471687284444961
-1.423825475469826 0.9269842942170161 -0.6352408441568222
-1.7458322940812678 0.8396845014055412 -0.6720250162149277
-0.9138553215653644 0.742475650817715 0.1914116826986465
-1.16359543294368 0.7340628009887507 0.17169112834683986
-1.4723023954327914 0.6593347333976673 0.1414091077779922
-1.6644867256629254 0.7210161773085648 0.13228053722135158
-1.9647737703701154 0.6604152458719525 0.10378188762418361
-0.751962319942038 0.8210368652980318 0.11805314693204494
-0.9624502321394317 0.8571634975006415 0.10518617305509181
-1.24447427526178 0.8115992115448076 0.07921571407071681
-1.5174685605395695 0.7787632382646716 0.055044361684242205
-1.8074590588728512 0.7286739284921797 0.02790422115079494
-0.8373744468420483 0.9345402836554424 0.029205032918373064
-1.0314671483612585 0.9899720427281071 0.01917762431851955
-1.293923408950306 0.9675480811027573 -0.0035388978982773267
-1.5602104446876126 0.9427418638036098 -0.026849559214195295
-1.8336530355679344 0.9118650445521705 -0.05135898914583592
-2.0879817355828862 0.9046936217447783 -0.0722306283975449
0.04681182961728325 -0.2270987817086514 0.5470277753805313
-1.1713000707363364 0.843670400648497 -0.09872656193025975
-1.414738207679605 0.8442730792647328 -0.11808996525057225
-1.7108584080341416 0.7863243495991714 -0.1472566637063828
-0.40846130920363066 0.3783313371828303 0.5677277532552871
-0.5494023652332061 0.49617057453027513 0.567948052022377
0.47583324420043027 -0.367139824545367 0.47150869045011135
0.4317735242371583 -0.1283742833176973 0.4896451917623672
0.40459372706253305 0.12951325366319466 0.5105969396566543
-1.3574168618591926 0.9543207428444536 -0.19653969135530858
-1.5780561826621806 0.9821611917501922 -0.2118170770669785
-1.86045576440317 0.9131859008962184 -0.24141578998812108
0.09807168797772192 0.6043048384126131 0.5308124509786758
-0.15958661698627452 0.5790021280453868 0.5102469411825332
-0.42166096737003045 0.5647038520652607 0.49026221904508205
-0.6612585380619009 0.5648440670511228 0.47308416042081447
-0.9076875512291309 0.5586015481780287 0.4547941175436172
-1.4873598518018838 0.7360712223474106 -0.3312328371072617
-1.6695103065005412 0.8091395313925585 -0.3391707452798691
-1.949865966704948 0.771281081428528 -0.36604290333040623
-1.2060461236239775 -0.7541976958045726 0.13253230724088283
-0.2648408487857523 -0.7051057994935803 0.22483987483731838
0.7001624100253281 -0.6677140136694977 0.31966991100064845
1.1205973266579008 0.46215565225828215 0.33581084880582424
-0.04603111185956266 -0.7633918436448344 0.12570256862393947
0.6902518825552022 -0.6767021182656539 0.1980487791036758
1.49259283759541 -0.3671176850351703 0.2719342199300918
1.4820963335705528 -0.12175216247158538 0.2652646985983047
1.5451670365483352 0.10693871826911305 0.2662903753255996
1.4057455339844438 0.3834875869021328 0.24576682719937892
-0.7111918489334101 -0.8191350528217871 -0.06345491733797459
0.21964790818952906 -0.770070786544526 0.03098649654141994
0.9653871291971257 -0.6868874697563889 0.10559959087125392
1.922618549656704 -0.41481980358493686 0.19743270549527736
2.0282812635828265 -0.1976709600828812 0.20317239436856838
2.057180598819599 0.03702495126938565 0.20056314143888088
0.8895420741632591 -0.7668627816671361 -0.020934871103843733
1.9869956347997544 -0.5246740712396267 0.08780831966153713
2.16014147142414 -0.32318599775730483 0.10106963786832424
2.241869937909584 -0.10135532793944435 0.10425204906217189
-0.06739047011558341 -0.6194241423342479 -0.24635105457552342
0.8046501059579043 -0.5638411124849778 -0.1552379640603867
2.0142243348871034 -0.3490078516325905 -0.032316497232994124
2.129765115843398 -0.13448345893263713 -0.02530746784456639
2.313752923944733 0.06349081614996877 -0.01075058307894139
2.1281360284372965 -0.6022897995997525 -0.13278465595491795
0.22487703800204883 -0.16320710318543163 0.6268369642233047
2.2670625985010417 -0.39347003978684114 -0.12292366352327733
0.234449336470135 0.08208785778893102 0.6225320783590469
2.314644153226226 -0.16414192028811314 -0.12347202625521092
0.20127017082920418 0.3376126845012397 0.6139208761190567
0.20296606191438116 0.5855741797383267 0.6086589780782852
-0.4578204860052324 -0.47036870872252656 0.44636172923795314
2.2055019926250026 -0.34228033534902735 -0.24938659992464451
0.4919195490013806 0.06147581681719316 0.5257498708700332
2.340388933225526 -0.13295739801127127 -0.23992662754305272
0.4560175796636088 0.8245502569142698 0.5052940336202774
