0.28286228056215634 -0.7367263934493558 0.6509299924377112
0.28813686742684297 -0.2826148446996122 0.6440735509399085
0.653404541724143 -0.8371479342788852 0.4371987035277991
-1.492897960509282 -0.9858602292680665 -0.07843344902957394
-0.06409955679482948 -0.9815745013241681 0.02056891226803348
0.5855626128949112 -0.9643960291368181 0.06513840460812137
1.3300522458411876 -0.9850776311839553 -0.7771229097839685
1.12168277078014 -0.9117781847899273 0.1009398152831702
1.7054536678971814 -0.8797298370690179 -0.7493442842956872
1.3849034497855683 -0.7657097851458552 0.11555248999630496
1.8136759235507753 -0.6806525184704064 -0.7463063547607751
1.446643935512455 -0.5486556975388766 0.11445624136959598
1.4904040333296393 -0.3249528205111787 0.11189944052731082
1.5209435019189144 -0.09612349886299043 0.10824591422115848
1.4401646115259794 0.1744332041352301 0.09582525992428348
-1.0248597527861278 -0.9823973399239705 -0.16301434731448605
1.36986475252872 0.4423222021467623 0.08413512015377567
-0.31773553791971665 -0.9785251007053084 -0.11289542412723019
0.3792196393195155 -0.9760587648365906 -0.06352465844119504
1.1130670616627327 -0.9913833776335252 -0.011160785913118865
1.5546679339624774 -0.9083275824291377 0.01801306510006473
1.7473284713175943 -0.7389644416063454 0.027363364935269807
1.865419638869561 -0.5435203644461737 0.03072983527218387
1.9232749070985449 -0.3263453690232403 0.029233997106900667
1.9491732876089003 -0.09719898690861228 0.0251193692687659
1.915236703951905 0.15475176048746064 0.016142909765592073
1.7797292548279202 0.44599562789001723 -0.0010618517395348803
2.1317515510396134 -0.5795753746937038 -0.06159394478763058
2.1099302828584 -0.33411131050813125 -0.06963055825198605
2.1358320384274165 -0.1055688591545838 -0.07384055352176144
2.1019146449511865 0.1458195380333578 -0.08302634453738644
1.9577092593594045 -0.8346265416683032 -0.2919468233581872
2.019213739338184 -0.6195464582184513 -0.2931470224853845
2.1002090668117717 -0.4114786345339425 -0.29274695610965207
2.1725767318553366 -0.20026087643273982 -0.2931470224853845
1.7884455038743852 -1.0103286001787168 -0.4124583551880212
1.9853885758024674 -0.8433946968290016 -0.40182917809451535
2.0984066481100783 -0.6470597816741268 -0.3985585520264001
2.0763475258187327 -0.40160919078279633 -0.4071440050598474
-1.1711257520849188 -0.7298921061922989 0.17255455756222293
-0.5530476086639524 -0.696391509441856 0.21256453299557254
0.5023644972329535 -0.820032560012816 0.2849302937987952
1.0714949403075522 -0.9591687533488944 -0.5830220530029626
0.7190756812914714 -0.6548355964287467 0.2953677823547034
1.4377871312549928 -0.8493000649886291 -0.5571359941955896
1.7478185256292562 -0.7215526291809198 -0.5362600634094568
2.0158457176049183 -0.5804316579722766 -0.5191411325928064
2.0876191668356157 -0.3689248960090765 -0.5195588419433923
2.1601367624245498 -0.15765707324956324 -0.5199765512939782
0.7301147177981306 0.7995633874203492 0.26127201819454715
0.5783667115628432 1.1026790343826853 0.24387604498898074
1.433147555530219 -0.9061538576591488 -0.669073040246615
2.1619939394948915 -0.45439544397244447 -0.6234683344360681
