-2.0128552148971437 0.5889061220468079 0.6265218981241025
-2.0140812748282286 0.5075459368827708 0.35187990746248143
-2.0249452859585517 0.6741578732453632 0.08010370812166112
-2.0368179321405933 0.12584371230393998 0.07482607445466893
-1.873964820949766 -0.46610167627476784 0.0627516039346494
-2.0968222845123847 0.5987622151831218 -0.19186417975675685
-2.1139415991207358 0.05109365804874244 -0.19700543799650294
-2.108111597454382 -0.49886097047044586 -0.20309083380949122
-2.0229365418120864 0.5934771147023241 -0.4686500302816592
1.1121898962557992 0.7847013012533068 0.36944325051057714
0.23790772323725662 0.7342971778056153 0.4164531954263486
-0.635517177166605 0.6895228314892563 0.4634631403421201
-2.0105244986548882 0.46455992371677013 0.5338309534524717
-1.9556137063247405 0.049537270323178006 0.5214131601785459
-1.9750338290382672 -0.7304071658289502 0.5045603044961728
1.3721469930598573 0.8207700848162318 0.16906435570466893
0.41648028837516904 0.8208209753947031 0.223242593619708
-0.48938583287420556 0.7874159149488804 0.2737687357400693
-1.3896549231478161 0.7579661763694503 0.32398970207918065
-2.0073353430310164 0.618630903867313 0.3556445368264951
-2.1177450760942946 0.27273223852579065 0.35381825051057714
-2.1005191808649926 -0.12687489559208842 0.3434694536660947
-2.0803198245468337 -0.5290372469477376 0.3328164347146787
1.1063516197843057 0.8446572568053057 -0.0017620793844423943
0.17667961653560837 0.8160555060509012 0.05177528938997167
-0.7288484311546171 0.7841203212517627 0.10374672493684667
-1.591796990942271 0.7410708015689735 0.1529005297158994
-2.1078062942010547 0.561034521082604 0.17857344231355565
-2.135495495428003 0.18096907678781093 0.1710594423745908
-2.1646618877246624 -0.1993882773414768 0.16354544243562597
-2.1126431280412987 -0.6150996965901072 0.1503957041238584
0.9694680428286944 0.9375623437185965 -0.17782895484220607
0.040080744748280495 0.9091386132055703 -0.12280242362272364
-0.7124398035332007 0.8157794521783686 -0.08000390448820216
-1.7832390416879065 0.8570974863605727 -0.015002416756268566
-1.9112507266034555 0.5180994451959222 -0.015645670082684582
-2.0404513445492825 0.1795043338776381 -0.0162894002462588
-2.028219393072689 -0.2185083645541397 -0.026908563759442394
-1.9946280657693762 -0.6268334136159694 -0.039137052681561535
-0.6812843696118875 0.5256592281456776 -0.2727100125814639
-2.0977174588351346 0.31971976062059326 -0.19107644477140528
-2.08955137097324 -0.07600513260230457 -0.2016526929403506
-2.1105539330217056 -0.4606261729800707 -0.2102457753683291
-2.1284890055514296 -0.8475424588410689 -0.2191693059469424
-1.3993156524917225 0.5412227263181464 -0.41096560874235255
-1.9710472899049307 0.3837053264521728 -0.379080461647626
-2.2250343452381713 0.09717468247267647 -0.3705999127889834
-1.9971528926363504 -0.3914165963389564 -0.39773671546232325
-2.092844375641974 -0.7453966623487602 -0.4011284581686221
-0.016493223949936464 0.2732207658644441 0.7900083788369932
-1.0056881756301124 0.2803389238528098 0.8412040003274717
-1.8783233313743324 0.24613271069797804 0.885443521354083
-1.9243271872172585 -0.10810958701028284 -0.577170061257001
-1.9071481915102169 -0.13497128474821807 0.8787658937906064
-1.9500548862208262 -0.49130483973463157 -0.5858680478597842
-1.9328699109574359 -0.5182960992682837 0.8718097933267392
-2.036937429987674 -0.8493871839938905 -0.5900427571798526
-1.90499978110401 -0.9254232835944194 0.861515355918292
0.46631640609469116 0.8735820852677989 0.5922477968667783
-0.37489582548926137 0.8134689762391645 0.6358640917276182
0.17180408874904174 0.1956327748916422 -0.8898512593771182
-1.8794299129318546 0.6374436630376792 0.712192846152667
0.5642323387811672 -0.7665174637752301 -0.9419180623556338
-1.8744596842491887 0.2433786696230129 0.7032974489663877
-1.0878518254047975 -0.47876431219897597 -0.8249465695882998
-1.8664651800161494 -0.15314035739527299 0.6941149958108701
-1.8462859299094418 -0.5560157227089206 0.6840718515847959
