2.5519066958256786 0.414756160362157 -0.18977961379954245
2.267162109829677 0.6050783605613601 -0.20226607162424948
1.5523970271235648 0.6357146465094856 -0.23782524902293112
0.7312815206484018 0.6125923932868576 -0.27925715286204245
0.8542799755669641 -0.41665384771418745 0.739038135223895
0.7095962095301118 -0.1611485105861048 0.7346226231389341
2.359710482120569 0.8184832344458286 -0.3384350283808413
0.46875083861564093 0.0549737312455858 0.7262636677556333
1.4888925295506574 0.7706599009821156 -0.38400635559031393
0.35799349353586507 0.32525984393766505 0.723168994598895
0.011918431687288233 0.5004413355720043 0.7104755894475279
-0.7467182420686989 0.5124746346820319 0.6809922711186704
1.0352303146387811 -0.4203714948880912 0.6004416004948911
1.0657297946161925 -0.09239701169441128 0.6034347073369322
1.0422065724076468 0.21208349256424341 0.6040865437321958
1.0169365446220517 0.48382758335103393 0.6044680134587583
-0.3921624421059988 0.5424995313663983 0.5476700321965513
-1.1511890338241209 0.5574223583133184 0.5169402615361509
1.239025354698441 0.3394959003793434 0.4679395214848814
1.1940070335951347 0.6335634152683363 0.46775260131886576
-1.1262909594345913 0.6461570371753655 0.36997237365773294
1.3488735465355326 0.6650152930353737 0.3444963948064146
-0.28157905916197024 0.6327802086466154 0.27320256393483255
-1.1471063082870607 0.6052836787856908 0.23523488205006693
2.1464194465955764 -0.6257216005075978 0.21213259857228373
2.118598088891982 0.29793658110538157 0.21783890884450052
2.0410133147353733 0.5758655265490842 0.2163545147710142
1.8535110567753676 0.8084664121603145 0.20952811401417826
1.2455463975329941 0.8710470209383652 0.18239703338673685
-0.25495316195774365 0.8951920257592154 0.11440100830128763
-0.9716001255718005 0.9282888733606283 0.08201422851613138
2.2370148329600568 0.5633754232171206 0.0820619122319517
1.5598807462085205 0.5938677272626314 0.05054249923756693
0.8126447439179039 0.600459057925554 0.01550688903859232
2.570972425488552 -0.8191012431552931 -0.057241772002667446
0.07378628715744995 0.615617681219514 -0.01910910446116354
-0.591647344485196 0.6651865997875923 -0.05005392867991354
2.5371030694541155 0.7179546659916654 -0.04515585739085104
2.2300428344866567 0.8994437649503784 -0.05850920516917135
1.613365099399708 0.9566094351166456 -0.08798727828928854
0.8247721896760964 0.9486852537876045 -0.12640604812571432
0.08623821785123553 0.9662370904097173 -0.16222319442698385
1.1568938709919188 -0.9949762622187546 0.402485515289813
1.177535780950322 -0.9263625746896254 0.410692359619647
1.203203944313234 -0.8569871304402676 0.42007031601002787
1.2291425967556435 -0.7878327226246555 0.42944922607472513
