-1.2287250978627497 0.9103339985640133 -0.37323746804037805
-2.010834436294246 0.8560615553344526 -0.36663303498068567
-2.1105981798347884 -0.21326109011766903 -0.385524131095798
-1.2950251289722488 0.8459368977374702 -0.5458203328017306
-2.072499885040351 0.7905854745897543 -0.5380643380049777
-2.2156436420462953 0.48007235363475687 -0.5424035561446261
-1.9715979123195382 0.16178478962074294 -0.03710470322409387
-2.033835628383457 -0.18363887175075533 -0.04267225388327356
-2.103135987753987 -0.22735283549593888 -0.2144180310134005
-2.037493876211471 -0.2929384530444672 0.21742012377938513
-2.1885309457376465 -0.5491068481312134 -0.5735317242507052
-1.9780012569288985 -0.48394924972220466 0.21742012377938513
-2.125153389374958 -0.7381273621206361 -0.5737577450636935
-1.9715741952724812 -0.8999560907311412 -0.5782764923934054
-2.115329416811548 -0.2556207247790674 0.11943449851235632
-2.074796025203895 -0.45228667096749575 0.1200940835114408
-1.9728523443744876 -0.6299698774710656 0.11860980864724402
-2.2044517935681682 -0.11730533807260102 0.020969532692043824
-2.1109627474688892 -0.2972610246059091 0.01975419398507361
-2.013298569238266 -0.47618108580540763 0.018365167343227906
0.8173220545219806 -0.6940339197478629 -0.07365665558615442
-0.826597511649986 0.2010239079398417 0.688276671135037
-2.172082269763152 -0.29663692268760755 -0.06810531739035364
-0.7319794402340705 0.016196703027976156 0.6874886977311063
-2.0505577992176924 -0.46792948259614064 -0.0704647076491427
-0.6236362356233371 -0.16466749522419732 0.6863630044098783
-1.9677874155037571 -0.6515697274984831 -0.07137189034262414
-2.0303696949108456 -0.21128826065401896 -0.18412170532980676
-1.4772849264915777 -0.03714541961837625 0.6027750002976346
-2.108946520294019 -0.4453562987260007 -0.17858061913290735
-1.4025848080018193 -0.2256618889093822 0.6024110543366361
-1.9926668326334323 -0.6185052174172796 -0.18087349060812707
-1.3141891380015522 -0.41008032714049136 0.6016834008332181
-1.9104070460058722 -0.8024163981552235 -0.18182883385458704
1.163401940163972 -0.7489232769168552 -0.2951320183638644
-1.8700639455969466 0.10150969603670745 0.5103246199723173
-1.837788576177914 -0.09911594277803815 0.511104606353848
-2.0252805125711006 -0.3576098346457002 -0.2827411663893771
-1.8205631118855052 -0.3042189913428537 0.5122746455307889
-2.018533247577487 -0.5648595473428664 -0.280543662345798
0.8532987955763218 -0.5560444129249902 -0.3906267655257296
-1.7834967785942908 -0.3148188630029587 0.41098334666451697
-2.0449350419179098 -0.595018553082614 -0.3791469109419894
-1.7336385967080545 -0.5096594895823046 0.4112608658905912
-1.9864940770076487 -0.7859990487533324 -0.3791469109419894
-1.998619593418205 -0.1731595613697543 0.3153256404038358
-2.166903618978786 -0.4354082931428991 -0.4761174691084933
-1.867136034517955 -0.34200059770851254 0.3131138312455106
-2.0076418528742437 -0.5951064946929918 -0.4806793702010226
0.5991346567511329 -0.4479055531987832 0.24439754363259558
1.2904785230748175 -0.4631063244928484 -0.6197036278609347
