0.39167828913347336 -0.4705467350449801 0.5397646378337377
0.38637624971302387 -0.27664533591559604 0.5579283188640112
0.3956519849964053 -0.06856024912843495 0.578684563523435
0.33811198261380326 0.06688185672569702 0.5865147064982885
0.3050670062843466 0.22757367256188843 0.5988771866618627
0.26939690748543654 0.3845648473161454 0.610598797684812
0.7254360728450209 -0.716988100253193 0.40758299339404047
0.1898580143626063 0.4949804646042999 0.6139218758403295
0.6248672289594666 -0.6260300921790183 0.40762257087817133
0.10042268885720773 0.5949264129737522 0.6153109024821752
0.5246138845273478 -0.5347194428386892 0.40766834724535883
0.01136406594006445 0.695155225033421 0.616707081681394
-0.15023396943166745 0.7213385968018109 0.6045319985209936
0.6011839625409579 0.14337374359467603 0.4815356682597631
-0.25678339883013024 -0.573982560605387 0.3328988503276342
1.0137121189132614 -0.7585688462372246 0.22336458671679438
-1.0972940455269367 0.5373469985505643 0.5009567688762182
0.9857085542425708 -0.5874814950517191 0.23856949318041742
0.4838618972728881 0.6014703720547239 0.5156238030253881
-1.1051393532099354 0.7216158967421542 0.5172617386638159
0.965227353448256 -0.4092047069254292 0.25516008842577875
0.4119281444458238 0.7182829773160826 0.5203602265178198
-1.2715800619844941 0.7496312415744519 0.5044834564982885
0.9589929377137807 -0.21647814413882216 0.27451586235156
2.1807919611639264 -0.5054810776382936 0.021720642930173284
-1.491532924199504 0.7266734999254005 0.4820167969523901
0.9504538849670325 -0.027715844202116813 0.29318737495531977
2.2231396269645884 -0.2548558128970555 0.05396913993945063
-1.6477275666679176 0.7668607813071837 0.47119354713549555
0.8892095407050817 0.10250843328336856 0.30082916725268305
2.250715367138149 -0.02353877530213211 0.08255791175951899
0.771279259097092 0.1711169516556943 0.2967493485270971
2.1981579294635623 0.11419732986925624 0.09282707679858149
0.64336923485304 0.22936124459400986 0.29060673225512446
2.198596441005165 0.3113203407646772 0.1148312043010229
-0.18717960296648783 -0.45818655369972205 0.14167856681933344
2.1081664277411676 0.40453699265216514 0.11631559837450922
0.7455821787783847 0.724832599506616 0.35076879966845453
2.034571234073617 0.5164779849445331 0.12147163856615961
0.6363626512152649 0.801385117585486 0.3480932663737768
1.9581438349239733 0.6249220951650933 0.12590002525439203
-1.0496302139560143 0.7684186693519344 0.38855480659594477
0.5239301405710677 0.8748016460207388 0.3447339485942358
1.868885678427496 0.7189055021189112 0.1274034928142065
-1.2406688225837286 0.77200917672317 0.3707849930583471
-0.01891761411976489 0.503958329270727 0.25516056526293696
1.7599675692771157 0.7912644954981225 0.12451338279833735
2.299610519196591 -0.21464606388630614 -0.4010226775349146
-0.10139930385264506 0.6116926654385502 0.2580244492351049
1.6077322433696537 0.8167300744829227 0.1121017884074682
2.2428227759847132 -0.08068550055831736 -0.3907096434772974
1.5024144007582123 0.8937217702529345 0.10995792854418696
2.1964064555017657 0.0644700038415813 -0.3780105162800318
1.312992066172292 0.8806939474088828 0.08949493873705805
2.242042015073679 0.3133677430538775 -0.34308887016186773
1.1434861225143749 0.8902887575100031 0.07343697059740961
-0.824080943792687 0.8403094237787236 0.21036314476122797
2.123528315990974 0.762337549101435 -0.3017623473347193
-1.0145485990591112 0.8429208737092644 0.19188570488085688
0.6403830245957352 0.9313427556341374 0.026768441086911565
2.0479676200122654 0.8703898453568932 -0.29696679603467047
-1.2124182527472058 0.8396113203079132 0.1720368813334936
0.4493371905417831 0.9229905202607434 0.006338829880856878
1.962882265424895 0.9676912726594686 -0.2945449401081568
-1.4035439527821936 0.8442474219952167 0.153574700242185
0.27171680358421213 0.9298266455494861 -0.011151080244875544
1.8414523840231354 1.0252487138444941 -0.3008453894794947
0.0938175707577642 0.9375760440665708 -0.028634791487551325
1.569303486764099 0.9202100307182697 -0.3428413916767603
1.471053165633542 1.0046253623670758 -0.3435752440632349
1.2920449398848604 1.0029625573218404 -0.3633434821308619
1.105939177147036 0.9950468499625238 -0.384691958540774
0.9364766395287987 1.0059835691003194 -0.40206647407422125
0.7633643901890679 1.014213735981361 -0.4202287245930201
-0.9790735802447159 1.0032858217753393 -0.13338685523877203
0.579715728537785 1.012659174153928 -0.44076276313672125
-1.2261464587649087 0.9519567719460973 -0.16474318992505133
0.40261079774180786 1.0191415888535538 -0.4597046424091822
-0.9436947153191184 -0.5571570121109382 0.6665418099223608
-1.0955447371578941 -0.5137696139100996 0.6574165772258276
-0.17350389064469596 -0.517901538662958 0.6660788010417455
-0.2903995868994045 -0.44183885492688546 0.6630361031352514
-0.3968428015416663 -0.3545309866673847 0.6618721436320776
-0.5235917363490827 -0.28830530928712506 0.6569712113200659
-0.6226466518510918 -0.19299797685304654 0.6570694397746557
-0.7352139458720046 -0.11157300358508593 0.6546776245891088
-0.8579479681609854 -0.04034092029442604 0.6504204224406713
0.1860305132790856 -0.5820825863497916 0.6147444199382299
0.11973572540198774 -0.4529422108562642 0.6211440514384741
0.08792674423497715 -0.28750335969832364 0.6338851403056616
-1.385956795218192 0.21126777522673024 0.6265962075053686
0.04674319156531226 -0.13301407216204453 0.6447322319804663
-1.5433095201446676 0.2503692103418196 0.6161339234172338
-0.02785150006000947 -0.014529649126476585 0.6492493103801245
-1.707822217812378 0.28328226862535644 0.6044309090434545
-0.12252596407453353 0.08263114837291141 0.649971241837644
-1.8333297470339787 0.3550572112408297 0.5995986412822241
-0.21684706523676311 0.18010522337786483 0.6506993721782202
-1.987243871001624 0.39979071908738817 0.5897810410319799
-0.3350085321850642 0.25298221612681715 0.6469991158305639
-0.439110387457589 0.34053854751672574 0.6458404015361303
-0.8268052916241686 0.5282932202275212 0.6284649323283666
-1.000364431382657 0.547699939697825 0.6146628807841772
-1.1847135581851447 0.5575282885765667 0.5989673088847631
-1.3976508794000608 0.5405212930588625 0.5782120178996557
-1.6039403927644997 0.5315933446952847 0.5587317894755834
0.09566625682136021 -0.9368601506401966 0.15074562538256586
1.388266127986249 -0.9267594178757825 0.26373457420458735
1.4789123175806083 -0.7330499635752332 0.2617170761882299
-1.7641312516861518 -0.8992375162580899 -0.12792754661450445
1.597081277254361 -0.5431413707233936 0.2622210930644506
-1.254393230000872 -0.9030659555853795 -0.08174968253979742
1.7007342205233726 -0.3694023045528425 0.2622210930644506
-0.8103632316297578 -0.924271361497464 -0.04070163261303961
1.8147202025266296 -0.18946038183895908 0.26272558677782953
-0.3000125585314777 -0.9608061019717233 0.007016415482663518
1.8387863153643025 0.032675376044643656 0.2531416367351049
0.047469185332744246 -0.9331099571452199 0.036775345688962346
2.0164585956955534 0.1614245711561395 0.2617170761882299
0.5465898972637007 -0.9821661824904204 0.08398031700243891
-1.079811941579642 -0.04778313747028662 0.7857801865397924
1.862784698541681 0.5192241435877527 0.22943472374072016
0.9532830652456141 -0.9440910179931699 0.1183578919230932
-0.897503712067099 0.1286754109940027 0.7919905136882299
1.3401417253825372 -0.9220620794623855 0.15170883644213617
-0.7688149788597016 0.31019969109907564 0.793765301591062
1.6107851875979904 -0.8341988461136971 0.17120670784106196
-0.570878256794515 0.4507825088494677 0.8026373337565893
-1.785269714850294 -0.8481874970860375 -0.24485517036328375
1.8215312371455568 -0.7123085113339407 0.18352055061449946
-1.1994218342669427 -0.9198378808224454 -0.1874606658161646
-1.6881141443901697 -0.6474138283952797 0.6527397583781713
1.9428613454212922 -0.5378721763975918 0.18505978096117914
-0.7274608626152528 -0.9318539874817624 -0.14363122474560797
-1.232065176102239 -0.6482437694967302 0.6889235924540991
2.0520006214893343 -0.3562040057325859 0.18505978096117914
-0.23896240191163542 -0.9565939410185713 -0.09771514427075445
-0.8200328047450043 -0.627333730713751 0.720584149247312
2.161772520951473 -0.1749156583678264 0.18505978096117914
0.20120239776048265 -0.9572341853851789 -0.05753827583203375
-0.49067837446463614 -0.5619895504961114 0.7436511467753881
0.6493163120507575 -0.9655362932454103 -0.016318087691164607
-0.2564721265938914 -0.44389143431505573 0.7567675064860815
1.169813176343041 -1.0190302280368293 0.03377270210375727
-0.134076054276683 -0.26204431725167154 0.7581245850383276
1.4618206870675223 -0.942662963329024 0.056208844071530706
-0.07123630572280604 -0.04546050289183867 0.7531492661296362
1.7494315931900175 -0.8654259418563939 0.07812332618822992
-0.05043167998888265 0.1963714253097244 0.7436511467753881
-1.8262227536603106 -0.9260911708821773 -0.3571798850239283
1.8916212976296336 -0.7034131202462035 0.08229755867114008
0.04416303383179354 0.39517628948040695 0.7418420265971655
-1.3446613079719327 -0.9389335145332112 -0.3115608740986353
-1.7764655743911248 -0.6735032098180227 0.5345389794169897
2.034302436077546 -0.5420157428983821 0.08647131431689203
0.19500393830846008 0.5604286049085054 0.7459123085795873
-0.8682146322276978 -0.9523251592779722 -0.2664721060932642
-1.2204801715483526 -0.7296349788833254 0.5820200394450659
-0.36223657430977596 -0.9857806075579312 -0.2176706839741236
0.10395151422032001 -1.0002529545996808 -0.17364287864575445
-0.3626387323593576 -0.7094167100966402 0.650245900040769
0.5176301469963036 -0.9879000386333594 -0.13598084937939703
0.0394688102659444 -0.6883482411883683 0.6815926979838842
0.9436381844203865 -0.9855295255542416 -0.09672713767895758
0.1567087194649659 -0.5050250346825713 0.6825144242106909
1.0812802990332955 -0.8179068831415393 -0.09301400672802984
0.20577616963815615 -0.2819742115695085 0.6760609101115698
0.2214197017847681 -0.038687202299136914 0.6659190605937475
1.8799071217735346 -0.7937077912298491 -0.020872359389162654
0.1995709205250762 0.22773583092149607 0.651628727799558
-1.7953036725568907 -0.751055676518412 -0.4759872008503443
-2.1170854518214384 -0.5598131474706669 0.3888533066569799
0.22593692876677096 0.46658351729590564 0.6424090813457006
-1.4005305000799382 -0.716423976413612 -0.4404046584309107
-1.6473990825443678 -0.5656543042350783 0.42783617485156
-0.832974393992103 -0.7818101065472725 -0.3832566786945826
-1.1654367666587362 -0.581717450445101 0.4682280968486303
-0.361644548500351 -0.7967397046750548 -0.3379700232685572
0.06578211556153235 -0.7898769758527884 -0.2980744887531763
-0.24710113844943038 -0.5980422063876176 0.5443155716716284
0.5055063370305604 -0.7930792230466217 -0.25656152259717047
0.2282082594564514 -0.6204058037256459 0.5842378090678686
0.9488351289889181 -0.8014704836318529 -0.21450925361523687
0.38008296278290743 -0.4578024542695509 0.5889341782390112
1.3057097311519072 -0.7622569197314206 -0.18323970329175054
0.3993630007440956 -0.21775030579589583 0.5790712784587377
0.28258183483787036 0.10367430384841114 0.5541784714519018
-1.8559769631961487 -0.9581014215167833 -0.5835130263508326
-2.0401408963341368 -0.8440305882567465 0.2954947899638647
0.16311753640321314 0.4288484149888312 0.5288159798442358
-1.3223748057116893 -0.9994239469736748 -0.5298283148945337
-1.5055638069900041 -0.8851302988785612 0.3423740814982885
0.33110062423850195 0.5833808657401143 0.534922356492185
-0.8417923439087645 -1.0149914716226256 -0.482716803664065
-1.089236178356522 -0.8639634975330175 0.3763377617656225
0.4952485557235775 0.7397055536001425 0.5405580948649877
-0.3749892348905206 -1.0262057526493145 -0.4372489501179224
-0.6300909808378847 -0.8697814137658639 0.41508554924120844
0.03489545652193016 -1.0083727884317177 -0.3989026595295435
0.5002925230729147 -1.025153109726503 -0.35343480598340093
0.9046663336088514 -1.0099999606539676 -0.3156364012897974
-1.2391809450753186 0.24150812007755107 0.31128096092333735
1.3428452071825845 -1.0173017230905828 -0.273455386275149
-1.1144018412504124 0.4267622026052216 0.31271576393237055
-2.1708110961707803 -0.7325272877066631 0.16630386818041742
0.010935720393604242 0.02422407097063939 0.4256093453227514
-1.629466265123007 -0.7897226495374987 -0.6831052352131373
-1.8361364751168878 -0.6621754917643017 0.1916305970012182
0.09634716756785622 0.22785233518103354 0.4227387856303686
-1.2393785379273865 -0.7533859237197653 -0.6469337989033228
-1.3236568726403277 -0.6934994829136585 0.23692583549609125
0.1825252865065039 0.4312646497354997 0.419868702775144
-0.711257195240897 -0.797567103241807 -0.5929553557575709
-0.8640757269116222 -0.6986522313830541 0.2763769577800268
0.45286353609917995 0.5241493487917772 0.4375684212504858
-0.22298588550841458 -0.8229325652697348 -0.5439856101215845
-0.4311576947674638 -0.6918550163645243 0.3129055451213354
0.22995090840774424 -0.8315395074024536 -0.4994676161945826
0.6391538596689585 -0.8180516847743107 -0.4605138350666529
0.6395240411412999 -0.8058256228429705 0.4093406151591772
1.0821317817768872 -0.8270643543821556 -0.41710877906689703
-1.1263218159543982 0.47365244748833035 0.19698833931078852
1.3873144636652626 -0.758220895713638 -0.39151072990307867
-0.8506344849375367 0.5701803444973201 0.2154962967692846
0.22982055868998685 0.18813634621118425 0.3255684326945776
-1.7468173193570635 -1.0410775803692118 -0.8047196913898951
-1.865938341989306 -0.9755947824664624 0.09153341758837641
0.076651889893256 0.5340280663409125 0.2953717659770483
-1.3656656807018024 -0.9982562526390097 -0.7690603781879908
-1.344892867377169 -1.0097686224634366 0.13862776268114985
-1.115007073073052 -0.8850043314614382 -0.750381713026858
-0.8812424888309778 -1.0156394880048722 0.17927765358080805
0.8433347876738466 0.5820600790555055 0.35722660530199946
-0.8945353942383392 -0.7560579051910459 -0.7356655646503931
-0.47899528347610953 -0.990180392311121 0.21298765647997797
0.871489310896699 0.8195030378724901 0.347485775834226
-0.021565233088544744 -0.9987848420873569 -0.635480647200442
0.08282411477522089 -1.058081125223346 0.2650396775065893
0.4093033154750856 -0.9954077619354251 -0.5930292655170923
0.5226082365161133 -1.06029028515146 0.30321049202074946
0.947095334921805 -1.0567620928857195 -0.536427741164065
0.6902552525274714 -0.9084884397051205 0.31015085685839594
0.8540090044806448 -0.7549707671925177 0.3165957878886694
0.9666867514565283 -0.5720203925641201 0.3170912216960424
1.0757113286542008 -0.3869450630730178 0.3170912216960424
1.1383733486165255 -0.1742234376868339 0.3116381119548315
1.2061334942347628 0.035877571279389286 0.3066809128581518
1.2108829568318455 0.28454326327267765 0.2942874382792944
