1.6661142724708 -0.5127365933113239 0.03693732040300546
1.70206995249859 -0.24091291184829444 0.06538780944719491
1.6903158260159188 -0.018739749295924923 0.08481749313249765
1.6409235859479168 0.16475929388449728 0.09716137664690194
1.5464166230237737 0.30304009501046636 0.10113056915178475
1.940546567142107 -0.48134672724516747 -0.1033758280955297
2.0247812848346953 -0.16067473179322533 -0.06490222198591056
0.8447097123342147 0.7730485884061338 0.07853516357317147
1.9498812888448214 -0.0024672899950495264 -0.05687943679914298
0.6227924450837534 0.7912998104932676 0.059339606932546474
-0.5745418647057718 -0.32508850347065277 0.5938850285328883
1.9388922583349597 0.21882029115864654 -0.03693143112287345
0.38247104237501617 0.7937715984526008 0.03692969100847421
-0.5939753201398403 -0.10835546652127093 0.6094408871449488
1.8444689354489867 0.3561304766000539 -0.032867348023508214
0.18534979744390512 0.8380054418539231 0.022265041045095302
-0.7506904992283552 -0.020304920244701208 0.6033359410084742
1.6516061498765708 0.39645508664134255 -0.04733411056623282
-0.7588159434824462 0.8852400948589221 -0.063382065125559
2.158633110962519 -0.21091741182484114 -0.3079494593821508
1.0115408304830567 0.6938892202982174 -0.0806249736033422
-0.08548676645792597 -0.3429961580883045 0.5467549206532496
-1.012338157729154 0.8852894868552248 -0.08767167312726798
2.0415588378571385 -0.09527381533589363 -0.30787888748273673
0.8688729207070622 0.7862396258945914 -0.0857824443064672
-0.091255351991272 -0.11362007744004643 0.5648437382496851
-1.2588891022433515 0.8933175318248558 -0.11066237671003165
1.9808767803969332 0.07684973785629623 -0.29679146988019767
0.6254155806593431 0.7840468788622985 -0.10946933014020743
-0.15370332423461974 0.0609110254671279 0.5736776234425562
-1.4723929509339868 0.9322160197763019 -0.12784377319440665
1.9806924845226348 0.3083643700467853 -0.2739991305552465
0.414103608864977 0.8136310959164348 -0.12718955261335196
-0.24801112599490693 0.20494802683386837 0.5773082615651148
-1.7531396077065935 0.9133496381769319 -0.15661660415754142
1.8689587575733881 0.4281044737021311 -0.273218548127268
-0.35994740528720115 0.3323395884309974 0.5780535580433863
-2.0569106652128326 0.8765030510452512 -0.18924657089338126
1.7576612603212567 0.5482232316424849 -0.2724293826304418
-0.7633054191023874 0.871494931716871 -0.23683968765363517
1.033661384871877 0.7624033352322286 -0.32355014068708243
0.10581121883249267 -0.11193506812615794 0.495847785643484
2.1959685852326487 -0.01927407765230882 -0.7026490328989965
-1.0352443218549894 0.8550610063920523 -0.26509658081159415
0.761782670072229 0.732129690826131 -0.3536810038767797
0.07205894549841219 0.08936258430331989 0.5095058323658961
2.055117450747339 0.07171921479250543 -0.707692539521311
-1.2448102658560103 0.8961589763410593 -0.28209201080426993
0.6191471641976634 0.8255018361758424 -0.3590368388377172
0.032041551816263336 0.28368175666179596 0.5219951512135523
1.918006481415496 0.16677747762754436 -0.7119969485484106
-1.5399319101572857 0.8628263850061053 -0.3143014071665746
0.37901461995200947 0.8282010372655471 -0.3829592822276098
-0.05785610699621202 0.43043803281019777 0.5262661816395777
1.7635820862623746 0.24499578587877124 -0.7199496386729223
-1.8580817416437725 0.8115423921987563 -0.35047141296491446
-0.23818001179879644 0.4930242654129806 0.5158577801503199
1.6375073844332633 0.35162506541718486 -0.7220448611460668
-2.0574786574116644 0.8663005684646947 -0.36545268280134025
-0.5561328949877193 0.8785076158180587 -0.47305527908429923
-0.8312253033881447 0.8577003693520773 -0.5031231997691137
-1.140126990003857 0.5890638346340289 0.44552191512956796
1.218830248104588 0.8615058389419161 -0.7135318873606664
-1.077384669758679 0.8648518303725687 -0.5276788829051
-1.4208503076394692 0.5671682889882526 0.4192958714283961
0.9189641966010953 0.8033467796336957 -0.7514161227427465
-1.3387326418140901 0.8601637838572884 -0.5549759028635961
0.7874341450216349 0.9063570339695772 -0.7549270747385961
-1.6005519219960647 0.856912720434007 -0.5822638629160863
0.1468979245859643 0.531378022191781 0.46719082610979257
-1.847954901785279 0.8681479484536325 -0.6067909358225805
-1.249999519155871 0.6298230770679218 0.35263928192033944
-1.5456748919388943 0.5954876152311748 0.3236451985157984
0.3305962801456843 0.6477505930045275 0.4082804562367457
0.0749108733967887 0.63782632133411 0.38485058563127694
0.7442378381340617 -0.8098771458809892 0.2343941571034449
-1.1370129666530318 0.6754775380711706 0.2799363972462672
-1.2546471079798778 0.7992924598280986 0.2795420529164332
0.6795142032105232 0.5317368877014665 0.3449412228383082
-1.5872682855188955 0.7325535370426302 0.2440820576466578
0.46764629493154075 0.5605387179799699 0.32851942794695077
0.8916896661799214 -0.6264708523030507 0.17786797302141366
0.0781793822666117 0.42412896847924486 0.2820430638112086
0.8686964240921142 -0.41248474233675836 0.19477137344255624
-1.1689267169805646 0.6598515636174014 0.18927439468279061
0.5619352334172873 0.6854469079881902 0.26335867660417733
1.3701605367287328 -0.6818707016759546 0.12176951187029061
-1.4346966948799391 0.6516121281328253 0.16433628814592538
0.3647416053710657 0.7286441572806694 0.24920185821428475
1.3426944585880705 -0.47234445104333034 0.13827999847307382
-1.6601367481042288 0.6810315635451261 0.14615496414079843
0.2909342610507579 0.8876863526777008 0.25620707290544686
1.3021814759750043 -0.2770108064390726 0.1522708775319117
-1.9230492979741811 0.6788528089319037 0.12184914367571054
1.2343669819459535 -0.10965682056295023 0.16121395843401132
-1.0090881634679576 0.8393905552273999 0.13271101730241952
0.9670651040738676 0.5569124968457544 0.1964283825673121
-1.2742833005143908 0.830698242741839 0.10741814391985116
0.7808385548385388 0.6083216624303027 0.18392857330217538
-1.5251210486396616 0.8366213876432589 0.08462294357195077
0.5476684112976642 0.6163460316264349 0.1632247807301539
-1.7614569118923669 0.8570062050798981 0.06432589309587655
0.45160277893559453 0.7545623837152533 0.1665349842824
-2.0280002863450264 0.8525440557430564 0.03906210677995858
-0.7905528020185741 0.7407680145883226 0.04991492050066171
-1.0279491722920966 0.7668490295329704 0.029914462736989833
-1.2932484576742596 0.7581303960873242 0.004228675536062099
-1.5293512023838929 0.7772030270228107 -0.016394054719064854
-1.806724648420868 0.7614652296866247 -0.043954765626047276
-2.1182493181917934 0.7178835140038053 -0.07718888504133048
-0.5670361072947188 -0.04941100474771787 0.7112418057240504
-0.47709666645140913 0.16866443530984299 0.7107721211232203
-1.2755993113674933 -0.7613400258470335 0.5565644146718043
-0.661039159074214 -0.7511069357431914 0.6106191517628687
