1.9561309024949907 0.47182444454614014 0.19440972528514244
0.5535976810909702 -0.30563292113446217 0.7476934166913924
0.5765041120741259 0.10075096236036174 0.7444952698713241
0.580946224380277 0.5051259679446289 0.7406042786603866
1.1587946888546412 0.552248262276871 0.36062514505442955
-1.1811333916396123 -0.5156890396968112 -0.281581046962172
0.13608590626402872 -0.6405289416497979 -0.1489206580156388
1.1769836505010645 -0.7043341575224904 -0.045011165522963026
-0.07407589400561676 -0.3751694095758289 0.6254991265302596
1.7833431832998627 -0.6630910652390707 0.013500568485826037
0.41842389231262445 -0.2998878160422098 0.6654309006696639
1.951479785075854 -0.5109973274543549 0.02611100397166588
0.5590861104087494 -0.13550555910457263 0.673677799320787
2.115228375812272 -0.35862935157016373 0.03821694574412682
0.5798997620369661 0.06012701635751583 0.6710733147626815
0.5821928564896197 0.26097380430531913 0.6667331429487167
0.5708253797321774 0.4659318371426302 0.6610907288556991
0.5026286039560048 0.6871350012162729 0.6502393456464706
-1.1879428286546911 -0.5232012340068284 -0.38302624502125404
0.12425943769272152 -0.6465321198710825 -0.24859488286915443
-0.8905227574959227 -0.39170864998978594 0.44662224969920494
1.2517588106912356 -0.7321849415790673 -0.1336618689531388
0.1669306721905528 -0.4557430683922572 0.5393351288801131
1.8579438272339601 -0.6910831005282763 -0.07414257802906654
0.6687590642767987 -0.3836247349987101 0.5810340615278182
1.9971024084035491 -0.5316493154133273 -0.06439364232960365
0.6597798493127769 -0.18090655724617655 0.5757106514936385
0.7285712775436011 0.001556836266832562 0.5774849625593124
0.7354709659481244 0.2005734118890441 0.5734928818708358
0.7046761483857722 0.41022568220838096 0.5659512253766952
0.6746932231869067 0.6202705928670227 0.5584100457197128
-0.9798122203894408 -0.5325363042899944 -0.46258986272755287
0.736616134008905 0.8051003733370319 0.5592974396711288
0.3367256418628557 -0.6586355174791692 -0.32536280431690834
-0.6449929699361903 -0.41138562295917147 0.3684138031965194
1.3240820211710087 -0.7100215216773371 -0.22361672201100014
0.6629277975910952 -0.5410516533264307 0.48646247110423424
2.0986103029936416 -0.7132163048009748 -0.1448284415239396
0.735310284173913 -0.3597275090312735 0.48872410974559166
2.208797008480353 -0.5470945669889211 -0.13804590978565834
0.8564604280489121 -0.19140634982377946 0.4955085488325057
0.9300174263370522 -0.010924666639532177 0.49777018747386315
0.9272716097888676 0.1900160744138848 0.49279486856517174
0.5891247165217948 0.48334084139932365 0.45615899286326744
0.5834194686586969 0.6871679845830396 0.4507316323285995
0.9523151049945824 0.7858844230334086 0.4805830689435897
-0.07714967396881889 -0.6341872414066394 -0.46719515600147865
-0.539368664662895 -0.49806905375551835 0.2799748154645858
1.1417469251235417 -0.7415417900918815 -0.3382951048845353
0.4885373968220108 -0.555527432814074 0.3735545845991073
1.9307384728019201 -0.7467734232041519 -0.25660527028980873
0.9609874720184663 -0.47686967143679304 0.41412150583323815
2.175510408254091 -0.6152019765847374 -0.234856250667006
0.10402969963586628 -0.053192665370106695 0.327455875492662
-0.813164212536698 0.39324652020397544 0.23479783258494713
-0.5548963335476387 0.530281574490548 0.25462043008860924
-0.29846931360222584 -0.4151655235521403 0.20040499887523033
0.9709780823045904 -0.5479778011538095 -0.4584318427080216
0.9555472028916583 -0.5340617195225601 0.31782328805980065
1.9716469518608122 -0.6096698965313738 -0.35168421544972084
1.1579930990738845 -0.38770462134684536 0.33285319528636315
2.144633563567915 -0.4596854776147783 -0.3376666335100236
0.16732374358753788 0.0730956015605404 0.23140322885569908
-0.6044041803198894 0.4829379429592624 0.15108906946238854
-0.504496011759251 0.6618657755331192 0.15578591547068932
0.8048079864187088 -0.8826210848633238 0.21484410486277916
1.0663086401702913 -0.7598132585488724 -0.5398894576067033
0.9773335853111291 -0.7273398384523464 0.22728192529734947
1.960986342218682 -0.7914112617293814 -0.4434758452409806
1.3141728134583346 -0.6152600895177365 0.25598323068675377
2.1141819675325877 -0.6359569481417111 -0.4314242629045548
1.3573789862767 -0.4287039174737437 0.25550543985423424
1.4301022985388414 -0.24992063475265525 0.2578967782026229
-0.8296883128253043 -0.44245963808904953 -0.048112991237074354
0.22695075251063912 -0.5057955294993981 0.05368029794749596
1.060802820734736 -0.5191824720830791 0.13306843957957604
2.050073836748304 -0.5888407419222386 -0.5351630476945939
1.5183715892517995 -0.44001511092845114 0.17446744165477135
2.179803311355265 -0.44725933542264507 -0.5251461295122208
1.6535041713366283 -0.29809246239418563 0.1837214203840194
1.7195215081129334 -0.10864907811545343 0.18518244943675377
-0.903733742213376 -0.6995704106539726 -0.1494365958208146
0.11923648900600625 -0.7494260327767392 -0.049298885249525526
1.0240204954185756 -0.7766422767601568 -0.7482515601152482
1.0977527275033907 -0.7952780455437765 0.0463775368696151
-0.4032359756363917 -0.40567419671523197 0.6877959939008651
1.759612793499329 -0.7668318057612318 -0.6673108366960587
1.5885287758499729 -0.722948408361578 0.09198462686595299
-0.17111460852276394 -0.2614469657776013 0.7039917679792342
1.7661736277435054 -0.5724316482285019 0.1053689690595565
-0.12185255444886423 -0.07096383631301251 0.7039917679792342
1.8432011848731022 -0.39632933239352575 0.1083439560895858
-0.057477076678360106 0.11552965749706878 0.705270645237535
-0.045389672407068815 0.31592955004647294 0.7018607827192245
