1.988073841975904 0.7711471019370855 -0.2285631296452557
1.8852505388622518 0.7100982555131266 -0.7844007608708417
1.848768521506642 0.7891249579935282 -0.22404795859423032
1.7474670054776738 0.7236817360119661 -0.7795251009282147
1.7232555620494594 0.7649088058585152 -0.2236497995671307
1.6158502464649303 0.7188269331249391 -0.7767785188969647
1.600682653123883 0.7316456128536437 -0.22416955206957212
1.478463345155106 0.7334686003170043 -0.771905719977287
1.4677242923876435 0.7321202603537946 -0.22149020407762876
1.8201458603436151 -0.4452593006329586 0.19995898034009585
1.34565972241559 0.7343814665732458 -0.7686308023747479
1.317456770039982 0.7902758462145467 -0.21332102988329282
1.6817419571439274 -0.4406999222896495 0.20242613579663882
1.2072575888921762 0.7548314799098916 -0.7632277605351483
1.179225827249823 0.8108871670666495 -0.20881301138964048
1.519069674559688 -0.35443895038680306 0.21147745873365054
1.0776407882812578 0.7472369500606373 -0.7610219118413006
1.0540372045826132 0.7890928042625145 -0.20842772696581235
1.388382268560548 -0.37263227044409586 0.2120057943049396
2.1267157247227715 0.7750798884232619 -0.29532271597948423
0.942484263473844 0.7592019784069972 -0.756686985236076
0.9232113635797532 0.7868643988126038 -0.20621329520311704
0.9475195728638397 0.6669927751460385 0.2982065084162677
1.9872276593928007 0.7924930009207349 -0.29070168707933774
0.8089225682054177 0.7669212756039032 -0.7528865930851971
0.7938883896356259 0.7803354004649803 -0.20445901129808774
0.7442490223091198 0.9142325249993837 0.32008856560620913
1.9224795184589283 0.5781148495358357 -0.30890780661669126
2.158500504938658 -0.17140570141071088 0.14329880501660952
0.6714324380460397 0.7894774805692135 -0.747489273291496
0.6618991127909908 0.7838677530998233 -0.20179015372362485
1.7569145553441956 0.7146678826363662 -0.9092662927922284
1.8007427020952633 0.539406723568435 -0.3098872301396405
2.004033779731799 -0.1158916206545566 0.15022677208814272
0.5369230283895519 0.8030150211885907 -0.743158161383537
0.5300580966344626 0.7878942741287549 -0.19912415717211118
1.617842390684757 0.7334782285043886 -0.9036515352543866
1.6803515264140287 0.49637668147785874 -0.3113363382634198
1.8024711741891224 0.09251396224448794 0.1698457601252521
0.4019347218100222 0.7962124769684147 -0.7410123941716229
0.3909801398586268 0.7955463685588997 -0.19605046485033384
1.4964803841649257 0.674993111436895 -0.9068792459782635
1.5725603256293965 0.3691087025790285 -0.3208158609684979
1.5858220729483037 0.312408672657285 0.19056433464917788
0.27647575483474895 0.8028452928499528 -0.7377012369450604
0.2681435851431644 0.7926407339758637 -0.19425469611254087
1.3596226145027401 0.7318159757361888 -0.8973219988163983
1.4001046705402018 0.5610438572651804 -0.2997420427617108
1.4276810657903383 0.45688131004156673 0.20439928795728335
0.14903384377787177 0.7938936368521015 -0.7360427973088299
0.13934059040705904 0.7885397889078201 -0.19251185629930845
1.1773571739149276 0.8369851308613256 -0.26999503348436704
1.2447333091608925 0.5994280072334917 0.21843880440625796
0.020356193744788698 0.7902197049825368 -0.7338536379155194
0.011910738347481242 0.7801175107364813 -0.19122964118090024
0.25672432386966193 -0.1938226625867161 0.7518002393427814
1.0650500257252133 0.7722356205087175 -0.27378207419481626
1.1116830078540687 0.6012944135052578 0.22062128807935366
-0.10569345530974772 0.777392642075796 -0.7327349779423749
-0.11546310701419316 0.7721482902080243 -0.18995028708544126
-0.09211223850273598 0.6421755358167553 0.30992907311353335
0.11321415053730277 -0.15435845974744566 0.7555548551264728
2.1017144682941478 0.767752778548779 -0.35964184973802915
2.2542805993378465 0.2891736853196738 0.11262959267530093
0.9369749419646922 0.7604048160079664 -0.27244073126879087
0.8860394074507525 0.9193527379616597 0.24901884819898257
-0.23421842197573994 0.7746532020159291 -0.7305491564091717
-0.24152448758631806 0.7598247029233454 -0.1891329881962811
0.0340177109391675 -0.3606954716992705 0.7429811361018146
1.9821739271607726 0.723683583091157 -0.3610847589787518
2.076278305150666 0.42002579754975056 0.1262227895441974
0.8075534571116805 0.7538303412900698 -0.27063494895067564
0.7404862558539236 0.9704249018519642 0.25518006112012515
1.8639802638695642 0.6752840317821684 -0.3630064127263104
1.8902132529157853 0.5801801498562575 0.14225214745435366
0.6768393379946929 0.7525218021229811 -0.26836472724047056
-0.5082037928524556 0.7944999535432604 -0.1819913980778729
1.7590821836669903 0.5845624758690615 -0.369205295782951
1.736943392871126 0.641385443542573 0.1497804525080646
0.546236592193722 0.7517002999015032 -0.2660968897160565
-0.6264656427700572 0.7982375986569918 -0.7208026048954999
-0.6411971141649246 0.8125978616652976 -0.1784217951115643
-0.5254394778598339 0.28522802768826505 0.7888495328608478
1.5735742341014003 0.7507849708347845 -0.34977132056322446
1.597593726921147 0.6604068467052855 0.15366190697583804
0.414413749713205 0.7561674358559793 -0.263363182288078
-0.7450415929911856 0.7587858652896742 -0.7229025957402264
-0.7668471230156513 0.802184660261152 -0.1776130792912518
-0.6458505535474615 0.2453331418055642 0.7871610524836505
1.4568433157673155 0.6990289882956633 -0.35217791770067564
1.4614439228970753 0.6704555026722732 0.15673226143750796
0.4622885174179032 0.19678374396779397 0.7109004857722248
0.28274135073033335 0.7611256117452196 -0.2606318590458905
0.30979133621539745 0.6470509707264629 0.23566502358350405
-0.8777979758946373 0.7777375082987383 -0.7185910341557538
-0.897137374385764 0.8115818408490414 -0.17496663306322446
-0.8462302127351933 0.5552822429757756 0.31151837136182436
-0.7711050082509416 0.2252464480753238 0.786751449364754
1.3877448494948368 0.4904858402789296 -0.370266258459953
1.322599368328568 0.6905596153329832 0.16061180855664858
0.3051445358873792 0.2883346098377526 0.7184121015253986
0.15122346935422115 0.766582321647614 -0.2579019663151776
0.17002118311235392 0.6813148777813751 0.24022310997876772
-0.9907521453860397 0.7149553150842349 -0.7233722803410565
-1.0180510040679849 0.7827137900222816 -0.17600375388231626
-1.0037449899925122 0.6766042448832623 0.3225566747370685
-0.8952439488626283 0.200760999108331 0.7860175969782794
1.1581742598028342 0.8112324577681793 -0.3356202242192303
1.1868918149894654 0.7016610756043598 0.1636793019953693
0.13453919596138064 0.4335716270455299 0.7295405271235431
0.023714168651693512 0.7581139129661452 -0.2565773126896893
0.03318133253300459 0.7064923822748641 0.24398487831983218
-1.127868311419121 0.7542153692286231 -0.716924965124992
-1.1345196991391049 0.7348619386662429 -0.17888575766649595
-1.1308125151206525 0.6723559558371726 0.32346218850049624
-1.054643236277073 0.3273639036332936 0.7952367665949787
1.0344197632691419 0.7847360284423841 -0.33565789435472837
1.0556464759566495 0.6989539166369969 0.1655279996577228
-0.014523268366872344 0.5023732996642076 0.7354165914240802
2.208035014086505 0.552112055030693 0.06988972451123843
-0.10373599689361868 0.7501007447370966 -0.25525504324999204
-0.08557504534896054 0.66471926881517 0.24216908242139468
-1.25342721743975 0.7455449111208861 -0.7158282396611249
-1.2478742754548335 0.6728469502771794 -0.18315392706957212
-1.2298746618770622 0.5471037885380321 0.31461352135572085
-1.1862161551524508 0.337912776944008 0.7967497708979572
0.905006149184544 0.7777902768040867 -0.333797752600578
0.8768543147325403 0.8593777969472578 0.18117684151563296
-0.14787984902005746 0.5138452466866568 0.7373487355891193
2.031316560693014 0.7353702470361307 -0.425322353583244
2.032317879180411 0.6783023650806603 0.0833899381342853
-0.23113263006050033 0.7425575136073128 -0.253935634833244
-1.3844551637631213 0.7615859850042881 -0.712058365088371
-1.3879785254306398 0.727762821364613 -0.17637330267992368
-1.358325418409862 0.5485512781605788 0.3159009816828693
-1.3154152816647837 0.3392195288965656 0.7976180913630451
0.7742883326484247 0.7761070407473243 -0.3314645883854901
0.7796328213496793 0.7428941078187039 0.1732794645014728
1.9101316895711022 0.6962843879298264 -0.42629367087450376
1.8926429597304093 0.6961432801263809 0.08738106514844546
-1.5196088206962344 0.7975266586207059 -0.7061470148381268
-1.530853517015629 0.7978163441562254 -0.16820889685716978
-1.5245952658010111 0.7208008828382635 0.33084887291822085
-1.4380046197780558 0.3117731569146702 0.7965547445002521
0.6464095814155826 0.7653481669068141 -0.33008462164965024
0.6611950617199511 0.6985710304057431 0.17146700646314272
-0.37480021067491975 0.3835047142413579 0.7306773069086994
1.7541608501835384 0.7667407405423106 -0.4161532518681561
1.7562382569812058 0.705037279060849 0.09054297234449038
-0.5016007344974156 0.7916228783014487 -0.24521571372118345
-1.3002330075234454 -0.7785022633609806 -0.8780568239506756
-1.65607954024793 0.7906154366135123 -0.1674173471745526
-1.6458352852637148 0.6941006049967049 0.32979410912427554
-1.5318728776308888 0.1531239043063568 0.7867996099177326
0.5131821623952391 0.7742216873863441 -0.32680398200121274
0.5304096210881255 0.6978313729966779 0.17330712105664858
-0.5395318226887724 0.5222299992463721 0.7411610486689533
1.6181828480327738 0.7761231698821582 -0.4122951624211346
1.6215243492404454 0.7097013384124988 0.09328955437574038
-0.623782270128558 0.7662053399046913 -0.24577552054491392
-0.6093069232357777 0.6903461251005885 0.25041884209546694
0.48062410146607704 0.4855948302958195 0.6660735013667072
-1.5054119955080125 -0.44138817958546195 -0.8389781114872967
-1.7812536308914417 0.7838600926352894 -0.16662818167772642
-1.7713697387799812 0.687321747953443 0.33029812600049624
-1.665608239245131 0.17522529389996588 0.7889434697810138
0.38146699581160703 0.778801163396758 -0.3240011331852948
0.39840721223608 0.7023825365731025 0.1755515935603107
-0.6662546156394313 0.5114543592497007 0.7414399984065021
1.4897721367446195 0.7622534211584506 -0.4108565447148358
1.4840325308330904 0.7244000431323165 0.0968624952021564
-0.7555256958380454 0.779905225079851 -0.24259024832811704
-0.7401505422471502 0.6991897536270297 0.2525770070734943
0.34135223140734183 0.5144246332558096 0.6694380643549884
-1.9022569323350922 0.7580738649378223 -0.16768676016893735
-1.8916896091190978 0.6566027160036265 0.3288461568537677
-1.7836031254484794 0.12458753668084999 0.7862550618830646
0.24990198121568596 0.783885430338989 -0.3211997148808514
0.26655400972194343 0.7074331798124787 0.17779415871534
-0.7941155823072137 0.5059966084827279 0.7420451047602619
1.365771764233898 0.7345760699657751 -0.4108718035038983
1.3496870990331047 0.7301026438913967 0.09960621621045718
-0.8678297248385434 0.7630307562037055 -0.8462508318242108
-0.871869146265837 0.73118721017953 -0.2454994318303143
-0.8684856247543564 0.6988248063481555 0.2539350393000568
0.20109228255930134 0.5486305360430519 0.6731397512141193
-2.019286395276623 0.7132123650405866 -0.17059451315966
-2.0283824130947465 0.7043959034887548 0.33364456917676577
-1.8896646012978238 0.015713591649038072 0.7796956899348224
0.12238898309402657 0.77504232476785 -0.31982880805101743
0.1322480429515025 0.7226057878313732 0.1808487775507892
-0.9230712868914139 0.5058544930159519 0.7429782750788654
1.2460269784437799 0.6930529136222852 -0.41234236929979673
1.2299110997696658 0.6886042237126011 0.09820479180249819
-0.9900420823733356 0.7389173797173516 -0.8467362520512616
-0.9400508137757271 0.47939717643433166 -0.2681077120121991
-0.9978776121561168 0.7037879370868119 0.2556902768794025
0.07021168771750297 0.5496339064102971 0.6744796636286701
-2.123555982160326 0.6053235353079636 -0.17950707648363462
-2.0747837660444617 0.31310419414478474 0.30324381615552554
-1.9844069467714434 -0.15152279557853632 0.7692586782160724
-0.006351314275647724 0.7714781804847393 -0.31798440192308774
0.0058690381676598236 0.7093907748777326 0.18146008278760561
-1.0519215835683298 0.5061812978786682 0.7439085843745197
1.0919512750293023 0.7664130508426537 -0.4022019502934491
1.0971658658374253 0.6905067280066923 0.10052889611158022
-1.1134573656213576 0.7200813647293778 -0.8466733095463788
-1.0632556533278006 0.45552626298579035 -0.2686889765080487
-1.1237222177153967 0.6946669597455957 0.2562453153315509
-0.060545965620733 0.5511277336924216 0.6758181455317462
-2.2412487206598115 0.5611993280125267 -0.18242722724047056
-2.154249536677767 0.07324687335904922 0.2849456670466388
-0.13373287410568935 0.7635733493224768 -0.3166192171391522
-0.12048582753146775 0.6966344934657496 0.1820694806757892
-1.1817931349274176 0.5118517519355867 0.7451669576350177
0.9638476013849271 0.7544832235331258 -0.4007733461674725
0.9575238981385752 0.7168269955046007 0.10492438103589663
-1.233544991469799 0.6871428265054327 -0.8482707140263592
-1.1932321929044036 0.46120719031044466 -0.26645785544481626
-1.2484131846510564 0.6811459188879185 0.2563974263850177
2.0637891209512276 0.7366025764788011 -0.4902222750004803
-0.19495027212037996 0.5675946063438273 0.678167522210213
-2.3080261430800135 0.2585438583322519 -0.20982867453661314
-2.2758198959480467 0.038966795862387826 0.2830697896662677
-0.2535619484488194 0.7272242793497403 -0.31811648581591
-0.23931265239843924 0.6553890087729277 0.18023175026807436
-1.3165171338550152 0.5117503229588687 0.746041000146004
0.8297254699510717 0.7412659739883276 -0.3993976709660565
0.825147431657058 0.7197542902090737 0.10724514748487124
-1.3658782140743568 0.7079479601072309 -0.8437932131108319
-1.3258734102764578 0.4514140663918891 -0.265689670782951
-1.3703551697576444 0.6278053315674077 0.2532965543452228
1.921282920620655 0.7428348498526063 -0.48632222388353696
1.9208187013669829 0.710620516078678 0.02396410729322085
-2.39912310218385 0.03785663354433755 -0.22945290778246274
-2.4160262437563915 0.06754926611520418 0.2862259748164142
-1.4511325252960177 0.5121665613811937 0.7469121816340412
0.6942738880010921 0.7333540928058735 -0.3975394365605389
0.6854801866078049 0.7262509882867931 0.10992926384839663
-1.5321161231696294 0.7726128860991226 -0.23299914572801939
-1.522917157448731 0.711129181752054 0.2613875272456134
1.7910498255968434 0.7116971914704395 -0.4863608476933514
1.7753475299198982 0.7269755365517243 0.028010070580574364
-0.4313129812292118 0.4762734984614756 0.6740776899043048
-0.5264882636208199 0.7861194179160327 -0.3082440492924725
-0.5103558314221033 0.7046252586303057 0.1875464322749103
-1.5673490099223528 0.5171126936262782 0.7479402425471271
0.5757095583285974 0.7358852764781858 -0.3950498697575604
0.5641620423536438 0.7384289524604286 0.1127621534052814
0.6104690834589803 0.5361885497168783 0.610897243279549
-1.646747421761276 0.8034201351203878 -0.228728115301994
-1.6302707936533665 0.707886136724623 0.26209133889112124
1.659505087569869 0.7484720741987827 -0.4798586962040936
1.6587756675030363 0.7163378361776243 0.02924364830884585
-0.5955795406928104 0.615225582297966 0.6848699453059162
-0.6570799138861503 0.7946085848885156 -0.30545598242845884
-0.640054877557759 0.708248492066148 0.18936795021924624
-1.69036614109514 0.4954193933809359 0.7472078206721271
0.44381090756435526 0.7402343984779458 -0.3921774027165448
0.4262000545096072 0.7411616450654375 0.11502760674390444
0.47174402898856727 0.5387749018731034 0.6125928762141193
-1.771626574991572 0.7661290527785347 -0.23077517722216
-1.758670715321955 0.6851210145479252 0.2613813283625568
1.5295025900220054 0.7392036912482896 -0.47788459036913267
1.5227329704160582 0.7261263181204116 0.032489955681892724
-0.7172067295218199 0.5852735777834344 0.6838328244868244
-0.7898701909122678 0.8132621427014772 -0.3017142412480389
-0.7684383304445248 0.7075195415552988 0.1907803418818439
-1.8113686767378425 0.46440545472419714 0.7458102109614337
0.3120627002977585 0.7450745604124664 -0.38930731986132017
0.3050249549444288 0.7076550574330422 0.11401909615430483
0.3392685475478885 0.543577423055539 0.6143366697016681
-1.8968287647091557 0.7598006438487817 -0.22995454047289243
-1.8841682955262087 0.6787493050273881 0.2619211080256427
1.4024904898649453 0.7209094413834096 -0.4768980142888104
1.3883526206935812 0.7316789661916339 0.03531235482129702
-0.8377578370705834 0.5508860017800394 0.6824538114253009
-0.8431619837019753 0.5032985957807723 -0.3304417726811444
-0.8978890192536113 0.7121068093645224 0.1925980451289142
-1.9468004742217033 0.5021847519263902 0.7490412595454181
0.18177079582986266 0.7456142005692517 -0.38692408774462095
0.17198083568450784 0.7178658516259242 0.1167451741877521
0.2200005098558364 0.5007309854758395 0.6126291158381427
-2.0189259295394066 0.7392887984603496 -0.2305467722233807
-2.0075825252151276 0.6630584146451559 0.2616574170771564
1.2668170721286032 0.7316486474824542 -0.4729598161992108
1.2526940418440233 0.7425169035895154 0.03855580117139468
-0.9642220909369001 0.5411931353712935 0.6827628019038166
-0.9548074234318733 0.43064744521227194 -0.3357871172246014
-1.0318057736294577 0.7365748209707332 0.196046054619881
-2.021580694686321 0.2472187311306735 0.7324110868159259
0.05418161273448163 0.7370202838546751 -0.3855121729191815
0.03912623010386085 0.7285716887427185 0.11947077538404116
0.09281318949534523 0.4872078196880878 0.6129876973811115
-2.13508033600759 0.6899398445153295 -0.2339633104619061
-2.0880100705553417 0.437819399405317 0.24416178490552554
1.1798850861771086 0.5808113021708756 -0.48577195380297056
1.122957634518798 0.7347738004520847 0.04010552193555483
-1.0940600897131105 0.5465288372499844 0.6840845945063556
-1.1109972150322989 0.5474238035645405 -0.322506248694328
-1.1563891217281252 0.7227195398347313 0.1962282064143146
-0.07462861269024756 0.7337096940471888 -0.3836181757267987
-0.08591142146660502 0.7108875728074535 0.11969965721997866
-0.05725421901851746 0.5609831017403026 0.6195575597468341
-2.237737959994888 0.5726541132475695 -0.24397021506395689
-2.141406525940596 0.07099310541492798 0.21502560402784
0.9918506165885219 0.7690213507323307 -0.4636080858525311
0.9918789002102102 0.7322945211759047 0.04207628991040835
2.166927158365155 0.8083135575870601 -0.549984276038078
-1.223760158829009 0.5523468478253069 0.6854044797602619
-1.2406269293732777 0.5532676452243424 -0.32021218512621274
-1.2820797215805442 0.7141711627607936 0.19681566979322085
-0.20334841836447026 0.7308761727874513 -0.3817260858830487
-0.2197453175385391 0.7274035762484479 0.12283676888379702
-2.2715976383969547 0.10396795576821383 -0.28786450598802915
-2.27360146410453 0.09046672438220948 0.21754235054883608
0.8652152547102929 0.7526737911001966 -0.4626305696782147
0.8483589937495992 0.7733659908806034 0.04785507943067202
2.067593163472907 0.7025241490254022 -0.5579550859746014
2.0474817161484395 0.7309550684760788 -0.040870964270499854
-1.3533169870157167 0.5586462214474626 0.6867229345026935
-1.345964334379616 0.452769180437131 -0.32843667243090024
-1.407733377000966 0.706076497469593 0.19740027214917788
-2.3941836304657045 0.05170370772682009 0.21524399544629702
0.7358316669691192 0.746358331396781 -0.46067029212084165
0.7245408690793198 0.7479740780580091 0.04770439888867983
1.9142481062845746 0.7627838946144081 -0.5484150049504315
1.9033701079065821 0.762948015056927 -0.03537684653368345
-1.4794799482570085 0.5508148445797127 0.6870223882380451
-1.5113626664165167 0.6198497466231503 -0.31036931250658384
-1.5409252525526398 0.7324922301383996 0.20084303643140444
-0.46417795693950836 0.7411008829103514 -0.3764927980717694
-0.480623027193289 0.737803991993669 0.12702673699292788
0.6051660675016706 0.74530691594458 -0.4582188722905194
0.5965852076129181 0.7373987665481296 0.04882210518750796
0.6337104284296657 0.5683777827110017 0.5429541471186603
1.7871229189020568 0.7430850736006214 -0.5473859903630292
1.779245591882784 0.7337886064919488 -0.03548747275438657
-1.6088059527133964 0.5580567159898626 0.6883365514460529
-1.6755013883536094 0.7876649810019343 -0.292293846350578
-1.6663818431555057 0.725335113996251 0.20142334725293765
-0.5961835761526686 0.754189894016414 -0.3731492159184491
-0.6054162814265425 0.7219695770219161 0.12724608208570132
0.4746127870000407 0.7447478487068508 -0.45576983664598814
0.4646411586284245 0.7416929556796568 0.05120772148999819
0.4944401081307319 0.596585370834382 0.5465494992915119
1.651042189493353 0.7523214039717674 -0.5433548090275799
1.638627835563696 0.7573674417873661 -0.030857860785392432
-1.732727625863319 0.5413931240860537 0.6879526975336994
-1.8006769365468358 0.7809783920089686 -0.29143553946581235
-1.7917865011696108 0.7186235614185899 0.20200175072583804
-0.7268051386416232 0.7629419297225422 -0.37029343817797056
-0.7361577491698057 0.7307867984740408 0.12954443718824038
0.3428469038972537 0.7494733455359537 -0.45282918189134946
0.33550518186383727 0.736875927935059 0.05274361397657046
1.5240184640888828 0.7335771538033562 -0.5423300859746014
1.5042158526781009 0.7624654324260502 -0.027954876166251807
-1.854602835869997 0.5154032198720682 0.6868869664851154
-1.9216860611592494 0.7552671762154226 -0.2924945947941815
-1.9140576866524839 0.6977344666709993 0.20134943749341616
-0.7927815933532116 0.5061180134669838 -0.39417439673509946
-0.8655614329389465 0.735253364649151 0.1314246061030353
0.21123677556096254 0.7546889366500178 -0.4498904344853436
0.20382920661167248 0.7421525595660237 0.05512589241895327
1.3926101958412858 0.7295701915146164 -0.5398057100590741
1.3699718468864006 0.7680759995848856 -0.02505284522142759
-1.9887799243218467 0.5484575986574622 0.6898919942561115
-2.037716260843993 0.7056002073086018 -0.29595118735399595
-2.041456469591324 0.701674199639478 0.20274037148389468
-0.9424853914978115 0.5930920198497098 -0.38354998801317564
-0.9936733139741136 0.7353418446731164 0.13288563515576968
-0.9618649978353062 0.5558013716400527 0.6271802785578693
0.08236378164981772 0.7507949817975836 -0.44794112418260923
0.07231211458531561 0.747921468291489 0.05750578667554507
1.2613067524810901 0.7260596515494706 -0.5372837183293377
1.2373417328995941 0.7694401814544092 -0.022584736090568214
-1.9815528790326766 -0.10719381313126064 0.6449915769282306
-2.14304768720109 0.6026731984320293 -0.30468112204637876
-2.1228842308681664 0.48143535017748196 0.18529671456250796
-1.1119661525311528 0.7678969435689034 -0.3641679880436932
-1.1205496334232237 0.7310595122343653 0.1339284780207599
-1.0859676816659345 0.5368439016379698 0.6268259885493244
-0.046419738160608404 0.747372784224031 -0.44599419806566587
-0.055225498551195074 0.7397403018784372 0.058611572045418114
1.1044331515744545 0.8088497528976317 -0.5257399675663983
1.1091297432785439 0.7569789357487862 -0.021414577704337745
-1.9935696208533784 -0.6899316580353911 0.6051465871516193
-2.2499865632047005 0.5049366653923721 -0.3129413721379315
-2.182245947940814 0.14405841118242435 0.15800780083570132
-1.2341415796940538 0.7446372949395368 -0.36472493384447446
-1.2484741265287624 0.73209274397583 0.13538521553907046
-1.214580812513816 0.5377641180935182 0.6278540494624103
-0.17511502103005228 0.7444307836575517 -0.4440487024601971
-0.18144344432971593 0.7272144455970864 0.05928963448438296
-0.16182007893198147 0.6106372967532554 0.5545813443842853
2.036110560755219 0.7356126224351831 -0.6182773706730877
2.033230548977812 0.7111272884437847 -0.1064603922184979
0.9863334570024733 0.7634554911743869 -0.5277336237248456
0.9795503989995353 0.7497640514281478 -0.01981478903856626
-2.3180751632248473 0.20727371111151704 -0.34085780356493345
-2.2997149130762438 0.09032691407666515 0.15445870186719546
-1.3552781044587192 0.7169486943698757 -0.3657720682438885
-1.3729797250142468 0.7190126877036516 0.1355888250056232
-1.3265443093857527 0.4661888089643105 0.6236793401423419
-0.3049606999439902 0.7467841900855934 -0.44161206458177915
-0.31136624683713876 0.7296117215757025 0.06123894478711733
1.8981708388542415 0.7486266311260721 -0.6136468050297772
1.8890893270523037 0.7431693447240972 -0.10083609793749204
0.8610740176902709 0.7423559519112795 -0.52722293112841
0.8458635653579449 0.7573960362437431 -0.016920864325431495
0.8737623457602695 0.6470114969540779 0.4820830228510822
-2.434493830939431 0.12506384205122423 0.15828198220166811
-1.4493202366263915 0.5682485440786182 -0.3789933321293866
-1.5040059433681137 0.7355712797161083 0.13829344536695132
-1.4725840456743242 0.545904740493806 0.6302511098566974
1.7710129093287321 0.7289747370022148 -0.612582981329826
1.757368980311881 0.7378096797852836 -0.09873086188402524
0.7330360135716489 0.7312719957504257 -0.5257127878483807
0.7164857226355252 0.7511590084135182 -0.015325367194083839
0.7357104652913478 0.6694594930324715 0.48543375756177554
-1.6310351048518328 0.8135271684569432 -0.3527815935429608
-1.630534114422261 0.7331366147013263 0.1393267514887775
-1.606208615353296 0.5726139582896064 0.6330077054682697
-0.5606443086283122 0.7384537337574715 -0.43822747443285337
-0.5720413529854795 0.7406884175259867 0.06555718209180483
1.6378866496486353 0.7287833642051167 -0.6094849703129803
1.6197797599755148 0.7519613238123579 -0.09486895773973814
0.6023279239532968 0.7302281454965946 -0.5232012865361249
0.58446565903742 0.7549954827731531 -0.012867748480704932
-1.7477153042080573 0.7677650989928475 -0.35578423712816587
-1.755934911687163 0.7262928634220076 0.1399404409113849
-1.729027707938556 0.5510634863136872 0.6322929265681232
-0.6961214513703737 0.7663914552695106 -0.43332463477220884
-0.7039503666494227 0.754212298538846 0.06835097100171694
1.510792057569347 0.7100873492063497 -0.6084263918217694
1.4868503587830872 0.7523677993471312 -0.09232741568651548
0.47039035227741977 0.7344663849901165 -0.5201895830449139
0.45259480177720945 0.759331436795744 -0.010412037115958839
-1.8718768995276918 0.7564786518062272 -0.3553803560551678
-1.8812968732204922 0.7199134464631527 0.14055174614820132
-1.8519036387517218 0.529947806094544 0.6315748098078693
-0.8265943123912933 0.775517028855587 -0.4304001924809491
-0.8333026797595693 0.7585519061611814 0.07029312874707827
1.3793257279941855 0.7061236023283302 -0.6058424112614667
1.3540551757717623 0.7532819027631099 -0.08978873465624204
0.3399259628566398 0.734406577025374 -0.5176823732670819
0.3222014923911587 0.7593630864414092 -0.008390724402335792
-1.9950089778270836 0.7407567042507104 -0.355467617255119
-2.0035494442474118 0.699344336126968 0.1399065854731525
-1.9218749714031134 0.25530302601861177 0.6127859952631916
-0.9522636249880208 0.7657648209597312 -0.4294570085820233
-0.9625233201280281 0.7633694568610849 0.07223385598096499
-0.9338415654619467 0.5980299538829303 0.5608136060420001
1.2436430671197911 0.7169493885188141 -0.6017306444462811
1.2185148953568188 0.7642302889173385 -0.08637076590624204
0.20827116155992087 0.7396328617971406 -0.5146744844731366
0.19192392194020158 0.7598755161140289 -0.0063713190373455575
-2.11013806956403 0.6864716112641247 -0.35945779059496274
-2.1018109166629273 0.5620313994636064 0.12922447945508608
-1.9686365685344498 -0.1414589776527011 0.5852887036982501
-1.076749905667441 0.7516237551050189 -0.4290116426762616
-1.091608213645685 0.7686724447169491 0.07417219902906069
-1.0543793127637286 0.564409888274997 0.5594121816340412
1.1238258008051218 0.6758501098844354 -0.6032312509831463
1.0860272188893703 0.7661636510848693 -0.08383589957323423
0.07935567749788675 0.7357464721430755 -0.5126736757573163
0.06176398172391373 0.7608793483513256 -0.004353821020988136
-2.2038668347562123 0.5252357918103536 -0.37418299887743345
-2.1389027025871457 0.11721738634581325 0.09218472268018374
-1.2079947895141743 0.7670157592675242 -0.4255984422978436
-1.219431934882806 0.7695945805922557 0.0756832959834064
-1.1840518017355066 0.5700750380930941 0.560855567711922
0.974297291998738 0.7353864974693254 -0.5940225717839276
0.9593144559678137 0.7494736959261186 -0.08306580756273618
2.193065819213075 0.7535511261426535 -0.1702578661259686
-0.05074803563053365 0.737143046766187 -0.5101721880253827
-0.06571077071609466 0.7527280871318771 -0.0032051203068768075
-0.048335274183770593 0.6707523224996619 0.4946162107172931
-2.268593997373898 0.21287523882110548 -0.40404444907274595
-2.2738463198148935 0.151337041092666 0.0961148145380939
-1.3368148799987978 0.7732058782932567 -0.42317658637132993
-1.343821119203227 0.7564143425015795 0.07591503884229311
-1.3024998845434084 0.5275867375767902 0.5587345960322345
0.8461677020898293 0.7238804767489384 -0.5924661752995526
0.824259990218394 0.7619657770495118 -0.07965308402147642
2.1146036696972033 0.5960412021633417 -0.7051823732670819
2.0456616613052176 0.7943963316450429 -0.1636045572575604
-0.17947016635423552 0.7342195254457415 -0.5081761476811444
-0.1918752411760778 0.7402255876155301 -0.0024917719182049325
-2.3354236831408315 -0.09944522639717945 -0.4339273569401776
-2.3904094487535588 0.09301397625144592 0.09209221627149233
-1.465490492394494 0.7798689206376368 -0.4207571146306073
-1.4703898680185574 0.7533978411115196 0.07699507500562319
-1.4429817535383194 0.582843824090995 0.5637366178217853
0.7180872789402741 0.7128506500464695 -0.5909140703496014
0.6962878259856211 0.7510207884088826 -0.07844668601122251
0.728091485214037 0.6253131078150433 0.4188205602351154
1.9181040270124612 0.7886571688084638 -0.6807387468632733
1.9063306660515025 0.8121376549221875 -0.15919238303270689
-2.4204650817017352 -0.42018383987461494 0.049129665154548974
-1.5725266959288433 0.689818469690203 -0.4282515642460858
-1.5990287563722347 0.7605749104957074 0.07892578865918765
-1.578679207494929 0.6191772190031024 0.5673133733454669
0.5846194093315518 0.7214354636778433 -0.5873211023625409
0.5656537244713888 0.7501308938320577 -0.07636100028124204
1.8046660842446869 0.7262816682766715 -0.6843045351323163
1.7687658403400377 0.825687675048246 -0.15522986624803892
-0.45257558602770587 0.7924780370084754 -0.4976504442509686
-0.46865335142528863 0.8131877985052807 0.007596671837898583
-1.7160666604624595 0.7654316686997813 -0.4188974497136151
-1.7232964848589916 0.7487539164536594 0.07914942528638491
-1.7002795968604119 0.5926534361336291 0.5662538411799396
0.4540106129418007 0.7209492966544753 -0.5847519037541424
0.43378672093034254 0.7545346571901117 -0.07383567069139829
1.667019613020642 0.7401887024261731 -0.6795724031743084
1.6389158549795582 0.8160140429046621 -0.15351229880419126
-0.5662952026157342 0.7331062122126895 -0.5016964075383221
-0.5835240752575857 0.7586457381038372 0.0044013860407794425
-1.840246877268072 0.7540252451388758 -0.41846734259691587
-1.847551350938602 0.7373744829869509 0.07937020089063296
-1.824055768121596 0.5763146350402231 0.5659038427058185
0.32352286675600794 0.7209429640082634 -0.5821846124943768
0.3020711065367436 0.7594347717517858 -0.07131224845018735
1.5443873274577555 0.7071306083373203 -0.6800330278691327
1.5002545282319346 0.8353622203874673 -0.14910393927660337
-0.6993932276658086 0.7514008506425309 -0.4976957437809979
-0.7165513117828368 0.7770455851411393 0.007708251732918114
-0.6923619752840722 0.6609842959376824 0.5003926160517658
-1.9633956857538521 0.7381939437468015 -0.4185360071476971
-1.97179553742059 0.7264397385549133 0.07958811547193179
-1.953995836737647 0.5897098787410702 0.5676924588862384
0.19184347153455406 0.7262311638267498 -0.579107582312492
0.1705068812905779 0.7648312375170878 -0.06879121039476743
1.4055737089127263 0.7268237197561449 -0.6747854349431073
1.37209794037922 0.8219349137989616 -0.14783936713304868
-0.8299063960280932 0.7605308609676484 -0.4947026369389569
-0.8458166821716162 0.7814272491644818 0.009711444634529443
-0.8220502777321741 0.6652987907053349 0.5019056203547443
-2.078505857464833 0.6838150681003246 -0.4225776789006268
-2.102065819776982 0.7452282030194857 0.08236330773267397
-2.0686511752650603 0.530299169003424 0.564123332757088
0.06289931943864246 0.722399195141012 -0.5770552751835858
0.0416835019487678 0.7610928381313151 -0.06715470526781431
1.2684868270983856 0.7422887117717725 -0.6700580713566815
1.2483172782513066 0.7946759938366279 -0.14792519782152524
-0.9637283369141869 0.7846696520544576 -0.490200340491203
-0.9761061441919736 0.7911366285754386 0.012147605675789208
-0.9411741061159802 0.626432292592435 0.5001360776606525
-2.206776020548034 0.6932169761176263 -0.42017251227465024
-2.1766886215955026 0.4910232223406501 0.0612341764155353
-2.098539706596199 0.05080151256269527 0.5298230054560626
-0.0672289876145129 0.7238576848108469 -0.5744937059697186
-0.08578237701316027 0.7530221915945843 -0.0659630892094647
1.1216291360815802 0.7916506119384481 -0.6616943476017987
1.1201899063021301 0.7821668044713004 -0.146666347723869
-1.084725354138584 0.7560411131963329 -0.4912393686589276
-1.1039430193461754 0.7916309548724563 0.013713062066170068
-1.061611813839221 0.592835512629529 0.49872654702100405
-2.2842994822668743 0.44929590078349424 -0.4435871240910565
-2.2520215782907655 0.2320294465982915 0.03965967919263491
-2.094739585800255 -0.6148181903497303 0.48190897728833804
-0.19598196918161648 0.7209917129180541 -0.5724466440495526
-0.21193142556647615 0.74059092138297 -0.065214931708244
-0.17833623413790178 0.5949690804387471 0.4273354413691486
1.006296786698357 0.7366701764808896 -0.6647642252263104
0.9935091602637272 0.7653642958966884 -0.1458600160893475
1.0205445785748992 0.637250676237632 0.35218066002759585
-1.2103160496223495 0.7472228852102658 -0.4902670976933514
-1.2294295300223155 0.7828900708698292 0.014408290642830224
-1.1855558278039524 0.5742306269418949 0.49840801979932436
-2.3510074049909946 0.14201420180501234 -0.47347527716722837
-2.3548819302125708 0.10518770396912647 0.029600322503181786
-0.3122426299667467 0.6704150594862082 -0.5755160448369061
-0.33558408882302615 0.7189751573908731 -0.06535416815843931
0.8823412442676499 0.7107218887075417 -0.6647194025334393
0.8612618421745566 0.7681398247637246 -0.14325839255419126
0.8794500625563444 0.6686927427372149 0.35650128151807436
-1.3369811835969045 0.7437111986563449 -0.48879414771166196
-1.3559851679203518 0.7794547826495561 0.015535533684822411
-1.3305935850361692 0.6484638706369914 0.5050193669978107
-2.4838889107870017 0.11075902109748181 0.031068027276131005
0.7597063148447631 0.6804342223347568 -0.6651986238774334
0.73053085063124 0.7666288032400406 -0.14110833380785337
-1.459205094439568 0.7212410307577208 -0.48933917258348814
-1.4802820411906765 0.7667622356443484 0.015790641564461083
-1.4488174496022594 0.6064808729524049 0.5028716924372638
-2.5123150848514513 -0.4169540536864291 -0.014059364539054542
-0.5780594707468651 0.7007475685973077 -0.5678513643559491
-0.6071304284099881 0.7737258345159521 -0.05679589484300962
0.6247298190984765 0.6936412130649003 -0.6610005495366131
0.6012792982616446 0.7608240998771549 -0.13941031668749204
-1.5943804442580927 0.7575061255245812 -0.48383599494066587
-1.607792958675148 0.7691027006956537 0.017347514885994286
-1.5876545759488607 0.6574340247496453 0.5076577069941486
-0.7159999862228688 0.7384091301142108 -0.5617168543156659
-0.7365067383648949 0.7776998391166652 -0.05472975943651548
0.49534758263682477 0.6882104743018171 -0.6588843462285077
0.4680680975277909 0.769881040447367 -0.13636523459520689
-1.7207503080762478 0.7553912315612781 -0.48236972067919126
-1.7320253284594997 0.7573110288273286 0.017597377556892724
-1.7070056431245035 0.6211998543323771 0.5058686139765705
-0.8230838621775547 0.6509069792404567 -0.5688980219182049
-0.8657491927686038 0.782148658335613 -0.05266553137865415
0.36604608903775215 0.6832640066549303 -0.6567710039433514
0.3363682035808466 0.7746386252796036 -0.1337717172917401
-1.8439250758263768 0.7391371403498379 -0.4824178812321698
-1.8572868096343313 0.7508342669993615 0.018279254693123193
-1.8306786463478062 0.6048865216935297 0.5055367353144611
-0.9769091334926827 0.7572811838432623 -0.555594742041496
-0.996014793154103 0.7919305042110425 -0.05016022894945493
-0.9713812178893306 0.6700392400675161 0.4408900144282306
0.23420299716143234 0.6883868248488367 -0.6536186334904706
0.20613086935127 0.7751000539531674 -0.13162976477709165
-1.9732566806028586 0.752533642300544 -0.4794419405278241
-1.9784109690121312 0.7253079218161584 0.017217338341804833
-1.9349262347760714 0.4962595037391644 0.49825447823438296
-1.097996079657804 0.7287015342946361 -0.5566356775578534
-1.1215522196492174 0.782795932172804 -0.049428283911613136
-1.0871044886591932 0.6171257346067618 0.43797940041455874
0.10122107742813569 0.6988084700065329 -0.6499479410466229
0.07731447921798917 0.7712316386752693 -0.12994033072557798
-2.080270069031428 0.6592105251747187 -0.4875748750981366
-2.093585530089314 0.6709213317013205 0.013539970177742333
-1.9804640001998166 0.09972345248966707 0.4693796041193927
-1.227039008984562 0.7344710392804954 -0.5540917513188397
-1.245935061870938 0.7692666078869674 -0.04914218161669126
-1.2109627259423235 0.5986179093083352 0.43767851616773257
-0.027735382175194445 0.6953074708998352 -0.6478403208073651
-0.050137862106808484 0.7630215908684264 -0.12870389197435728
-0.021707002830623878 0.6151081703943841 0.36388558175000796
-2.164106725013994 0.4491707640857143 -0.5078361627873456
-2.161580891221405 0.3825379824111037 -0.01105004523363462
-2.0623170297133413 -0.13070578140778455 0.45292109276685366
-1.3548335713780233 0.7358647120447186 -0.5520632860478436
-1.3692039897905346 0.7513141548296023 -0.04930239890184751
-1.331525898698871 0.5659476081467831 0.4362527730647052
-0.1603935700481003 0.7067317868626413 -0.6441724893864667
-0.17753354259386356 0.7552836629703821 -0.1274698374089276
-2.03448635502005 -0.8391532796336323 -0.6397612688359295
-2.2460864420595215 0.16751029275127927 -0.02912408087816587
-2.1991720549822986 -0.09193333316880548 0.45658367897901186
-1.4857884111571593 0.75230100263341 -0.5484970209416424
-1.496858951614044 0.7532610740852483 -0.04769211981859556
-1.4641996395905181 0.5872407814038834 0.4389349820795978
-2.359695714868323 0.09444712499069219 -0.034573852759269386
-2.3222916533015194 -0.1211730297563598 0.45511740471753726
-1.610104581143446 0.7400694410993687 -0.5480111238774334
-1.6265403256652604 0.7653855591885801 -0.04519730780687681
-1.607347411247133 0.6577319258716177 0.4453555944148029
-0.41530771540614353 0.6925052312287017 -0.6410115358647381
-0.4456647139196548 0.7942997427093932 -0.12004977439012876
-0.1407575624344588 -0.4919391185499453 0.8008767965022052
-1.7354667419766088 0.7331503152862169 -0.5470145342167889
-1.751830823443811 0.7585303889917352 -0.044478237372306495
-1.728808257102557 0.6313148091593082 0.44429653908643374
-0.5523596797714845 0.7246933410192007 -0.6352627870854413
-0.5714880041030739 0.7831749023977732 -0.11927252982225767
-0.3013767922136168 -0.38306756238396034 0.8088538053217853
-1.8597468561208217 0.7218137346003184 -0.5465338823613202
-1.877073754252649 0.7521270392780348 -0.043761074286368995
-1.8524373907752931 0.6150786001139359 0.4439827802363361
-0.6771415932372236 0.7091226693109043 -0.6347306368168866
-0.7032517222081793 0.7966838734038593 -0.11624222968187681
-0.6882372539248962 0.691998928419582 0.3770453336420978
-0.44082838576346717 -0.35589348887905103 0.811531722802254
-1.9799324301287982 0.691448886754598 -0.5481103060063397
-1.9992107145243523 0.7315455643745254 -0.04437953208055845
-1.9720098884536554 0.5797551169313859 0.4421674611750568
-0.8113391555726821 0.7326598224366165 -0.6300280687626874
-0.8277540508139651 0.7816524838300101 -0.1159213182744061
-0.8036963125311871 0.6381534195286838 0.3741003873530353
-0.5787946458508344 -0.3330415448572426 0.8138973119440998
-2.1122810573016864 0.7199693535023659 -0.5435269472416913
-2.1133756813169526 0.6723653649475638 -0.048553764563468604
-2.092739330605113 0.5497364261213402 0.4407226445857013
-0.9464354507765904 0.7615516880741806 -0.6248043176945721
-0.9661852981960237 0.8251906556669688 -0.11018592093553892
-0.9380017211236549 0.6622851362269087 0.3772603872004474
-0.7188225346283872 -0.29994822864143345 0.8168861272517169
-2.229548460542361 0.6758488717462194 -0.5466507074650799
-2.204195625969632 0.4963673229691574 -0.06339627478685728
-2.1356304776621755 0.13393399705276465 0.40967291619214663
-1.0675053682153361 0.7328676333279427 -0.6258438226994549
-1.0939122364937788 0.8256407497834939 -0.10851460669603696
-1.0605900197379015 0.6383839049249982 0.3765990140620197
-0.8516478916139931 -0.295464248380779 0.8180009725275958
-2.332982887492065 0.5062503525532058 -0.061363517981437354
-2.229825913352201 -0.037386201849198386 0.3973371389094318
-1.1954314540804774 0.7336764834975114 -0.6237552759465252
-1.2215390781531 0.8265607098793053 -0.10684519980516782
-1.1877594116542411 0.6343482799932953 0.37746304299268374
-0.9775802209212827 -0.3196660094389676 0.8172380330744708
-2.3863963397317747 0.1303418450498759 -0.09445410941210142
-2.3518037186851757 -0.07141564699967251 0.3954893949213947
-1.3221451147346244 0.7301076812658289 -0.6221907732304608
-1.3479469461728257 0.8230936321958771 -0.10562974188890806
-1.3081898738092121 0.6016077733268226 0.37603014733228335
-1.1091299434295365 -0.3190969470487568 0.8180353048029865
-2.4928403418785052 0.018596181503628628 -0.10355502341356626
-2.4720642102743398 -0.11481965369005032 0.3928863408747638
-1.461894974276433 0.7852289568393029 -0.6143606302556073
-1.4622586863445406 0.7666437665035515 -0.10938864920702329
-1.453896379559211 0.6811794401273197 0.383391082543465
-1.2372988958495768 -0.3326398643924824 0.8178912999812091
-1.5839547617443799 0.7632035561253598 -0.6148889658268963
-1.5940886107171792 0.7883675432885164 -0.10591870520677915
-1.5806591850630127 0.67858106439758 0.3842493894282306
-1.3719112023045454 -0.3164948744821121 0.8196226957026447
-1.7029007219668841 0.7270287693754476 -0.6169884798344647
-1.7171965718415407 0.7716577067547927 -0.10606795523729673
-1.703104960158285 0.6569422062106893 0.3835746648493732
-1.4999643587296134 -0.3291104314646214 0.8194743993464435
-1.822005451295425 0.6912548661995563 -0.6190927622136151
-1.8424134511759434 0.7651236870091127 -0.1053155062016522
-1.8276958866958353 0.645491095629275 0.38366240288648257
-1.6290472095650586 -0.33638357641266303 0.8196355703059162
-1.9645077720267636 0.7444277673901478 -0.10592395041551939
-1.9450989445772109 0.6003317168658233 0.38106554772290835
-1.7611680363624203 -0.3285427249615127 0.8207346799555744
-2.075566384562194 0.6705022319249752 -0.11151534293260923
-1.9982146027846994 0.24302287595512606 0.35393828179273257
-2.1761447821731252 0.5432432373457416 -0.12209635947313657
-2.088411533288749 0.05670534332916066 0.34020441796216616
-2.234656178937115 0.2013476308295843 -0.15262156699266782
-2.207099841723746 0.007528078776799951 0.33719509865674624
-2.340460198200944 0.08916472229720807 -0.16186934683885923
-2.3308222564647707 -0.016787687036481813 0.33609932686719546
-1.1439347666643158 0.894047706377715 0.02608364846143374
-2.249085504885727 0.731496256122302 0.09083360459241518
-2.273867167565001 0.5043499894531003 0.09142464425000796
-2.304417721667619 0.2776719273423023 0.09231156136426577
-2.4602068133133628 0.060357391537678495 0.10059064652356753
-2.5221454955975986 -0.16324729596862486 0.10325139786634097
-2.564973726828498 -0.388081845027231 0.10472983147534976
-2.1014748244055284 0.8013139261358511 -0.03237587187853208
-2.3102690172283076 0.5857351016379191 -0.020505249243644386
-1.199583916983613 0.5128302128820641 0.8418208959284748
-2.4002717275863716 0.3632995729550421 -0.015940010291007667
-1.5041554016043364 0.30133658200810753 0.8554312589350666
-2.50597909252798 0.142525909022571 -0.010460912924674659
-1.6549828092430516 0.08069745985725874 0.8617672326746906
-2.473087305060645 -0.08817358431269984 -0.013504802924064307
-1.711918120779231 -0.14615156194245849 0.8636445405665363
-2.5255981576358835 -0.31242394675858964 -0.011374056082633643
-1.7397603763919989 -0.375037911529267 0.864113509911629
-2.529148523166569 -0.5405064273426028 -0.012287199240592628
0.7113758124896634 0.8047555260723165 -0.32328158591356626
-2.2913895914814475 0.7548946182071816 -0.13543206427660337
-2.4164313602158103 0.5231519183221875 -0.12854415152635923
-2.131571446080585 0.5041526547254707 0.7709140184107746
-2.4311788220586124 0.30729077939578 -0.12854415152635923
-2.146385665338869 0.28734720486149 0.7709140184107746
-2.452459519178504 0.08048011670536681 -0.12823134635057798
-2.16276011537029 0.05917805689335065 0.7709140184107746
-2.5839784855671013 -0.1377993378372695 -0.12103062842455259
-2.174945516999685 -0.16931500196446603 0.7706705930415119
-2.153090675226096 -0.4005892242488569 0.7687236669245685
-2.0076437330161667 -0.6425338856995868 0.7606922986689533
-1.4515597662780948 0.9555343813910957 -0.3031728861149823
-2.411774943429208 0.7842221584544564 -0.2420328256901776
-2.1758324191454648 0.7579866904987123 0.659377992409798
-2.4513032698773856 0.5586247263700939 -0.24042350028124204
-2.155675967337956 0.5276066605322649 0.6576132180872882
-2.2228231590078167 0.3145269127985042 -0.256191551428703
-2.1214048997861283 0.2959903363438352 0.6550924184504474
-2.3485818519109642 0.09463828357206161 -0.24911195014086118
-2.097900158756275 0.06481141050936223 0.6530756356898273
-2.435272690699108 -0.12747729045871026 -0.24460726950731626
-2.1100627796105016 -0.16390762970999884 0.6528231504145587
-2.058333236800962 -0.39779945936691163 0.6492940786066974
-2.032307804781283 -0.630024464506592 0.6470252874079669
0.7818880988947967 0.6548293167886703 -0.5680015680607831
0.6923789276878125 0.6364443479411621 0.39494818474683413
-2.185476158316476 0.6086766774260282 -0.37201529715624204
-1.9834638603166042 0.5725448211147217 0.5342203977290119
-2.3600047515748486 0.3915670204935209 -0.36143904898729673
-2.0386968421679086 0.34656260914953396 0.5363070371333087
-2.3710349483020536 0.163791601102103 -0.3617694971379315
-2.1743765594041946 0.12667319467116211 0.5425662400904621
-2.3828601574188184 -0.06397104106222429 -0.36210042212572446
-2.096708057995201 -0.10858205600797621 0.5376107099238361
-2.4004533834291237 -0.2913067316592981 -0.36210042212572446
-2.1443325862176295 -0.3345490126748274 0.5391754510584796
-2.0882320254350617 -0.568912224559762 0.5352634790125812
-2.0727719803105202 -0.8002944969723371 0.5334381463709796
0.9574256708900322 0.7149211315431643 -0.6995776293095624
-2.0743024096628915 0.6691839985678465 -0.4940188524540936
-1.8519293130439536 0.8505413358251097 0.413192689675423
-2.159023742292902 0.44546566471109283 -0.4892695543583905
-2.1204294588974477 0.6377488114372332 0.4269382360163654
-2.304225811217975 0.2265373946946596 -0.4804499742802655
-2.145551170963728 0.4101699217607049 0.427477300423714
-2.345668213935781 0.0007766294049105227 -0.47875434134569517
-2.2511287763729513 0.1884169578482071 0.4323291185084308
-2.368024681374976 -0.22630552616752642 -0.47841483328905454
-2.3823572657636447 -0.030785477376497283 0.43852800156507143
-2.4595644744747744 -0.2534333695211499 0.44176214959058413
-2.1046285303621346 -0.5111526769358221 0.42154783036145815
-2.1088602818564226 -0.7407385521776746 0.42073935295972476
1.170195006469271 0.652832116948872 -0.8348982927617108
0.8260079194448053 0.6619415934532489 0.14846581246289858
-1.8463297114930555 0.6074649038774629 -0.6251071092900311
-2.043620333527798 0.6087631509374614 0.3078956010523761
-1.8516269733988366 0.3775728311910287 -0.6258028147038495
-2.1734247776634703 0.38807973135055374 0.31429523255262026
-1.8527668341258305 0.1473022062566276 -0.6268466112431561
-2.194415289295364 0.16035983897512462 0.3145732286158527
-1.620938982723132 -0.10061368600573228 -0.6442421076115643
-2.4302764835263275 -0.051112169058948 0.3268157842341388
-1.3850788122744433 -0.3505955071943392 -0.6619856951054608
-2.4975913859680787 -0.2743514433547256 0.32959789063367495
-2.4910480437324765 -0.5033406263422249 0.32820719506177554
-2.196824967924911 -0.757250492236401 0.31067794587049136
-0.8759473259481041 0.9988894942181621 0.12744683052930483
-1.7811009116820458 0.8210341636958747 -0.7441785929020917
-2.170322194895121 0.8449483270868834 0.20119303490552554
-1.2879762739235616 0.5586239263460477 -0.7805536386784588
-2.174780467771029 0.6162137694724716 0.20061916138562808
-1.3183274257382038 0.3284801081082884 -0.779483616095451
-2.2597233590836368 0.3929129782561587 0.2046362760249103
-1.3494861819297483 0.09849377963659656 -0.7784140703496014
-2.425088327766545 0.17588964177708188 0.21324485566053042
-2.456783001544011 -0.050181961093970884 0.21410578514966616
-2.504193741792534 -0.27490200673809273 0.21582740570935854
