2.054385245856949 0.6063462100724877 -0.5276842693958059
1.465467628471984 0.5929038833440856 -0.48297792479131374
0.7503210308534136 0.6518554553681497 -0.42568498655889186
-0.8166382054575791 0.539155845634852 -0.31066375776860866
-1.7101054953377144 0.7162603181924325 -0.23514133497808132
-2.080860518292326 0.6054634276038513 -0.2117024044666067
-2.1744117051702716 0.3391832004959596 -0.21604352995488796
2.0420070876871677 0.6446102014775335 -0.6859760861072317
-2.264651187152893 0.0705987959948331 -0.22081762358281765
1.567320436170931 0.5698043965398085 -0.6518188099536673
-2.1791186083950436 -0.3000163928824122 -0.24338727995488796
1.0404447270563253 0.5262799328185181 -0.6123381237659231
0.3536524865934325 0.32949244699195646 0.5826396365490183
-1.020054948350662 0.6829254726559952 -0.4446559528980032
-1.7174235589475302 0.7510433816333588 -0.38743167921636257
-1.7312179649638182 0.5190959680932536 0.7262644191112742
-2.044666809290632 0.6157143402192062 -0.36791282698247585
2.257646284852953 0.7921125032996983 -0.843250332323052
-2.1165388468909896 0.33702879652194895 -0.37456661268804226
-2.189500774976821 0.05836701292871993 -0.38122135206792507
-2.1686851208027633 -0.27506276617012304 -0.39763456389043483
-1.1981069385661556 0.7163315364849936 -0.5705166439685598
-1.7647077372347155 0.712441105435424 -0.5257392506274954
-1.9401505444860732 0.5555812230734318 0.601416530164741
-2.2914474737754915 0.6899959403353861 -0.4850330929431692
-2.263559937737824 0.35548863930754493 -0.5022197346362844
-2.232840119419862 0.017821459578932775 -0.5198593716296926
1.4581123516386754 0.6423152642488432 0.24545949891474095
0.5965936489278079 0.7963547287844719 -0.8539167027148977
-0.33079436200306134 0.6380768738821558 0.3684849162426218
-1.020988404137455 0.7130907004063616 -0.7262235264453665
-1.2270181658532238 0.5065817683243168 -0.7188478092822805
-2.007416386871 0.6082129444683488 0.48213619187738743
1.5395340731971743 0.3677682300746241 0.06967252686884251
-0.8614993382274889 0.7199656776857211 -0.8806205372485891
-1.2371197372684435 0.6073077719292499 -0.854788361040093
-1.3001930030315805 0.3212611769825031 -0.8627725224170462
-1.5605251112943819 0.4514715741802746 0.2909416575756296
-2.066502595983252 0.4168461103176426 0.3249525447216257
2.1491894848890496 0.6979157051149585 -0.10714298292730007
1.480916780320186 0.7258295047796537 -0.057674942460991474
-1.07197970719605 0.819034717545108 0.1299747844066843
-1.673831641266247 0.8334603584411227 0.1737193484630808
-1.9836671517484064 0.6880517941117148 0.19007200196649876
-2.0768752702121986 0.42148781411741965 0.18598407700922337
2.2180946182270276 0.28083573436628484 -0.2748728375110403
1.2602223627851856 0.46684670385489113 -0.19679695173833522
-2.09359019449478 -0.21058112527887118 0.1614546199169382
-1.3219676339528945 0.5880119976941174 -0.002232132402397724
-1.9235109329596867 0.6051469709877964 0.04244274094965306
-2.116704293174976 0.3949009579688223 0.047870101484321026
-2.2586210510203415 0.15585042622135603 0.04828781083490696
2.259005501001411 0.6701824471992737 -0.4089975933704153
1.4544775930956604 0.7702273655044394 -0.34421354338262233
-2.256292455239034 -0.4884755801465559 0.021148623975776104
0.8182093612899308 0.7856174588374998 -0.2956247906360403
-1.0321784048102955 0.8266428114109914 -0.15497356459233913
-1.6644223977105241 0.8576591370767304 -0.1063848118457571
-1.9003082821314337 0.6706572922484497 -0.09658151671025905
-2.084625057954085 0.4553725858422055 -0.09189325377080593
-2.0921980183215965 0.13964287027226163 -0.10467964216802272
-2.0924931329961254 -0.18147724452785496 -0.11831909224126491
