1.768978681552511 -0.7470925802239243 -0.07516055587408044
1.8765187161746582 -0.40609227842207574 -0.04171996596929528
1.9858167649632747 -0.06628344915299422 -0.008276515041560906
1.9163581883310457 0.14906863798711356 7.099624994300058e-05
1.8538542395680082 0.3555252670503357 0.00838083740594886
0.0007919499501554128 -0.33915716500412074 0.702468342746525
-0.044104596216712366 -0.10111291829322866 0.712966389621525
-0.05887924232197861 0.15594880725496907 0.7269696664464762
1.9760205546978966 -0.6139524678993453 -0.157247118984432
-0.2100271906818847 0.32297591984862706 0.7244915437352946
2.014561481522847 -0.32177456234100177 -0.13316302779790856
-0.3648239566326197 0.4879319720853026 0.7215251397741129
1.9686086363424238 -0.0894354731439897 -0.12123446944829919
-0.7535227448134663 0.502961910915289 0.6906012963903239
1.9523634664890608 0.16240495981559278 -0.105245165859432
-1.15954207501251 0.5095902674600943 0.6577009629857828
1.834478374549576 0.34425701731539604 -0.10372405532476403
0.2761038557486586 -0.7169821043420121 0.5783528756749918
-1.5619740730419664 0.5212981342025742 0.6253203820836832
0.2872567722534427 -0.4404538030363625 0.5961465310704996
0.2831436627102306 -0.17547880117206915 0.6119074296605875
0.20146854335884257 0.03686778821046133 0.6179966401708414
0.17049728942318154 0.28215555002503123 0.6302065324437907
2.042046551634229 -0.512837196549107 -0.2541413832056234
0.16141799630825915 0.5408304018235484 0.644968457187443
2.158546375314799 -0.167334131032554 -0.2185416746484945
2.031309520837553 0.008203254959244788 -0.2182050276148031
0.5084183178985029 -0.7727853767678106 0.4817418527257731
-1.5402083068234447 0.5102779725753983 0.501042790378361
-1.926290369741153 0.5348260737604171 0.47007841583612464
1.9796376835568736 -0.6609239251386754 -0.3810449171411703
0.2500168735721644 0.6532565088352449 0.5477852296483805
2.229905215874453 -0.2214560431859276 -0.325246386562557
2.110649406869854 -0.04053249711837381 -0.32373099807378747
0.5293712057721365 -1.1079102819439157 0.349893994296818
0.6123100618531652 -0.7807824312010823 0.37773031708124183
-0.25761194291433753 -0.5598307205366524 0.31744427200677894
-0.39452584699492377 -0.3813092445078681 0.3168701600683024
0.6444898452756007 0.5714419379167914 0.4653410386693766
1.9773523600835574 -0.461255143675082 -0.4771295118677328
1.9593546072193533 -0.20894055316022886 -0.4604735899316976
0.8475651814427323 -0.6985764293234027 0.29112619873407386
-1.8034204669540799 0.5890645783551953 0.2547525834691813
1.6630073966697267 -0.9323031134996569 -0.6535955000269125
1.5412516114551522 -0.7493738075738783 -0.6520610380518148
1.4995407686988074 -0.5024944426353812 0.24937624451044105
1.5351728962573645 -0.21233428018773637 0.27154631134393714
1.452992191718593 -0.0038832684985372623 0.2779368829381754
1.3592762006534542 0.19637099940833735 0.28270287033441566
1.3076283663038737 0.4245088962090122 0.2929186296117594
1.3087052543412625 -0.8688934035203495 -0.7957521009790609
1.5821350051403584 -0.670183144140843 0.13475412842157386
1.2607015049159855 -0.6340564490042411 -0.7829890776025961
1.665918613202379 -0.34599932632892205 0.16389412399652503
1.7226253020282627 -0.04249362246855881 0.18916601654413245
1.6780423263421795 0.19040363901525126 0.2006172608983805
1.5850015207802244 0.38985339932726504 0.2054399919164469
1.5009976188380136 0.5950511538374066 0.21137804504755042
1.7831672365079783 -0.8756571817649466 0.028037972415714485
2.0521891816606797 -0.41677703561113333 -0.8083158064233968
1.91446356435641 -0.5172118963939347 0.06435436722162269
1.9863184501009101 -0.20247384765488263 0.09224409576776527
1.9532039663107241 0.03827865363769334 0.10553211685541175
1.867758093376807 0.24248990543366844 0.11152548309686683
1.7337032850597751 0.4135015508312705 0.1107882928502848
