-1.8345580888671833 0.24372980827425295 0.3899817569287132
-1.8176960562788622 -0.3639844853723133 0.3821745021374534
-2.0049528248216006 0.6684155440513635 0.1141977412731956
-1.8160794389436319 0.5612145556946757 -0.1795930759875466
0.5220669533199072 0.6214377797336894 -0.23859404492065206
-0.5266094883141221 0.633732768473088 -0.18094014095947042
-1.5601303333309033 0.6470046063032555 -0.12417315411254659
-2.132526969516988 0.05352070461418634 -0.10672854351684347
-2.129191169446827 -0.3670989142078227 -0.11678170132323995
-2.113833257283545 -0.7942755848510359 -0.12772082256957784
-0.15358533004258845 0.6249445853243856 -0.39725636410400167
-0.9528100662241314 0.5372901175682827 -0.354340066191404
-2.1232522441593034 -0.22398014932645793 -0.30685805248901143
-2.162221651061529 -0.6270124325045003 -0.3144669430224587
-2.1422084611591714 -0.30083898161631595 -0.5008444683520485
-0.7229713485097022 0.37525558050757013 0.7981643779309104
-1.6648422281416657 0.3528415949646728 0.8415246112377952
-1.9965868882991629 -0.32304979127274436 -0.7032637493579079
0.2259631318883777 0.08152084450487962 0.5517416102917503
-0.804512940058359 0.09206143831629277 0.6015563113720725
-1.8979140358304392 0.13675047321243028 0.6550216777355979
-1.9628911084284795 -0.25478016116552027 0.6500668628247093
-1.9698421467960827 -0.6723280541520396 0.64172078204468
0.3168379041007796 0.5732521542556981 0.36087657046631083
-0.5522504048283565 0.5121697445419287 0.4029221637280296
-1.8620278227332108 0.6431440566885627 0.4708418948681663
-1.8862310262864526 -0.6045903292748278 0.44550658297851786
1.1445882730072725 0.18646656347685564 0.11360074115112528
0.16379339246860525 0.16899578265478965 0.1636834247143577
-0.8939930702840115 0.19089525786608164 0.21849633288696513
-2.0054488542793507 0.24316427069332036 0.27664757800415263
1.7481973287792272 0.7925755465706885 -0.10330676006957784
0.702548422353459 0.7937098084455627 -0.04763840603515401
-0.36023464677643346 0.809269104892465 0.009177695039064737
-1.568971595371707 0.8934126221144467 0.07517577243164286
-1.9746563492537632 0.22886010667604495 0.08177567553833232
-1.9888763664976494 -0.18409108309533906 0.0731673343212913
-1.8079474899623733 -0.6831291666528188 0.05221987796142802
