-1.7326679599317316 -0.8040463500164918 -0.27956830184735004
1.218709917696664 -0.9113612635876294 -0.025220023801695746
1.6373379048661079 -0.7705274837453349 0.008201015779603082
1.7925567231261539 -0.5791231843108751 0.018184078523743707
1.9434822051405476 -0.38764680636123394 0.027732742616761286
1.992614492410837 -0.17561213542902365 0.02816666443072613
1.9986537103450743 0.04558650242749884 0.024694813081849176
1.922734623436952 0.28484666479508824 0.01384342987262066
-1.725862215343355 -0.8276300158693086 -0.40594302337444965
1.896377237681378 0.5140709172554132 0.007332695314515192
1.6521654564484294 0.7926846232074833 -0.018709289243590277
1.200616752490042 -0.9291327801735019 -0.14820967834271137
0.2028307257453008 -0.5641023052032725 0.657610309908021
1.731504435027965 -0.8103848727377851 -0.10384951751507465
-0.14945288220953756 -0.2653474783038714 0.6273144610615855
1.8035811219707227 -0.6024990815925229 -0.10118781249798481
1.8519748306892225 -0.38995749144770286 -0.1007443539408559
1.9693538411996627 -0.19187946659030608 -0.09409009139813129
1.9168773029028614 0.041825205667914034 -0.10296212356365864
1.840957694270358 0.28133108255295625 -0.11405192535198871
-1.5798552027444686 -0.8072375890300201 -0.5090504757670278
1.8340506022603762 0.5065258915643529 -0.1189318768290395
1.6821768689470034 0.7645724215883991 -0.1371193997172231
1.9206862208790625 -0.802492321984003 -0.1969677082804555
1.9244677583542682 -0.5814393690208401 -0.20058594863690082
1.987550947789316 -0.37233858787134544 -0.19877682845867817
2.1000961377904517 -0.17376233920771078 -0.19244443099774067
2.145106752403514 0.03874595035160233 -0.19244443099774067
2.0010824543830665 0.2923397166235251 -0.21008406799114887
1.9553394285948684 0.5256017225656606 -0.2186776272562856
1.9263620843632268 -0.6473034798765376 -0.30882178466595356
1.9111990497567035 -0.4221736381727865 -0.3143530957011098
2.0186960974748374 -0.22223721755732662 -0.30836068313397114
2.0050976085794616 0.0029780290153293976 -0.3138924710062856
2.0750534056862477 0.21055745799429104 -0.3115874401835317
1.1730933791646052 -0.7860351295987851 -0.48559485595501606
1.757728152023951 -0.6789368922578749 -0.433461295774352
1.8302365305392172 -0.47119818241863953 -0.4306431881693715
2.0886603711096186 -0.30231117220242076 -0.4099775425700063
2.1137348539875944 -0.08564637173622991 -0.4118562809733266
2.042256768868562 0.15194105421555903 -0.4231282345560903
0.9031865116508015 0.40830277762100486 0.3599156268330699
2.137032834539795 0.3540119801949899 -0.4184313885477895
1.9263463977942266 0.6236737946042226 -0.44332419555462543
1.872176967487924 0.8598361149827163 -0.45318709533489887
1.2608422167774833 -1.014773159766916 -0.5840264431742543
1.7717033788001757 -0.8917223567803383 -0.5381041638163442
1.87764353997148 -0.6907926989137483 -0.531885253599059
1.9696110221223933 -0.48746717791758165 -0.5271016232279653
1.146701269313965 -0.31930165898539364 0.2801908381672984
1.9891610094127614 -0.26943095780713655 -0.5294934384135122
1.127781495263143 -0.09026842049156869 0.27487601120196636
1.9705378941712866 -0.043136561021022146 -0.5357118717936391
1.1535875795301322 0.12976119931325414 0.27324045974932964
1.933288820539282 0.18762769320775696 -0.5438438526896352
1.1363306157479585 0.3592080274913787 0.2679261096211558
1.9503876473102792 0.40710759592814405 -0.546714412382018
0.9641557382539787 0.6230391587960344 0.24952877838336285
1.8565355201465081 0.6515019684235028 -0.5605870358256215
1.3590585818269574 -0.7757659848018559 -0.6898156277445668
1.2918217240176233 0.1353646915659965 -0.7141677014140004
1.3038592717500563 0.3580405876258794 -0.7175770870951528
1.4739907500779026 0.32132133142511243 0.18510235626422222
1.3167073620657703 0.5807914041554305 -0.7209864727763051
1.4526031069435845 0.5509651291509581 0.17925728637896832
-1.969009440232611 -0.8811099989965694 -0.19405614059246723
1.675185422270225 0.7266724202536441 -0.6898156277445668
1.5777546559103612 0.9736790949003247 -0.704426871946227
1.4472215884197155 -1.082082647426592 -0.7860280148295278
1.4158311121851668 -0.8528971533348741 -0.7934638134745473
1.602274897289405 -0.878414593721013 0.10599984008990582
1.399935939804756 -0.6262773385733755 -0.7994123570231313
1.644832459231374 -0.6641572133063267 0.10599984008990582
1.3312341571430224 -0.38846406402941724 -0.8108144871500844
1.6832531863465192 -0.4490630919116896 0.10557402450763043
1.3852445808975133 -0.1752901293136464 -0.8098226658610219
1.7077914284756304 -0.2310420422070809 0.10386933166705425
1.3669629891795125 0.05307518674557521 -0.8162675968912954
1.7282333424935885 -0.012016091052444722 0.10173786956988629
1.3884510028775452 0.27336231852905435 -0.8187461964396352
1.6423012900203773 0.23005164972639314 0.09023035843097027
1.4107219746448152 0.4936623058829994 -0.821224795987975
1.8055251108794437 0.41862616272702446 0.10045946914874371
1.443492577831961 0.7118092131424429 -0.8227120510844106
