-1.0289045813376134 -0.11384653294649283 -0.42369703158340377
-1.6622578640675698 -0.6082203879524961 -0.421375639285659
-2.0984323478151623 0.6712080545648398 0.3639084328750618
-2.0762012091383895 0.27749760041108473 0.36376180544891434
-2.0652414154931336 -0.11766683139718026 0.3635785807708748
-2.0507394341495058 -0.5119542537092912 0.3634136547187813
-2.01785138173301 -0.9032226012025824 0.3633220125774391
-2.0624505760968646 0.5765371368817931 0.1678249765972145
-2.0849910990752107 0.17578484877448375 0.16766179398098066
-2.0397942870170027 -0.2140085918863086 0.16763300493755415
-2.0454241991649695 -0.6113048620770378 0.16750820771255567
-2.0376293795818725 -1.0061808406531654 0.1674121995309837
-2.075567637936558 0.970981885002967 -0.028323707651113722
-1.9436481875643636 0.5944991514879341 -0.028311490561579916
-2.0155314684884615 0.1855815383136168 -0.02833505116007254
-2.1185774652087304 -0.22715575898540052 -0.0283638495167248
-2.0006282261498995 -0.6056878029157673 -0.028353377725695822
-2.0331501548368323 0.5194450165023738 -0.2245371113677971
-1.9916818725633476 0.12865527984292058 -0.22450568481883929
-2.010909484272574 -0.27125806487288884 -0.22438000842533037
-1.9475136981384367 -0.6583061988379129 -0.22438786133727953
-1.88544910265081 -1.045581439559946 -0.22439572915038988
