-0.7108796136911835 0.16557961486651962 0.6737905494770686
-0.6085907467084155 0.47597960747583024 0.6785160057148616
-0.46213396556526476 -0.4534738410902346 0.5436392776570003
-0.5434020554404988 -0.17929827862582215 0.5394922248921077
-0.550245354959376 0.10983364720583211 0.5390530578694026
-0.5609428182771445 0.39786642289732654 0.538380240639178
-0.2873564003482194 -0.09894682870458382 0.4101263038715999
-0.6136119246161442 -0.7332764079439791 0.2499295227131526
-0.5706880355958432 -0.4474985440484289 0.25242195053908034
-1.6112044150274407 -0.3665526829345147 0.1964479438862483
-1.4598553663730591 -0.027530207222834946 0.2047158233723323
-1.431837675762246 0.2712801997254566 0.20628318711134597
-0.6836467145781739 -0.304974770651679 0.10336360855909987
-2.1858900885863015 -0.6622705666549429 -0.3127850540080388
-1.9705426033626878 -0.6723116554211295 -0.264720345298322
-1.7116219524963583 -0.7045809963059124 -0.20493164137986497
-1.457570417231782 -0.7364344520226744 -0.14631595687058763
-1.2652668428040243 -0.740323664741295 -0.10411253050950364
-1.0688748093186682 -0.747565151636918 -0.060736561576398174
-0.8858696133245623 -0.7496178837653247 -0.020877743522198955
-0.7074816645238045 -0.7506640670761691 0.017809008797136983
-0.5423889516521818 -0.7463058910381264 0.05297813340040847
-0.3428017781902355 -0.7605098078511023 0.09752616806837722
0.16342207358275118 -0.8482756322304272 0.2159305564961116
0.20209949951031447 -0.7839049716108839 0.21710262223097487
0.2625289971275855 -0.7309420935847086 0.22413644715162917
0.3231006452805083 -0.6782832738168114 0.23117074890944167
-0.4874141050292984 -0.16271073620693421 0.00022373123976393572
-0.4934915711292511 -0.07086861392185284 -0.011499310294659892
-0.48310591900534305 0.10169402227158031 -0.029084111014874736
-0.44968559444357936 0.17289511878077057 -0.03025665358689622
0.5896258096582336 0.20384872642609686 0.18427762909742995
0.6234668503681817 0.271421327246836 0.18310556336256667
0.6575487061591154 0.3388919150987153 0.18193302079054519
-1.6427433036786105 -0.42770998454927245 0.5564695350727717
-1.4620386815571713 -0.42629672180609646 0.590041732033221
-1.307871302237679 -0.41293121458192594 0.6175104133686702
-1.1932385655478832 -0.38073988804720216 0.635822867592303
-1.100463574822438 -0.3381622463402092 0.6490484230122249
-1.0337992984689706 -0.2827403683722167 0.6561699859699885
-0.966997049045137 -0.22765625011745172 0.6632915489277522
-0.9217744446228089 -0.16162388024525498 0.665326213081805
-0.8850086189168849 -0.09123180671519471 0.665326213081805
-0.8177051697348361 -0.036988060273627 0.6724477760395686
-0.5602029617609503 -0.08443658612969962 0.7243329040608089
-0.5792224711695795 0.014833682823685024 0.7111068718037288
-0.5848744287368142 0.10736449674973692 0.7009335510334651
-0.6073054089161758 0.20945535864593623 0.686690901955096
-0.6164035435570376 0.30474797237841855 0.6754995338520686
-0.6122421108992313 0.3930979201893212 0.6673608772358577
-0.6418691395058396 0.5007007482240038 0.6510835640034358
-0.6368880417138314 0.5893757018726813 0.6429444305500667
