0.0871383601242357 -0.403376599707542 0.22687944187695308
0.07081329032981643 -0.210496695939419 0.24526103748852535
0.025807297970111165 -0.051138855238097136 0.2576301933723144
-0.02834410757570538 0.09712102838767223 0.26800044788891597
-0.09841893192201212 0.22702215013650573 0.27503427280957027
-0.21799534223050898 0.3021353235672706 0.2720473648505859
0.45335429323853305 -0.6312624341713686 0.09310706867749019
-0.26028460241231244 0.4616608249801679 0.28444608463818355
0.33447839556930603 -0.5547186723702922 0.09065850987011714
-0.5002963636833968 0.4065022203386839 0.25740846409374996
0.3787745633905928 -0.2912611658736637 0.1225274445014648
-0.6363232277893971 0.46506397762173535 0.25110706104809566
0.28716504548913946 -0.18462036359730405 0.12558444752270503
0.19269061990713965 -0.08142349448672803 0.12796338810498042
0.14809174983079743 0.07749172877755939 0.1406415344672851
0.36254975447572235 0.5236408697084336 0.20683702244335933
0.22745200870868842 0.5787370061991304 0.20031913532788082
-0.05105878588290125 0.47704740112478916 0.16431649937207027
-0.17651892884271803 0.5447668903127614 0.15987714542919917
2.0798829145382243 -0.21963838007021153 -0.27048698649829106
-0.3052007680119999 0.6093691132821668 0.15476163639599605
2.0634658437696913 -0.027043517313419585 -0.24910799251025395
-0.06567898401306849 -0.5404749324022404 -0.15851846919482426
1.9975587075378698 0.10447476845167003 -0.2398087142509766
-0.003703884713786465 -0.2583947152302528 -0.12187925563281254
1.938612496769501 0.24366684591904075 -0.2289911864799805
-0.8332996665199488 0.6551887939166612 0.11067327274853511
0.6173548884481121 0.6464391680439157 0.03508838429028316
1.8580454158270712 0.356447512355782 -0.22345463023608403
-0.9722355684527599 0.7116997252678026 0.10354074253613277
-0.3384030391502577 -0.21158142136114222 -0.148256933550293
1.7651675020685076 0.4543611850069915 -0.2209307311577149
0.032520105670300836 0.40700382607660757 -0.046104109148437544
1.6662543959134055 0.5450548813201301 -0.2199102996391602
-0.1865470857242144 0.37205722131090013 -0.0706631301445313
1.5612186724869943 0.6285851527595092 -0.22039095149462895
2.1385954762301793 -0.4125997982526748 -0.7729136107963868
-0.26549126058863237 0.4912938512224905 -0.06531540141528325
1.4305624958638177 0.6826180419183423 -0.22690645442431645
2.1895397439540787 -0.1359966560594792 -0.7319041846794434
-0.24641881132921384 0.716041474697473 -0.03931823955004887
1.2804737697800945 0.7148656419298582 -0.2379442809624024
2.1543140660659645 0.03324982129252163 -0.7137323974174805
-1.1036547807125459 -0.0008133931164202579 -0.19835821376269536
1.1205102109600062 0.7366816962591649 -0.2512375472587891
2.167207545584212 0.25932832183372057 -0.6833163856071778
-1.1124872585615435 0.19715296971901708 -0.17803064570849614
0.9571171739618407 0.7555538391822019 -0.2652765868706055
2.1339498579329117 0.42816367005609024 -0.6651312469047852
-1.1270819060174446 0.38762254607975066 -0.159121191362793
0.8099826046195631 0.7936590981192388 -0.2755295394462891
2.0761638723491487 0.5666726592414584 -0.6534654258293457
-1.048530599707071 0.6746025269076235 -0.12099329219287114
0.6330835457749018 0.7993498463444872 -0.2925688384575196
1.9775935787220362 0.6563016991917543 -0.6523963569206543
0.46585439397928496 0.8169208222406219 -0.30733267054980473
1.8793542347947891 0.7462637845743281 -0.6513187049431153
0.3184019057706564 0.857230300790615 -0.31755605922167973
1.739635654535995 0.7879094591242257 -0.6608368514580079
0.14417969812515707 0.8690792611746581 -0.33380953059619145
1.5676296595860677 0.7928880718861926 -0.678502237657959
-1.8535318260447156 0.6535382697778935 -0.2017680762810059
1.4083197974944923 0.8135876780847617 -0.6928950904411622
1.239082980628197 0.823927238415866 -0.7097245811027832
1.0336660925506393 0.7944374420921569 -0.7355147956413575
0.8900652498232375 0.8360435343916315 -0.7457996963066407
0.7069196585074238 0.8342248999472126 -0.7658607123894043
0.5399813895187293 0.8516375106652525 -0.7818338035148926
-0.1819338937733619 -0.11709934397437038 0.41727384342724605
-0.1496862461987547 0.12740024861941635 0.44411596073681636
-0.1661241930195061 0.31631890669802587 0.461270654340332
-0.02248195679007381 -0.19936635319968588 0.344667756696289
-0.001144318811981293 0.034066333944458904 0.36992391361767574
-0.034959543316468 0.20442282221796404 0.38403829350048824
-0.27696221203960647 -0.6639389107452907 0.5082763077216796
0.11979366344120024 -0.6627568692275077 0.5425761581855468
0.2067719347511101 -0.4734721476045962 0.5400541664558105
0.3071316729081701 -0.2922890523170594 0.5390451790290527
0.33645732975581666 -0.06656717442225357 0.5294612289863281
0.06801246595859567 0.3477469524244192 0.48406394733959957
0.35601876934269683 0.41208800475302 0.5052493454414062
-0.7746337443985141 -0.3730929957376148 0.3438232780891113
0.12389498758827244 -0.6761264262074782 0.43925937428051753
2.187478568770082 0.1947210567346822 -0.20635334239428715
2.225444075509266 0.42417407722788525 -0.21735445247119145
-0.06695391754023206 0.45889538258117923 0.36075528873974605
-1.3012293428941604 -0.7308049699372177 0.20969136967236324
-1.1378244238696595 -0.5827855355196512 0.2164743782478027
-0.6983349141144188 -0.6139225068871355 0.25769504322583003
-0.4764181310194715 -0.5160298187820658 0.2723043800788574
0.32054810480590845 -0.7467591678584107 0.3563102127509765
-1.926786935479413 -0.7172171471392872 0.04490121616894527
-1.4122271659139614 -0.7741930756150914 0.09529432072216792
0.5261277076067401 0.3433710492812807 0.31404622807080074
-1.086631783454095 -0.7224029232409741 0.12234720005566402
-1.809786300630826 -0.599686664914099 -0.05819574580615239
-1.2869749816170213 -0.6631773107467325 -0.005900060991699263
-1.7342990251006256 -0.8767599673342268 -0.14309040294116215
1.2680910924386097 0.44602782350401426 0.16608270420605464
-1.6513213614088258 -0.641437013071819 -0.25566879496997075
1.636246819359414 -0.021565625051295 0.12423833622509761
-0.09386947486626696 -0.09704918182580968 0.7044556976752929
-0.0850334147404439 0.14320539133316146 0.6927665115791015
-0.06671624974674728 0.3784737151990285 0.6820515037971191
2.042425545182951 0.23682457747556285 0.0437162758308105
-0.20125889467298208 -0.3478234625080603 0.6032780052619628
-0.16817741220732074 -0.12336574976468384 0.5943549515205078
-0.1214782150565128 0.0933455248455104 0.5869191528754882
-0.057030608535541205 0.2995252027933333 0.5814660431342773
1.9011021122021603 0.26979397874245237 -0.08471409068530278
