-1.416499487476358 -0.9576628655147665 0.14268224202868662
-1.3508982822492754 -0.9404742949242895 0.1605149980711671
-1.3024051196479576 -0.9155202415749741 0.17189137899157725
1.7444081649784096 -0.589021993492242 0.011193918817016701
1.7981568979864733 -0.30029530921505554 0.022884058587524514
1.783810449459267 -0.040360277341363826 0.029094385735962014
1.6547676863875438 0.17291740060869998 0.02617185079333506
1.872917297848133 -0.6280907853798183 -0.10505278146984853
2.0279043669399357 -0.29795603518562075 -0.08485538995983877
2.0135131506073094 -0.038735203128830165 -0.0784972432923583
2.0588793246252095 -0.2177655888427914 -0.20373041666271963
2.0309232551712455 0.03565032621251163 -0.1983721975159911
-0.1248103515580965 -0.5523906949599002 0.6470596071409913
-0.009900081656837756 -0.23465697165952548 0.661148714654419
-0.005066734052732613 0.03809770359037401 0.6677233453917237
-0.04098285130595514 0.29420809127500647 0.671479868524048
-0.378606460462251 0.43362536354229775 0.6548868890928956
-1.1823443469423296 0.39729985446319915 0.6069852586912843
2.186320653449286 -0.17762030563299902 -0.30430538690808095
2.0430198870026004 0.028490019604941352 -0.3086012128663329
0.12502045842785492 -0.7499928730880896 0.5303622957396241
0.17869817468303495 -0.45652998994122385 0.5406600710081788
0.1779703903309695 -0.18590253693358605 0.5470959421324464
0.13653344781407384 0.0679510070090501 0.5506355043577882
0.14254445625915935 0.3398901018156728 0.5573927637266847
-0.40435767682211576 0.39778720970239334 0.5258576151060792
-1.2826398792949618 0.3328634896634419 0.471474814050171
1.9786543080346064 -0.07593538592029958 -0.4521101239991454
-0.035749812023155414 -0.6232242568820325 0.3970162149595948
0.2038423709349786 -0.25561854720137944 0.4208122965025636
-0.9329652217020055 -0.43431014108546506 0.34645001851794444
-1.477061641468353 -0.37288431108837017 0.31439130269763194
0.15603626719803287 0.5345242748618837 0.4370071169066163
-1.8726681574050161 0.5766328195884753 0.31240861379382334
0.47849518193957863 -0.766852510350418 0.29891841375109873
-0.2681448205237871 -0.7977674965965669 0.2510902162718507
-0.5017248586104301 -0.6180673767126272 0.240914511315796
-1.1012605783718783 -0.5822133692220106 0.20394055806872569
-1.3112562977049436 -0.38953091893512237 0.1954600092100831
0.3673838635184836 0.5370734023382226 0.3246976610350343
0.32397308266570235 0.7880437654505847 0.3280898805784913
0.10429424815930588 0.9716436306447598 0.31859223806140147
0.36402283529463375 -1.0300991940828617 0.15844314061877451
-1.520318219991566 0.6278894082067552 0.2069937463927003
0.6057562858418208 -0.659591667105996 0.18384091817614756
0.5717295604622876 -0.4030732432318622 0.1883637186217042
0.6174152996485702 -0.11520606540387135 0.1988007303404542
-0.11032119481807001 -0.13422815629175133 0.15113704168078623
0.5198097312859886 0.6508422839381716 0.21202151738879405
0.3883063508043705 0.86732410195944 0.20889060460803233
-0.3767578837738199 0.8438424461721112 0.15844314061877451
0.9975903812756997 -1.0248392157969626 0.07393662893054209
-1.264215050394725 0.779814871174004 0.09895007573840342
1.3818188948135202 -0.5966231972887215 0.11102549993273936
-1.9612098601168242 0.7928701936570199 0.05372111760852061
1.3432982264622098 -0.34449890471119105 0.1153046365904542
1.3473674624140983 -0.0756504482462006 0.12279384099719248
1.2135442353900316 0.1373676803915096 0.11958377324816905
0.706453970309056 0.4707792012289751 0.09462087117907725
-0.595564999078718 0.5049088385905875 0.008675741784545998
-1.3431912156850103 0.49208278735745736 -0.04160673654797353
