1.7939488204789313 -0.8727219814184721 -0.4071989667692577
2.0680152663770457 -0.4213270380362033 -0.3509226453581249
2.091004352737528 -0.1289024424923113 -0.3294115674772655
2.0560684218891083 0.12660120080342452 -0.31600481393722646
0.4579758361635129 -0.8447897741170394 0.45679229375930674
1.9882741768219319 0.361271222177443 -0.3072195661344921
1.8448557280123197 0.5498042148287361 -0.30885034921554677
1.7276348571332392 0.7542206685908326 -0.3069925916471874
1.4403193936089735 0.8575897605006446 -0.3282786023893749
0.4745697267128861 0.2918028508921715 0.5235657083711232
0.9262299791457167 0.8289486635410235 -0.3802195203581249
2.0214230532109383 -0.7420265097978671 -0.49675661447433583
0.47126316887390374 0.8385704549643762 -0.4240275037565624
0.11464495901019234 0.6377066572360235 0.5125083315095509
2.093512521378358 -0.41740609311856147 -0.46789080026535146
-0.01873901371283182 0.8310096433154115 -0.47243791940597646
2.1460539241178935 -0.10677285893996569 -0.4419603956022655
-0.5008900400803924 0.8314211131816975 -0.5196619642057811
2.098448290172257 0.1407507668216894 -0.430134834078828
-0.8543450105571964 0.9085907769588495 -0.5495043409147655
2.0476494327923973 0.38560658583664775 -0.4188891065397655
-1.5062611886159232 0.8190698221347681 -0.6192255628385936
-1.8288979619575088 0.6439505960823304 0.34630244848342784
1.95108676951196 0.6021532791822573 -0.41409975412277333
-1.964619037902537 0.8430629774523446 -0.6628904950895702
1.770131058420418 0.7679317270023596 -0.4210510862150585
1.3462953025453857 0.7900053723629661 -0.46147829416183583
0.9262003855002234 0.8171417867584019 -0.5012903821745311
0.5722329039711695 0.6023234863835718 0.41679900762649424
0.4069823620040012 0.7891593521300528 -0.554585517672578
0.5067630181882805 0.8412212129946148 0.4248675691804493
1.6241905775643346 -0.651496408528363 -0.6501322400846874
-0.11744128881362315 0.7618937297168245 -0.6084375989714061
1.9928165347923397 -0.1438799068936376 -0.5790777814665233
1.193663914479231 -0.642893302406879 0.2767323839387501
-0.5739267603316165 0.7710175888199053 0.3266085970124806
2.012838743791818 0.1455880882491698 -0.5575476300993358
1.2588564217518154 -0.3219503471779639 0.30172103521438487
-1.1215629994403002 0.7441703177017089 -0.7095938337126171
-1.251783014904646 0.6632995930552497 0.26121991750808604
1.9747901414689153 0.398414498904998 -0.5443602216520702
1.2533465375814785 -0.045778699613354235 0.31775230047317393
-1.5535128406826715 0.7802936421802329 -0.7504397046842968
-1.7060798935642651 0.6872980842956942 0.22278398153396495
1.8612591930600502 0.6049514304767456 -0.5419016492643749
1.2107249807168046 0.2068847799441862 0.32904857275100596
1.6036116398201017 0.7252568478282555 -0.559702934054414
1.1222130867192703 0.4313558280766969 0.33455747243972667
1.2009181091646752 0.7608305271829785 -0.5977564466276561
0.983229363816065 0.625558318486167 0.333755432339629
0.6349178389700114 0.6967556768517014 0.3071569788179005
0.3937482704889561 0.8326316277547363 0.2937478410920704
1.6675008171580856 -0.7126945989277118 0.1935872423371876
-0.16130869746390886 0.7878677304010218 0.24191945669265635
1.7022883922243324 -0.4108613273837669 0.21519559499832042
-0.7303267744566568 0.7391430630195721 0.18854421255203135
1.7003344707089951 -0.13311499458551168 0.23198789236160167
-1.2140198774446276 0.743197728675721 0.14572995779128917
1.6486600763131491 0.11317576959392639 0.24235623952957042
-1.7200523194264719 0.7379845832580543 0.10031407949539073
1.5469547607143284 0.3285567328033032 0.2463063585481251
1.4417776096369863 0.5416616286469562 0.24973291036697276
1.1920964120448758 0.6686945196652943 0.23496240255447276
0.8141390759136584 0.721267117247141 0.204147278042754
0.37148246011285835 0.7384087805479247 0.1653260576448048
1.5552941511168825 -0.8651297409378529 0.053572593899687604
-0.07177942283196614 0.7582082141895512 0.12653249380203135
1.8386335271572136 -0.4082477426400253 0.10764783498855479
-0.5759481781988143 0.7459620510425964 0.0802745210847462
1.9000961661632516 -0.09180448168086386 0.1328553545198048
-1.080908476350416 0.7368196276624559 0.03404706594558604
1.8697204502780238 0.1668161683821232 0.1460866319856251
-1.521785471008414 0.7675455055290179 -0.004126609591523334
2.009878989197361 0.5200275165926023 -0.770854057101289
1.8149471744708308 0.4097632849533923 0.15606206533523448
1.6802055613303537 0.604030847385097 0.15570348379226573
1.499159025269094 0.7708301321491184 0.14937204000564464
1.254379135501921 0.9005108860977629 0.13489240285964854
0.8383281102624949 0.9309092708753219 0.09867185232253917
2.018562089145064 -0.8398691536292588 -0.023115218905488177
0.34443181629499975 0.9187913874078077 0.05268376943679698
2.0776835931222877 -0.5227949722875209 0.002459465237578229
-0.11582119818521619 0.9295838250772022 0.011076866360625104
2.104523664327118 -0.2275280704908873 0.02361005422683604
-0.6026001066929041 0.9283502144329709 -0.03376489999679677
2.086165807278107 0.038485517431542604 0.038681923123320416
-1.1074025065923365 0.9202977982984066 -0.0807505262174999
1.958655122388052 0.23690090181671053 0.03937810537429698
-1.6000123613998483 0.9226564544161526 -0.12607675912765615
1.827589683200074 0.4332146767968048 0.039534507962187604
-0.20360566320943008 -0.8023605612771689 0.7601236688813771
-2.128031314924513 0.9086588263013553 -0.17571932199386708
1.6844104984828476 0.6223288319736042 0.03804486867996104
-0.4833378612678274 -0.6856202923290162 0.7440356600007618
1.3753511925933566 0.7128304795781766 0.015005050869902448
-0.6518327258285979 -0.5011355315445662 0.7405366289338673
0.8565836771836928 0.6811764966986296 -0.035101951388398334
-0.4813238131611257 -0.11586183259672111 0.7752374994477833
1.8753508758132114 -0.6051401001144328 -0.1413736951628124
0.3840513454259167 0.6803778770171789 -0.07909685495285146
1.8512330865629707 -0.34063334349906427 -0.1266489637174999
-0.0892163266885575 0.6824531339761499 -0.12306505563644521
1.9552725864247407 0.001603695053194798 -0.09505850198654286
-0.5890016420580366 0.6725172745690671 -0.1703186643400585
-1.143487990460656 0.34612085144565086 0.7464947092256153
1.81490865920577 0.19273690205595884 -0.09605127694992177
-1.0119612385546617 0.7100815986655853 -0.20759970071701161
1.8324893288001647 0.4795076625789143 -0.07624727609542958
-0.034358464073463324 -0.6552126806322285 0.6591910707673634
-1.6817168247333996 0.6103500440286993 -0.2763357770719921
1.6979767981419656 0.6737383020819152 -0.07665544870285146
-0.15999541409286167 -0.446824138116213 0.6605085718354786
-2.0844385962914203 0.6660423258048453 -0.3107948911466991
1.5598450682944076 0.8659341273127694 -0.07761293771652333
-0.2849086048315286 -0.23799350446767065 0.6618384706697071
-0.18629151121686505 0.10281137913354144 0.6887678491792286
0.6809890444375952 0.8979631619029291 -0.15863996866134755
-0.287821920574018 0.32429382835514176 0.692576347561797
2.024982968674067 -0.873971125912135 -0.2649222028532421
0.19126158729260112 0.8892487119974035 -0.2055674207487499
-0.4315532138521263 0.5210650537190382 0.6914810526094044
2.1217442363287233 -0.5331738121481848 -0.23344904306320302
-0.29064221897778 0.8885061491305315 -0.2513437879362499
-0.7427655689782711 0.6215117352881663 0.6712202417573536
2.2033204405509252 -0.20395632364038718 -0.2042551648893749
-0.799142264698034 0.8759206411597518 -0.30045610788253896
-1.3218339842127307 0.5705986487205621 0.620498596402129
2.1468913795603726 0.03831524683708665 -0.19388872507003896
-1.1960956871007937 0.9301719652725069 -0.33495432260421865
-1.8413970623641518 0.5576745971381811 0.5766929971894825
2.0914301172076506 0.280539326608217 -0.18351274850753896
0.20967438208010947 -0.8605890315079812 0.5451611864289845
-1.8056165960797017 0.8674495096080292 -0.39690882089523427
1.9095318041267717 0.4454937393574099 -0.19024187448410146
-2.2297035548226773 0.9126457238613384 -0.43471437814621083
1.7621397424612155 0.6317667467840664 -0.19239145639328115
1.4148323828826506 0.6990528983294269 -0.2213297498503124
0.8834690268513441 0.6595807907885245 -0.27476221444992177
0.26092649683877767 0.2989729116387565 0.6150316583833302
0.42821383401989976 0.6686524587022653 -0.3179045331755077
-0.028725675430877118 0.4081238934946292 0.5968441354951466
-0.04485146369459869 0.6704872515208677 -0.3632975232878124
-0.5272279973277136 0.6702436880769973 -0.40980059030441396
-0.975856719531464 0.6927045543168973 -0.45171839120773427
-1.5967370534352199 0.34457241686843076 0.4613475191316212
-1.5373416418466377 0.6540574899676699 -0.5084181440153515
-1.8789301495389026 0.467490646077227 0.4442586290559376
-2.026271108095159 0.660381840532029 -0.5554037702360546
