-1.0927458054287982 -0.9821812215001771 -0.008678515370623252
-0.6831305976134523 -0.9677306285579661 0.004666249338849404
-1.5095578940491592 -0.3522026296138918 -0.8401909665424983
-0.24729671358854688 -0.9693894887299095 0.0193447275798162
-1.3612543010074525 -0.2042698751377472 -0.8387833432514826
0.16566909237704053 -0.9624068691514935 0.032965342585309365
-1.1504242736556556 -0.08907131862797257 -0.833345015462176
0.5691890857187047 -0.9534038666234537 0.04617826182053886
0.8897720563984848 -0.9263860306793674 -0.7090307072956721
0.9411666697361056 -0.9307737660212325 0.05789248186753593
1.2109548764699944 -0.8570170246379121 0.06461087900803886
1.7160259979930785 -0.9315993979095367 -0.6711316899616877
1.4056201151101746 -0.7450929577926289 0.06763021189378104
-0.9362393059786882 0.5069692041430045 0.7474548025767644
1.8485333460836415 -0.7888575817692072 -0.6704536275227229
1.4991109246195222 -0.5800992367835036 0.06562773424790702
-0.5209684986897933 0.5105856342943369 0.7559992476146062
-1.2674989699082246 -0.9836171435293082 -0.11341222089125313
1.963876503838673 -0.6372725929289658 -0.6709271268208186
1.5887771364417134 -0.41307246252549845 0.06340567309068046
-0.7951478057066481 -0.9994230116472664 -0.09628852170302071
-1.361073905715429 -0.6817283535361227 0.6678828402201971
1.9436619293396475 -0.41238786293197904 -0.6803527669270197
1.6482935865155035 -0.22969385518567265 0.05964891153977714
-0.3547475184310649 -1.002448570980782 -0.08071335118605294
-0.8972046556977276 -0.6943106495624249 0.6787039442698797
1.6997414874519592 -0.04160266372100807 0.05544988352464042
0.08057459557074509 -1.0059587300329866 -0.06533392232252755
-0.48300568811093214 -0.6848280084025973 0.6878356142680486
1.7081915487446437 0.1705868177866563 0.049050967280133584
0.5152572102119279 -1.0122089293901624 -0.04992373746229806
-0.15378310950201524 -0.6344447222496186 0.6940166159312566
1.678255495057389 0.4048933585707246 0.04066530901597343
-0.1468096527014957 -0.46439847056916506 -0.8712282971699397
0.949290265740224 -1.0211693641597535 -0.03448255818678536
-0.05988676588560793 -0.46393763584680414 0.6918973131816228
1.7334390173012295 0.5697367690018211 -0.7274351910908381
1.2703239388019725 -0.985635870534793 -0.7845116452534358
1.298564984841029 -0.9888626133168543 -0.023322899754778526
0.02574424601573 -0.2891388450259669 0.6894625826518377
1.4734054590805634 -0.8783870923026882 -0.7790132359821955
1.528180410707467 -0.8957352182656493 -0.01827295583082833
0.05895887211841355 -0.08660391848871285 0.6851376696269353
0.2090726148563533 0.008313563381570077 -0.8724275426228205
1.709354541895319 -0.7780999324742552 -0.015712101872698447
0.06653146473747285 0.13010343760783627 0.6798607512156805
-1.6308465052027472 -0.7248037617355152 0.5632342501323064
1.8115361887402024 -0.6189016180279197 -0.017239411290423057
0.004570626374402309 0.3849342030812437 0.6720496817271551
-0.7114075409145286 -0.9869173902350852 -0.1917610959370295
1.8659246254921555 -0.43395918084852525 -0.021272023137346885
0.12835274481274794 0.540510967402966 0.6708606882731756
-0.2711305945500655 -0.9905206661935466 -0.17549141209913888
1.8990860781253467 -0.23711944619702763 -0.02644880574537911
0.14625852861479416 -0.9855223270464606 -0.16036566060377755
1.9067946545793752 -0.025759282399675953 -0.03300054829909005
0.5852762213982992 -0.9945658189700453 -0.14403470319105782
0.013097117825825677 -0.6770082130358119 0.6017791433970769
1.9197765218413174 0.18345039827363507 -0.03933270734144845
1.0280558993900186 -1.0086739796792372 -0.12743671696974435
0.10684146610669032 -0.5070836323125718 0.5996750994365057
1.4700581093551044 0.640222164053597 -0.8380924062092463
1.885671535730836 0.4197050196947103 -0.04818733495070138
1.434741642100505 -1.0069992097006235 -0.11269291203810372
0.20117639960800204 -0.33751435683571174 0.5975705786387762
1.6465689014598794 -0.9051298809218835 -0.10830148022963204
0.11940855440323261 -0.07477929348463164 0.5888179941813787
-2.0618250990911307 -0.7564162185144951 0.4633335276286443
1.7879960574186988 -0.7668309085278793 -0.10767706197096505
0.03887707806831031 0.18882615521767576 0.5800487204234441
1.9254041876882688 -0.6268457320034386 -0.10728510182692208
0.14001498253480094 0.3562202764985969 0.5780922575633367
1.9929537609861256 -0.4494171460002292 -0.11067422192885079
0.24172051649857806 0.5232171677735735 0.5761360331218084
-0.276123971689902 -0.9991546511706701 -0.27276285451246896
2.021724911895472 -0.2505810110503788 -0.11619718831373849
0.16348947640140565 -1.0054181845050891 -0.2557738618214289
2.020681245976771 -0.03475659999131153 -0.12338479321791329
0.5846916333757015 -1.005288588684543 -0.23972996037794747
0.23760575377314908 -0.8146520922322438 0.5237635775248846
2.016211710945246 0.18381449487591084 -0.1308191613514582
0.8634619637730836 -0.9341081142453547 -0.23147137921644845
2.030110118049066 0.392973205739942 -0.13731392186476388
1.4827700059947198 -1.0430624805746973 -0.20437606137587228
-1.412051602183805 0.4862251561202342 0.4474643870036443
1.6326523734375726 -0.9086659570777229 -0.20316298764540353
0.05087431341179993 -0.06068958245343481 0.49906079012559257
1.7872890129790413 -0.7773557725719229 -0.20170028966261544
-0.364767501113775 0.3817832129774317 0.4767431421916326
-1.7950654612719497 -0.7104606207876429 0.3591617746989568
1.885071261633822 -0.6160762450220858 -0.2034178571064631
-0.07369017497953223 0.4488223635956743 0.4822844668071111
1.9921823177067353 -0.4599334751243802 -0.20464475911451974
0.21285614310766832 0.5165302602549673 0.4876684351603826
2.0428358921740433 -0.27309076906234253 -0.20906170171095528
-0.15257481322222333 -0.8987562559044733 -0.3685789899189631
2.00672501422779 -0.03808246342754984 -0.21839626591993966
0.260241270968681 -0.8926492945977387 -0.3524037198383967
0.2096087252515595 -0.8440794232288766 0.4175244970958074
1.893091487046302 0.2411498222158457 -0.23216899197889962
0.6458980229141247 -0.8753241948596013 -0.33771761220289864
0.36932049395913324 -0.7093767376315938 0.4181956453959783
1.9812680727609866 0.4092195827537921 -0.23464306157423653
1.1505549012735656 -0.9228641574440104 -0.31617148679091134
-1.2681441886868647 0.3652303789099349 0.3444308443705877
1.5040890872337407 -0.8944054276160074 -0.3031996087391535
-1.2237840391188293 0.5675743602605863 0.34007398325608573
1.7955019294274734 -0.8352777321341947 -0.2937534646351496
-0.10674294996614009 0.19939396545601795 0.3803657694499334
-1.8935744534740664 -0.9514297595103542 0.26302019793198905
1.8930891086304342 -0.6740191264567557 -0.29545172017409005
-0.23449845135470326 0.49018749348546464 0.36887280184434257
-1.4380750020993567 -0.9545070400143985 0.2763373060862859
1.9912271955911471 -0.5131458181003694 -0.2971502141316096
-0.9787604305364717 -0.9626964792221386 0.28987757403062187
2.063596109763889 -0.33829044048524537 -0.3003736333210627
-0.20025824580608642 -1.146758110534499 -0.45938022893263497
2.088470907069979 -0.13716815152135098 -0.3063965634663264
0.4371349204751027 0.7940005319429346 0.3783802195231756
0.09221207378145024 -1.0779412921075462 -0.4496339158375422
0.23620083628047794 -1.1395445913369926 0.329879443232282
2.131651200507683 0.054420099390156906 -0.3114088372547785
0.466049654638649 1.001096335061881 0.3733181162516912
0.495645678069053 -1.0678288739432986 -0.4333365754444758
0.3861535258245574 -1.0000446926576103 0.33031050402329765
2.149425010855559 0.2606401329229513 -0.3179546193440119
0.9783751617804626 -1.1015323481072343 -0.41230328839613595
2.120223000581575 0.4940216777372015 -0.32731254857374825
1.2521874503437225 -1.0297169180948913 -0.4035373524983088
-1.3327118048072997 0.3310743148278448 0.24362913805650077
1.857596729953677 0.8611483270025886 -0.35045941632582345
1.6540649791621114 -1.0269484546668863 -0.38715799611403146
-0.20523290948975514 -0.036681475521511686 0.2862688704173406
-1.6140174066125503 -0.8454154445198228 0.16873327929185233
1.7774728351332847 -0.8792082840385547 -0.38726719182325997
-0.1578064553845877 0.15972539046613576 0.2820524378459295
-1.2214209714354425 -0.8195581658803661 0.17999402720139823
1.8837243132243167 -0.7226017978050194 -0.38842328351332345
-0.2505688015979537 0.4315775832897728 0.2716666861216863
-0.7980446487037796 -0.8118965034313135 0.19268147188828788
1.9729000261074745 -0.5569367627331019 -0.390628893788592
-0.388605626764285 -0.8000744911512996 0.20479742724107108
2.053890538304838 -0.386815293966265 -0.3933604554493586
0.47182957010698345 0.4860351197522732 0.29060594278977714
0.17559874663519892 -0.8822329342367183 -0.5497032002766291
0.2780985809135714 -0.9231843689354449 0.22856156069444022
1.9297308686255086 -0.10404851426454798 -0.4084540204365412
0.3549720739497886 0.7720506423347047 0.279048840586408
0.570191868381702 -0.8690091797274633 -0.5333135918934504
0.46860286939535456 -0.804747420715394 0.23091928202317558
2.0472805221170063 0.04694441260518545 -0.4090934590656916
1.0262486919066447 -0.89059301271854 -0.513110001500384
0.6903380267147554 -0.7035277727766669 0.2346905871074041
1.9210989450656228 0.3336533589690376 -0.42448075574232735
1.3269188319809828 -0.8336157282373051 -0.5023475484211604
0.8149326534406285 -0.5523111364790623 0.2340516253154119
1.7919942238748057 0.6240207924562498 -0.44015296262098946
1.799382538907178 -0.8697636892690426 -0.4810021714527766
0.913521165695105 -0.3875908066604907 0.23220841128037772
-1.676377780554546 -1.0255062529605254 0.07241670328782401
1.8924584585376216 -0.7061647765608043 -0.48293598454786935
0.981837806772969 -0.20672390650693018 0.2289551897685369
-1.1272831018268512 -1.0761280337967847 0.0915486021678289
1.9992731514355455 -0.5500263403387038 -0.4840565518696467
1.028844790945051 -0.01414873153156293 0.22469155031846366
-0.6953301270080665 -1.0721413242392757 0.10530130106614433
2.1197501787975703 -0.40148354580859547 -0.4843617276508967
1.0809937527518088 0.17602853199186796 0.220624129358991
-0.2818112118473337 -1.0618531475013242 0.11824957567857108
2.1706679295962843 -0.21502429039895787 -0.48901208203627267
1.0769559125763202 0.39743748321885164 0.213926713053449
-0.10368490932729202 -0.9571058941562072 -0.6562345818836848
0.11336388807625397 -1.0450650900054939 0.13039080340073905
2.152417132768516 0.010091650759143533 -0.4980176286060969
0.9602432910541445 0.6821182341776932 0.2019628687541326
0.45997965410894537 -1.0284562708561467 -0.6286712483723322
0.4947125864154991 -1.0238868857369496 0.1419319315593084
2.1656853822451296 0.21861485561780114 -0.5051296548206965
0.8806523297706264 -1.0299808443492964 -0.6099935368855158
0.7824461217451102 -0.9567860049109882 0.1491040392558416
0.9992067574237744 -0.8543618179544268 0.15294186312363944
1.72897159420285 -1.0455654959676153 -0.5719905690510432
1.087907658809371 -0.68559755681175 0.1507095499675115
1.8214447014670618 -0.8817052409237789 -0.5739141301472346
1.1727924437883246 -0.5147993327735705 0.1482662363688787
1.9056802754333866 -0.7134765219336643 -0.5763977364857356
1.2450740625946146 -0.33719436189678476 0.14519135195420585
1.9905046689662882 -0.5455226564357929 -0.5788827733357111
1.282841678067367 -0.14078025237006386 0.14043132502244315
1.2950843396085787 0.0700264519090581 0.13440291124986015
1.290690605264949 0.290690335573089 0.12752334314988456
1.9427923738680448 0.12590305623880482 -0.605989058430926
1.9913438814472215 0.3156756069170683 -0.6110211209614436
2.127564196397568 -0.3732360612311041 -0.6330409840901057
2.101321728841132 -0.40604057676198835 -0.08656891148878731
2.0643990264639136 -0.21171099685216888 -0.6219437913258234
2.1095558449058984 -0.11874589419392834 -0.06443293851210274
2.031818710726572 0.0016334939101128043 -0.6047938660938899
2.1022132674298284 0.1378267393937378 -0.045335133488909385
2.159788786937515 0.49044477145506704 -0.5553611115772883
2.069008190525757 0.3466140558029309 -0.031011660512224815
2.088112675434271 0.6297883397566792 -0.5467863873799006
2.032011201588819 0.5466114309209686 -0.017556508000628135
1.9995426250968187 0.7392053896545505 -0.5417421655018488
1.9507630231478608 0.6691638796180257 -0.011914093907610557
1.8709602240017311 0.7803516795117602 -0.5447686509449641
1.8574465303348902 0.7704521285880261 -0.0084417657215754
1.8087052217329536 0.9330626601415446 -0.5346804456074397
1.7365199017558623 0.8249480691787525 -0.009743769582049033
1.6190979136453798 0.8726754338995164 -0.5498126344044367
1.626015155027872 0.8969662566653014 -0.009309609349505088
2.0761702069867454 -0.4759482539500226 -0.16778381627394356
1.5087662045360766 0.9450879336028919 -0.5493081406910578
1.4976927334655663 0.9395439289819763 -0.011914093907610557
0.5400202149019577 -0.6396967738487902 0.3766636057536443
1.3746304487510628 0.9911239193686754 -0.013650258000628135
0.4504472523397638 -0.5209608567807464 0.38068238932298026
1.978226821713477 -0.10319834511083315 -0.6844418839771906
2.073916574014465 0.06379331451174863 -0.1260848836262385
1.217721864429297 0.9880348071631815 -0.02102883618666329
2.108201953553415 0.3900745089867712 -0.633645136769549
2.14002830508813 0.44517209418498993 -0.09370215695692696
1.0106381536517155 0.90524743600173 -0.036654313023821494
2.0787024005345955 0.6026581933280823 -0.6162000493366877
2.008085635399656 0.4813906074810035 -0.09680732053114571
0.8512087688066998 0.888427754165356 -0.5891569451649348
0.8397202228979843 0.8826264760217981 -0.046203453953997276
1.9975813471545791 0.7249772059411868 -0.6095295743305842
1.9366685784277458 0.6212063443564375 -0.08926614087416329
0.6800024362309287 0.866680072173196 -0.600254137929217
0.6923157130407382 0.8987301301796364 -0.051845868047014854
1.899350550798264 0.817494110515014 -0.6064511136372248
1.8406335997406202 0.7182619057360355 -0.08616097729994454
0.5190680382648303 0.8625329219931857 -0.6093335942585627
0.5394302345402835 0.9070585766414894 -0.05835636418654122
0.4846251727054991 0.8208087935560613 0.4654368563334783
1.7454829368786484 0.8163268177330423 -0.614660818990008
1.7501455692310053 0.8241412229158342 -0.08216841977430978
0.33640671790811183 0.8256005907916304 -0.6224482850392024
0.383672739088599 0.911873933526067 -0.06530102055861153
0.0649848406306468 0.4141906650506755 0.4237901373545965
1.6528815480407637 0.9181464427666128 -0.6105559663136164
1.631934471008158 0.8833053393448722 -0.08305533688856759
0.16401939227581863 0.8062655808193355 -0.6335454778034846
0.2330991025994713 0.9257469108541443 -0.07137735646559396
-0.1252208317903616 0.3704525645991268 0.41356102663682304
2.177071752054939 -0.2401134507717515 -0.21267612737013497
0.601188206187679 -0.6300582065746099 0.3101731939952215
1.511779655422142 0.9393956517263575 -0.6162000493366877
1.4906729457601493 0.9045631636835836 -0.08793504994703927
-0.9006661039167838 -0.5844660709885545 -0.8105946378071467
0.07422149415494772 0.9277466233749863 -0.07875641148878731
-0.20725222709035407 0.49486840800231136 0.41794482905076347
2.208093724660607 0.08574395398724022 -0.18553860944105782
0.5427311925564844 -0.46041531066669705 0.31877557474778495
1.2714526390285776 0.7989086045139331 -0.10612281125380196
-1.0104688621402609 -0.49502102444052554 -0.80908115666701
-0.08761998039745578 0.9263057520745619 -0.08656891148878731
-0.3187313373327889 0.5735756776114798 0.41831032473252616
1.378236045238097 -1.092527170961496 -0.873562415059344
2.1717499367572977 0.29004933574058356 -0.17106517117811837
0.5530603302665682 -0.18032006074577112 0.33710304934190116
1.1582867853808914 0.8682787656602429 -0.10612281125380196
-1.1253958673183675 -0.413525681268176 -0.8085766629536311
-0.25247854306276096 0.9214366042798545 -0.09481581013991036
-0.3090379508519554 0.8357664680034773 0.4347497625987371
1.517466774673192 -0.5758811357701035 -0.8192978696186701
2.146580255030237 0.5114463439884176 -0.15478261273695626
0.5624654537769196 0.0950486574086753 0.3550559683482488
1.0506198952176398 0.9465121460676471 -0.10523541730238595
-1.2234960309372127 -0.3067813383752238 -0.8050461606342951
-0.40382822429384646 0.9380659452470255 -0.10089214604689278
-1.195415702713806 -0.25187105603291826 0.33245984751389823
1.3919877619071173 -0.5202451896554265 -0.8208628491718928
2.047463257895558 0.6035713724915439 -0.15206893246962228
0.7619541009249104 0.7351129324920436 -0.6746929482777277
0.8957289571257263 0.9490869988560959 -0.11233337682081856
-1.3349656476676515 -0.2204318748658025 -0.8040371732075373
-0.5608718957309797 0.9470825342342479 -0.1078370408375422
-1.1539735535165505 0.0622253891562039 0.3532830877940496
1.2641360166679902 -0.46843424185613003 -0.8229499654133479
1.9462287154317366 0.6916997432182299 -0.14980729382826485
0.6606045491996007 0.7625319362719623 0.40143481928513847
-0.37482426789697243 -0.8180343358676794 -0.872747977193133
0.7432687314036599 0.9565619923738282 -0.11898740094496407
-1.4461065605830896 -0.1337117239657033 -0.8030286626179377
-0.7292613497248581 0.9402922101328741 -0.11651762288405099
-1.1943430361747929 0.251641934588676 0.36314670283006034
1.8285372511039277 0.7517139930626371 -0.682592947896258
1.850458422094416 0.7887030518890938 -0.1466413335163752
0.5179588578612098 0.7877128230265455 0.397320906702741
-0.3416623475089615 -0.503578610005313 -0.8435011700947443
0.5665890817219363 0.9268717780116518 -0.12963374417616524
-1.5569108034316912 -0.04661917338257382 -0.8020196751911799
-0.8867521782410641 0.9507544165899731 -0.1234625176747004
-1.2140167021122146 0.4697996717656281 0.37556783396409354
1.7152040420725783 0.8191411123393806 -0.682592947896258
1.734698742444884 0.8517743840415193 -0.14709361356093087
0.4718535575133913 0.9647714615536174 0.4066714449565252
-0.528695491410808 -0.5889424312573084 0.8308309717814764
-0.42183557475386024 -0.3699162235629032 -0.8363180951435725
0.4350880934068826 0.96933845106593 -0.1327391461689631
0.7816162184333777 -0.5290463859518084 0.2545296354930242
-1.611144107092624 0.12290452116137374 -0.7909222440083186
-1.0557048114333298 0.9454916334613159 -0.1321433381397883
-1.1422168405703061 0.8193004436647584 0.39967886645005546
1.5995460852612489 0.882703769839857 -0.6831143693287531
1.5960334327246741 0.8768691656444929 -0.1516166524250666
0.37816267824000604 1.0662829267707252 0.40928975779221854
-0.7142348390486042 -0.6181896746781206 0.8232216044108709
2.172682591466131 -0.3277847135652081 -0.2875748471577326
-0.5121188544593416 -0.2528281345461423 -0.8311873273213068
0.24695657950202587 0.9244304650180197 -0.1451598004658381
-1.2292074655073861 0.9228019188698582 -0.7021458939869563
-1.2079759818208728 0.9656055243621395 -0.1382196740467707
-1.2751370316231672 0.8683724571569869 0.3971215887706121
1.4918338024678164 0.9594326999297209 -0.6820710496266047
1.3823868939469683 0.7790924187245594 -0.1692560509998957
-0.8214674681469631 -0.5251283713413173 0.8244392080943426
2.2326040790362285 0.050152311667424954 -0.2543838815052668
-0.6153915355004358 -0.1563669702629582 -0.8286214665730158
0.1342380002148893 0.9973770761154768 -0.1451598004658381
-1.3248785940255203 1.0254075533444507 -0.6991191701252619
-1.3404585703159917 1.0150127213733882 -0.14125808041884103
-1.3994346055464781 0.9302621265213205 0.3956603212992986
1.1704190840354087 0.6866601849133716 -0.18644316953016915
-0.19515407931856643 0.6773914662670535 0.3614143534343084
-0.9829302720053157 -0.5152783338558535 0.8195695086161932
2.14403660561182 0.16370464039760435 -0.24931319516493478
-0.019144731589019415 1.0082181224611588 -0.1518140630085627
-1.4772050038026308 1.0468083513086768 -0.7061808900196711
-1.5128999626414519 1.0078478647950675 -0.15037282269789376
-1.6065876369412813 0.8742127222198093 0.3836046858470281
1.0464083299231746 0.7394287067072867 -0.1882522897083918
-0.30324638853044306 0.7602152259079205 0.3621625109355291
-1.1308657535537314 -0.483873783048395 0.8162213965098699
2.1555780302465877 0.44994196563187927 -0.2258032159168879
-0.8070179764432588 0.058236820413398505 -0.8209248380024592
-0.1836827318526879 1.0031036858009656 -0.16024263661696114
0.6956224779156024 0.3762849367936667 0.3104075594584783
-1.7272018854926507 0.9307153005962547 -0.7303930119831721
-1.7000316049333115 0.9811527671230067 -0.16165788930250802
-1.7798831280037604 0.8680963888709883 0.37593285280869804
1.0512958980481564 0.9999193182296651 -0.16789921086622872
-0.4220496896364949 0.8267725570908055 0.3614143534343084
2.0612229943308655 0.5506590012688832 -0.22211511891676583
-0.9585444409533252 0.08102568367648644 -0.8275953130085627
-0.34298816599621773 1.0070486620578265 -0.16778381627394356
0.6787719670689505 0.6040783906825169 0.3245686693827947
-2.03018299298898 0.7430102403726764 -0.7636838750202815
-1.899175598426737 0.9391386051534596 -0.17467935841871896
-1.9621696070175503 0.8506053147219035 0.3671652479808172
0.23267345714182142 -0.05770355393031679 -0.842256148274676
0.8384131312121212 0.9096829348151587 -0.18508632939650216
-1.056058887025177 0.12278290992468754 0.29109803873704276
1.9748966927162996 0.6645117553185287 -0.2170444325764338
-0.982871121079679 0.2945467929096637 -0.8106633023579279
-0.505304782115573 1.007570284695639 -0.175768692906634
0.7403291335166315 0.9539029703707129 0.34982840258286796
-0.19513853559728034 -0.5177658412001236 0.7755264444987615
-2.1145466124446592 0.8643432106374505 -0.7586398915608088
-1.9799116445009304 1.0641068794796453 -0.16990478795363106
0.11121993972301425 0.006888079122077784 -0.8432994679768244
0.7442423015166746 1.0100422581021888 -0.1819201306660334
-0.7314602179537992 0.853671711753023 0.35019389826463065
1.8713973997538318 0.7485762069464315 -0.2152002648670832
1.2385363798528743 -0.3084495293566434 0.22548357683823905
-1.0226571430054605 0.4831105539452736 -0.7968097524006525
-0.6985185134078158 0.9634272026463222 -0.188633044179217
0.61701549298391 1.0082904517896765 0.3482975168864568
-0.3396464950098519 -0.4853880104724837 0.7723955317179998
-2.2129029912469314 0.9657017280692983 -0.7561183766682307
-2.205856148252476 0.9873324256125926 -0.186832507069842
0.0006328215423323513 0.08870476559634 -0.842256148274676
0.5195887199133047 0.9047743707262512 -0.2009166077931086
-0.8724183219002661 0.8887817376756288 0.34645358759568534
-1.4119200358312156 0.10628573078599146 0.836614291254743
1.7733432128313353 0.841510111819062 -0.2124346093495051
1.203190792098745 -0.10194899674137758 0.23798147875474296
-1.1369102159988707 0.5604899873942344 -0.7968097524006525
-0.8334985031396052 1.0067243524924976 -0.19218190472914376
0.4938397143226432 1.0631482559473824 0.3467663927714666
-0.49494814536760856 -0.46922542605886974 0.7680124445597967
-2.2962109381103986 1.087466197950235 -0.7510739163715998
-0.09622078880296314 0.19182527228673507 -0.83860357564284
0.42292105007432923 1.0019259297009526 -0.19820292752577462
-1.0218451604647107 0.9121269364222897 0.341591040674909
1.6397376727256052 0.8492400937745046 -0.7505818204243342
1.6603233700433897 0.9091269756549138 -0.2124346093495051
1.1510714746305943 0.07448005959751924 0.24774519640611015
-1.2508906565329312 0.6382709834133422 -0.7968097524006525
-0.9881433047376689 1.0218138263980165 -0.19883569043471017
0.3870066026245489 1.1436140570200877 0.3475321932475408
-0.6422825036345472 -0.43981017777897335 0.7645684881846746
-0.19261037633097544 0.2952185969514858 -0.8349510030110041
0.2159258954960741 0.9278512929811384 -0.21403296750380196
-1.1883449087895421 0.9114895754626744 0.3344849749247869
1.5164558368923302 0.9003075424798723 -0.7527037457783381
1.5191819871441936 0.9302964553250277 -0.21750553410841622
1.1180217042552272 0.28071552749737094 0.26024333674119315
-1.3193990818876529 0.7819383118024135 -0.7886000470478693
-1.1599263913538493 1.0129943700016995 -0.20815165799452462
2.176279048049423 -0.12821196691618297 -0.33880527776075997
0.13652882620705498 1.002869595650175 0.328013102595075
-0.6781724818160519 -0.23823223704341245 0.7739607496898016
-0.31566410500872877 0.3571970630291901 -0.836516459401385
0.06247859681259271 0.9382985084751425 -0.22081764500929513
-1.3551158424218954 0.9116209613650952 0.32737843233750663
1.3597907727121168 0.9223033498019504 -0.2258032159168879
1.0472036525699728 0.4229529758853161 0.26688281733201347
-1.3502606280027685 0.9787735754503402 -0.7737203435261408
-1.368993747414855 0.9518334073102395 -0.22323401730848946
2.0944374428172843 -0.001478353648757036 -0.332229931767718
-0.11518704690282533 0.8634824892077475 0.30849401194260917
-0.4313005672006014 0.39316388714663475 0.8156007929484685
-0.050190618512413465 1.011888679966276 -0.22081764500929513
-1.5135821127972022 0.9247829721744907 0.3213938875834783
1.1557690111826986 0.8429379141502267 -0.24193747800184884
0.9928105722809697 0.5907549176790994 0.27586547571824394
-1.4542223711160922 1.0695133829309924 -0.7721811131794611
-1.6130525558079682 0.8427890629162036 -0.243639786656634
2.0827975946532504 0.246208958739075 -0.3125034169514338
-0.294002445550408 0.8378200304167365 0.2993086977641424
-0.5156354189428072 0.5142966242628546 0.8190447493235906
-0.2559290316692433 0.9446214573888341 -0.2361954049427668
-1.692333892744653 0.9101254137632324 0.31279150683091483
0.9693153178570242 0.7942284389987222 -0.25484498303724923
0.9262052903120903 0.7373544369244343 0.2828954859416326
0.09120066926656989 -0.6092039744026678 0.7104286356608709
-1.5635563379263147 1.1524639094569409 -0.7716680363972346
-1.6772306562615178 0.9913981319014624 -0.23609860699965157
2.0976501778727688 0.5366241497218667 -0.28808053296400704
1.4606162872356663 -0.547259968227543 0.1426974936168035
-0.3794198472929864 0.9541766326499754 0.30313579279588065
-0.635309808722301 0.581596965394624 0.8184186621348699
-0.5625108688912377 0.7280149893674874 -0.8182540730793635
-0.42928554492331017 0.9281319050084278 -0.24614604276014962
-1.8368325963374659 0.945116494981022 0.30867711741135917
0.8534971986909916 0.8604282126369966 -0.25530608456923165
0.8207533083765952 0.8206123684255786 0.2840670748393377
0.07625644804506848 -0.370684970998596 0.7229785128276189
-1.9109127635523038 0.9005892377924525 -0.2547298268635432
2.0137294643999653 0.6546674531562502 -0.2824443177540461
1.4107279244461637 -0.3624125651341146 0.1535007162730535
-0.5419726147484809 0.9547484210620709 0.296246687952741
-0.7547776637646741 0.6493312425665323 0.8177923365275701
-0.6842225728135567 0.7913984821936637 -0.8198195294697443
-0.5197968403135924 1.0365197543705236 -0.2425278024037043
-2.021964023471515 0.9239359366562212 0.299326579157575
0.36444189205021615 0.3083555211481652 -0.8709951237995783
0.7617709121354928 0.9649668214489893 -0.2516182259876887
0.6625088337841696 0.8198524000014018 0.2774275942485174
0.13717581977666526 -0.01425788848034415 0.7445384665171941
-2.11360370351154 0.8555558013791824 -0.2684813336689631
1.9127049474736175 0.7428852648245723 -0.2800961331684748
1.4150852816290431 -0.08748400700072523 0.17270676333115897
-0.701984379801754 0.9602038690075716 0.28974048334763847
-0.9019506221837226 0.6761498279973495 0.8140355749766668
-0.7584159965107737 0.9252775704771068 -0.8125148610432307
-0.7046167356040556 1.0048798257251832 -0.2542873219807307
0.26022116607580514 0.39769064747992644 -0.8688731984455744
0.5638395172386161 0.9015884230883131 -0.26636966031386056
0.5574349661434823 0.9039761702877627 0.27859918314622245
0.11476465261598179 0.20652733836497816 0.7558013601939519
1.8171477698459029 0.8399731985627454 -0.27680834096266427
1.349779992582242 0.06706340410693201 0.18070928293870292
-0.8650324094401505 0.9622538623613579 0.2828513785044988
-1.1137620459488211 0.6086910800570848 0.8030773802440008
-0.8067512969375734 1.0962685676859607 -0.8005138234455744
-0.8955247324475728 0.9659022924973044 -0.26695140164686837
0.175106533977349 0.5166834017313917 -0.8630381421406428
0.4590863335217321 0.9860176792799038 -0.2649868325550715
0.4500152679322831 0.984240080670368 0.27938048082993827
0.07212897786432393 0.3934291491747075 0.764489571634992
1.6964461228900092 0.8946270991643388 -0.2782173947651545
1.295572652237194 0.23876462007162047 0.19031254488633476
-1.0086061188327378 0.9938396949314949 0.2786413832347234
-1.227579422702803 0.6863874769950016 0.8030773802440008
-1.0165455507637269 1.0305188869146846 -0.26830871861769356
0.0555842603973673 0.5815216300341888 -0.8640991048176447
0.2953451876947817 0.9787007305136157 -0.2737456158955256
0.22408328385610332 0.8805053809961407 0.26297728258775077
-0.020814607709372268 0.5005429656259679 0.7670640154521307
1.370155593455003 0.5962470988978268 -0.8558283643086115
1.5347152691408397 0.8815566020284322 -0.287141402180926
1.2423148672094584 0.41042698609405903 0.1999153299968084
2.289283248758885 -0.18463683373827422 -0.40569790166212716
-1.2371781555681771 0.9029500443269001 0.2629498644511541
-1.4006600833651355 0.6782481308319319 0.7965027495066961
-1.1940088898512116 1.0136626413324024 -0.27871115964247384
-0.01233192514925463 0.7260460211892266 -0.8550811604817072
0.11774884882039416 0.9512585117002459 -0.2848091916401545
0.06777068874691139 0.8866449689425906 0.2567283316294988
-0.11870667479054475 0.5995320482951954 0.7689947291056951
1.455489771046551 1.0052868206228496 -0.28103526395155587
1.1589069417965518 0.53098398429605 0.20471708017991386
2.187402023001752 -0.09283058329385341 -0.40282734196974435
-1.335731636108406 1.0015430499589897 0.26486317354844413
-1.3633207235058968 1.0099132454586695 -0.2877572373707453
-0.011231910067273532 0.9996583824978416 -0.2875748471577326
-0.08602761868048603 0.8976533407958627 0.2508699103038152
-0.2680748937780706 0.6194871701487941 0.7648114367167791
1.290976329267206 0.9891572095509744 -0.29042895596815743
1.0943439168215612 0.6814502668096054 0.21231905657456718
2.1995201573387995 0.19805999295841303 -0.37795289319349923
1.7878925075163252 -0.5223381187361298 0.08926598269151054
-1.568308559716904 0.9085243925570126 0.24878875452683769
-1.5672478037390292 0.9580402890742121 -0.3022306756336848
-0.20315022490912327 0.9529596236698765 -0.30094345372511544
-0.23999971735392833 0.9093422486631724 0.24501148897813163
-0.4258098180639074 0.6275820301669839 0.7596625490825017
1.133968164348179 0.9864846433766772 -0.29841335576368966
1.0043694898717028 0.7895877166931555 0.21592036921189628
2.210947766643745 0.4841427023074374 -0.35355623524977364
1.7895056625459276 -0.247491130448239 0.10888973910020194
-1.6609534931999335 1.0163170852579313 0.25146786410020194
-1.6798407026892583 1.0373178399957155 -0.3022306756336848
-0.2693047623374447 1.0730602563675404 -0.8391681508381525
-0.34055873557609573 0.9901523982325315 -0.30509265225721993
-0.3913941261775342 0.9258647042068233 0.2395435972850164
-0.5754591272033593 0.6488581719438784 0.7554794951121648
0.9082456741095868 0.8746817055651093 -0.3186093167622248
0.880628800197087 0.8429737124780701 0.2143198652903875
0.06808522193452049 -0.46023915018964345 0.6482268973033269
2.134168328946849 0.6147975989999068 -0.346380789693133
1.7577647407373966 -0.03340633546935834 0.12278954226182304
-1.8426710384518756 0.9984126211875974 0.24228254992173515
-1.907680857642898 0.954745807303091 -0.32032211583449044
-0.497349607830639 0.9989516037723476 -0.31246813100172677
-0.5429292773860723 0.9430515090295231 0.23407594401048026
-0.741881077256231 0.645895709751926 0.7493652506511053
0.7874014173931911 0.9326729227219062 -0.32001837056471505
0.7278441052899858 0.8504104740178207 0.20831791598008476
0.14430093956825019 -0.07828283481503462 0.6723531885783514
2.0178439599631908 0.6768629777442214 -0.34685929578138985
1.6995950944252058 0.13318929261563994 0.13219253260300956
-2.055114932725889 0.9866545249565633 -0.3257499532063166
-0.6877460011262606 0.9589154079371838 -0.32537563603712716
-0.7196900265301984 0.9237158391234175 0.2250932856242498
-0.9030024571484141 0.6519785070370929 0.743894974772199
0.6906833464130102 1.0289706284021065 -0.3172005013783137
0.6175333247215598 0.925891296959243 0.20871822077439628
0.1401868136410549 0.17206466741670567 0.6862343950908025
1.914367461805746 0.760778886552373 -0.3449457482655207
1.647417876963626 0.3083664909394841 0.14241329867051444
-0.8590958030522664 0.9486436989034175 -0.335056384022967
-0.8464185963750772 0.9794202266267931 0.2231403990428289
-1.0643460075976634 0.6587889824319788 0.7384244604747137
0.4792758267049777 0.9450881109365952 -0.33457811635328927
0.45923845944387054 0.9261210697777571 0.2019161387126287
0.11072387841746689 0.3799716622624274 0.6968101664225896
1.8137840656128965 0.8492910806285892 -0.34255417149855294
1.5860322433256542 0.46636949337061395 0.1509985132853826
-0.9998516928052332 0.984363921644011 -0.3396664456684748
-1.0040017748332097 0.9903795378701261 0.21689168650315604
-1.2202719357095368 0.6745611885097205 0.7335976763408025
0.3235610058527634 0.9502254620198229 -0.3420930699665705
0.31687225084563053 0.9522155528768295 0.19751469332383476
0.05816817653751727 0.5499112035806704 0.7044116659800848
1.6956781000138328 0.9082348441266888 -0.3435107068379084
1.507581948414451 0.5944860029609558 0.15672198969529472
-1.1801917591066307 0.9633026265260654 -0.3507300214131037
-1.1617794660956768 1.0020446149672253 0.210642497126325
-1.3990307958501234 0.6581699443855413 0.7261962099711736
0.2190453062233857 1.035435985290846 -0.3406840161640803
0.16359478409683703 0.9621791211018689 0.19151274401353202
-0.050429894180503254 0.6318914649737479 0.7050728006999334
2.172243549545417 -0.07670847099459621 -0.4696565465290705
1.5391315857588097 0.9037055726089278 -0.3516429261524836
1.401430765409291 0.6758244914325502 0.15794841486619315
-1.3723112227243455 0.9267499388244573 -0.3636375264485041
-1.3339667095677221 0.9939539072453911 0.20244089800523124
-1.5468451822196592 0.6876975638998104 0.7223350210826238
0.027811170047396416 0.9875932691296043 -0.35430463116957345
-0.0007670643348589579 0.9561261784266151 0.1839102907817205
-0.1614428629526472 0.710055931796461 0.705403010431989
2.1375641079895438 0.13205969197461087 -0.4535845116932551
1.8537526218492957 -0.36403968202589 0.03521792132066093
1.3693801736189535 0.8786309254961822 -0.3621669606526057
1.269693511810864 0.7149509591850318 0.1550866766612371
-1.5249824417588265 0.9482501584127832 -0.3700912789662043
-1.5236343648930557 0.9621766560034146 0.19189612108872733
-1.7204811762393 0.6810805950127232 0.7155772848765691
-0.10383178167955265 1.032195432122002 -0.357592423375384
-0.17911784634452133 0.9300151205814302 0.17430726725266776
-0.30781121524066535 0.7344197606411171 0.7014371557872137
2.0618442109304738 0.2673853095973868 -0.4457915620167414
1.8336064145976465 -0.1283622976638128 0.05150119501756034
0.22283335041647945 -0.550731579342326 0.5789534254710516
1.2226426034365225 0.8925155600880643 -0.36838587086989083
1.156232565867068 0.7843289333424366 0.1550866766612371
-1.654826599293159 1.002968396289063 -0.37285693448378243
-1.6678183060539595 0.9965006050850462 0.18759981829331718
-0.2959189651700811 0.9860353284755945 -0.37121256154371896
-0.341389235197493 0.9296751308308799 0.16710511881516776
-0.46805720127060013 0.7386155920333977 0.6958188219706853
2.0293583166122 0.47597009053250616 -0.4297188119251887
1.7973395219881603 0.07688985682758442 0.0648616953532537
0.12077334914840065 -0.45227531044149316 0.5809888048808416
1.0548168679591186 0.8731705077361909 -0.37843139928175606
1.0141821250587668 0.8074872880922115 0.15058962542222343
-1.87683497606238 0.9283241533268978 -0.39037473958326974
-1.8813505900174228 0.9339205222351907 0.1739300890605291
-0.46094533192958664 0.9822188227506388 -0.38013656895949044
-0.47623487855753766 0.9715197075925843 0.16390411097215019
-0.6313017677663488 0.7393825582874882 0.6898698015849432
2.003127369100831 0.6929604211944067 -0.41267236035658517
1.7547109614735135 0.26909244002749233 0.07697002131150565
0.25761206734490116 0.026875130477030496 0.6135524912516912
0.9155836661017922 0.9010645672878113 -0.3832147912342707
0.8957771801806587 0.8692986340506863 0.14977208811448417
-2.0027262635530327 1.0021416340513483 0.172758500162824
-0.5956880149582382 1.02459517814912 -0.38389404576613106
-0.6472280409211599 0.9601624209170012 0.15550152498887382
-0.7892366139957687 0.7491734604066735 0.6845816775004705
1.9022407331882079 0.7811964526149353 -0.4102371529896418
1.6929149752806012 0.4268661277155843 0.08573786455796562
0.21902988556038494 0.22209564935900517 0.6233894034068426
0.7815915784164922 0.9379623361990923 -0.387041886266009
0.7404427821344335 0.872472769009029 0.1432305975596746
-0.7499494086341123 1.038677439232515 -0.39093907636000313
-0.8017742394513725 0.9743565444942277 0.14949957567857108
-1.4653943222353973 -0.0042178364905609556 0.6181511088054021
1.8017426314435028 0.8697452471137055 -0.40780194562269845
1.6294371722722403 0.580387915732544 0.09408799845383964
0.17083331033895632 0.40034378480212496 0.631869713846906
0.6156660101000426 0.9249446616538819 -0.3966089085896174
0.6008797627139018 0.901594260215262 0.1391424341838201
-0.9015681652060472 1.0575556038246319 -0.3975144223530451
-0.9564920487021311 0.989234869491689 0.14349762636826835
-1.1197584754609338 0.7502817319333133 0.6723531885783514
1.6888226374497144 0.937263010883882 -0.40780194562269845
1.5385856387874526 0.6869608791769508 0.09784595209763847
0.18828087385918835 0.6792980072723509 0.6484910650889715
0.46814180125241833 0.9420683704096575 -0.40282734196974435
0.4505473457216027 0.9144979633497243 0.133418957773908
-1.0589668550036002 1.0688984450680152 -0.4050291375477473
-1.1170159038451786 0.9965973754592099 0.13669554430650077
-1.2641898756593726 0.7828016038558658 0.6687177820842107
1.5375034711451612 0.9413138931627643 -0.4151075677235285
1.4224516881893834 0.7511382029366018 0.09742824274705253
0.05845477550966294 0.7273129581695201 0.6464554472606023
2.228595899338149 -0.32937494717072724 -0.5563038186390559
2.11296062983914 -0.5215091427033869 -0.03359015744520821
0.30164297373162796 0.9305162459345908 -0.41239484113051095
0.2973646633937328 0.9238617417757382 0.1272865935008367
-1.290294571856382 0.9745828183496883 -0.42475565236403146
-1.2806045909727004 1.0005848203714791 0.12949315745042167
-1.4456392218314065 0.7626284908390915 0.6607855959575017
1.33675091495412 0.8653016862137122 -0.43166716855360665
1.3091168098737533 0.8199806523141149 0.09742824274705253
2.253640358671479 -0.012214185171579572 -0.5275512532551447
2.100747663793406 -0.2686622151819549 -0.015262921269671104
0.14293080990679385 0.9322651851683545 -0.42052682202650704
0.14399225731616028 0.9339026316310992 0.12115422922776542
0.313705268591832 -0.6126940872946633 0.5089923544566473
-1.4541351605404422 0.9794431666076377 -0.43320949834181466
-1.4016124169483568 1.0666080227876122 0.1282929583232244
-1.610349829735565 0.7678699365630663 0.6548365755717596
1.2081825921191118 0.9090042655346338 -0.4345897034962336
1.182981566004809 0.8679934017739015 0.09534064966843925
-0.31866651045758587 0.6455591254372735 0.6277994318644842
2.2806702520335342 0.3043599732925202 -0.4987991647083918
2.0851191989042803 -0.024803349179649103 0.0022117300669988182
-0.005133246940388858 0.9514027840081454 -0.4267454938252131
-0.01501109803167111 0.9362749053088208 0.11420432764695487
0.19037691966841308 -0.5484510925000166 0.5082966490428289
-1.6153529240322193 0.9891161669335133 -0.441194136555926
-1.5740711056917007 1.059724412936184 0.11989037233994804
-1.8011417472811786 0.7371525531472898 0.6459132834117254
1.0482419302131056 0.9024466643676448 -0.44335635464979806
1.0359552459000803 0.8826105839892051 0.08991305071519218
-0.41309179104225535 0.7496066550019336 0.6301738424937566
2.2153994583414978 0.456466113818081 -0.48888428967787423
2.0560512784157794 0.19285039985204122 0.017129342142804482
-0.16152817764550775 0.9587019796290761 -0.43439944547011056
-0.17698949632208638 0.9352028227581712 0.10684553820298515
-1.7710188966524711 1.0076477578282805 -0.44823940556837716
-1.7526170197271576 1.0455230238237263 0.11068717676804862
0.93017279828317 0.9641584817011193 -0.44433029454542794
0.8967004128378484 0.910538354661071 0.08573786455796562
-0.5679125031975687 0.7625968924030389 0.6250857515971502
2.148464840452416 0.6043205686743249 -0.479465563710467
2.0032725172440244 0.36721328963489697 0.027784745280011514
-0.3098761406095676 0.9791508596426084 -0.4406178788502375
-0.3309735468227082 0.9473271118724753 0.10071293551133476
0.3023596956340846 0.1516427280138899 0.5538729830424627
-1.8892203304424626 1.0795396247716909 -0.4491785363514582
-1.9576143689705319 0.9956782724370683 0.09788314539597831
0.7672383460774022 0.9546872597531646 -0.4535845116932551
0.7414775423171811 0.9137364617122614 0.07905737597153983
-1.401497052865004 -0.2342144855995585 0.5372311278025945
2.0371236815775724 0.674922758902099 -0.47896989148451485
1.948964976670318 0.5372411789559663 0.03801409441636405
-0.4804566111974289 0.9671292231322752 -0.45066340726210274
-0.48512869301518435 0.960134799761299 0.09458057123826347
-2.137035576711174 0.9832789294114548 0.0886804266612371
0.6173248548444974 0.9669804704973401 -0.4604030446369807
0.6020428925724879 0.9428768683155155 0.07488218981431327
-1.7111397278530696 -0.4405835356878214 0.5138260527293523
1.943735311326332 0.7759133338665478 -0.47500379842116036
1.8525944389885112 0.6342899185415689 0.040997426096661904
-0.6513850266210603 0.9559041319011499 -0.4607094125111262
-0.6533693776112237 0.9529572260585937 0.08640424448655448
0.45384864720943696 0.9589610198216931 -0.4696565465290705
0.44109955905826936 0.9390049985199553 0.06736675936387382
1.8330265442435838 0.8472181846989955 -0.4745081261952082
1.7592157552367098 0.7358940618250358 0.04440705019639335
-0.8114751285629218 0.9619619915846513 -0.4688413934071223
-0.8107321582878697 0.9630574127540896 0.07986299235032401
0.2615603837004272 0.8453033159015106 0.5931872530619939
0.2819892199723526 0.9391352985756782 -0.48037179272963204
0.30146116048995 0.9693812107795807 0.06319157320664726
-1.2312567900360492 0.7597316559728071 0.5996450586955389
1.7200327736149141 0.9146319526258182 -0.4745081261952082
1.6458275120287844 0.8035623491820587 0.04440705019639335
-1.0111006665099467 0.9112118192811494 -0.48367055219008126
-0.9598576443085776 0.986208451139845 0.07454840380357108
0.010306336416096684 0.7046737680794379 0.5754436655680975
0.16660916919902746 1.007781559020735 -0.48085888188673653
0.14008551870355745 0.9668964991369293 0.055676381174786904
-1.3927977945641992 0.7681071818538783 0.5938786669413885
1.566129630948918 0.9142758393724364 -0.482439835484759
1.5198044217803108 0.8503054483224943 0.042276064936383584
-1.1436103725765356 0.9598560223267043 -0.4870191411335627
-1.1316905956721683 0.9771700333800766 0.06596318918870292
-0.24490423979538534 0.5612323767875438 0.5573524637858709
0.01606116595639051 1.0226953256370237 -0.4876774148304621
-0.021558699861230934 0.9651482145257049 0.04816095072434745
-1.5574071158668943 0.7731201411888122 0.5877730055491766
1.3705610249429014 0.8592304128590698 0.03630916315720878
0.45633504409777004 -0.6297199169092451 0.44364110666917167
-1.3015848775795895 0.9722163238823143 -0.49467309277846017
-1.264099816393749 1.0262651084849708 0.06310121256516776
-0.3232709511615255 0.6900733265293226 0.5618752642314275
-0.1401106095405531 1.0299575456376004 -0.4954703645069758
-0.18620831467552534 0.95997462318158 0.04022804934190116
-1.702182271677394 0.8074613215840785 0.5840417547862371
1.2419740001569757 0.9027714198466015 0.03375164705918632
-1.4654382549557958 0.9771319208743421 -0.5032835797627131
-1.5334378010608525 0.8798140693508643 0.040615956370099404
-0.44231594850853284 0.7566965285784946 0.561179081980451
-0.3129994493702526 1.0130428849307052 -0.5061851338703791
-0.3373768262190815 0.9763145568661926 0.034382741038068154
-1.8873342616744146 0.7854086631150281 0.5755614443461736
1.1160974502885885 0.9384858331408523 -0.5037563638050715
1.09250129024365 0.9129225851105858 0.027784745280011514
0.5403169753660073 0.032631548426081736 0.4871484442393621
-1.620935225384624 0.9950116301794907 -0.5104585484821955
-1.6405636634064429 0.9671287041970658 0.041433732096417764
-0.5445380504756514 0.8486455166962017 0.5625709696452459
-0.4917981169337793 0.988668189210351 -0.5178745583851496
-0.4969981398769612 0.980893087959565 0.02728501993821464
0.9508211782402256 0.9239335541738782 -0.5136707619984309
0.9323207990190276 0.9068093820313479 0.020112673823102334
-1.8251871387110938 0.9450435107841741 0.031213204447491982
-1.4425044941773102 -0.24280772965500574 0.464459578577741
-0.7043940034891918 0.9156296979366942 -0.5354083375294367
-0.6512792261651583 0.9944550748096077 0.021022002283795693
0.7851962388915865 0.9101365645516708 -0.5235856370289484
0.7771534979573147 0.9098573141516582 0.013293425623639443
-1.9841741271314213 0.9603449987741612 0.024671713892682412
-1.6935916348317939 -0.3621532816167985 0.44775978762315116
-0.8842235105434781 0.8930875491183983 -0.547097285207049
-0.8225227449992545 0.9839682835425307 0.012254159037335732
0.6458315126377521 0.9391609353479211 -0.5285428361256281
0.6324156503805298 0.9304368840949309 0.008178631846173623
0.5269950083686723 0.7763782043774725 0.5317255659739812
-1.0363776501194444 0.9124822166481863 -0.5539158181507746
-0.9772232102030394 0.9989608515955908 0.0059913798014958886
0.47700285159864464 0.9226079647864651 -0.5389531449635188
0.4688218147790124 0.9222263774739119 8.050638840995106e-05
-1.229485345226692 0.8127596030457127 0.5336944266002019
-1.1999591542207249 0.9161547305329947 -0.5626827077229182
-1.1462185097616562 0.9941318712421818 -0.0023589925129572364
0.3158770047363575 0.9194019693801749 -0.5478764371235529
0.32108475240838885 0.939914907717295 -0.00546010297133126
-0.052498949346361456 0.37113351350797785 0.4850088759105047
-1.4136137406316927 0.7883700425350497 0.5249964399974187
-1.309858492322192 0.9982416393066202 -0.5621956185658137
-1.270056858155428 1.0555672160313918 -0.004029114659563682
0.12203424360354376 0.8668021708878086 -0.5627485112507502
0.15968146600125266 0.937332005933456 -0.013131936009661338
-0.1725714476155673 0.4367586022576688 0.4842955275218328
-1.5981863244657966 0.7648705088492349 0.5162986918132146
-1.4593927206050452 1.0236119375241302 -0.568527539189593
-1.6336304310775809 0.7745266374221202 -0.04077084821058907
-0.05883720674629345 0.8360018004965397 -0.5751417474110285
0.003454553947854322 0.9438325162570607 -0.01995142262770333
-0.29244589242816943 0.5028167174008686 0.4835821791331609
-1.6798827496928723 0.8891386917038986 0.5201257868449529
-1.6204852713644833 1.0333652823253772 -0.5768071011860529
-1.8300940459209087 0.735928659455233 -0.052878935750261924
-0.24290468785337538 0.8019178173005841 -0.5880304173786799
-0.1584631043430278 0.9426940281134506 -0.02762325566603341
-0.3353764932057004 0.685989414932358 0.4928545160929998
-1.8907677230096347 0.8304430825782276 0.5082966490428289
-1.7817856052634014 1.0438521377581935 -0.585086901601092
-1.9059650522568283 0.868939797977859 -0.047451336797014854
-0.4164859752947585 0.7853123634894743 -0.5989366368611018
-0.3123841139078607 0.9547624530300709 -0.03401644986464181
-1.170751377355316 -0.32821971066115196 0.39942065912888847
-2.0501715579323267 0.8458997493890976 0.5027300520579656
-2.0014721826489144 0.9737197430124596 -0.044946272786394736
-0.6042461083573478 0.7488317443710812 -0.6123214558918635
-0.46924723796491463 0.9633634589942446 -0.0408361749012629
-1.1604368041989375 -0.05953073706371015 0.4158248110453924
-2.1780866403058816 0.9655779961364104 -0.05413134854628243
-1.5392494715146583 -0.3974252015633084 -0.7590580777485529
-0.6290904348406805 0.9685350111763285 -0.048081715520159385
-1.1902739694104554 0.14661434648185434 0.4268802805583318
-1.6426210516491189 -0.2976383324071037 -0.7565790013630549
-0.7975420797733932 0.9620605813884211 -0.05660589497877755
-1.2385392936134636 0.32365578607205236 0.4354390307109197
-1.7483776045344008 -0.20165032207992084 -0.7545963124592463
-0.9494482163431037 0.9810546217029597 -0.06257279675795235
-1.3814767289249374 0.36060729694552407 0.43187276560471854
-1.1292504945114423 0.9482842648093737 -0.625210364278094
-1.1212574763870329 0.9719792822400706 -0.07152374547316231
-1.5442194990312252 0.3693935385587608 0.425810257975324
-1.2872099098860978 0.9605998590261535 -0.6331420735676447
-1.3785249247427842 0.840876710834209 -0.09326060574843087
-1.3946004084833064 0.8297707367001124 0.45897571283982597
-1.419729519685692 1.0103402339146115 -0.636612255986468
-1.5400084047531557 0.850059670378613 -0.10050614636732735
-1.5162072139348624 0.8961835173070867 0.45790569025681815
-1.5693404062283207 1.0361973095248942 -0.6430567101795832
-1.6644387608198628 0.9129474019037289 -0.10221107762648263
-1.7639075682554157 0.7835821534901015 0.4411446257273992
-1.892404911731429 0.8299783814159198 -0.11925967496229806
-1.9088351511925445 0.8187966115952818 0.4372219248454412
-2.005441904963998 0.9103930399456104 -0.11925967496229806
