-1.846817286031225 0.5057974448864879 0.3947478041969297
-1.7771800820639925 0.038236560039823786 0.3897886977516172
-1.7587332787842769 -0.40574693859889166 0.3848580823265073
-1.8168395487307833 0.3630620661770898 0.19937319615707372
-2.1594259151233217 0.10054460129454945 0.19517965176925633
-2.1096193054760306 -0.35801915369068915 0.1897897229515073
-1.5336280309700783 0.7012247839459178 0.010209511312103015
-1.745383878132273 0.3728233002738577 0.005699108632659655
-1.9537379422039862 0.04305403932539065 0.0011668906532285028
-1.617064000982154 0.6574581478566426 -0.18445806643142726
-1.9275284915787267 0.3781745179616074 -0.1882104172386172
-2.0195704721968752 -0.00898336446246617 -0.19347195765152003
0.21035286285419375 0.5521323124151625 -0.36342482706680324
-1.9605432621210497 -0.12371516025142881 -0.36969785830154445
0.14854617461675446 0.49664294730308 -0.580694128481293
-1.961306067955448 0.22549685796431262 -0.577863146273041
-2.0539192264214137 -0.1616474440115745 -0.583443094698334
-0.8587740385877254 0.44265388028924946 0.5938751206718442
-1.640879310793764 0.3928494694110025 0.5885659561477659
-1.8267735185767435 0.05154705079963762 0.5838409171424863
-1.8082836771047113 -0.39226361587096825 0.5792875991188047
-1.6836041121716505 0.129445984890447 0.6491907344184873
-1.7870880558205897 0.06335514184782376 0.5123226151786802
-1.7947093086600177 -0.4438964392385465 0.5132258639656064
-1.7676292000311093 -0.6932097713528691 0.5132860646568296
