-1.4220384193987456 -0.99749696964939 -0.7033719048303206
-1.2973213746166579 -0.7459284770551946 -0.7068528160852035
-1.3964612382242123 -0.41080389133640693 -0.7169894203942855
-0.6246253111912878 -0.4035256128142244 -0.7013131603997786
1.4395493648799231 -0.8955449958597796 -0.6470078453820785
1.8535280613962755 -0.7659890319127101 -0.6417068466943343
2.0999027382299573 -0.5735835928154245 -0.6414021477502425
-1.1183827179805874 -0.7058590960769706 0.2712751403051774
1.3857881357907118 -0.9628345553102449 -0.7816041931909163
1.1430800448868652 -0.41755509578260686 0.15024719383300944
1.2788799707337901 -0.17907321352932115 0.14673671867431803
-1.727046715528985 -0.7363799520485372 -0.014271877745970052
0.8905263971942006 -0.8310774155753222 0.02014289047302409
1.230319368303661 -0.6703704405989157 0.020909644623414714
1.565679350309523 -0.5098788051191079 0.02160511161865397
1.6825331791655955 -0.2655974621594872 0.01780233528198405
1.7444675589349288 0.00029593758821278016 0.012840606232301432
-1.761845254381221 -0.6798563973273275 -0.1562944874566634
1.806160360833637 -0.560995754225246 -0.10899629447875814
1.9833266089837593 -0.3413316699170039 -0.1113866791528304
2.1611488080536034 -0.12255446753005828 -0.11377062652526693
-1.3473266512706985 -0.9082508946020482 -0.28511848304687337
1.408850893486047 -1.0591824579453402 -0.23859205100951986
1.7758781833158395 -0.9109214619432464 -0.23621001098571615
2.0078947439578343 -0.7124917306551026 -0.237087629775389
2.0635489860360963 -0.44605344384516243 -0.24227156494079427
-1.2754483943299988 -0.6085987882116868 -0.4303385243218978
0.776471852509701 -0.7764815258082365 -0.3910342678826888
-0.3641172795934082 -0.5018654640873166 0.6886588111120622
1.4148772541876653 -0.7445504803479182 -0.3807820305627425
-0.24276955367191988 -0.2671386414170449 0.6849065795141618
1.9317094595461128 -0.6552091759308851 -0.3739773258966048
2.0480756438708596 -0.41222500226151837 -0.3776542172235091
2.225684481209214 -0.193640193311861 -0.37973751876769857
2.287914108039807 0.07047689370323695 -0.3848878369134505
-1.7332943546936264 -1.0373249169492595 -0.5686573014062484
-1.2709758218290332 -0.9089311665933621 -0.5628804192346175
-0.9467219937114137 -0.5355798324229752 0.5477040782171647
-0.3903663453151509 -0.44873459431209994 0.5493215098577897
0.18903487940041686 -0.3743796740920118 0.5512922778326432
1.578188470810879 -1.0968389862168877 -0.5045284256738265
0.3250382538306127 -0.13240226209044437 0.547524072189943
1.8283951540676995 -0.9044634450985072 -0.504388712386473
0.2895412867254308 0.17628723795046852 0.5414918437200944
1.9159564169599932 -0.6501947364371929 -0.5088139996331771
0.3669014467710099 0.441504265664566 0.536916710396425
2.0044419626331162 -0.396211927646835 -0.513243578414305
0.2715124411693637 -0.323995772169809 0.5892429127890031
0.3052808306676411 -0.06306185923845575 0.5947092547613542
0.3154419925558827 0.18048553809753187 0.5992386117178361
0.26858715196059535 0.38466560467514554 0.601581312676088
0.17679601958672464 0.5583783140386238 0.6022060885626237
-0.11464113923700836 0.6003409699491513 0.5953340306478898
-0.3519843483536462 0.6795236116964816 0.5904924645620744
-0.7695909173561546 0.6429852551844384 0.5789350047308366
0.38175578031899704 0.6256615782728083 0.5113225951391618
0.06566980438153536 0.6501954300874679 0.5030773654180924
-0.2048362250254172 0.7066997185278403 0.49664614345611735
0.22495380180829727 0.5694887165790483 0.4083119406896989
0.017040244662432258 0.6662576098313231 0.4041448607641618
-0.19075766065742528 0.764105755620637 0.3999779000479142
0.37503940002824976 0.6471504875158693 0.3264933600622575
0.6626518327567652 1.0252696495621905 0.23650226738037272
0.14286541832015587 0.9151985608020716 0.21758637573303385
-0.24006768755478447 0.8983578834328974 0.204975940247194
0.8415300949640496 0.844140777016559 0.14181361343444987
0.38485142056600097 0.7729888824485016 0.12503156807007
-0.14412416358518243 -0.25161407497276045 0.6787690892416398
-0.17596381480880297 -0.03455255675186919 0.6815708651739518
-0.2775570426587919 0.13519771156690652 0.6818656697470109
-0.38269960430358196 0.30251789810465013 0.6820131316381852
-0.5875090536400265 0.4043338547853992 0.6786215081411759
