1.8088652502241587 -0.10731258244721431 -0.3390591260739555
1.7091107529900995 0.056782646645825 -0.338130724126934
1.6099380453964187 0.22122189476321452 -0.3371942159482231
-0.5964405349473481 -0.3963522480329509 0.25165962011134724
0.052040736805693655 -0.48508807532113707 0.20760940343654255
-0.207219367304603 -0.40830607544555875 0.1874754312685738
-0.23086156148558246 -0.19201855778900523 0.19873880178248982
-0.2535763565953886 0.024091483939628233 0.21000741750514607
0.5087909128201034 -0.3943261060454297 0.1579048517397652
0.9360351651576764 -0.4552900853890165 0.09680484563624958
0.941471398730144 -0.22425195784827778 0.11246084005153278
0.8882376263454148 -0.02918577247080023 0.11988710195338825
0.7887853895539081 0.13810632472785045 0.12085078985011677
0.7455761999420503 0.3383975168284685 0.12946580678737263
0.6946019192582042 0.533646897722619 0.13691018850123982
0.17945783907050838 0.9110492114906634 0.10933326513087849
1.2168135288788733 -0.3402538915068938 0.033780324762226144
1.2608365543035944 -0.08707082351908468 0.055019128625751534
1.306036556244507 0.16544163072698836 0.07625888616359333
1.20726133432494 0.3312803408472078 0.07721256047999958
1.1047858904924936 0.49493616895388826 0.07757734090602497
0.9814286215390098 0.6464670392373542 0.07496761113917927
0.8972244216252108 0.8208869480618723 0.077734697168232
1.557660493736833 0.3286605747779525 0.015122640436054269
1.4594477807744255 0.49361825468981024 0.016071546380878488
1.5496425341658124 -0.31557536499919436 -0.12693668573582073
1.5467627396570123 -0.09146174174109944 -0.11187578409397503
1.6469115213531609 0.19365917665195553 -0.08206964700901409
-0.5656586153525609 -0.19873098328786298 0.46816610128200153
-0.6484676122955051 -0.016443052345131548 0.47135423452174763
-0.7392355114188547 0.16114123783517087 0.47346137792384724
-0.8293587408049063 0.3390012767884336 0.4755766275576363
-0.20470334045140248 -0.5157984474537933 0.3819305780581246
-0.14740114774036783 -0.2515152010964705 0.40339254171168903
-0.19611599220111486 -0.05057654292865976 0.41102622777736286
-0.15373184862926337 0.20261041472335606 0.43027995855128864
-0.23511917249872738 0.38342145502712555 0.43349908620631794
-0.3978692875151211 0.5177407727585219 0.42621873647487263
-0.728991398846432 0.55756270430836 0.3973882082155953
-1.1297656262144358 0.5605023961959503 0.3597309473208199
-0.7621344313636627 -0.7316955622277987 0.2472908380678902
0.5531111928875134 -0.6168905521662644 0.3505928400210152
-0.23007453791606736 0.3162987938366406 0.25727390081203083
-0.11681019863914344 0.5857209818693221 0.2577082994631539
-1.4825610910501297 -0.8023669504423481 0.0274259927920113
-0.7218305649568606 -0.7772723834713346 0.08997415334498982
0.46555773565017944 -0.9221070868973733 0.1933338525942574
0.7972152659752396 -0.7419084529906996 0.21506952077663044
1.004093047767455 -0.5143671786328987 0.2248289468935738
1.1653527958482783 -0.2694837831162644 0.2301528337649117
1.244205218080495 0.00809083660837473 0.22749065191066364
1.3240717365022618 0.2854808666447646 0.2248289468935738
-1.290650004552603 -0.8108477059678627 -0.10457016199314495
-0.34421227002773946 -0.8580471221435317 -0.022704851324199637
0.5451902291636372 -0.8899197073135667 0.053733098810077706
1.5330831189871503 -0.660327379294845 0.12971853048122028
1.6937951226370984 -0.41732458894674096 0.13514589101588825
1.83219852950144 -0.16577471577965142 0.1383125665835152
1.7915452687979894 0.1583892022090545 0.12383865148341755
1.7798747241054116 0.4718437105023874 0.11207937032497028
0.9092049714458312 -0.814097516539146 -0.06262136667454143
1.5744499057419432 -0.7674263741181555 -0.006842386419414481
1.6931758786119246 -0.5079515045102774 -0.005459081823467216
1.8913177153831384 -0.28048968915589967 0.0037605646303902063
2.002472603237237 -0.018463675867785412 0.004221189325214425
1.8934062098053062 0.33376908804275374 -0.017444860632060966
1.5466692191305782 0.7861559587886724 -0.06308199136936565
1.115747268845638 -0.6781188613845615 -0.19387937753879925
1.6605101122435855 -0.5857978106399813 -0.14926029413425823
1.8537883940387445 -0.35626583383273314 -0.14033676355564495
2.108448996185743 -0.13695695686262255 -0.12577701776707073
2.1793932974302805 0.1562852279885405 -0.13000370233738323
2.208413201788602 0.4364307413270936 -0.13751865595066448
1.7224629090159596 -0.8997788026427216 -0.2763469335385551
1.7938479424658027 -0.6375074550509297 -0.2792170163937797
1.9090457615066896 -0.36192545461302217 -0.278738748724102
2.015302982790047 -0.09809772285767338 -0.278738748724102
2.122475342097644 0.16536219260410334 -0.278738748724102
-0.1392980730873319 -0.12071468465232016 0.5573627832583199
-0.009044407986493752 0.1410665207766293 0.559449899499775
1.9474103174396475 -0.3301989863043886 -0.4199001905270805
0.011127953067827434 0.4468398922017265 0.551517713373066
2.104503899433894 -0.08706479140367307 -0.4145429250546684
2.1932993403501087 0.1836209067508605 -0.41649128168308636
0.09770724265111141 -0.6022743725049793 0.44456552297389607
0.20778357094086175 -0.33394345131488024 0.44499229223048786
-0.07026057376727124 0.0881417388719079 0.4096162203005562
-0.08267582037368015 0.4070073310141815 0.3985350015810738
