1.7620143850299792 -0.8486092810718118 0.004383396226374181
2.0168914856246314 -0.5096986104891936 0.02460272224566129
2.071681121009447 -0.23108219576504396 0.030835460740534337
2.0294111956948706 0.0254606827981263 0.03032190712114957
1.8481148775296115 -0.5316194692716074 -0.10982387153485629
-0.505156710322133 0.247962093189253 0.7460458985151925
-0.6268415310118112 0.47307317539344584 0.7402375450911203
-0.5483678150775919 0.7636376667642715 0.7458079567732492
2.0279827856784154 -0.7278760516258354 -0.22224252311566683
-1.3955560761859882 0.7554270745901475 0.6985634079756418
2.1522965864169485 -0.42375070238275914 -0.21031396476605746
0.1371731182196445 0.47441037683749165 0.657736133653132
1.9650221721824845 -0.6302411387432292 -0.34847991554120394
2.024617839338882 -0.3364151966259037 -0.3409544715104422
2.0894885026282877 -0.05485296732110623 -0.33323638526776644
1.937210872738249 -0.718947705314811 -0.4744464644608817
2.0521850820573624 -0.41798220118566665 -0.46248023597577426
1.5329735494730699 -0.5381817473939297 -0.6256143340287528
1.0610439122152098 -0.6913405299961362 0.3317940941633859
1.2048203345195816 -0.3782865760936982 0.3430116883101144
1.2226612034588804 -0.11070348143559716 0.3460462799849191
1.5107491126847803 -0.8344846422089782 -0.7547313460526786
1.5475212121937165 -0.5324170660516145 0.23977215202471402
1.5788082951137028 -0.2606991817409252 0.24392444999834684
1.540472144924668 -0.014042016250680689 0.24340422065874723
1.5991348867768824 -0.579970230701762 0.11935503395220426
1.9314241792402536 -0.20225901814457536 0.14428408058306363
1.8791394733437219 0.03828927919977776 0.1428907624067941
1.8560370729073412 0.28866492962689705 0.14344198616167692
1.0828744492544509 -0.09512866598500747 0.7560885659041086
1.1055146002093803 -0.06699461653578531 0.7560885659041086
1.1282541177500338 -0.03894085707313444 0.7560885659041086
1.1475848389495873 -0.008093742046313857 0.7539757004561105
1.160044254410833 0.028464854708150966 0.7476366272749582
1.4400267962474267 0.7085459209254257 0.6356423607649484
1.4588997330429674 0.741669702917326 0.6314161530317941
1.47463656282026 0.7778816245276596 0.6250770798506418
