1.363757019965135 0.7583801586432779 0.014042100626949772
0.4321608903138241 0.8091768510025572 0.05032392473888825
-0.7433617369405994 0.7658225046806635 0.09351225825024079
-1.0826088127321043 0.7220954208272632 0.1052178952283902
-1.4492488079649206 0.7096225235383367 -0.7682133105211215
-1.517251609776551 0.7438243056666307 0.12185665102673005
1.4057002952715294 0.8251525652703249 -0.10103181866931488
-2.0153318102931905 0.5467733415270084 0.1359338376112027
0.9880464139773295 0.8178833387147044 -0.08474282292651703
-2.039157946891166 0.2973805586981282 0.13122864695263337
0.583646967431747 0.8050517765863274 -0.06914571790027191
-2.0970635179263155 0.07026742378039597 0.12823291750622223
0.1546257804264144 0.8107918472406705 -0.052221813481326596
-2.0448360829679473 -0.23336392069929968 0.11942048998547028
-0.25273047764765977 0.8055490938112948 -0.03643707303332855
-2.067973122688528 -0.4865383525306868 0.11446853609753083
-0.6343259468884668 0.7863654126002526 -0.022015371602054135
-1.9284700924196443 -0.8544470416593741 0.10090728731823395
-1.0112309349621427 0.7666522526873054 -0.0078347113542514
2.228486922123892 0.7863431378931462 -0.25053457288074066
-1.391794797944442 0.7519170187390349 0.006552180964474186
2.1953072828474376 0.5339677848566096 -0.2548013117723422
1.3532245269944951 0.7888318722346384 -0.2145898726396518
-1.93146293367451 0.5815359234466912 0.02341075869274567
0.9567264359001939 0.7686402200881899 -0.1988587763719516
-2.029546239639444 0.38235959634578975 0.022529086787228092
0.5354990188689186 0.7668929591457614 -0.18175033597278167
-1.938527020546175 0.05402322786515157 0.011341771800045475
0.07292378450873116 0.7946770524785336 -0.16233233479785492
-2.0591549018076876 -0.131159354151273 0.011556586939815983
-0.24206832715267979 0.7302126911118876 -0.15108016995715667
0.044838020104904786 0.5469384779663269 0.7377357098646207
-2.1886436239828413 -0.3102497266581796 0.01220627756786774
-0.7199523358729891 0.7739942119554026 -0.13076833752917816
-0.28745984517186685 0.49420255902332055 0.7464172455854459
-1.155151517195975 0.7932374388837458 -0.11280302075671722
-0.5944205681281716 0.426883454138963 0.7541048142499966
2.3075025204007744 0.7631162272026755 -0.37060264615344574
-1.439691909400807 0.715754262271818 -0.10323099164294769
-0.8678569642384844 0.33918132522706657 0.7604732129163785
1.875756975739705 0.7586986483054865 -0.3523311999254184
-1.9586982534697057 0.5320093218523363 -0.08692363766955902
0.8707775343780355 0.8483658555347287 -0.30763200787829925
-2.090025739382284 0.35533276929718927 -0.08600071934985687
-1.3776548505842072 -0.12535035289588237 0.7672786328382535
0.48770094326646074 0.82265039152648 -0.2920778181962924
0.7021664720374616 0.6616743605950841 0.6067218396253629
-2.0384609374058016 0.040455165146894956 -0.09576229123401214
-1.4928378077892575 -0.3301765769228986 0.7671022030897183
0.023396803161602975 0.8382988340822282 -0.2721665289812045
0.2959562696920841 0.6388843195038252 0.6186494443006558
-2.052165793842917 -0.2180058995866201 -0.10160402325915863
-1.5983638365221253 -0.528280431835384 0.7667276475019498
-0.3669030563577138 0.8228230149526228 -0.25616697339343597
-0.08905494985451412 0.632070457423576 0.6301593396253629
-2.075245872329603 -0.47111458635162684 -0.10699204472827484
-0.760828089077549 0.8123844581824375 -0.23994425801562835
-0.4586981167550732 0.6043755469733787 0.6408209416456265
-0.7766343195175551 0.5694156518329789 -0.2452471640520053
-0.8217544014231493 0.5881602838305247 0.6514396283216519
-1.4972454575181047 0.7920497609281316 -0.20977167157458831
2.1230793567308126 0.6848845962429033 -0.4806867030076938
1.7400084535924663 0.6651067005961737 -0.46432546643542816
-1.9909118733887397 0.5918404995970103 -0.19433454541492035
1.2752913919941165 0.6857415274855327 -0.4434457209520297
-2.0351983798909288 0.35647016914137186 -0.19845870999621917
-1.7723222262720526 0.15396219186304627 0.6722402188367886
0.8474171112058002 0.6727958936620118 -0.42506031064319183
-2.0537052279726993 0.08936111159927229 -0.20450166730212738
-1.7833166408022976 -0.11985835086209651 0.6677393529005093
0.4370317503682202 0.651725877634906 -0.40769652394580413
-2.050740538687947 -0.1802904681718438 -0.21154216794299652
-1.7994804956491635 -0.364444728782777 0.6638693425245328
0.052044067386916026 0.6440000720486365 -0.39115790395068695
-2.04491908135509 -0.4532440597921745 -0.2188342001848178
-1.716234249328295 -0.6924627889470392 0.6555547329969449
-0.3552475111523705 0.6399212984407328 -0.37360910443591644
-0.6616791002399367 0.5725527878916283 -0.3620806124620395
-0.917936472861129 0.4738455653332849 -0.3535695460252719
-1.5691182634996181 0.6394074279511592 -0.32131890324878265
1.8706787740631654 0.649790768151087 -0.5862384226732211
1.376170245031986 0.6882960497830108 -0.5628347781114535
-2.0509668777686585 0.4319561991997922 -0.3061283018999057
0.941647566061377 0.6923501283422198 -0.5430779841356235
-2.0835616153541707 0.18817552958619022 -0.3111765768938022
-1.914945098706383 0.04877135060816773 0.563924751002316
0.4447384470484934 0.7393682530267371 -0.5194554713182407
-2.195472953493308 -0.002130500562044446 -0.3114877131395297
-1.8296434356478244 -0.27791460865369544 0.5551762196607632
0.09571555106452934 0.694754474803843 -0.504915752690311
-2.3206075373307584 -0.21021170402457745 -0.31176880864429046
-1.9166821031923575 -0.5010726401006433 0.5536446187086148
-0.3363404886738124 0.6795655424372349 -0.4859400179796176
-1.863018757695201 -0.8092433388828253 0.5461368176527066
-0.6700014637116851 0.6432209983562167 -0.4719806101732211
-1.101145970728851 0.6598826659144317 -0.45231775311755706
-1.456900511810602 0.6560947740447993 -0.4366031077318149
1.4152879474094817 0.6213455256649612 -0.6814875986986118
1.0565215806852706 0.5772353628418063 -0.6659059908800082
-2.0001884576204247 0.22315688588452165 -0.42433027295398285
-1.7743930276395474 0.29901634947256284 0.4535579297132535
0.6476788963395848 0.5674964245196374 -0.6471305277757602
-2.1325596638961457 0.04668075155099771 -0.42336896924304535
-1.6338518293935493 -0.06371384822014914 0.44192262621593903
0.22296834891119488 0.5438858273824181 -0.6280513194017368
-2.26160086777692 -0.15879311449263955 -0.42341283826160003
-1.7282126250993457 -0.2817321018184531 0.44068952532482575
-0.2538538157919987 0.5975646270856707 -0.6045241740159946
-1.751355796451989 -0.5358016263017777 0.43640061350536774
-0.6606659237972679 0.5954423058389615 -0.5858059313707309
-1.033504997205867 0.5737062452598067 -0.5692458537034946
-1.4681884780788437 0.5956191178684724 -0.548689880650516
-1.368195019262302 0.518126509289365 0.3334917637891812
0.9831451420416215 0.8651995975409088 -0.7691774752550082
0.9160958199626776 0.9102823256864365 0.14821024866772126
-2.139937025645338 0.25004072238604547 -0.5277724650316196
-1.9377741586641974 0.10129073972873393 0.34437962504101227
0.5579045947062156 0.8655198112418319 -0.7486915972642856
0.545587222810255 0.8760826290663681 0.1609875771589322
-2.1733804085124433 0.006306509827592066 -0.5332141306810336
-1.835746060330976 -0.23649248142455725 0.33395262690258454
0.175384449869469 0.8414541772063089 -0.7309890177659946
0.17550466670110154 0.8440423835484561 0.1737470242567105
-2.19145253054414 -0.24898344037114306 -0.5397353556566196
-2.0313963621437807 -0.37093371271353703 0.33774085970592926
-0.1940602826229565 0.811504105981034 -0.7141328242235141
-0.21932615463558136 0.8304062754925834 0.18772884340954255
-1.8992940127610467 -0.7327908238497507 0.32571359606457184
-0.6676628666879196 0.8517630291997769 -0.6903872874193149
-0.5675134706663982 0.7891358710191687 0.19941969843578766
-1.0025397999563523 0.804572827478526 -0.6757774737291293
-0.9779923152434264 0.7909482571416273 0.21419235201549958
-1.4370743043974414 0.8253455532401892 -0.6545544054918246
-1.3669725076312886 0.7814367065917232 0.2279138180799527
-1.9271456176637543 0.3701630731105725 -0.6445842173509555
-1.83698779981016 0.3114922292722291 0.23469253512096833
-1.972338958944789 0.13443277214160787 -0.6493773844652133
-1.948448361131753 0.12034942964668893 0.23452659578991364
-1.9369915232828845 -0.15520064649314058 0.2281596276350064
-1.9350385206878684 -0.4255764255297576 0.22219439478588532
-1.8791893938704476 -0.7483377380102247 0.21314569445324372
-2.0824908776953492 0.47156424997389834 0.11509772272777985
-1.9580565541680102 0.07624768529034043 0.11056824656200837
-2.012962577958774 0.5835876920199539 -0.08114794759082367
-2.0233936865839866 0.5052973759999633 -0.2751956370286899
-2.018951858189382 0.9315008727472964 -0.4494662669115024
-2.0226689507670272 0.5430575344388737 -0.45001033810901214
-1.936832847529061 0.22646638564505928 -0.6676502612047153
-1.0196878540814822 0.2750574917452111 0.669536790568356
-1.1654515755363377 -0.10921501444295778 0.6727871510572476
-1.5212368492519914 0.26095920159937247 0.4874639126844449
-1.8267245185899554 -0.11261406066039026 0.4953720185346646
-1.8590456125474475 -0.500384980596813 0.49564953776073883
-1.837839697079417 -0.8914634162086914 0.49440093966198395
-1.8367555695704425 0.6657442914050868 0.30226179094982575
-1.7715256584968273 0.2729692608294556 0.2997550580091519
-1.8324379268060795 -0.11336743992790677 0.30093475313854645
