1.706934250891294 0.7537273592703233 -0.4361789220529806
-1.0121307160157045 0.609567250691887 -0.32882523476660364
-2.090798639581095 0.6952705052082369 -0.28354191720068567
1.9280287595089192 0.7265379950283055 -0.5765435689646017
-2.2074602259894363 0.4743682379498644 -0.28388714730322473
1.4087849328760456 0.7330304041880709 -0.5543639653879415
-2.2324984138052173 0.19438085987993148 -0.28929305016577356
-2.0546564829004836 0.06977591126872618 0.7034182554525126
-2.258745091931843 -0.08590685675786425 -0.29470944344580285
-2.0687487575714982 -0.21936531623848943 0.6993374830526102
-1.0940701862857907 0.7626388077647288 -0.448295354242922
1.8243153188955148 0.7104047222540739 -0.7031052106577169
-2.1829840401812675 0.560252688644777 -0.4076659673410665
1.3780803630553464 0.6739610398956835 -0.684351205225588
-2.24547350343434 0.304592009558986 -0.4111521238046896
-2.359917511793583 -0.5146238124711644 -0.42619347512304895
-0.7200232531630633 0.7515444820436414 -0.5909807676035177
-2.2893049020917573 -0.8615663445344239 -0.43757748543799035
-1.1331047274335049 0.7109233288911376 -0.574051141138674
-2.3357981310519733 0.5820212915587177 -0.5253422254282247
-2.3016159756811163 0.26474949005949 -0.534660100336672
-2.2689111615189006 -0.053233946217433825 -0.5439870351511251
2.209770097938417 -0.410289106774945 -0.8782722943979513
-2.2084122913095143 -0.3910290911869634 -0.5550496572214376
1.978730856154229 -0.5780086154190229 -0.871970891352297
-2.2789271590810785 -0.6446476114535233 -0.5584681028085958
-0.789235432250976 0.8221589396321765 -0.7129104131418478
-1.2826652354898584 0.8318097893286645 -0.690543889399172
-1.500291729507623 0.6719279215728307 -0.6848247045236837
-1.6169761929028965 0.44905250041069955 -0.685257195826174
-1.7344816150598632 0.2265198273734068 -0.6857011312204611
-1.4199416034544612 -0.27355506343350555 -0.7124927037912618
-1.418445992720791 -0.5755648861178813 -0.7203690999704611
-2.180045238320176 -0.09313026533786228 0.3286380773824442
-1.623308194056733 -0.7443960712950304 -0.7157289975839864
-2.098680995448518 -0.44492615433753535 0.3195147520345438
-2.027375539479735 -0.7922796867193842 0.3107559686940897
-1.2718309041892155 0.6158122512674922 -0.8225634092050802
-0.3032559986235981 -0.29251588330896894 -0.8910033696848165
-2.163247226215006 0.5615678775572253 0.2153086668294657
-2.2383502191585336 0.313896378172565 0.21314883292138465
-2.2892633807709757 0.050031514613328554 0.20981121123254187
-2.3077732643372286 -0.2357674960399656 0.20490622580468543
-2.335907391504904 -0.516426030804837 0.20038080275475867
-2.2068676232671294 -0.9020569488105039 0.188453913335203
-1.9618077488696173 0.7860056461717804 0.08785605490624793
-2.2141011738659273 0.07396905918103336 0.0826191908162821
-2.162793321510989 -0.24229546559365822 0.07439565718591101
-2.1198078880377835 -0.5698512510330715 0.06619215071618445
2.253672367231161 0.8922132332915584 -0.3246352666574728
-2.1489331322040925 0.5930333821135942 -0.034020661707521604
1.8156496668412387 0.8476055496137356 -0.3082077497202169
-2.198656965008581 0.3291901291005015 -0.037696360941530394
-2.245280332404306 0.0625206010935937 -0.04159331261694543
-2.297226785867167 -0.20156580283245873 -0.04528808533728235
-2.3377589907474032 -0.4739718036048366 -0.0496292108255636
-1.9305395476874168 0.7330977071903835 -0.1641635888773214
-1.2499753224210224 0.29373494980659665 0.8103795057576884
-2.023505537727914 0.5114773871869946 -0.16538000046789758
-2.1197915490311487 0.27684047897431086 -0.16679978310644739
-1.8968254911309401 0.12386418317543146 0.8252584940236796
-2.078455753203201 -0.04697070863813302 -0.1755154126840841
-1.9483764683574378 -0.1412041935822259 0.8227968221944559
-1.6927712288338626 -0.05124308133810551 0.8179881578725565
-2.178834484421728 -0.42674181743719863 0.828783035878538
-2.184859126629661 0.10383570251715568 0.6189291483205546
