-0.28326440846658585 -0.8480032874595906 -0.13566120671875836
1.319699039948965 -0.7801792797739013 0.0027979989086830415
1.7330309164353253 -0.6020768887485515 0.03708688211791156
1.8347682327245067 -0.3938242889320973 0.04403201532714007
1.892634330454051 -0.1813486759765759 0.04706994486205218
-0.15554233559929287 -0.8815913439734029 -0.2485209326709068
1.328123182407225 -0.8019538937235344 -0.11765774297364118
-0.31957902719647535 -0.4706326466979682 0.6387652535473549
1.9989761638892958 -0.6499410718312468 -0.059545598503426334
-0.1875223061056488 -0.2582364806985238 0.6469940323864662
2.046049579652042 -0.4368595460242046 -0.0573278288806236
-0.21836457824112898 -0.0290352891391521 0.6428794045483315
2.093861731022919 -0.22402769206380935 -0.055110059257820865
-0.2384744343423293 0.1993613902573843 0.6395129342114174
0.1314056976691802 -0.86283081375732 -0.3356958250964439
1.4413707480618996 -0.7680415398575997 -0.21809919881470563
0.2699403085374925 -0.472991217778052 0.5707530159985268
1.9734875644496697 -0.6026617213405014 -0.17151316213257672
0.3027942574595244 -0.252310934192006 0.571518816474601
2.1296646228959304 -0.40104785928051623 -0.1593008856738365
0.2868558587393579 -0.02638910411386597 0.5684570450817787
0.3163123102012051 0.19471136515524368 0.5688399453198159
0.2573946309419455 0.42602315652901535 0.5623339791332924
0.1646628084208288 0.6619692550171887 0.5531481881176674
-0.7915641280975123 -0.8419783272825105 -0.5334554533923423
1.2666117369537417 -0.815797886021012 -0.3439913611377037
1.9421890435519984 -0.6638285533171722 -0.2831412177050865
2.028820435147985 -0.45469226000851304 -0.2771483283007896
-1.191958804118947 -0.642879309647558 -0.6870103697741783
1.2227007006294457 -0.6560173709428909 -0.460158429619149
-0.03769343577573636 -0.5183335804269387 0.32239428949706195
1.9777906866498824 -0.5137092873559741 -0.39064701604493024
0.6047450399581464 -0.359985519547652 0.37241021585814593
2.114412849721205 -0.31016619138492274 -0.37984427022583844
2.1032737773798758 -0.09104115058153628 -0.383132062431649
0.4965669082101982 0.7702281109473041 0.3536042351757729
-0.7614177101777315 -0.8995042906405244 0.15365878534667132
1.3316558130911886 -0.8750395066759422 -0.5583725790942466
0.6240413080046352 -0.8064297446596527 0.2660855431591713
1.9325859694775858 -0.7152394473628911 -0.5024047713244713
0.7697754772292029 -0.5983980235961237 0.2763060708080971
2.098229778387747 -0.514248843994876 -0.48853214788086774
0.3142195451364529 -0.7417547363960351 0.1282362122570717
1.40682255613536 -0.628335973598956 -0.6639443259204185
0.8567388844861412 -0.5727708854035258 0.17207614374510882
1.0874608144371152 -0.3748423022162539 0.18961183023802874
2.110369645485754 -0.2640084185766698 -0.5991674284899986
1.150368689575977 -0.1602620204018228 0.19295207453124164
1.1743971415931398 0.058384380181165874 0.19295207453124164
1.1001807658345868 0.2883490291806732 0.1846017022167885
-0.34353850926506624 -0.9702783572956166 -0.03800447988160016
0.9669505750742928 -0.8707361928217283 0.07281104517333148
1.3503700372717944 -0.6876128190213979 0.10392514658324359
1.3775075738196136 -0.47016897774813593 0.10435143900267718
1.3905439962450359 -0.2512538957214634 0.10349885416381
