-1.6621624344407309 0.19941955461448835 -0.5602788281856652
-1.4663664143455861 -0.3264181673811333 -0.5788320851741906
-1.472599378117529 -0.69512959016261 -0.5896705937801476
-1.8332410583568475 0.572725303189392 0.4652541327060584
-1.6982808002340732 0.8716308301363309 0.3266266035617713
-1.9625766723290994 0.7119025564743477 0.32486516709936897
-1.964229848204809 0.3459165774600166 0.31645232911719123
-1.948085754508412 -0.03622267495881992 0.3075185465396766
-1.7838487482096994 0.8479353560008764 0.1824005293430213
-1.8515264972338699 0.5342608760576599 0.17543632264746467
1.8159172820367928 0.6406651159885044 -0.003636057418453298
-1.9166902758743234 0.21736416913450185 0.16834980722082893
-1.92851176391963 -0.1433091935764157 0.15973002191199104
-0.7139716554926636 0.6999380310619951 0.023653333145511546
-1.725743025848729 0.7488730437183531 0.03502160783423225
-1.864588197221174 0.49054043546440695 0.029908244568241038
-2.0044335131265285 0.2325616834591191 0.024788920837772288
-2.000644987077891 -0.14032976546884157 0.01532727952612678
-0.47855846037224836 0.9803146105070386 -0.1177255464016076
-0.9334994026058396 0.9615008781648324 -0.11298197035180291
-1.7861157357453337 0.8885490315947671 -0.10514872793542107
1.9502477159856753 0.5994133065869285 -0.30561249975548943
-1.8693751728327044 0.5872867352908848 -0.11209815267907342
1.4830586455320187 0.5743055507221779 -0.3001565289913293
-0.7554503521134279 0.7892978253141916 -0.2653271508632775
-1.2319655802622762 0.7526141582194796 -0.260213072341549
-1.6140913720096748 0.7007856703500881 -0.2567474198757287
-0.9185106359452604 0.36063525588745904 0.8932374167026405
-2.004739776538102 0.6395961651116746 -0.2534550977169152
-2.120541794477404 0.36351889491145606 -0.2595455003200646
-0.6970952106202475 1.0942128400617328 -0.40342276815758904
-1.135667095865088 1.064099092738017 -0.3980123353420373
-1.4590029877221724 0.947753897103869 -0.3967010331569787
-1.5917004135292174 0.4438662367382378 0.7509782957614783
-1.7547545717003317 0.8115392079496662 -0.3963713002620812
-1.7277088537779903 0.18187027282212753 0.746212069946659
-1.8737128594498742 0.5379068072098612 -0.402457888167965
-1.715970579939743 -0.19795952409130635 0.7386480021060828
-1.8840152728413742 0.17770213674093682 -0.41255920652734
-1.8803951927863736 -0.1954991057680644 -0.4232553792415734
-0.1506067898760861 -0.25736717367124484 -0.8345634293972131
-0.8777996057004742 -0.8586326224109708 0.38734394784582893
-0.42376196861684434 -0.9165763738640331 0.36162144418371955
-0.9098503485048255 -0.2263220339779206 0.8874931978763465
-0.8064908438113392 -0.35193063753576226 0.883973185974491
-0.732862269008848 -0.4842454742467055 0.881861393410099
-0.8277183428176613 -0.5334066751687896 -0.8518049073635217
-0.6645541364188432 -0.6179667799761326 0.8799840855182532
-1.6548728947385598 -0.956747311908261 -0.20402734999047478
-0.38120637798400026 -0.7089161053145787 0.8677817034305457
-1.1381461350485083 -0.998959178842096 -0.2414299798427697
0.08332501258382763 -0.7660929605353815 0.846896712738407
-1.4189099192333217 -0.2274379457939748 0.8395268368305091
-2.225527383707046 -0.5385654188415963 -0.23857825521813592
-2.088423165292191 -0.5163747302108277 0.3130734610141639
-1.393741449742734 -0.3677936129462651 0.8397702621997718
-2.0550777921776913 -0.645287832251876 -0.24967735533105095
-1.2908632704911795 -0.49177795835882243 0.8361194777072791
-1.9776553294121229 -0.7722816320288217 -0.25350445036278924
-1.2617285638488553 -0.6315324310499424 0.8361194777072791
-0.9639044384090809 -0.7167562474751996 0.8227339434207801
-0.5633299295039436 -0.7834562932883813 0.8042369532169227
-0.07941375190751643 -0.836548569577559 0.7816029238284949
-2.1925029777155487 -0.5254501367311146 -0.3044323277889367
-2.0808131604703846 -0.5015218757119442 0.2421658682407264
-1.6962911367057245 -0.4263693801060988 0.7839651751102332
-2.163481272241633 -0.6620587824478203 -0.3044323277889367
-2.0272925657117042 -0.6333773012870978 0.24055678125036994
-1.5643087788007364 -0.5431161827671094 0.778671090561283
-2.1349395385931373 -0.7987678598926848 -0.3044323277889367
-1.9204729624746832 -0.754380839498106 0.2354081320346717
-1.3690898226854102 -0.6475383448703607 0.7700999426425819
-0.9343213917231239 -0.7045072626168647 0.7491763281406287
-0.4602940445081387 -0.7565991393343516 0.7262356924594764
-2.0600304766983157 0.12009591415228549 0.16162926431311408
-0.9124323334308926 -0.9860198130745914 -0.39543193106042107
0.01875613325400849 -0.8109383836604103 0.7030430483402137
-2.0336228740820417 -0.018080566102593565 0.16195971246374885
-2.0320817702577045 -0.7356700592093777 -0.3907713246761437
-1.9919168406425527 -0.72731267922269 0.1692305254520301
-1.6632237303858446 -0.673366834320591 0.7141023325504188
-1.9891500076084014 -0.8698436818667883 -0.3919717622219201
-1.8902839783947059 -0.8496338916842259 0.1642730879367713
-1.4977353077466447 -0.7838661486477569 0.706799809891117
-1.8819589541123136 -0.9912203134607029 0.16559511895788948
-0.9898280735554792 -0.8267416211580443 0.6812403845371131
-0.6336166409390458 -0.9029499434948374 0.6637662100376014
-2.057067815989349 0.018739426714381224 0.09241587396277229
-0.04703321663825477 -0.9370416573322382 0.6340339827121619
-2.0244493298392996 -0.6922433166561373 0.10055667634619514
-1.727425225852059 -0.5074561689985106 0.644837443786991
-2.05645919619392 -0.5987686289600553 -0.46154707197533806
-1.932491171567598 -0.8163830519749329 0.09614712472571174
-1.6690190792503259 -0.6395702184539456 0.6432202505649451
-1.682064117896168 -0.8081640324750623 -0.48812072996484
-0.8193539294697274 -0.7569071844036372 0.5995577024997596
-0.30624893559291166 -0.8024446027961591 0.57287461038245
-2.0232852619020534 -0.7217191037569979 0.030568902450931468
-1.7821856277449015 -0.6786686753660938 0.5790053057254676
-1.9509771028532654 -0.8499123233679011 0.027437751251590647
-1.6803320796090944 -0.8016955883264156 0.5748317884982947
-1.2019963516335324 -0.8496014127983447 0.5492339777530555
-0.8410627630067182 -0.9239436605981872 0.5303137945712928
-0.28901488520563134 -0.9636812903196486 0.5005424665988807
-1.673557804497655 -0.6571391262970465 0.5019980120242957
-1.1755228701411369 -0.6995054586656178 0.4744508909763221
-0.7360245051752301 -0.7570496750597631 0.4503472494663123
-0.7981568490220141 -0.9165659633160184 -0.12285869840966424
-0.22298445053635163 -0.8030672646771269 0.42193896051062385
