0.3287265378479063 -0.12325605720210397 0.146465250237096
0.29243811247170015 0.28698003564290353 0.14279408095609014
0.25260774585716206 0.6966860877562162 0.1389584028555042
0.019749233224416685 0.5637804571523706 -0.07537656189669306
1.7931308204877325 -0.0011242113211835658 -0.40951495529879267
1.5540081505839254 0.378726957021593 -0.42162185074557
-1.9135294013217248 -0.876515205716835 -0.014629892127405952
-0.9727608538212351 -0.8651227647806543 0.06523413298856084
0.6671770532337007 -1.017397682492291 0.20759911177884405
0.7222241950495558 -0.8194206784078304 0.20846695540677374
0.7585505740469358 -0.6171692488243572 0.20759911177884405
0.7272155677339995 0.2362191097912607 0.187633463127721
-0.7678046887717542 -0.9308659561592716 -0.032530359046351265
0.844038661415695 -0.8671462922734356 0.10631746886502569
1.1761492087804584 -0.7338906695861791 0.1324896299673206
1.2806467017559697 -0.5491726456522272 0.1378130400015003
1.3809005310187956 -0.3638574562777759 0.14269299147855108
1.4333488205080869 -0.16733510464408852 0.14313597319852178
1.428454374196484 0.04328586776642851 0.1382564985586292
-2.0685965342157857 -0.6427183758457087 0.6055755102468616
-1.3214624363425642 -0.5901198754430617 0.6606878721548206
0.24861609581530786 -0.8999598772123818 -0.048918298499476265
-0.9100723848174894 -0.4661078783436299 0.6893925154043323
1.0516103422701661 -0.8715185449640472 0.021639772636998345
-0.7462351118319503 -0.2874163315216869 0.6985778295827991
1.5097233062754043 -0.7684846564791812 0.0600847685171253
-0.7129085274137665 -0.0788700337247743 0.697429605705846
1.6383074138867855 -0.5906842570540647 0.06777376769315069
-0.6933763528062258 0.13308779878390986 0.6951331579519398
1.6899703494631027 -0.39504622554493807 0.06822628615628545
-0.7215310658450278 0.35683976805860773 0.6890096151662952
1.7326339896625242 -0.19724535173550706 0.06777376769315069
-1.7226468879134629 -0.7289044067919388 0.5362867796255237
-0.8299478730753691 -0.7100813130168397 0.6042432272268421
-0.16628117416262 -0.6452799652571173 0.6538443052602894
-0.0030934950962588914 -0.4691639812549564 0.6632174932790882
1.7935833306435214 -0.688413291750269 -0.01808886887301142
0.03931242351007569 -0.26549113262719537 0.6628269636465198
1.8884849671631159 -0.5037139146411338 -0.013479284064661812
0.03394401304196748 -0.05037234302580629 0.6585306608511097
1.9501215493267452 -0.31130229051950664 -0.01209645630587275
0.019685317282743142 0.1672942784504805 0.6534532987905628
-0.07604292182312378 0.4055003998332829 0.6417369329763538
-1.6079819677760696 -0.600169319932041 0.4248737776113636
-0.739730594267435 -0.5782728117566744 0.49249453185330694
-0.037193042379747965 -0.5242305748007059 0.5465120756460315
0.3398579472198904 -0.39882171105595354 0.5737204038931019
1.9274724759900153 -0.5740067073018 -0.10993819596041376
0.39705399297626087 -0.19979666435257393 0.5745205366445667
2.090490516658889 -0.4062391457318224 -0.09866576554049189
0.4210225895635773 0.007183569590234029 0.5725197279287464
2.2008019380596124 -0.22641239155370307 -0.09255986572970087
0.44089368105390037 0.2153476390423137 0.5701193296743519
0.4083191069444112 0.4367784466543796 0.5633172476125843
-2.1924355726327533 -0.9094598764363901 0.27617067931424444
0.31376608620365687 0.6744795576542746 0.5513133489919788
-1.280286784020383 -0.8893665177275825 0.34894127486478155
-0.45370616679363707 -0.8672489856263699 0.4147619688345081
0.2920168945288708 -0.8216858562799114 0.4736322843862659
0.508010006855983 -0.6593124921676718 0.4879412138296253
2.0120365540714076 -0.7994431952036365 -0.19856982590426142
0.5448918426433025 -0.4562990504225244 0.48712343810330694
2.0920191120214326 -0.6119959433682638 -0.19522099854220087
0.6164315669107481 -0.2614386161117892 0.48916763900052374
2.2161802096931353 -0.4354628315798532 -0.18756728531588251
0.6159661186793457 -0.04939171162139466 0.48507923720609014
0.5727169940071164 0.17350310733264962 0.47731155989896124
-1.9871004422100356 -0.7112395941807428 0.18122095702420538
0.48196545627642706 0.40889469690627145 0.46545595763455694
-1.060537628626463 -0.6984191823289816 0.25679249404202764
-0.23666662045844333 -0.6687392499233145 0.32359547255765264
0.5041571957366102 -0.6255998997722454 0.3833007299734241
0.6333252244457412 -0.4441788941381404 0.39039892791043584
1.8521983702540723 -0.522836892283431 -0.32133059860933955
2.1604379560183347 -0.38994662162504135 -0.295030168311488
0.7577526776732526 -0.05075783585852811 0.39290375350247686
0.7290478458283687 0.16812568683615403 0.3862237417532093
0.6093099865179212 0.410263760973983 0.3716105902029163
-2.0446420070402525 -0.9720744095219818 0.07317013381253545
0.6499713257958177 0.6130925320518514 0.37077517150174444
-1.08907983909193 -0.9615725974172094 0.1528720342947132
-0.22171050371274248 -0.9381109619192767 0.22490305541287725
0.5187561273848971 -0.8919680259025462 0.2858519041372425
0.7635990453624402 -0.7370125688640456 0.3033265554739124
2.0999827151510786 -0.642632722630621 -0.3962913072275036
0.6481718404534718 0.13598676217064565 0.27647490142117803
0.7072117877874291 0.33383598679237814 0.2773274862600452
0.762091655762255 0.5326644736232939 0.2777533018423206
