1.1205682455658454 0.6156696208100207 0.2207577954038289
0.8327210968270968 0.8390370254743669 0.2053778897031453
1.8132541579290375 0.5622078112388564 0.11903412444435624
1.3455873168412822 0.7404094012108917 0.09267838103615311
0.19243229337844525 0.7633323051894045 0.02590544326149491
1.8585447335978884 0.5580026656942039 -0.018789457251200403
1.3180573676791099 0.7188877379040708 -0.05029265778220626
-0.10735444302202168 0.6787827747982025 -0.1355492343202922
1.9108547298791443 0.7856117054945262 -0.15490119354880783
1.2591040650547178 0.9216197110658726 -0.1942497958437297
-0.09327482347207194 0.9019705666211948 -0.2774130572573039
2.20397068405871 0.4957777523925575 -0.27831570999778243
1.6878336832761285 0.6603732958765232 -0.30995051758445236
0.1950375037075247 0.600780235672687 -0.40443150894797775
0.32519787426645763 -0.4870570060438588 0.6018384228452351
0.4061545298300011 -0.18752362607104978 0.6068423519834187
2.171028356427918 0.8028034993524393 -0.41860692398704025
1.572996103950473 0.9500365567843243 -0.4565188159242961
-0.09885861311711963 -0.5924613876464324 0.4357550869687703
-1.6136159342349146 -0.9451219744723112 -0.7337266673342082
-1.1497260280523705 -0.9661843543648096 -0.6305624713198039
-0.9532989987573011 -0.9619420264589049 -0.5883590449587199
-0.8051345476001366 -0.9353951872595072 -0.5590507258669231
-0.6962773692335738 -0.8903491856265635 -0.5402938594118449
-0.3960167990332977 -0.9414205807860867 -0.46995465653098556
-0.2570334849477298 -0.9135888673338837 -0.44299142258323165
-0.005444635269736153 -0.9438067297730033 -0.3855478038088176
0.16346025394939545 -0.9335442916231553 -0.3503782023683879
0.3364821079554403 -0.9265516114565298 -0.31403653519309493
0.48773544133764446 -0.9094030355173484 -0.2835561503664348
0.6861729840949664 -0.9180432147086766 -0.2401806582704875
0.8456313197426368 -0.907447807295048 -0.2073551882997844
1.030624445813494 -0.9115746784376952 -0.16749637024558517
1.2324447481212424 -0.9260778839118977 -0.12294881241477462
1.2716158509545288 -0.8536640757929046 -0.12294881241477462
1.2854649473664992 -0.7673747457848368 -0.12998263733542892
1.691077313109865 -0.8972908747812909 -0.029163049627909388
1.7897939924007247 -0.8595929576150976 -0.012750791479716028
1.9054760303184892 -0.8319662027022314 0.008351160119405066
1.9069053903818478 -0.7403486963984687 -0.0021998156801554813
1.934055122320963 -0.6630604665389228 -0.005716966559061731
1.986780593639974 -0.6003714346322724 -0.0021998156801554813
2.0733306792755464 -0.5574222462973832 0.010695768426289831
2.0886105377912827 -0.47322374202103923 0.0036619435056355343
-1.4167561808317721 -0.8946241677213163 0.16902048690163163
-1.179106995174358 -0.9088059658932153 0.21480162246071366
-1.0078514834626446 -0.8923297917090149 0.24532206160866288
-0.8147997611551716 -0.8877155590760495 0.28092939956032303
-0.7579416700696413 -0.8168583801411184 0.2849992047055867
-0.7358861431343868 -0.7287334813521351 0.28092939956032303
-0.7615636070393847 -0.6163542541031841 0.26566965682350663
-0.7387476400553226 -0.5280958871167876 0.26159985167824296
0.020747349926732994 -0.7209776603431042 0.42030747039162186
-0.04348927815373216 -0.5899206884908423 0.39589054686867264
-0.10707580956164975 -0.45827921218897316 0.37147457702003983
-0.1008456394867423 -0.3628133751878799 0.3633354435666707
