-2.4230708142619406 0.6586436936203555 0.05253181909867699
-2.4380991052723786 0.5383018146580874 0.07713852381059105
-2.43699161791546 0.44205057868522246 0.09479532694169457
-2.470321946709255 0.2984371785525681 0.1263862655098098
-2.4704912795469127 0.20261860853470637 0.14406261896439965
-2.5025742790639356 0.06362283468821417 0.17451868509599144
-2.501134022888749 -0.0278311128581592 0.191053490393843
-2.485823632977528 -0.09953937180642036 0.20178757166215355
-2.436191682219217 -0.12428216390318525 0.19858417963334496
-2.4476407195235126 -0.2311074722193034 0.2197848365242141
-2.433446842936405 -0.30269654628472686 0.23053322290727074
-2.4167043685430087 -0.37034978596181745 0.2401238486702102
-2.4062118201523006 -0.4457057921103402 0.2520457312996047
-2.3990895719099328 -0.5248439888376257 0.2651358649665969
-2.3745631045112603 -0.5807898397575837 0.271251301520552
-2.3443406439329877 -0.6290875517095635 0.27504215692826683
-2.525996935840311 -0.12725501673955186 -0.5074829056327683
-2.3113372170451356 -0.6736173402492884 0.27767048334428246
-2.550807217997793 -0.2525549873121111 -0.4754508926933152
-2.2845583626986823 -0.7258642078794484 0.28262958978959496
-2.498909331609596 -0.27333955248438535 -0.48043670201948707
-2.255000957018737 -0.7743466674614137 0.28642569040605004
-2.5075785893248295 -0.3751573711710865 -0.45661773229292457
-2.222628000063864 -0.8190922068826278 0.2890592620308059
-2.493675563890072 -0.44605506918847304 -0.44376554036787574
-2.1843426962832453 -0.8563522083032531 0.2893634841377395
-2.468517226681975 -0.5015827770551304 -0.43639697576216285
-2.149266447479249 -0.8975046546713781 0.2908335730964797
-2.449473872516023 -0.5647734895759662 -0.42628087545088356
-2.0958879001950024 -0.9161820988692781 0.28531036829301293
-2.4336992236279897 -0.6317566804868324 -0.41478814626387184
-2.0425220116173435 -0.9350888691447441 0.2797847793037551
-2.415322434210104 -0.6949008426778978 -0.4046639397209031
-1.9829621594388627 -0.9467434086813995 0.2719236419136184
-2.397272411563371 -0.7580295691357417 -0.3945349648063523
-1.9296006031900887 -0.9661310089907449 0.26639233087846215
-2.3795485870125077 -0.821136006369791 -0.3844021751945359
-1.8637298761848342 -0.9708708007713209 0.2561918303901809
-2.3501971433978426 -0.8691515049857301 -0.3797611191337449
-1.7946291801706238 -0.9722209782794788 0.24481878732987816
-2.327066852697456 -0.9247405138653733 -0.37237062001875465
-1.719106380154301 -0.9665185998828445 0.2311063811714309
-2.2891358803738484 -0.9616199759830426 -0.371848006493364
-1.6465902026497616 -0.9648855060949035 0.21855507349320824
-2.239241379787238 -0.9836847962575881 -0.37682427907637184
-1.5739414203623596 -0.963618269364952 0.20599852060624535
-2.180264320767286 -0.994782185723837 -0.3859275772636277
-1.5139475717731656 -0.9773737150684276 0.19810877298661644
-2.115144333944734 -0.998724231163175 -0.3977846100395066
-1.4475054496702597 -0.9841002745715564 0.1878782317573684
-2.043801880534268 -0.9955759227299978 -0.41239776158979957
-1.3681036291109194 -0.9765837368788226 0.1729689643318313
-1.972321530813545 -0.992787275158312 -0.42701568151167457
-1.3046943549325363 -0.9876316683158386 0.16389809107133324
-1.913070027850594 -1.0050744475267983 -0.43613614583662574
-1.2185113912128074 -0.9736486670820153 0.14663706278153832
-1.847577949766709 -1.010296124733971 -0.4480122520988328
-1.148397636108065 -0.9781624639910991 0.13521728967973168
-1.7321295406193755 -0.9572935987399589 -0.4819182350700242
-1.0781903366628853 -0.9830266679886037 0.1237917945320266
-1.6975662353503864 -0.9998043205262839 -0.48003854299238746
-1.0144541799936064 -0.995406481597902 0.11470137094804222
-1.6380374858183373 -1.013317869607139 -0.48917617345503395
-0.9341953080602181 -0.9902276655796616 0.09975538706132347
-1.5311573711050244 -0.9727169940465021 -0.5189780190055711
-0.8504610010590241 -0.9819059983691609 0.0836311385566848
-1.4682195026108218 -0.9833303482496571 -0.5295032455985886
-0.7731830664272366 -0.9811266457824583 0.06984291529008324
-1.3829698021573478 -0.9690156451511438 -0.5496787025993211
-0.6990949077136364 -0.9842824764937106 0.05721912836381371
-1.2432174641214715 -0.8940799010723186 -0.5932916596000535
-0.6249003876539732 -0.987819769201078 0.044590096228803944
-1.2278231001729196 -0.9596583027405661 -0.5831598236625535
-0.5573131494556947 -0.998760519194505 0.0342985198433059
-1.1291005262885392 -0.9323751199060961 -0.6088718369071824
-0.4694425766729253 -0.9890109775180385 0.016970734351362537
-1.088201261788555 -0.9697031219739554 -0.6097711517875535
-0.38475702378134713 -0.9832288630539736 0.0008073851997512094
-1.0247379159173846 -0.982338449196483 -0.6203259422843797
-0.3032857842189074 -0.9813769763542872 -0.014191050774369884
-0.8408076548152579 -0.8644410693225044 -0.681929965264116
-0.22166528999139956 -0.97995257647149 -0.029195208794389416
-0.802941822065911 -0.9063021925814958 -0.6814631416862351
-0.15015132312973378 -0.989323057028141 -0.040686507469926525
-0.7586781497509136 -0.9412560494818543 -0.6837567284171922
-0.061413643843103216 -0.9818348368607754 -0.05805053258589332
-0.7243972059958423 -0.9868818230046443 -0.6819099381034714
0.03440402908729823 -0.9679633409157464 -0.07776917958906715
0.11664646703601278 -0.9682939530082528 -0.09280147100142067
0.19555414612703004 -0.9724710146146709 -0.10666503453901832
0.27805720348889196 -0.9736590300106318 -0.12171020055464332
0.378145904136133 -0.9583668604471569 -0.14263476873091285
0.48548780380383505 -0.9368942285599733 -0.16591920400312965
0.5650211855674669 -0.9428961516354644 -0.1798109009330613
0.6587599519897651 -0.9359298622030838 -0.1984113648002488
0.7562270710917218 -0.9261440104053698 -0.21819629216841285
0.8574670351181339 -0.9135717486135881 -0.23916472936323707
0.9447033588977476 -0.9148053544240646 -0.2554372742240769
1.021375102133355 -0.9263918782368759 -0.26818694616011207
1.1231908599360736 -0.9153887273745287 -0.28918113256147926
-1.5651690706130523 0.5592813758709134 0.918172459357466
-2.198500800339076 0.5192558859059009 0.5872622535164016
1.2216459367445225 -0.9082245668976547 -0.3090061142509324
-1.5400515913034596 0.49626902748661017 0.9234489009315627
1.32751740357061 -0.8950882964534514 -0.331196208245073
-1.4729557914658216 0.48761973742050024 0.9162863299781936
1.4589489272230693 -0.8598308192766417 -0.3616398766105515
-1.4725537446161638 0.393447872793411 0.9286783740455764
-2.235147497425423 0.18157044896628527 0.6449137732917922
1.5291160811122282 -0.8803148248131922 -0.3720692589347703
-1.4330553517191191 0.3496518019870223 0.9295171306068557
-2.204899396829987 0.1284895020114014 0.6490474746162551
1.6320505295039922 -0.8721618496994488 -0.39310779119185035
-1.4059860827212773 0.2903302029212931 0.9339157149727004
-2.2335713451407457 -0.0030854976408782875 0.6733284995491164
1.7883664109011335 -0.8220500442951764 -0.43070830846479957
-1.3685484002928021 0.2350246642294671 0.9364434287483352
-2.2262369496784657 -0.0946110263743325 0.6864515349800246
1.8625936118889825 -0.8408028565234833 -0.4423383667533738
-1.331935586705761 0.19275712681243284 0.9373332068855422
-2.226001794522034 -0.18099357251534975 0.699715714209761
1.9625641226342765 -0.8376633231910766 -0.46222676778486793
-1.2901499564964922 0.15237634308125791 0.9372864768440383
-2.209191554776588 -0.2494550369043651 0.707901577704634
2.0774536104291172 -0.8224043850897331 -0.48684205556562965
-1.2547488407753136 0.1042445085075876 0.9390214488441604
-2.1867708203641953 -0.3101216619969165 0.7140756652290481
2.2517302280484017 -0.757318140026296 -0.5303439095085007
-1.213296495291182 0.06361508692274853 0.9389761493141311
-2.1706526059281828 -0.3785299514593401 0.722270588629927
2.2746957408377213 -0.8221539193740686 -0.5254839851920945
-1.1657152275595593 0.030426426298847176 0.9371479556495803
-2.1458526281855583 -0.4353249859478723 0.7274433181221145
-1.1150856116493983 0.0008375269483753556 0.9344275996620315
-2.148587344803474 -0.5267732981998705 0.7417017028267043
-1.0835401171955965 -0.051538915971510946 0.9370571181709426
-2.1700920264874597 -0.6410806066857724 0.7620249793464797
-1.039504889342787 -0.08896443102691443 0.9361203715736526
-2.1403385660216685 -0.6900278781140123 0.7651940390998977
-0.9892126611356531 -0.1190625264538685 0.93339834665605
-2.0985295049250965 -0.7237673774110878 0.7643247649604934
-0.9454158401408677 -0.15682152103877556 0.9324604079658645
-2.0506806870958627 -0.7500467736694656 0.7614344165260452
-0.908189596766789 -0.20216855936748424 0.9333082244331496
-1.999797582544339 -0.7727167487500335 0.757532458060469
-0.8646829529779723 -0.24020684058243802 0.9323702857429641
-1.9489557211871187 -0.7955958955677787 0.75362859224626
-0.8115679484206524 -0.26730619156022684 0.9287520453865188
-1.8950377100390838 -0.8149176649874157 0.7487114474708694
-0.7617719759892339 -0.29831195274756794 0.9260257289344924
-1.822322819315005 -0.8118941177593566 0.7377234504158157
-0.7185979970513401 -0.33686008733306494 0.9250861213142532
-1.7557650779777774 -0.81674107785941 0.7287531897956985
-0.6657101632481428 -0.3645733275846279 0.9214633510048049
-1.6891223480288033 -0.8219072129026248 0.7197781608039993
-0.622773206442659 -0.4034574452945101 0.9205225512916702
-1.6382591309170849 -0.8460387467308461 0.7158599898750442
-0.5667280339386167 -0.4279334948603086 0.9160021350319045
-1.5619493689498682 -0.8406400060607542 0.7038394019539016
-0.5140459242300537 -0.45628363679602657 0.9123745963508743
-1.4854799095377658 -0.835632461216349 0.6918128535682815
-0.4614240562243026 -0.4848480093148577 0.9087449119026321
-1.4088563986833051 -0.831013785840323 0.6797796294624465
-0.4222509667454162 -0.528048047303237 0.9086969897682327
-1.3320708825079564 -0.8267904789481051 0.6677409217292922
-0.3933274493218306 -0.5821547778180189 0.9113374755317825
-1.2551355761671488 -0.8229562187618313 0.6556955382759231
-0.3646383760533283 -0.6363105310412873 0.9139801070625442
-1.1780458639088565 -0.8195193505977425 0.6436434791023391
-0.2921851825401163 -0.6441240152550378 0.9049690768654006
-1.1073294404833973 -0.823775012750005 0.6336141631538528
-0.1890695712289343 -0.6202830510535602 0.8878813788826125
-1.0463418536566707 -0.8392956184223284 0.6266227767402786
-0.10270232851084415 -0.6147434558297995 0.8752699897224563
-0.01957387018307344 -0.6131923060776252 0.8635479018623489
0.04309629957838723 -0.6332052604668785 0.8572059676582473
0.08853526278258528 -0.6710564552871698 0.8553498790199416
-0.7423318073759404 -0.8395492007133036 0.5803433463508743
0.14769555853231253 -0.6950879125228635 0.8499008223945754
-0.6676739995560936 -0.8423714343463331 0.5692659423286575
0.22070714441010608 -0.7054478982533237 0.8408545062477248
-0.566092829050433 -0.8170251362650838 0.5500546500618118
0.30424699711446124 -0.7057518668516494 0.8291071460182327
-0.49447238538247973 -0.8242551563768981 0.5399809882576125
0.3914219311325624 -0.7030361110759529 0.8164535567695754
-0.43627617525500284 -0.8460233496084832 0.5339690253669875
0.47876216784774783 -0.7007847387462132 0.8037932918007034
-0.35098481496553546 -0.8397917343644785 0.5198188826973098
0.5521868361039282 -0.7127427999684102 0.794724087470259
-0.26551089267118755 -0.8340084175718072 0.5056611106331008
-0.1901002243490666 -0.8392085630968928 0.4945479438240188
-0.10773649556404763 -0.837795936647364 0.4813948676521438
-0.04240745984846228 -0.8542458188530251 0.4733248755867141
0.040189193837520065 -0.8536405238094336 0.4601594016487258
0.147169706505359 -0.8292367016279556 0.43985710596391137
0.2093021706720677 -0.8502794216758129 0.43278990244218285
0.29234800625372515 -0.850990677298137 0.41960487818070824
0.39651280281643864 -0.8315924245200712 0.4002958342964309
0.4869264075936002 -0.8264249415229035 0.3850556418831008
0.5775205470495592 -0.8217493815153301 0.3698082969123977
0.6541621996056719 -0.8311140446463323 0.35863457178422387
0.7592467373962464 -0.8138673542159633 0.3392902419502395
0.8468212364565204 -0.8140257083779225 0.3250409171516555
0.8988611012293575 -0.8481584088234975 0.3209959075386184
0.9078629874068866 -0.9225690143929732 0.3292056128914016
1.2166025017635036 -0.8027921115131846 0.2628627822334426
1.297733693879266 -0.8119666281272302 0.2506209418708938
1.3825820205948602 -0.8182776550187452 0.23735104059525902
1.4639061132684574 -0.8283132452688644 0.22509775614091332
1.5526152495961938 -0.8322491161381844 0.21079168772050316
1.6451216611592372 -0.8334112205691948 0.19545612787553246
1.7414446270160724 -0.83184229691234 0.1790896460945266
1.8305828349798574 -0.8372475187783657 0.1647621200019973
1.945699546556746 -0.8206575562198637 0.14325914835282738
2.0166376666079557 -0.8431029542059161 0.13403854822465355
2.1321719663419643 -0.8276857223238476 0.11251697992631371
2.251799930809689 -0.8860807357236951 -0.2541841461723191
2.2992676009863544 -0.6973923240976969 -0.2446001961295945
0.7320221961200701 -1.1034698487660197 0.308088402503218
2.3282320299613275 -0.5142168326887901 -0.2370342209403855
2.3579008908750936 -0.3313928055899922 -0.22946776891401832
-0.03203679709405094 -0.9374680379458571 0.24732313608476097
2.1423582853636276 -0.21132165461788155 -0.24762668157270973
2.1635549820022675 -0.03077175244619923 -0.24106969381025856
1.0692701420371549 -0.29540075696317203 0.35409698938676293
2.3158567134584374 0.18160627471286794 -0.22089280629805153
1.0758160786200577 -0.11488395034089649 0.358437638037886
2.3482083231186905 0.36345764752810794 -0.21332635427168434
1.01525625008383 0.04900791677587257 0.3567014739448684
2.284478593041726 0.5218178296387315 -0.21584882283857887
0.9794781784608659 0.21896240451784799 0.35713539575883324
-1.4603635895429008 -0.3634937641492275 0.8630102679664748
2.238027002150808 -0.8974899790919899 -0.3418010666435105
2.2697144900970585 0.6918788398247706 -0.21332635427168434
0.9346009405826337 0.38674389442423696 0.3567014739448684
-1.4781409298580215 -0.18034746839590277 0.8648367927009719
2.3335103322391646 -0.6959979606057907 -0.326921363121782
0.7106752778514931 -1.1261858843568007 0.20850000833817894
2.207094923093635 0.8506830345545833 -0.21584882283857887
0.8854564386411639 0.5535786872554986 0.3558331534797805
-1.4758168121605166 0.007274349010115699 0.8681248233253616
2.2710359595022 -0.5368257454618899 -0.32897367025068824
1.032154891422472 -0.8606101433645819 0.2422143027717727
2.043161476289008 0.9865817633442404 -0.22896375203779762
0.8368816114054027 0.7206130426612543 0.3549653098518508
2.3295034685830416 -0.3463505647995504 -0.31819858098677223
1.248792397360937 -0.6247704665609284 0.2661686942512649
1.0641316570287742 0.9406621590626951 -0.32681979680708473
0.7986032033614734 0.8900281327594701 0.3549653098518508
-1.3669307975080187 0.40491330232223355 0.8823722407753127
2.3839045348621255 -0.1576580672434691 -0.307937045342241
1.326495534531837 -0.4261420520092791 0.27725897287675316
0.045352986100056114 0.8928758644813772 -0.4287113144462449
0.7560567152039681 1.0585058828679923 0.354531388037886
-0.6172781705313355 -0.7805202356927481 0.8253866240913528
2.390804788010719 0.018434935429157306 -0.30280580068281715
1.322860902596716 -0.2487592735544908 0.2808075950081008
-0.9354413789950087 0.8605109559283619 -0.526567359215532
-1.242901704127533 0.8030745256194063 0.17961273645707543
-0.5252640908689088 -0.5724878085034781 0.8358591601783889
2.3548921339082867 0.18362001361256652 -0.3022927239005906
1.3198856568311612 -0.07149676476243094 0.2843566939766067
-1.9851663826901742 0.8203376555722439 -0.6314858391349656
-0.4711583318852206 -0.3746940286175118 0.8433395430977004
2.3292300959524823 0.35126075709714044 -0.3007534935539109
1.307876064388097 0.10328639204419865 0.2870179221565383
-0.4744673566007691 -0.19139758111167104 0.8463319346840041
2.3090090346611305 0.5200984956266019 -0.29870118642500465
1.2965073619315817 0.27801424707349476 0.28967962717362816
2.5351957367648836 -0.7814547288209646 -0.3945306732719285
-0.47224745798822454 -0.0070789101457524595 0.84969792818376
2.27002309007986 0.6843771461668293 -0.29870118642500465
1.2421373044170139 0.4424034608815628 0.28834877466508324
2.3859028650598546 -0.6459143363195139 -0.4060090973441941
1.5899690938383202 -0.856309926098966 0.20351181482621605
-0.49848454341200465 0.17030287633735242 0.850820164435591
2.275217762508916 0.8588957912481376 -0.2940830185478074
1.1689266065048614 0.6025360710110519 0.2852436110908645
2.4679556097939184 -0.4492939733464443 -0.3924430801933152
1.5943684748060392 -0.6769563923010349 0.2080346152717727
-0.5678357741178388 0.33770758041771387 0.848575930350508
2.218020775511576 1.0188671890470804 -0.29613580251387184
1.0137035040961067 0.7442191231725293 0.2745972678596633
2.4448491285358145 -0.2806146647574739 -0.3903559639518601
1.7248313687362256 -0.46557377948669654 0.2243171737129348
-0.8020028123959193 0.4681930748250078 0.8336149260933059
1.00151485652232 0.9188531134756364 -0.42081775212935035
0.581885551900605 0.824695440188373 0.23866520380326683
0.07918487158828214 -0.7417397612772358 0.7875839278633254
2.4271732219126463 -0.110703790851856 -0.3877471878593308
1.7789575237506696 -0.27480790818925804 0.2333632514412063
-1.31819854791663 0.5376018315730242 0.7969606921608108
0.050870222716689284 0.8861636641869186 -0.5172795250480515
-0.1076933875501993 0.8511658576858547 0.17922268366166527
0.13737758564946034 -0.5442574978971635 0.7956212565834182
2.405287699800901 0.0579827603791756 -0.38566007161787574
1.8193338719709118 -0.08818678597215346 0.24105225061723168
-1.1144429653802987 0.8135594720360491 -0.6363176300590379
-1.1675694555237328 0.8020279284969263 0.08606586908646996
0.23022013507145545 -0.33898401619575225 0.8063376948768752
2.3501993586487586 0.21836627952901289 -0.3872250511710984
1.8169151589472605 0.08731286785385706 0.244670490973677
-1.911178462328337 0.8278535460302958 -0.716360945946489
-1.9751001325356796 0.8142124986095975 0.015976528876509022
0.25607242314838885 -0.15097779703773284 0.8116956756050246
2.4261569631127173 0.4105822958309311 -0.37470283055952613
1.7812596769429234 0.2544841730999785 0.24512253259965355
0.2874879238179844 0.03786254375856224 0.8174367949897903
2.3819530566153304 0.5733001471938337 -0.37522449041060035
1.741349707130638 0.42060686510031964 0.24512253259965355
2.2202658129506077 -0.9353352222544391 -0.5167182877128464
0.25168301526821324 0.21034039411099492 0.8178192183906692
2.3383103354447314 0.7361856200357266 -0.3757466270988328
1.677783275935667 0.5811781694121638 0.24286137079545433
2.315541559321673 -0.7336964589017345 -0.5013350441520554
1.8655886380752946 -0.8355618833092091 0.14178953623124535
0.20677372286096585 0.3806783250739123 0.8174367949897903
2.1934883590064516 0.8757409465343873 -0.3872250511710984
1.6002030623827892 0.7386967640333815 0.23924313043900902
2.2818028719234675 -0.56690900444136 -0.5002740814750535
2.0241666546906814 -0.6167819311796396 0.16115103220292504
0.08954349455167687 0.5345594361588564 0.8113130137855666
2.0248215700299 1.0106607869051452 -0.40131320501020973
1.2949264723374867 0.8447422263606565 0.214366535895552
2.330478631212962 -0.37889943044899255 -0.49019565129927223
2.0728100240443297 -0.4278704583085826 0.16990957712480004
0.25174497190887024 -0.8885617236206631 0.7175553843910354
-0.31420689157064174 0.6247259400160736 0.782608608954634
0.9975773517794622 0.9545195257070116 -0.5077556564872605
0.6836701752106862 0.8843137896041053 0.16099606012650902
2.505167645839933 -0.15947926065425477 -0.4663251831596238
2.1173717925397 -0.24067485435756808 0.17820702051469262
0.4107644853389587 -0.665535738842955 0.7339590594703811
-1.1706600061761208 0.6176440180428315 0.71831045603105
-0.3560126434576034 0.8338421541368675 -0.649156470543657
-0.15160604616265516 0.8788093130261974 0.0868197486335891
2.338432033441272 -0.02734165344247863 -0.4801167442863328
2.1336847171137023 -0.06120230018573558 0.18373928522416527
0.4305134781294484 -0.4788846829291682 0.7390361831123489
-1.1618115375887612 0.8412956701005978 -0.7315973236625535
-1.172440897479234 0.8389967052710752 -0.004543681389604259
2.3071840027066273 0.13922241540163327 -0.479056258446489
2.1265016378990964 0.11204255635683147 0.18696604227372582
0.4461339779916358 -0.2937149631615483 0.7437230155403274
2.3876392322640783 0.33292231506811554 -0.4657949402397019
2.090935278830287 0.27813845407139226 0.18742714380570824
0.45275229359015157 -0.11116156187827109 0.7476285502845901
2.299654090684804 0.4853322639766944 -0.4710992767875535
2.0462658798793143 0.44202106753860804 0.18696604227372582
0.4503580636458011 0.06888095245537684 0.750753025763716
2.2557072426542604 0.6484996241521941 -0.47162951970747535
1.9633954343237647 0.5969351605345352 0.18281708216020043
0.41951231464236827 0.24193729328413482 0.7515338466102737
2.1717202443897463 -0.8149107322735105 -0.604539771324907
2.163905440465861 0.8005826434861465 -0.477464576012407
1.8810346330980394 0.7522913397199638 0.17866812204667504
0.37471121473114977 0.41168552835775074 0.7511433169777053
2.229027864354997 -0.6235916468351252 -0.593217749840532
2.0975654031520463 -0.6493509600180296 0.08100233530351097
2.0095746000171744 0.9387529988972378 -0.49019565129927223
1.517665287924892 0.8437805368059799 0.14778242563554222
0.27218546056253956 0.5683006087941607 0.7460661933357375
2.30153564843458 -0.4290791579292055 -0.5802787735526902
2.1267744356387936 -0.4656009795592997 0.08804712747880394
1.0262294522692272 0.8911539057628612 -0.5936340286796433
0.8143356501349004 0.8612527145951496 0.08462725138017113
-0.3453845790569403 0.6097191332832903 0.6995898291999953
2.3073960144449828 -0.25246167658644225 -0.5748876526420457
2.1904583077099957 -0.27357787216914353 0.09837971185990746
0.527578642712875 -0.6891925618688042 0.645091633551802
0.10023103918581455 0.8631879139506804 -0.6907071068351609
-0.010985802855522309 0.8566343952048161 0.009947876685346912
-1.2893756757852017 0.5832697240661151 0.6269465491706985
2.270531914618097 -0.08695931246972144 -0.5743483498161179
2.216286231300586 -0.09187233811156581 0.10495529627152855
0.5472168527524133 -0.5028850444020421 0.6502934501106399
-1.2637449354580994 0.7463369664721355 -0.8355206444328172
-1.0461137746864893 0.8121618384847711 -0.08455409551313942
2.2342542796540883 0.07865708586440512 -0.5738090469901902
2.2331478995681664 0.08711250935231973 0.11059151148148949
0.48532710667816303 -0.3372428536154555 0.6486931846077102
-1.9750327840973014 0.7976811160184738 -0.16891421819380348
2.3047911626903854 0.2703488348911236 -0.5614093735282761
2.211994505736378 0.25638272856656386 0.1124702498848098
0.4869321646533393 -0.15595829905469394 0.6522942588264602
2.2697686358623486 0.43580827264369937 -0.5608700707023484
2.1769277567648686 0.4221664517644239 0.11293945764848168
0.4795202755337584 0.022839089917072286 0.6550947234565871
2.2353215292672033 0.6013701867523089 -0.5603307678764207
2.1327549510849266 0.5857581084806931 0.1124702498848098
0.45336068093145343 0.19695175336832094 0.6562953994209426
2.2560425761896923 -0.958743640398179 -0.6858581497733933
2.070661588697888 -1.0000014265795425 -0.016162295586381603
2.191779270318655 0.7647754908388986 -0.5608700707023484
2.0697624493413898 0.7450001223766698 0.11012182688065941
0.4326710019564288 0.37223273497025566 0.6578956649238723
2.2983350677959464 -0.7712283626387162 -0.6759976341789109
2.204316502160971 -0.7874777945737854 0.0015369460518019906
2.1294243867849474 0.9238971834159599 -0.5635661079948289
1.9733456027616185 0.8967494709049486 0.10448608850785668
0.3931824641517281 0.5430633465879904 0.6578956649238723
2.2644557990101006 -0.6043758957549326 -0.6749023392265183
2.2714842257979484 -0.5937457518830165 0.012539486640180897
1.9948803351844617 1.0668834166833108 -0.5743483498161179
1.683183536214031 1.0051737314356082 0.08006248926469262
0.417493638302858 0.7282914599903982 0.6630974814827102
2.264843033517643 -0.42871599507479985 -0.669971843010698
2.310522712265545 -0.40811852378648616 0.02067146753617699
0.49120436544473733 -0.8791953283527132 0.5498567626411575
1.1329115167916157 1.048824478639336 -0.6660002663200242
1.0676292106576142 1.0431527520838184 0.024171452277387928
2.2851412689287542 -0.24829139639930808 -0.6628502800529343
2.32134331352529 -0.2303018457084125 0.025933365576948475
0.38457600260729663 -0.7245812826076214 0.5445419356758254
0.1745687994010936 1.0247252233317 -0.05849113012007301
2.2964908627997715 -0.07057992187669626 -0.6568244888847214
2.2218122527436392 -0.08063023668475999 0.020192723029341053
0.5393975120251042 -0.5037464133433964 0.5613037154609817
-1.3560561675291254 0.8663011204300446 -0.9339479401176316
-0.8895375157144372 0.975803209137716 -0.15759219670942848
2.2795676667400073 0.0997276555408888 -0.6540855362480027
2.2918497474582225 0.1114915107863812 0.03119526361771996
0.695170044513489 -0.2841423384087385 0.5780654952461379
-1.8217869351994835 0.9528968117334795 -0.9813913300102097
-2.037373411061587 0.9166909099408347 -0.26467742467573707
2.258421362410701 0.26882742367883417 -0.6518944695060593
2.2659416747682997 0.27937216386054864 0.032630543463911366
0.7405246320297252 -0.09295757546344774 0.5854245231086868
2.2137286250469046 0.4321217003828899 -0.6524418785636765
2.2212764916417385 0.44264026726527916 0.03215179895707543
0.6557999004370672 0.0663179338602653 0.5817447707588332
1.90691655444315 -0.8478603365728716 -0.8065489723747117
1.95062329515779 -0.8273765128961958 -0.1093634560172898
2.164765425768344 0.5944435351128075 -0.6535376503532273
2.0948437559496114 0.5865905088312342 0.0235415503914016
0.46491765416821096 0.20078930318879884 0.5690713927681106
1.896802671997257 -0.67334409281208 -0.8026536896293504
2.20056612405088 -0.5848772389971302 -0.0796536400382859
2.1066781759238324 0.7547082979778672 -0.6557291939323289
2.0027723606676844 0.7391924812547312 0.018279175513471912
0.3568838755530024 0.35567443372336704 0.5633479163581985
1.5601998014693592 -0.5834948869992154 -0.8365987732475144
2.080633934020689 -0.44013243281439074 -0.08744658971479957
1.8650705309921563 0.8729995466025375 -0.6787370636527879
1.751103092301193 0.8555848734953706 -0.002768416649614025
0.5261904207198214 0.574666691242113 0.5809274718696731
2.076881082147672 -0.26522355782859464 -0.08354987645796363
0.2883425374126176 -0.7206766372843916 0.4480582282478469
0.9753385030027957 0.8552773304900807 -0.07547940755537574
2.1606458223726364 -0.06864041219784234 -0.07088698888472145
0.004649438056006261 0.817110745275258 -0.16732444310835426
-1.1172508269780153 0.5680466106156672 0.44928608393021996
2.196898309611683 0.11526934197893901 -0.06309403920820778
0.1394589343649386 -0.3933903056988193 0.44263039087602074
-1.0009226747526725 0.7781557778735149 -0.2625183060233933
2.127493905542508 0.27287870064525777 -0.06601657415083473
-2.119287269200484 0.7220578303376808 -0.3687142326896531
2.2376565347218076 0.4737689730404355 -0.05091800237349098
2.174296502612087 0.6325799340137674 -0.05335320974043434
2.2275534289485748 -0.9818822380929539 -0.1730836823051316
2.033916012542356 0.7736654715167024 -0.06358088994673317
0.02294656258023764 0.3061879994536074 0.4468055770332473
1.9280393446178934 -0.8854593841071594 -0.9007243111198289
2.188131389578544 -0.8160269587204887 -0.17258824849775856
1.7812115511513582 0.8810685734954387 -0.7737173035209519
1.9085014252861114 0.9189275566342854 -0.07234801793745582
0.0803721342110606 0.5006750594777998 0.45515642618485863
1.5142271686548483 -0.8172108521229404 -0.9443077042167527
2.2695855376238683 -0.6183873814701961 -0.1596993401115281
0.4094706825353498 -1.0988710518996285 0.36104259943314965
1.7483380735420084 1.0482779001160907 -0.7731603577201707
1.8175065027900956 1.072578288522715 -0.07770528340986793
0.5468651912763889 0.7865361574738436 0.4985781714851516
2.221804866327858 -0.4552164175713518 -0.16019525075605934
0.22982428794988152 -0.9629608099101254 0.34910831903764183
0.9836627295127158 1.0621194364408968 -0.1575812294547898
0.3288293153416646 0.9171052227159002 0.48313007807084496
2.1986987669733296 -0.28569446184908465 -0.15821208501509254
-0.012221181566893335 -0.8419942542303467 0.3316336677009719
-0.1717423555341071 0.9874592153362833 -0.26960172200850074
-0.886911869396414 0.8317003896596411 0.3820901915962356
2.364353649122961 -0.06873826799539451 -0.13689555669478004
-1.1579306140091745 0.957209180238868 -0.36457576299360817
2.37642975661732 0.10854241005652199 -0.1314424469535691
2.3456755241030223 0.2749545638431652 -0.1304511025016648
2.2864872128627027 0.4344435917843086 -0.1324337914054734
2.2181545417475164 0.5919122672521002 -0.1354087784355027
0.2647722810060671 0.1375169846227191 0.37468157266923363
1.8006247821527879 0.6680329422612843 -0.8718575432365281
2.126122209781215 0.7440574115522818 -0.14086141133955543
0.01099549239256703 0.2591148439885984 0.35592804407426293
1.8105753285206632 0.8452158216842722 -0.8661970093314988
1.9570045007524968 0.8788782463930573 -0.15424623037031715
1.0748956531677578 0.8533712029414371 -0.24050321126631324
0.6412791199575381 0.764215156998663 0.41815529321977074
-0.041073286569726974 0.7820100303100244 -0.3505557968681199
0.5788423704346854 0.9289074459999149 0.416024307959761
-1.070627992507191 0.7374627912028089 -0.45168485189131324
-1.6195480080734015 0.6266318836832614 0.22678432916947777
-2.0183986148493602 0.7177679776482915 -0.5443867638175828
