-0.04344791819923444 -0.7594864016545984 0.4686948578506964
0.09059321515832153 -0.6709468835164252 0.4795429031998175
0.10699343287983254 -0.5434734820502172 0.47738283087315736
0.13800535562614868 -0.4207945336678094 0.4767782013565558
-0.29729911372628237 -0.8589836558814596 -0.6500623900741083
0.0010133918925703256 -0.823073004299566 -0.6128962714522821
0.44028452829060427 -0.8359195163087918 -0.5557211119979364
0.8461647728045136 -0.840647670219905 -0.503232308134411
1.1483333791659334 -0.8130166025252024 -0.4654377181380731
1.534675352452112 -0.8163303206626544 -0.4156459052413446
1.677108847106851 -0.7376501040195578 -0.4005592543929559
1.8196985694963246 -0.6598226642642082 -0.3854797561019403
1.89703329140427 -0.5596318737721049 -0.3797462661117059
1.9560202616445963 -0.4531397934646684 -0.3766873557418329
2.0107001908155553 -0.34523275208295345 -0.37430030892786803
2.023851827577843 -0.22219842621877817 -0.37792045663294616
-0.7534283634791024 -0.43978626578264723 0.6227967064529913
2.0467644221007504 -0.10255528419121518 -0.38021118234095397
-0.6418626249121644 -0.34105479538262173 0.6305810730606574
-0.5677391672227259 -0.2301712956455617 0.6344482224136847
-0.41840947403817097 0.12663722226330876 0.6381961624771613
-0.7881408613497456 -0.6780939785169302 0.5608770172745245
-0.3521927486535361 0.23961773927068464 0.6410629074722785
-0.5969022224286391 -0.6051796270105427 0.5772606651932257
-0.4716891384362185 -0.5114920749285403 0.5866710465103644
-0.42643379148968563 -0.3915861229037887 0.587616137757923
-0.27240842626231654 -0.30870087192598206 0.5999962608963507
-0.16998625921912947 -0.20893743598150039 0.6068975250870245
-0.1471973838725944 -0.08196278704636839 0.6053387444168585
-0.100463136853989 0.03674279235880107 0.6062604706436652
-1.1159000068305573 -0.8772582656727543 0.4625093262344855
-0.10958267513515807 0.17528323131595158 0.6012112419754523
-0.7686283591524585 -0.8520096402636597 0.4959584992081183
-0.10411238060662242 0.3089809458122126 0.5976492684036749
-0.44054056623583904 -0.8229197327324123 0.5273658554703253
-0.27815691638974727 -0.7417922668189476 0.5410091202408331
-0.17231206291907597 -0.6428833084562555 0.5485603134781378
-0.12751743513088343 -0.5240154410248685 0.5495125572830695
-0.08701961362518773 -0.40372066966791564 0.5499522011429328
-0.05552847483515677 -0.28034603607923714 0.5493733208328742
-0.018879282627750626 -0.15867579935491705 0.5492960732132453
-0.0005870905306295526 -0.030533073121720378 0.5471870224625128
0.0603820069373171 0.08265678782608532 0.5496331970840949
0.07488777025258742 0.21236414883420096 0.5470072548538703
1.987181245472641 0.3550109612835861 -0.32799083779749694
-0.11858610065792163 -0.5326173814048545 0.697415999665882
-0.07366630222622916 -0.18617368041493876 0.7028128426224249
-0.06170441427232731 0.15273902216938495 0.7065674584061163
-0.37175445437887333 0.42670449981387293 0.6948344032913703
0.24794711583106732 -0.7063963322269764 0.5477597038895148
0.07713244339218761 -0.4060941546240713 0.5426484863907355
0.06381676087605115 -0.07254944497887195 0.5453254501968878
0.07127659980987744 0.2648236359626779 0.5489765923172492
0.035890785780864576 0.5931345230863343 0.5504366676956671
-0.2489371135555558 -0.4903554111967381 0.3606449883133429
0.29763201536673023 0.29505323390214144 0.39568679739537416
0.4484500002278793 0.6596638602122837 0.40677850653233705
0.9992282144515059 0.02280597621098579 0.2643033783585089
1.0705913094530786 0.3699437833808723 0.2716056625992316
1.0551311499138478 0.698719764206789 0.27421348501744447
0.46271208381956797 0.9137596452970556 0.24604623724522767
1.6888207114742642 0.08433767249268698 0.1380779068619269
1.5647152713498116 0.38914210902239077 0.1348435204178351
1.786870546094093 0.46866713974147345 -0.014419861540172718
1.4535987220227327 0.7311127361321752 -0.029722519621227406
2.0150621023803694 -0.14203935464173512 -0.17063123773035827
1.9732903921981233 0.1787260666537236 -0.16919643472132506
1.6783313683580872 0.44757771565960525 -0.18268329690394225
