1.9031841827295324 0.895516584401344 -0.47190513869277817
-0.8003159504150403 0.6046988973698344 -0.365431215963286
-1.8907991241749187 0.6378618601344206 -0.3198112513636766
2.0855197529843394 0.9013924825914463 -0.6101478602503954
-2.0130718162866543 0.4208814983652358 -0.3194574381922899
1.51810518371002 0.9060993453392792 -0.5854181315516649
-2.0580200295202076 0.1597718493292266 -0.3232773806666551
-1.864529187614309 0.03652924591164464 0.6685720417881789
-2.082361552238993 -0.11391574301570984 -0.3282627131556688
-1.8329872111850278 -0.2703073182093725 0.6630924675846877
-2.0560298229153915 -0.41790557487905566 -0.3360332514857469
-0.9165261843110954 0.7681120527683092 -0.4834016825770555
2.0004098934317796 0.8709386990642045 -0.7377170588587938
-1.9975883169859259 0.5108011253101647 -0.44292583724014145
1.4022505840890034 0.8926706320585858 -0.71036901732437
-2.1246311381398613 0.2966708403047571 -0.4423393275355516
-2.0614741391456732 -0.6045212281968686 -0.4655965830897508
-0.5030756803464129 0.7556880657184335 -0.6282776858424364
-1.968467487260611 -0.9499407527058681 -0.4775260951136766
-0.9572357637615028 0.7172242854296238 -0.6089757945155321
-1.419619578412707 0.6863666657800129 -0.5891927744960008
-1.776903139820348 0.5996604024986434 -0.5753940608119188
-2.129674391158318 0.5125652138799195 -0.5618576075648485
-2.119804920402146 -0.354861422788348 -0.5827416445826707
-2.111844920590258 -0.649108795939763 -0.590136912069243
-0.6022861407478075 0.837334092196814 -0.7487010027980028
-1.1042991808344027 0.8256093531020889 -0.725904848775786
-1.444127142226833 0.7271941844286438 -0.7126506831263719
-1.701109519997928 0.5843361834752852 -0.7043012644862352
-1.771389860066634 0.337228659979826 -0.7070325877284227
-1.1961569820599465 -0.2780713137003614 -0.748126414022368
-1.3302801587513784 -0.4924839391519944 -0.7472728755091844
-1.4651159741673752 -0.7064025864621222 -0.7464307810877977
-2.019863169836597 -0.39824326665076626 0.2903090451145949
-1.8221389291082204 -0.8037337950885055 0.2765532467747511
-1.064714149625857 0.6012169182543303 -0.8592075373744188
-1.2655528304422319 0.4252203870946225 -0.8540424372767625
-1.9644985970191158 0.5037521210334077 0.17948398331649917
-2.043811012891638 0.2623020591619998 0.17786726693161148
-2.1240725652347834 0.02100137420385284 0.1762398217106642
-2.066812676809022 -0.3002025807819342 0.1683195565129103
-2.041294682126548 -0.6045964182957313 0.16176352242477554
-1.9524983515002674 -0.9475975233292653 0.15225348214157242
-1.7926726795269872 0.7487111179696821 0.053066584863740385
-1.961615823040205 0.5292811885768813 0.055103633203584135
-1.9546798389897049 0.267592419094548 0.049880358972627103
-1.9611823954135303 -0.016180252395984418 0.044681880273896635
-2.0059290892666013 -0.2645453699241971 0.04150781373031753
-1.8400013896442573 -0.6360098147040301 0.02827820519455093
-1.9868271808688576 0.556350991379964 -0.06816330214492661
-2.0181851160782003 0.28788968620677746 -0.07230487128249985
-2.046303993816778 0.01672960721677086 -0.07667031546584946
-2.071238619810927 -0.257157171032282 -0.08125987311355454
-2.093016083376341 -0.533825872329956 -0.08607378264419419
-1.767535222870265 0.7032414865269301 -0.19854011794082504
-1.8330229432769727 0.45394427239453705 -0.20107403059951645
-1.7474734890882786 0.11829089725492903 -0.21140613814346176
-1.8653388297349096 -0.08832952940498906 -0.21108474989883286
-1.990145853759273 -0.30540532852325164 -0.2107566859339891
-1.1611823004738255 -0.03527801611572201 0.8670552704716505
-1.7463064100520995 -0.43098659901651004 0.880761000909883
-1.9304743473970518 0.10612097029937573 0.6745723221684279
-1.83757775464926 0.903518339494986 0.2502137158299269
