-1.4480988552052736 -0.996921222133416 0.18470494710681162
-1.3996865422729172 -0.9713905428308145 0.19611899816271983
-1.342665575942803 -0.950176611942851 0.21075217687365733
1.7582314478434142 -0.5833066005089549 0.012289690606567483
1.802769392435522 -0.2984049191980489 0.023249315850708108
1.783810449459267 -0.040360277341363826 0.029094385735962014
1.877530507715747 -0.6261759798615785 -0.10467846430065908
2.0279043669399357 -0.29795603518562075 -0.08485538995983877
2.02737472887101 -0.03309602969718739 -0.07737476862194814
2.0865699226388017 -0.20641864067055948 -0.20143349207165517
2.0263065289235698 0.03377823854028961 -0.19875462091687002
-0.0692281418123315 -0.5300778778113937 0.6508170839476319
0.022561213866922003 -0.22175654542082412 0.6633402582335206
0.008866487791166833 0.04357832476226875 0.6686622377562257
-0.027038081443123474 0.29963532906109336 0.6724192377257081
-0.39257611490931765 0.42824385377473817 0.6539475198912355
-1.1916712431804939 0.39374318070079184 0.6063591715025636
2.213994472766643 -0.16627644188243096 -0.3019612554383544
2.0661134126754206 0.03786268427894868 -0.3066485647034911
0.12963718467554486 -0.7481207854158676 0.5306841608214112
0.1972185744333217 -0.4490873115840124 0.541947054498169
0.18260776936425316 -0.18405787493511383 0.5474173303770753
0.16439300724000816 0.0789213912440907 0.5525662180113526
0.1564918785852285 0.3453265000552932 0.558358358972046
1.9647950245248609 -0.08157760664902369 -0.4533112768006591
-0.10053485279517815 -0.649334595636212 0.3923894640135499
-1.183538686713817 -0.5332721650443695 0.3286029573607179
-1.416659025756644 -0.3492742672626541 0.3186880823302003
0.15603626719803287 0.5345242748618837 0.4370071169066163
-1.8773312849393875 0.5748857639080818 0.3120781656431886
0.4831111185195738 -0.7649666912790387 0.29925744497058115
-0.33289730278200125 -0.8239464366596891 0.24634139501330576
-0.580458543334629 -0.6495744431574941 0.2351471658873292
-1.1847390028941902 -0.6152830185000298 0.19783513509509287
-1.301966191779215 -0.3858873415189912 0.19613854848620615
0.44179450332509873 0.5659505894794492 0.33012502156970225
0.3658817625467634 0.8041379401022439 0.3311425920653077
-0.13351778440566875 0.8812529094879729 0.3012930627989503
0.3594076883823476 -1.0319987445533982 0.15809504949328623
-1.520318219991566 0.6278894082067552 0.2069937463927003
0.6057562858418208 -0.659591667105996 0.18384091817614756
0.7151265155005575 -0.34521803748662805 0.19914882146594248
0.6730049741129278 -0.09300462309719038 0.20297591649768076
0.06594197192822548 -0.06454290519996064 0.16435782872912608
0.5570166305247 0.6652534147104667 0.21480481588122569
0.4022764372098635 0.8726796725772168 0.20993440114733897
-0.3907456127924007 0.8385356694322326 0.15739982091662608
1.0574614373771567 -0.9999652505897636 0.07857291661975108
-1.264215050394725 0.779814871174004 0.09895007573840342
1.423330838647459 -0.5795456010855027 0.11423461400744639
-1.9565303115954862 0.7946081260084483 0.05406968557116709
1.3802521087726092 -0.32944739605660445 0.1181575533079835
1.2964891053172067 -0.09616882811123872 0.11887090169665537
1.2135442353900316 0.1373676803915096 0.11958377324816905
-0.6141920441752546 0.49777265489993283 0.0072495218443604514
-1.3618534717586073 0.48500604452221197 -0.04303343332531728
