1.4195715280075092 0.8570326725823865 -0.6085760987130744
-1.3247043606541808 0.543934438609373 0.6878072821768182
-2.040061371548518 0.41620439907831575 -0.4503777420846564
-1.6136663102595605 0.31059060808623684 0.6965272032888787
-1.6161545025269675 0.011941288212662826 0.6955954634817498
-1.5565064670081483 -0.3019408404773749 0.6925313079031366
-2.0404593018018318 -0.7770299965232059 -0.4585192597238166
1.4052004296935081 0.9658616755214791 -0.7582161820260627
1.1807455777632185 0.7065688581971141 -0.7489397919503791
-1.2048087667487266 0.9267965170672614 -0.6324866211740119
-1.2439999943507019 0.6360606789499386 -0.6324713623849494
-1.2842286211730425 0.34538916069101333 -0.6324685013620002
-1.5088363315448134 -0.803690346884693 -0.6299193299142463
-1.3496988832920067 0.8821134100248305 -0.7720520890084845
-2.0036335450629963 0.4408908289607858 0.41944738265594417
-2.0883793174582763 0.1629381344305525 0.4213571154745477
-1.8538826894915132 0.7171652374796835 0.26980467673858577
-1.9279257103395082 0.43637865631208683 0.2713846766622918
-1.9980895330492956 0.15475276312734465 0.27276249763091975
-1.9768249719083144 -0.1484624418691336 0.2705289923818963
-1.9178316497184653 -0.46141475871831616 0.2667719924124139
-2.040934890147156 0.23717184352866916 0.12955447074493343
-2.0339547821050985 -0.0623863635502353 0.12776013251861507
-2.06253605966981 -0.39876301586955876 0.12712021705230647
-1.9770497935702167 0.29477932187652733 -0.01800517204681462
-1.9698626404645836 -0.004929077587377151 -0.019926348957215012
-2.131014810192852 0.29863135353399706 -0.156706134113465
-2.196767049930571 0.01660086636097624 -0.1555278694955451
-2.0603713181983494 -0.9117256262419353 -0.16714362266937322
-1.9651476030187212 0.8529780799499456 -0.30592946175018376
-1.798765844794758 -0.3782402758200938 -0.3209193146554572
-2.0173670549611415 -0.6248943967579876 -0.31281260612884587
-2.1559575286664483 0.5403939672786535 -0.06805733803192204
-2.033966391644782 0.6978561307817319 -0.31507090691009587
-1.425641258297361 0.6607264504052477 -0.5787237084237677
-1.8159414633032043 0.3484824777664084 0.4079815947683709
-1.9759569379011452 0.8192551139791568 0.16828890678008968
