2.1645641737964145 0.4361345385138975 0.054649123106097264
2.102608651473408 0.43617276123861615 0.058654555235003514
2.024115328725966 0.48724047899866463 0.07569385424623398
1.9624679044485638 0.48780824222587427 0.07970548525819687
1.8935036925591393 0.5117511750298007 0.08964563265809922
1.8218471678144508 0.545245742279441 0.10196042910585312
1.754819995279091 0.565136423715785 0.11072421923646836
1.6851359980366198 0.5945792310271187 0.12186313525209336
2.1767398619623974 0.6283443216443985 -0.6719238673113832
1.6199544166278161 0.6103719043229248 0.12944866076478867
2.1230683396400907 0.6053714637248717 -0.6740424548052797
1.561922710280672 0.6031648552514497 0.13110710040101914
2.073838640790681 0.5689063220757689 -0.6803409968279848
1.49975962684031 0.610141325144447 0.13632608309755234
2.004966868349119 0.5919036269859177 -0.6685225878619203
1.4390641294097146 0.6127007616308191 0.1403620328045836
1.9407604779971694 0.6014897559523149 -0.6608827029131898
1.38114072939628 0.6061487295441239 0.1420257176495543
1.884005969198816 0.5884589233116202 -0.6602089320086488
1.325886705575145 0.5904688396064515 0.14131713763246445
1.8098423417217622 0.6305708279988309 -0.6428034220599184
1.270579770855996 0.5749861686130515 0.1406090344525328
1.7446276000718401 0.6455101380969026 -0.6337578211688051
1.220408776727631 0.5409732128016316 0.13515211001405625
1.8070403124860444 0.2477917643127654 -0.7502372179888734
1.164928281312044 0.5258574909310809 0.1344444836712828
1.7309117293808618 0.29496323167179384 -0.731439820375348
1.109396746608239 0.510931530509751 0.13373733416566758
1.602577197009023 0.5171731393011356 -0.6596190844439516
1.0400739663065424 0.5478316910981675 0.1460998143292418
1.5210016703176534 0.5881979544305196 -0.6338245783709535
0.9858514805631491 0.5286461138599208 0.14420820132265
1.4589088623263282 0.5950946176264864 -0.6275584612750063
0.9327627278716153 0.5049450811810701 0.14112878695497422
1.4009268647686173 0.588400921922748 -0.6254770670794496
0.867561799447762 0.5284791280946166 0.14993501559266953
1.338995779832715 0.5957669740762839 -0.6192076121233949
0.7789125039516134 0.6464858787928378 0.1825220669842711
1.2784770000052048 0.598743828297458 -0.6143309985064516
0.7296378152713259 0.6093350230967971 0.17588306323060898
1.2180312773465114 0.6019563453062418 -0.609451523866559
0.6893521960388669 0.5345902984059521 0.1597287739850035
1.1576637858701857 0.6053936279132657 -0.6045701418780336
0.6315860143306682 0.5307706588586427 0.16141153231630234
1.0973721698120156 0.6090592314341308 -0.5996863757037172
0.5850117515140627 0.4798956122408029 0.151199110899066
1.0383972265992933 0.6083162705355463 -0.5961978350543031
0.5359255865172887 0.43862113650453693 0.14336372271547226
0.9782474108276111 0.6124334574918322 -0.5913097773455629
0.532128397717496 0.19867413101984965 0.08554292574891953
0.9205897038617539 0.6074818393516921 -0.5892140780352602
0.4530397029454689 0.2854517272769783 0.10983348742494492
0.8617590176160204 0.6073906003089817 -0.5857198153399477
0.3682956026534132 0.4010224248001748 0.14127660647401719
0.8029762700873353 0.6075204269835055 -0.5822236452960023
0.4302516410434105 -0.15201844989796598 0.004841574583148045
0.7453993735699229 0.6032050953357384 -0.5801231776141176
0.6844179024340655 0.6130851924208898 -0.5738265429400453
0.14821913920473362 0.6122730511113943 0.20113445178041367
0.6258021312213589 0.6138695158620422 -0.5703236971758852
0.09299616130493416 0.6008934779241528 0.2004530514813414
0.5683472348070757 0.6101993446012344 -0.5682179842852602
0.03773304130628308 0.5897088401996768 0.19977260485658555
0.5109141903492449 0.6067278376283554 -0.5661113177203188
-0.01376294977871062 0.5596691679730483 0.19432569399843125
0.4481219871812674 0.6268629163057042 -0.5570075426959047
-0.06636594450654298 0.5345632647926379 0.19007039919862656
0.39187076617734284 0.6191508407727184 -0.5562956248187074
-0.11910566023571256 0.5096328149666434 0.18581462756166367
0.3335234635441018 0.6210094199298268 -0.552782765474225
-0.18820449258795557 0.5707599856255072 0.20302034274110703
0.27523354435403613 0.623082532279355 -0.5492689524554262
-0.24445636677604687 0.5653344423723112 0.20353723422059922
0.2169986311736496 0.6253660443993141 -0.5457532320879945
-0.29723747523472577 0.5409946089428601 0.19928432360658555
0.16279851434395054 0.6090808555597889 -0.5478355799578676
-0.3212109382444357 0.354295930708318 0.15447069064149765
0.10754804055888645 0.5976825518801476 -0.5485169802569398
-0.35063026818508103 0.1914968482910666 0.11560893908510117
0.04553058414950284 0.6193956726400316 -0.5393946085833559
-0.39423710440989135 0.1052900327806725 0.09582878008851914
-0.01346088164103909 0.6272283712006725 -0.5344703112505922
-0.45042777574717485 0.09102527407338812 0.0939462269879332
-0.06771981395011029 0.6117315091312463 -0.5365483675860414
-0.5059008596227308 0.07215964505282102 0.09087062731752305
-0.12660646340412596 0.6199882156844794 -0.5316207323931703
-0.18450269818498644 0.6237465494921324 -0.5280921374224672
-0.23882100937484907 0.6088381070149111 -0.5301663790606508
-0.2897587821526919 0.5752349368467051 -0.5378482256793031
-0.3527355955592313 0.6079334414147013 -0.5259044085406313
-0.3905760818675823 0.49905751754624816 -0.5560190592669496
1.1007491941748646 0.41048648794502895 0.6622283543683043
1.038574112736113 0.41941760256641913 0.6666848744488707
0.9863849196121879 0.39071134735491597 0.6628758992291441
0.9230902749941516 0.40482065192814787 0.6683700169659605
0.8683492326147735 0.38597910169949046 0.6666295613385191
0.8087896549704952 0.3863099618889052 0.6690266217328062
0.7544162498282492 0.37804325898556357 0.6693909253216734
0.7000320050743576 0.3699596983295166 0.6697576130963316
0.6411659489881596 0.3559753729080981 0.6690194691754332
0.5783252871568814 0.3463247735080657 0.6692822064496031
0.5238883116682724 0.33883813053080303 0.6696512784100523
0.46772000367791255 0.3261286936253782 0.6689512814618102
0.39762756080178496 0.3756783874625782 0.681714304838275
0.33843436670501426 0.3777449372562174 0.6841261471844664
0.2917081914757982 0.3226624166904202 0.6741077984906187
0.2059795358666907 0.44951133483451144 0.7034609402752867
0.16120575488911415 0.38524797261588617 0.6913716878033629
0.12783138583034415 0.2636090678222587 0.6668403233624449
0.0704342090553789 0.25708287748028624 0.6671826924420348
0.012079727700793352 0.25555485677276835 0.668563612852191
-0.04437736541183179 0.24463559464200557 0.6678717221356383
-0.08803672499532622 0.1666541674108828 0.6526572789288512
-0.14480369489831846 0.15608520493836409 0.6519639577008238
-0.20160794531225434 0.14571921353007866 0.6512715901471129
-0.2584480887817491 0.13554483351153124 0.6505796994305602
-0.943987408840405 -0.6947783060482351 0.033541926298235936
-0.7709801601306059 -0.6491787625320882 0.027993449125384373
-0.6019807105278021 -0.678681454151473 0.030010947141741795
-0.5540909790629347 -0.0076010946083826525 0.666997679624652
-0.42946221874550305 -0.6491940077073863 0.02597595110902695
-0.3971403869724788 -0.26657561955958897 0.6886994923687926
-0.2576777365909817 -0.6352029815305897 0.02345348254213242
-0.2305410479080856 -0.3520764016454194 0.695210226926898
-0.08952680274166847 -0.5522734090210832 -0.7292258654498109
-0.08610152997247189 -0.6267829084713199 0.021435984525774998
-0.056939556507664246 -0.32882076239264535 0.6921718205548277
0.08449418659885133 -0.6338470869664405 0.020931490812396092
0.11433552842615935 -0.34095164468772765 0.6921718205548277
0.2554570494672004 -0.6365545256808147 0.01992250338563828
0.28594559558189303 -0.3487220295880391 0.6917378987408629
0.4201367948389194 -0.7191999557982456 0.02698446169862656
0.4535876496341409 -0.4067329720695909 0.6956441487408629
-0.9388678791592229 -0.4496738325044376 -0.07767747982969375
0.5941610935469366 -0.683421992855962 0.021940478239153904
0.6324356728454839 -0.3263360738658818 0.6873972500897398
-0.7783489212013244 -0.6474347578229285 -0.058180085267926174
-0.7712218893016587 -0.5173687688740642 0.6177737797833434
0.7637654333941302 -0.702782024843664 0.02244497195253281
-0.6008915766237481 -0.5319746743062979 0.6182172383404723
0.9408708140023321 -0.6385043358960303 0.014374026212786717
-0.436208580144827 -0.6374742987896269 -0.061258069124127346
-0.4284781134996596 -0.5123882119337821 0.6155555333233824
1.1152298052269312 -0.6095491732812945 0.009834536466692967
-0.2669816887986989 -0.6631676542306266 -0.05971883877744766
-0.25751799271593034 -0.5182511258993188 0.6151120747662535
1.275989561227361 -0.6354081649820671 -0.7326996241473207
1.280229044801668 -0.6802344537362472 0.01538301363954453
-0.09516431200125419 -0.6497605963043114 -0.062284699525738674
-0.08621861899771233 -0.519749177805501 0.6142246808148375
1.4481721731468302 -0.6324249536079307 -0.7350160990618715
1.4527606571306237 -0.6722818316193653 0.012861021909808201
0.07642495316838493 -0.641911542067227 -0.06433700665464492
0.08474948105199642 -0.5268101473830313 0.6137812222577086
1.6173510985398516 -0.6596921301006233 -0.7338583384417543
1.6264341222589151 -0.6550509829910567 0.00933004275331406
0.2466066842924155 -0.6545064670390204 -0.06433700665464492
0.2572154737226606 -0.5146074455745477 0.6115634526349059
1.9270849212901955 0.6209984654497234 -0.8861405764483461
1.8034845476961023 -0.6087616159811162 0.0027730549908628888
0.41713616643751994 -0.6627431780975215 -0.06485008343687149
0.4294159299997151 -0.507978847602331 0.6097886647320738
2.1022115531532735 0.606870770726708 -0.8867194567584047
-0.9043401602189096 -0.46527140577215675 -0.16263412579526992
0.5818502343418817 -0.6381865055712268 -0.8981945429705629
0.5868326330690823 -0.6814809136126883 -0.06433700665464492
0.5996516561304692 -0.5267660100509417 0.6102321232892027
-0.7401502192139238 -0.593612824976482 -0.15011142834653945
-0.7425184783873537 -0.6362947156276277 0.5423472012616148
0.7473531127674611 -0.7069540812880604 -0.8916346941851625
0.7594399746746503 -0.6661327086168782 -0.0674154673480043
0.7728026362942351 -0.511424423635944 0.6075708951092711
-0.5696735761499641 -0.6012910620442682 0.5382764424420348
0.9119807464969187 -0.781228037111596 -0.88447832211485
0.9299776608298438 -0.6761592768408917 -0.06792902096738906
-0.40567937166486656 -0.7129583556466059 -0.13967584713926406
-0.4008993041490654 -0.6364859055865892 0.5405380810833922
1.0766023047519018 -0.8511101340051965 -0.8779189501666078
1.1028110629345638 -0.662024764808443 -0.07100700482359024
-0.2314842228544034 -0.6593700677892258 -0.14645885571470352
-0.22774364967751604 -0.60269712996827 0.5364673222638121
1.2762746254437594 -0.6435551914421396 -0.07459901913633438
-0.06032776881869539 -0.6560087510031352 -0.14802431210508438
-0.05638749803719012 -0.599326794566899 0.535110243711566
1.4454485928949645 -0.6702311444877367 -0.07357286557188125
0.11016736559912399 -0.66316976146787 -0.1485459719561586
0.11430585985272312 -0.6064981816923165 0.5346577252484312
1.620666688280386 -0.6381388891634288 -0.07870363339414688
0.2806542050051837 -0.6709236140776653 -0.14906810864439102
0.28575041178145844 -0.6043314515692018 0.5333011235333434
0.4503349539514101 -0.6891944177816072 -0.1485459719561586
0.4568560952560694 -0.6077362528252976 0.532396563444232
-0.9650220170251846 -0.33178927297298344 -0.2629411135577211
0.6232481474037228 -0.6684055345114004 -0.15219854458799453
0.6296427702603569 -0.5918819205589472 0.5296824063397398
-0.7653319868904651 -0.13423561477902268 0.4101541127301207
0.7937658884995744 -0.6779541581135575 -0.15272020443906875
0.7991319804334398 -0.6163326774055236 0.5305874432660094
-0.6155495544287888 -0.5266207584842064 0.44565034762391953
0.96650836924865 -0.6633426843177759 -0.15585111721983047
-0.46798665787993743 -0.6334158985625393 -0.2337663088702211
-0.44526809057791183 -0.5417706566133376 0.44611097231874375
1.1394043436703645 -0.6493350363782682 -0.1589820300005922
-0.2980936697585239 -0.649074410052684 -0.23323558911314102
-0.27634645298759786 -0.5773932943958613 0.44841600314149765
1.31148568620709 -0.645853068862074 -0.16106866940488906
-0.12860951474014026 -0.6702822539464748 -0.23217510327329727
-0.10423788701945602 -0.5639160836060881 0.44611097231874375
1.4831487509146606 -0.6479139012247117 -0.16263412579526992
0.04325094561219167 -0.657369529764658 -0.23482727154722305
0.06764628887118906 -0.5560194802332461 0.44426704302797226
1.656407637473698 -0.6357527060589376 -0.16576503857603164
0.2133767092267309 -0.6698444700321318 -0.23482727154722305
0.2392521595690611 -0.5536946972151853 0.4428842152691832
1.8292747087721621 -0.6291464508513229 -0.16837333783140274
0.38385066467818607 -0.677972671682106 -0.23535751446714492
0.416012476745375 -0.4874492410671394 0.43550849810609726
0.5547178315179768 -0.6817294208596536 -0.23641847714414688
0.5850935014328233 -0.5210809291940066 0.43735242739686875
-0.8233043039609931 -0.1094574287098311 -0.3745005045794496
0.7273032412989644 -0.6662724462686 -0.23960136517515274
0.7556946322665179 -0.5354577619411458 0.43735242739686875
-0.643777014125932 -0.13909234784587454 0.32316995516786484
0.8982786661882431 -0.6712380614150959 -0.2406618510149965
0.9262429976993025 -0.5504251822959816 0.43735242739686875
-0.5000476236327307 -0.6162411482756127 0.3673188771344176
1.0701892439874627 -0.6669007365057951 -0.2427837763690004
-0.3278675247992 -0.5970252197515293 0.3645007695294371
1.242658565079013 -0.6582178578253846 -0.24543642148008438
-0.17001437549804477 -0.6667040648352014 -0.31843065365781875
-0.155853102722328 -0.5833750413872849 0.3621523465252867
1.4157367363507194 -0.6452063636587795 -0.24861883267393203
0.002887247130371584 -0.638772373268111 -0.3227441225909242
0.01629444944240621 -0.5703350191056842 0.35980440035829453
1.5838561238670397 -0.6822605239682247 -0.24649690731992813
0.17308105301531373 -0.6511121824433346 -0.3227441225909242
0.1870959124545677 -0.5777622156000817 0.35933471575746445
1.75969517329295 -0.6457420986715476 -0.25233196362485977
0.3432296449463892 -0.6640493429936143 -0.3227441225909242
0.3617555437172455 -0.5361497718684305 0.3541681851483336
1.9887418929526715 -0.1304953748347657 -0.309621087160016
0.5141379073335872 -0.6676627231790278 -0.3238227282427797
0.5331121882076824 -0.5398236786303627 0.35322881594667344
-0.9685928427127588 0.24191021325729167 -0.49947570904722305
0.6859051289823035 -0.661978626453049 -0.325978509035016
0.7044898618428497 -0.5440945320152153 0.3522894467450133
-0.831549378857475 -0.6055063742033227 0.2820875729657164
0.8577624627929716 -0.6568907247340192 -0.32813524350156875
0.8750089173582922 -0.5588849091065669 0.3522894467450133
-0.658966090251925 -0.5751886018301917 0.2782609547711363
1.0297055947144433 -0.65241876016173 -0.3302919779681215
1.044107512132753 -0.5891364142723177 0.3536985005475035
-0.4885471748552206 -0.5852181474186864 0.2782609547711363
1.200788280244963 -0.658443484325673 -0.33137010678281875
1.2201469370757008 -0.5456529752476627 0.3480622853375426
-0.32831560281804517 -0.6208645558560804 -0.4085404787920961
-0.31816495365651276 -0.5958440037906954 0.2782609547711363
1.3738394106863967 -0.6452892571616218 -0.33460497006406875
-0.15973088903626387 -0.6568357886981531 -0.40580152615537735
-0.1461416576850687 -0.5822350150811317 0.27586866274843125
1.5495712793391934 -0.6080191567306699 -0.340535393800641
0.011806433544186756 -0.648781711157902 -0.4079925928973207
0.026012434279312657 -0.5692249384010069 0.2734768475628844
1.7188140202497313 -0.6356436282020965 -0.33945678814878555
0.18196466460383576 -0.6611527667128385 -0.4079925928973207
0.19681900629716642 -0.5766860982975999 0.27299905673036484
1.8890075011187117 -0.6539747849729878 -0.33945678814878555
0.35246355772264204 -0.6691626311453049 -0.4085404787920961
0.42381483835041234 0.1347397163481574 0.20315814867982773
2.0976442935054114 -0.3320742267167489 -0.37665723904600235
-0.8059186154142908 -0.6251997142730588 0.1978442753888121
0.5237589969011047 -0.6678595834581529 -0.41018365963926406
0.573221682390844 -0.16678406046364103 0.23090291872987656
-0.6342420446006924 -0.6098768023255445 0.19540906802186875
0.6955308434011003 -0.6622133523138203 -0.4123752032183656
0.7159250556831496 -0.5232981592320414 0.2639100636578551
-0.4633383173053467 -0.6100627398554934 0.19443536654481797
0.8673899621444243 -0.6571636630402793 -0.414566269960309
0.8860770379606797 -0.5430908988209353 0.2643883313275328
-0.2920797066884395 -0.6058780632061413 0.1929743374920836
1.03933393235901 -0.6527300265347691 -0.41675781353941055
1.0570554179473421 -0.5535555511134049 0.2639100636578551
-0.12007939009740864 -0.592364114258686 0.19053865328798203
1.211835236741257 -0.6439471653212792 -0.4194962893389711
0.037012952651287456 -0.6700909873701164 -0.4921123896502504
0.051697988879366275 -0.5844190661898168 0.18859029665956406
1.3844502542661288 -0.6357806747955195 -0.42223571881284805
0.20895311213061918 -0.6577757300293499 -0.4948942576312074
0.22245274151472927 -0.5919672591911933 0.18810344592103867
1.5688448346518231 -0.514511914904972 -0.43757413968076797
0.3798560481981492 -0.6609285953070554 -0.4960076723956117
0.3939785242807088 -0.5901902843723335 0.1866424168683043
1.7294989041673783 -0.6262220787855028 -0.42716573819151016
0.551593836722827 -0.6547753989096421 -0.4982335482501039
0.6173050777769151 0.04083665141555315 0.12332654849061875
-1.0276242532762585 -0.6421405891052885 0.11464239016542344
1.9414303288967942 -0.26418202832820015 -0.4693467532061586
0.7229965866901158 -0.6541778939310845 -0.49990295514097305
0.8149266587124759 0.31887621442928094 0.09459043398866562
-0.856644925477771 -0.6359839539452423 0.11315513506898789
0.8948937301302204 -0.6492350086909866 -0.5021288309954652
0.9261278797713506 -0.3951802053739044 0.16326404467592148
-0.6855948591239973 -0.6304143509219955 0.11166740313539414
-0.6407806343417657 0.009107899365631056 0.7442410077191344
1.066875746710871 -0.6449004874813085 -0.5043547068499574
1.0783321442457878 -0.613894396120422 0.18323303118715195
-0.5144731725832528 -0.6254547306271192 0.1101806248761168
-0.47041884283801716 -0.03579657487131982 0.7472245778180113
1.237515432816617 -0.6560060224838509 -0.5049111758135805
1.2557549240153008 -0.5556922258194987 0.17592740908632187
-0.3436004237402197 -0.6260556576896619 0.1091892804242125
-0.300335514423252 -0.0812923018100733 0.7502081479168883
1.411086847846772 -0.6380497733858661 -0.5088064585589418
1.4514212041192533 -0.3198690663682484 0.15108800784120469
-0.17596403779387382 -0.6760045830552812 -0.584696999635602
-0.17269530774724728 -0.6272598326573657 0.10819745913515
1.5858606789376117 -0.610815586752004 -0.5138151560687074
1.6493008382780787 -0.07987487966666862 0.1257612790204039
-0.006598855366562351 -0.6976227917856619 -0.5835654650591859
-0.0007103825600278668 -0.6141704985977654 0.10571885958681015
1.752979669095883 -0.658329726584121 -0.5104758654498109
0.16705763951241437 -0.6603909641729757 -0.589225522127057
0.169936048260233 -0.6215397696062865 0.10522342577943711
0.2443665439141669 0.26560241564956044 0.7173893536664
1.9372411485397758 -0.548360404984308 -0.5249445353411684
0.33755904008042803 -0.6683505627577659 -0.5897915278338441
0.3398028945278151 -0.6394227543130597 0.10571885958681015
2.136364979742526 -0.315658232816034 -0.553324929323102
0.5092522857779636 -0.6620529279878156 -0.5920555506609926
0.5124051766541546 -0.6231835807245787 0.10274434939393906
0.5724514774313314 0.010201717226806295 0.7369954671002379
0.6806171193948996 -0.6613101752877597 -0.5937535677813539
0.6847452464599209 -0.6125142619290784 0.10026574984559922
0.8533436224272148 -0.6463240345320926 -0.5971496020220766
0.8545890576327335 -0.6321909193036745 0.10076166049013047
1.0271325038759769 -0.6220540019774603 -0.6016776476763734
1.0270709803570566 -0.6227302062904201 0.09828306094179062
1.200672910112155 -0.6033483033384144 -0.6056401644610414
1.2020274472270471 -0.5891173155488403 0.09332586184511094
1.3704936861901973 -0.6248186333808263 -0.6050736819170961
1.3709198782774776 -0.6204969553268143 0.09481311694154648
1.540220550551218 -0.6468730474502777 -0.604507676210309
1.5654536710845357 -0.40003057644173623 0.07101751223573594
1.7443343791482415 -0.3434604111570039 -0.6412990008257875
1.912848811937534 -0.38657292043042446 -0.638468972291852
