-2.3430841449294744 0.6260751896396854 -0.2330976055030547
-2.341143150661268 0.5375686077497548 -0.22003465155408009
-2.3358106621117765 0.45218992068853936 -0.20820622900769337
-2.3041161870858757 0.3877409400066796 -0.20506005743786915
-2.3493542961108074 0.26403116625257184 -0.1770840213660918
-2.341444878081775 0.1820344054434102 -0.1664777324561797
-2.3300585919982484 0.10306618321060768 -0.15710692862317188
-2.288111896926912 0.04752562834794105 -0.15766339758679493
-2.242486071671116 -0.005254502771400382 -0.1594586894874297
-2.2048040520657963 -0.06399985456016566 -0.15876679877087696
-2.3075608383469164 -0.22648380339925467 -0.11335664252087696
-2.3292467738671108 -0.3279358414011071 -0.09401994208142384
-2.3318721471880175 -0.414836178615424 -0.08088641623303516
-2.3152827759054624 -0.4873852572713133 -0.07395987967297657
-2.291136493871093 -0.5542658071149305 -0.06951241949841602
-2.2475430991479937 -0.6071285899360106 -0.07127433279797657
-2.204121425212958 -0.6601540310447263 -0.0730338619117461
-2.1767323134177534 -0.7244683958117051 -0.06981711844250782
-2.10191221491954 -0.75562688629973 -0.08151393393323048
-2.0271130175311094 -0.7871672762260005 -0.09320884207532032
-1.9443491880631916 -0.8136180780066766 -0.10738950232312305
-1.8335564564381126 -0.8214287729157732 -0.13027434805676563
-1.7346565156925338 -0.8380229386046096 -0.14942841986462696
-1.6195844060455136 -0.8443728134134858 -0.1735582874183379
-1.5325751151824167 -0.8701852866360582 -0.18898158530041798
-1.4091805197595735 -0.8724450159502979 -0.21560006598279102
-1.2815502486585013 -0.8727807053660044 -0.24346356848523243
-1.1496564884182594 -0.8712305189028768 -0.272574000156375
-1.0175481676711349 -0.8704768781158094 -0.3016858623389922
-0.8893033336022633 -0.8731215712131828 -0.32955413321301563
-0.764954066971864 -0.8791297347794043 -0.3561797664527617
-0.624056314079146 -0.8755377591770213 -0.38778548697278126
-0.503443260076436 -0.8856488931178532 -0.4131680057410918
-0.3538934786809085 -0.8785857204550567 -0.4472666309241973
-0.18758701739793882 -0.8622720406693034 -0.4863477275733672
-0.04354101937562094 -0.856447910449134 -0.5191808269386016
0.0985341543529703 -0.8571712192621206 -0.550795607364627
0.28010214564380664 -0.8395035392697139 -0.5936441944007598
0.426840002855045 -0.8396264311163861 -0.6265087650184356
0.5863006021772796 -0.8332369919671976 -0.6631112621192656
0.7460334536426814 -0.8278322153594999 -0.6997156665687285
0.9018511896127244 -0.8258460976161928 -0.7350769565467559
-1.5015150338201133 0.5933481549632731 0.29513639947131054
-1.4813198781508565 0.5174080693143637 0.3010825588341035
-1.3791504810442938 0.5025498635985244 0.28419584771349804
-1.4694122652945834 0.34529210951539824 0.32060522576525585
-1.5054138330897886 0.22915529162364123 0.34179682275011913
-1.4906814367681456 0.1506941533142978 0.3488549663658418
-0.2907718774121606 0.1509846241269699 0.673372216426877
-1.4446198397275705 0.0951009967238079 0.34721369286730663
-0.26496434427256554 0.07742726301598424 0.6767076923485078
-1.2836314629501018 0.12167745451736067 0.3140191509361543
-0.2680144602963268 -0.015214278027443129 0.6868361904259004
-1.281422589510146 0.03425190563386593 0.324352212154416
-0.2551321504954014 -0.09685406840848287 0.6930918171043672
-1.2516926448360697 -0.03335341711468942 0.32707304497912304
-0.2589981778273447 -0.1892144861823013 0.7032331897850312
-0.5797348332567973 0.2570912010980635 0.16595596810534374
-0.5453014998318191 0.1899157309950752 0.1675815059776582
-0.5070922898868568 0.12540756708053635 0.16812319298937695
-1.2407792550122383 -0.5493318961571632 0.38705772896960156
-1.2051780116562112 -0.611353340447117 0.38763613244250195
-1.1616702697900383 -0.6680854861971852 0.3860387279625215
-0.5237889172828738 -0.4216322732132127 0.23574776192858593
-0.49187454916388895 -0.48876287014132913 0.23741478463366406
-0.5176606623222311 -0.5929523144276274 0.2543439342613496
-0.5028336819033026 -0.6705525623148034 0.26038164635851757
0.1983956541128351 -0.6697549984833557 0.1248721553917207
0.27512882660618665 -0.7112412639347454 0.11456198235705273
0.3601424396471251 -0.7480859248355074 0.10207218667223827
0.46186207700004367 -0.7753390328009147 0.08522123833849804
0.5300760902753914 -0.8231400516386387 0.0770978405113496
1.5820651425465297 -0.47583258832271014 -0.16662126044079884
2.224314581977805 0.330672355806783 -0.3440433071021758
2.0140377327807157 0.7281224943669713 -0.29598432043835743
1.8278794033989287 0.8242083647592011 -0.28324609259411915
1.6460871591811608 0.8664583018570013 -0.276876978672
1.4699804346903909 0.82510731535708 -0.2803507373695098
1.289464120826517 0.8537651111780633 -0.2757187412147246
1.1089098651164444 0.8880116992959444 -0.27050786474988087
0.9309951670949581 0.8782686629127383 -0.27050786474988087
0.7523098047500687 0.8840260673827416 -0.2687707469825469
2.2067678669881547 0.6593168713911055 -0.4872904346351348
0.5732435784054961 0.9003347086398605 -0.2658753917579375
2.0170340026854032 0.7942702453533101 -0.4693999812965117
0.39516322202024456 0.897423554535905 -0.2652960346107207
1.834588435646975 0.8407762119648581 -0.4622436092261992
0.21689726684412491 0.900089288323997 -0.2641382739906035
0.21721355753004024 0.662292783224899 0.48568958779528515
1.6578333548764284 0.8086877124216443 -0.46462874869153126
0.03779896161931795 0.9282044580045934 -0.26008515814587696
0.039042329243967444 0.6407493187112792 0.48417610665514843
1.4761690255666666 0.8515250839040789 -0.45806889990613087
-0.13997035498223065 0.9221962471929857 -0.26008515814587696
-0.14020375157382414 0.6496587470509638 0.48568958779528515
1.2966364712615825 0.8652743754161349 -0.45508771399304493
-0.317757860041314 0.9168133619175123 -0.26008515814587696
-0.319084585340925 0.6492457094133641 0.48619408150866406
1.1180790928878435 0.8647931009682637 -0.4538946674232207
-0.4959360496155776 0.9269439114025033 -0.2583485172157012
-0.4981948111504515 0.6594068627305489 0.48770708581164257
0.9395550720446004 0.8649267220754169 -0.4527020976905547
-0.6737055372843037 0.9228047290776189 -0.2583485172157012
-0.6771099760845751 0.6652205411578436 0.4887155964012422
0.7610677714577485 0.8656940376591109 -0.4515090511207305
-0.8516685419299198 0.9292082353144551 -0.2571898029212676
-0.8560588155656195 0.6766263124861283 0.4902290775413789
0.5826190416885897 0.8670794285650061 -0.45031648138806446
-1.0284201016972911 0.8567895070323175 -0.2652960346107207
-1.0293556517430489 0.3006987890912711 0.45239777108385937
0.40463405560383103 0.8591720745275992 -0.45031648138806446
0.40611184003200673 0.6143088035312587 0.38967890282824413
-1.206540631833605 0.8644360652436731 -0.2641382739906035
0.2264289525227421 0.8568498632991748 -0.44971995810315235
0.22666404415549835 0.6219326169864701 0.391218610012082
-1.3847479270540743 0.892572019938747 -0.26066451529309376
1.6169821160918691 0.8686570207512361 -0.7284861133460723
0.04787891227567953 0.8650666083154661 -0.44793134192273243
0.04870726829023053 0.590416797904254 0.388652749263791
-1.5626523055665502 0.8964991028053078 -0.26008515814587696
1.4346355832168514 0.9264605192436264 -0.7197733447913848
-0.1305890002948087 0.8739112476371673 -0.4461422489051543
-0.1323061752269057 0.6489998987210583 0.3953232242698945
-1.7405251978171021 0.9010490116409571 -0.25950627783581837
1.254496587209227 0.9551970257748152 -0.714794688022586
-0.3084036819036391 0.8635324333260854 -0.4467387721900664
-1.9185093596492064 0.8565536323004537 -0.2647176311378203
-0.4866459726174517 0.8686602333041407 -0.4455457256202422
-2.096004161400182 0.9368384649531905 -0.2554531619910918
-0.6651568739901639 0.889301257563254 -0.44256406286999805
-0.6675153377524112 0.5849198259718307 0.3901919796104707
-0.8428758005426414 0.8758259663480601 -0.44375663260266407
-0.8461208312067662 0.5614782209650855 0.38813967248156445
0.5409554877244336 0.778804904387826 0.3158959819908418
-1.0206036094456539 0.8579984856335869 -0.4455457256202422
-1.026318136889934 0.63813566066748 0.39634937783434765
0.3690927660703047 0.6170300276579468 0.2997211887474336
-1.198555659225704 0.8507253094203122 -0.4461422489051543
-1.2011510451547778 0.27776789147554126 0.35940641900256054
0.19612864474829483 0.4558227114180582 0.2835459186668672
-1.3767019058406904 0.863932178457965 -0.4443531558875762
0.025002027474774424 0.21072532685544587 0.25850052376940624
-1.554686456933729 0.8628624104149978 -0.4443531558875762
-0.17081047316123454 0.7017971649609152 0.3106784298057832
-1.7326731146896543 0.8624159136808842 -0.4443531558875762
-1.910674783010329 0.8576257016276045 -0.4449492023353301
-0.5266156766121235 0.6371826441920021 0.3049387409324922
-2.0885848666312468 0.8733136414130414 -0.44316010931775196
-0.6988871767274445 0.31993632619672496 0.27206701775744335
-0.8851364548591544 0.6844323965221761 0.3106784298057832
0.6153894171016452 0.6921024085071039 0.21612686654284374
-1.0580094731927057 0.9100055200080845 -0.7098155544166289
-1.0647795207053634 0.7562349980605205 0.3185047580833711
0.43615065075537807 0.6989842224894929 0.21771854897692577
-1.2360944058620957 0.9326265040651478 -0.7067041919593535
-1.2432441316038667 0.7640216501562733 0.3195480777855195
0.26880795480075736 0.4084165814136824 0.18748230477526562
-1.412036410936167 0.67309602342511 -0.739065699375125
-1.418595264700843 0.32490260586106245 0.2736324741478242
0.0867080159048641 0.47116875293052374 0.1949090435142793
-0.10142040125212892 0.7333286968699326 0.2235531284446992
-0.6331785945935573 0.5546138124447921 0.2060484363670625
-0.8129911494148274 0.5907154246935846 0.2102918102379121
0.6540241971062928 0.7980848165130894 0.13705343743517773
-0.993896722198561 0.7169343261857861 0.2240833713646211
0.4821367181238605 0.6459157967750286 0.12141890069201366
-1.172395865137994 0.7145343037104723 0.2240833713646211
0.35349942349149943 -0.5983629167668028 -0.012824587619753913
-1.35094382878471 0.7177244631563866 0.22461409112170116
0.16322717761318906 -0.41173157642373326 0.008201546871212884
-1.5285464684372865 0.5276439564041056 0.20445723077013866
-0.051041125490142836 0.5307323483486996 0.11117548485949413
-1.7075143597382108 0.37297976928774546 0.1880125476951875
-0.2358692425505 0.7138455379682611 0.1316623165245332
-0.4149115380470807 0.7286743764064738 0.13381905099108593
1.2058168644569887 0.3541956993396127 -0.005218558109255866
-0.5937176014864485 0.7391581722899687 0.13543648263171093
1.0023047858586698 0.7808281286275403 0.042988724910763665
-0.7706843294909793 0.6608099508416956 0.12734932442858593
0.8242684122245572 0.7664896491187605 0.042440839015988274
-0.9508986294123439 0.7520639649876628 0.13759274026110546
0.6445193712416883 0.7875234158747233 0.04572720071032421
-1.1296514479859945 0.7793312537505628 0.14082760354235546
0.46647407504946914 0.7744397719084191 0.045179791652707024
-1.3079326240727833 0.7773994833723705 0.14082760354235546
0.287765556638262 0.7768697643982279 0.0462750866050996
-1.4859696871511454 0.7313572015991241 0.13597530862048046
0.10891785496609763 0.784893789992843 0.047918744289425774
-1.6643533738309433 0.7008496462614744 0.13274092217638866
1.334296719334144 0.7452122350944208 -0.053442053592654304
-0.06984868572468228 0.7935381419894867 0.04956192513659374
-1.8429116590529304 0.695815187535409 0.13220161935046093
1.1547437030435193 0.7545262110071036 -0.051216177738162116
-0.24897698582362549 0.8177191538121065 0.05284924050524609
-2.021964890816174 0.5969552106710339 0.12141890069201366
0.9750264244584095 0.7694335778322738 -0.04843335608288868
-0.4275224911787603 0.827619732945891 0.054492421352414055
0.7961985960078608 0.7700790263653943 -0.04732089499280079
-0.6059806866310282 0.8381398530418664 0.056135602199582024
0.6153167404555231 0.8160314466944243 -0.04119925955578907
-0.7842518310443126 0.8443250584719877 0.05723185082629101
0.43693790090086315 0.812973826447255 -0.04064279059216602
2.1059580676806013 0.5999410579102431 -0.175434164798709
-0.9615977894963411 0.7964600902305605 0.052301354610470696
0.2581715754310778 0.820468288845511 -0.03897338370129688
1.916295490334647 0.7353621918382203 -0.1584535167579375
-1.1398818045452552 0.7989204635141931 0.05284924050524609
0.0787620472608408 0.8484501567914293 -0.035078100955935554
1.7323931437304316 0.8020979921010607 -0.14939742544934376
-1.3181386109851545 0.8019965177926878 0.05339712640002148
-0.09944802168811484 0.8472707506056238 -0.03452163199231251
-0.0883650023215683 0.2351052129459461 0.6254519893760957
1.5512650340584582 0.8347949998365678 -0.14430289725110157
-1.496420918009715 0.8156322557846991 0.055040307247189446
-0.27691562794276714 0.82187632066357 -0.036747507846804695
1.3719366043305898 0.8433457606169483 -0.14203887442395313
-1.6745154190143863 0.7851569834368632 0.051753468715695305
-0.4553100603268516 0.8269081838599135 -0.0356345699195586
1.1915565606882597 0.8723553362940208 -0.13751082876965626
-1.8530359782095511 0.6161604446458142 0.03312820931628124
-0.633762310657098 0.8375275325579139 -0.03396516302868946
1.0160271577453392 0.817678348011448 -0.14260488013074024
-0.812217480573215 0.8537388913278292 -0.03173881033703907
0.8376123858784119 0.8132254854910528 -0.14203887442395313
-0.990011839946967 0.8357968493520715 -0.03340869406506641
0.6577809699387074 0.8391614955807398 -0.13807683447644337
-1.1680970303421159 0.8333747156946245 -0.03340869406506641
0.4796982849840479 0.8309935770461223 -0.13807683447644337
-1.346148481863206 0.8266141767281212 -0.03396516302868946
0.3011831486271359 0.833371947799229 -0.13694482306286915
-1.5242384916430247 0.8204700281806794 -0.03452163199231251
0.12234346561271492 0.8463058986543857 -0.1346808002357207
-1.7023451970993468 0.8000451097170966 -0.036747507846804695
-0.05621455721704227 0.8548966955239479 -0.13298278311535938
-0.03518019688843199 0.2309266592120096 0.5338992550010957
-1.8805298669113988 0.8100534247977293 -0.0356345699195586
-0.23438835111589174 0.8541856758990463 -0.13241677740857227
-0.21538271866505987 0.22518310846226797 0.5338992550010957
-2.058782623292071 0.7958348818219108 -0.03730397681042774
-0.4126790975595678 0.8590658497118113 -0.13128476599499805
-0.3941420432648952 0.16535398079998487 0.5284461452598848
-0.5910323918890079 0.8695341132107259 -0.12958627203747852
-0.5737621374332573 0.12604389554218898 0.5249757244224824
-0.7690999021530769 0.87069006103183 -0.12902074316784962
-0.9468217931877951 0.8526003172901468 -0.13071876028821094
-1.1247226300370348 0.8400981486926185 -0.13185077170178516
-1.3027918841223676 0.8381469995893838 -0.13185077170178516
-1.480924015668854 0.8467564628870363 -0.13071876028821094
-1.6589335240352743 0.8311493188243162 -0.13241677740857227
-1.8370308661850734 0.8310669185262043 -0.13241677740857227
-2.0187703776898958 0.056631133992190996 -0.22071509817883594
