1.7573543913936618 0.6252994610988907 -0.20734815684411512
-0.22593913943744326 -0.2794891711245029 0.5182783118143321
1.5835118089917373 0.7912491160532262 -0.21516065684411512
-0.09856817684919861 0.03095883925708165 0.5361792555704357
1.1418921047986004 0.8379792394981536 -0.24858217326257215
-0.08355054634763093 0.28922737517507713 0.5449468603983165
0.5541975731113027 0.8228409031633852 -0.2958920487508534
-0.44579156567142064 0.37923209654273293 0.5233928671732189
-1.716847283774392 0.5832351101272444 -0.48556785670373426
0.06496890356402929 -0.486607397162679 0.41584892186071887
1.8552238925723046 0.401696493773791 -0.3311522492513417
-0.28493451303625505 -0.39401524959680145 0.3949038496866466
1.7713634683999544 0.6083748222899708 -0.33026485529992566
-1.279712960445302 -0.591704914049398 0.32084722432043566
1.5657230960750965 0.7598836146120469 -0.34135513392541394
-0.20723159043814832 0.1469068964897886 0.4169709196939708
1.0832117775164676 0.7882490512102116 -0.37950496760461316
-0.32380371437359656 0.3465098354422622 0.41510124119665637
-1.3865676355769239 0.38397995264834606 0.34328813465979113
-0.5085943073263905 -0.6864951535376385 0.25393838795568957
-0.5780941654866965 -0.4632738828163312 0.2562343588724376
1.7886617765740311 0.6664063030267151 -0.4388812073812245
-0.4469169576764429 -0.1494897087544551 0.27537078770544543
1.5423647438802988 0.7994988021083422 -0.4542592057332753
-0.3142820738046197 0.16304271218195865 0.29450721653845324
1.0872003766067735 0.8404462284828753 -0.490443039809203
-0.46269889976105105 0.3488805858735944 0.28991432103064074
-1.4068361210001186 0.4399069097203032 0.22638196858313098
-0.31353850910278425 -0.8631403798002211 0.15705747517492785
-0.46971219847109325 -0.6801556323613056 0.15197963627722277
-0.6117332719250825 -0.490205986230265 0.14807481678869738
1.4518193207579486 0.6861482049062566 -0.5787222870931386
-1.0528910725025327 -0.43526770823444494 0.11839218052771106
1.0691734620673188 0.7596681378263739 -0.6082256325826405
-0.29816907534017645 0.15883692324513987 0.1914264670267345
0.35516909105913896 0.7007837979113134 0.25547761830236926
-1.116444196406917 0.5549413840223778 0.14534063252356066
-1.7716998489530909 0.5248210917178362 0.09730214985754504
-0.34747446492636413 -0.4445117997953716 0.040579985703492305
1.0822847339554968 0.938982690520163 -0.7135179528341054
0.3004234082210502 0.6029590204382416 0.12260503682043566
0.28116373972782327 0.8431167713452155 0.12900752934362902
-0.31253992465099856 0.8315540652271203 0.08499402913000598
-0.9939441865484255 0.7861850246963868 0.0333773604288341
-1.6672254696508233 0.7491947568467552 -0.017438698683714726
1.3312838132190663 0.07825966207729351 0.06739253910925402
1.2961363455818784 0.30961140422061817 0.07270784291174426
1.1802046107300015 0.5038043958760028 0.07066364201452746
0.8604023209473652 0.6065131382103743 0.050222109879517696
0.35851504187671424 0.6300115833389945 0.013427924241089961
-0.2259775090665883 0.6204798264778404 -0.0307252892598866
-0.9573661763271559 0.5508365612504313 -0.0879600533590077
-1.7174035402108458 0.4740962205062047 -0.14764862147424207
-0.500089894235586 -0.2830880088885266 0.7322623244180919
1.5011206435069582 0.6874639894053622 -0.011620331679320195
-0.5180679801707058 -0.037518515292351395 0.7381770125284435
1.259199312838156 0.8238788250595483 -0.025398541365599492
-0.557829612299301 0.19769107608582104 0.74235219868567
0.858193683718028 0.8907863541831915 -0.05379037943932996
0.21529168848121572 0.8536747073973459 -0.10430984583947644
-0.41030762822786215 0.8287135574271716 -0.1531599053487538
-1.1237013834012117 0.7702315349698665 -0.20994262782189832
-1.9756418940775191 0.6575602525985467 -0.27925090876672254
1.593558014456022 0.42361465583133295 -0.1263068207845448
-0.37914837971159443 -0.46820604322693526 0.6184613219156505
1.5052488235822281 0.6291278722149478 -0.1258810052022694
-0.29799349903934313 -0.17744008058869198 0.632369231308961
1.0133603875350659 0.6529552215356453 -0.16338758555505262
0.45721969416590724 0.6514826379571126 -0.20686178294274793
-0.19532451160477393 0.6113093680947621 -0.2592862137899159
-0.8260607058107681 0.5853474845046058 -0.3095801362142323
-1.8005181493899372 0.41488587103894403 -0.3918393143758534
