1.824386940270486 0.04040336436849401 -0.5313745063210868
1.7042074271078604 0.18545226410648752 -0.529102377262249
1.5699080261463365 0.31755011589561377 -0.5294337790872001
1.605185503397692 0.6030629268750474 -0.4997082274819755
1.5349973629007962 0.7918452095265174 -0.4889207404519462
1.4286400106426669 0.9476939736400638 -0.4846568625832939
1.673020702282514 -0.10942334245637753 -0.7512264769936943
1.6545495197308782 0.1299328250390701 -0.7301378768350029
1.6372678793526916 0.3689682580786311 -0.709043554630413
1.635865720528244 0.6209660586357764 -0.6852636855508232
0.3145715339037878 -0.5675838936415367 0.015496202144489324
1.4956625639620853 0.7467395741565035 -0.6869555037881279
0.6169746058943133 -0.49961686532446237 -0.05078988489164349
-0.6248053536638878 0.6648028486885629 0.03686756673799518
-1.480783520509064 0.1916212335457601 -0.07523160394681927
-1.4975776607266909 0.43427971610819327 -0.057094148960247004
-1.6312599120637685 0.577833496022027 -0.05712991174711224
-1.7682819575998252 0.7187164661740795 -0.057741216983928645
0.1800755046568412 0.9040379000542629 0.029138036403522527
1.0549525214012618 -0.46116617909567736 -0.10705523904813763
-0.04600645264365255 0.9607436510660143 0.014131971034870183
1.0321010936844175 -0.2231623230247557 -0.08852534708036419
0.9920215954920053 -0.0021045555955581108 -0.07301478799833294
-0.9302836316830536 0.7117191816200332 -0.08368640359891888
0.9271637625477354 0.19555568647822597 -0.06173043664945599
-1.1693576328016775 0.7637772168156474 -0.10042148050321575
-1.4771499668456443 0.7597880136556263 -0.1278505843545341
0.3150285417186893 0.9098920528863452 -0.05480628427518841
1.2620346105121456 -0.34646011042349656 -0.17574315485013958
0.11427742965121013 1.012805345334801 -0.06390719827665325
1.2412907728411682 -0.0816863131701453 -0.1544161361123466
-0.38069237395725963 0.8271687210333027 -0.12328391489042279
1.2410839795685433 0.16167559340789595 -0.133233122196331
-0.6831674476243847 0.8221402560543076 -0.15057330545438763
1.1545941824236508 0.3385763005600353 -0.12548976358427044
1.0799603348301048 0.525566033263523 -0.11589866098417279
1.5629070852366453 -0.5585878669279438 -0.26448111948026654
1.6444862718790034 -0.22382145350684368 -0.22742324289335247
0.1706094110664509 0.9881472312379316 -0.1572976630593681
1.6366046069130675 0.025959113537204814 -0.20592122491849896
-0.11176899890313052 0.9966098081545915 -0.18195872720731732
1.5970138335110562 0.24523793003167427 -0.19001536783231732
-0.41348821053807683 0.9905225624269889 -0.20966391977323529
1.5143682808173224 0.4243655474425836 -0.18156819757474896
-0.761236064963839 0.9476763129721846 -0.2447000068093681
1.4251133086976182 0.5969833404777383 -0.1743579429055595
1.5054864107307822 -0.3116099441074063 -0.343717626896038
-0.42688472089203344 -0.018485405348812378 0.3904585320089913
1.5484745220189637 -0.014451607305730363 -0.3130937140847587
0.29689715807354844 0.8606286172614972 -0.2531667273904228
-0.5545144254087262 0.1277011270961914 0.3915323692892647
1.5527383502687115 0.2451902550195051 -0.2894068282510185
0.010789599983027642 0.8649111937074352 -0.27882676538480755
-0.704213607594582 0.2548500109043843 0.3893031555746651
1.5068574357078717 0.4577296406418263 -0.2745471518899345
-0.9327840565264296 0.31469808255609166 0.3754934746359444
1.4140368277875268 0.6270292145793306 -0.2678800147439384
-1.1992883279160225 0.3435073301543454 0.35618156972871784
1.2146316160049082 0.7007269354908559 -0.2794895690347099
-1.4964856781336664 0.34807465681637595 0.33247084203706745
1.730171437331819 -0.4242082702411025 -0.43940740045560833
1.732013240238885 -0.1642021624310388 -0.41539054330839154
-0.38109617377118354 0.5739439371858666 0.3425182777975655
1.7424856688050454 0.10205801244886459 -0.3900890868569755
-0.1883760891802524 0.9855667481526886 -0.3835111182595634
-0.5746082437754865 0.661809681026007 0.3335136849020577
1.6262102750500986 0.250724815279991 -0.38719659265531536
-0.8740248339087486 0.6605082688251223 0.3088273483847237
1.5876120133403049 0.46973252365193474 -0.37085061487211224
-1.2271263543651827 0.615999191007365 0.2763132530783272
1.4874258700509273 0.632134423405315 -0.3653808158303642
0.12982889924548147 -0.5966081095357083 0.1936683136557198
-1.5353444267889529 0.6118166245667993 0.25054640356050495
-1.8211940799290005 0.6284078081749165 0.22816032949434284
0.304008390260492 0.8459366025784512 -0.4562516730691337
-0.059922753706146636 0.5236274825791156 0.2678393799398995
-0.3210078038164852 0.5516327950062774 0.24840874258028034
-0.6087930401742199 0.5583889161735911 0.2250112969015694
-1.5776115527798993 0.5018576050845347 0.1395625549887276
0.70924361745314 -0.8932968443712248 -0.2283874076272392
1.3306171671265332 -0.7950803729970666 -0.17038016733182904
-0.6125469438750031 -0.23479281737221314 0.7183122116659737
1.7412909302820623 -0.6409794865493943 -0.13456635889066693
1.8558438309218985 -0.4039402203738476 -0.13002686914457318
2.004602825007481 -0.17723268478819776 -0.12195592340482708
2.082528002011827 0.06988834394369903 -0.12145190652860638
2.161309708200065 0.3167238434400055 -0.12094788965238568
1.8792223530063836 0.6731937343303649 -0.158778719272747
0.5511114615418649 -0.8619842388330348 -0.37764316019071575
-0.3335368969093935 -0.6167332960804863 0.6030406433676339
1.2778645578579955 -0.7926903879893388 -0.3073497336770439
-0.012576221827387712 -0.4300877540670598 0.6261085945700264
0.074077104739672 -0.1786029761181389 0.6274389702414132
2.041992298682601 -0.470038037545109 -0.24064689096464154
0.1089636933174205 0.08771602490410402 0.6238903481100655
2.009110976366344 -0.1909319046067104 -0.2519350570107841
0.10179667468305809 0.36662227513029677 0.6163491684530831
2.0869902004591694 0.056174405553232276 -0.25142150339139935
2.1037890562596857 0.32156654989075406 -0.2575793784524345
0.7079703941434161 -0.8498141714309746 -0.49513202127470013
0.27779610205192284 -0.7302334725947333 0.5250400978659249
1.468028164689997 -0.7909444374048213 -0.4199963134194755
0.35382070082629014 -0.477020452743961 0.5254921394919014
1.969392008823803 -0.6633980164010218 -0.37303691324247357
0.4211608571431782 -0.2213513080700551 0.5250400978659249
2.0456221616280885 -0.4161181575047763 -0.37251525339139935
0.17846754615909788 0.12404057662702073 0.49518866125093464
2.1179466915993856 -0.16772563125237383 -0.37251525339139935
0.3243714179245245 0.3579378479740001 0.5019735771750069
2.205438385538855 0.07616665338801454 -0.3709497970010185
0.47099968029084494 0.591084195199933 0.5087575394247628
2.1842356897008983 0.35263947667199247 -0.3813853782082939
0.014224424341222175 -0.7384410083159487 0.368508763942585
1.3241153442175175 -0.8576202840012606 -0.564387850132122
0.09502428383139261 -0.48564284228861965 0.36943096700654987
1.6579498346050485 -0.6814168598025141 -0.5352125686074638
1.9921283663130964 -0.5072920643128391 -0.506038240757122
2.0259589899816746 -0.24757882104870532 -0.5102811377908134
-0.20696168295165762 0.43128934890325965 0.31918329778657917
2.041641975499104 0.017781450483493444 -0.5166473906899833
0.24550645898565904 0.5759930587383693 0.35560125890718464
1.9821093474199074 0.3060873162045574 -0.5314999144936943
0.8894565933691183 -0.8027808387822333 -0.7431889098550224
0.6083541565958797 -0.7106063229033772 0.2881035286520577
1.371766556738521 -0.6667856888356987 -0.6968231719399833
0.22944208576819847 -0.3296697386292351 0.24395412984834675
1.5148990778575637 -0.4365944366255796 -0.6887360137368583
1.5775980274390378 -0.18357466854245175 -0.6898146193887138
-0.135850244952195 0.3282771348324509 0.1936988312338448
1.6412042620061698 0.06925816146571506 -0.6908932250405693
-0.10387891816003503 0.5969392894195487 0.1894721466635323
1.7390409871809567 0.31195201058332245 -0.6881971877480888
-0.07093363595176072 0.8656334624308499 0.1852449852560616
1.866256331250895 0.5456078021834756 -0.6822662871743583
0.8206933351254406 0.8751710559465629 0.26555866781221393
1.95144089894562 0.7917162874065795 -0.6811886351968193
-0.12084689618251332 -1.0430441963040131 0.09627766195283893
0.6689692669735479 -0.9856503977110833 0.16803164068208698
0.9885621042458155 -0.8021612663534903 0.1929063278769112
1.2319188451837562 -0.5989312964877875 0.21012777868257526
1.3036054179154206 -0.3476967391066985 0.21012777868257526
1.3283846354962634 -0.08280374375134514 0.2053436714743233
1.2825367264036345 0.2032732214392574 0.19338459554658893
1.1758055274248136 0.5084325524562416 0.1752075630758858
0.025408341148093427 -0.7657139076115698 -0.030989698734416926
0.7517295416086256 -0.680229612197703 0.035248704585895574
1.3723879456353671 -0.5698540635694904 0.09077162328706745
1.5792411894884424 -0.3715823741625961 0.10489649358736042
1.6733501321671156 -0.10075886638316689 0.10635752264009479
1.739395050710172 0.12397474899692895 0.10635752264009479
1.7850061640654786 0.38199425236970086 0.10343546453462604
1.709678849815333 0.6496381586861943 0.08882422033296589
0.7319606148943478 -1.0416627724887881 -0.08963208612455364
1.415511347798983 -0.9598848791694436 -0.026178411808147395
1.5146722435376887 -0.7174179762373534 -0.023204378452434504
1.7389920183202747 -0.5110399847112888 -0.007340483036174739
1.9399846387962327 -0.29904246293513026 0.006043382320270574
1.9363537241248423 -0.027810839933383846 -0.0018873732949638011
1.8669882489936782 0.26359033132431264 -0.016759447422161067
