1.9599114267298887 0.6315852420412718 -0.19594238170766687
1.7582835995962967 0.8253869566097336 -0.2025370396056161
1.79302223411419 0.6004353485544875 -0.34738014110708093
1.7775594668131163 0.8999449132206685 -0.33196971782827234
-0.5540257842527012 -0.2748833432691882 0.23677017322397376
-0.14156465264655083 0.2722579358545225 0.29663135639047766
0.4759691151659666 -0.6388404106783341 0.16030742755746985
0.21821471803778536 -0.4698350275926835 0.14862968555307532
-0.043540252304026694 -0.30197731202654055 0.136497040899755
-0.46983887478789654 -0.22542898564070057 0.10647155872202063
-0.045532355502643895 0.062468844494276254 0.01656963458871985
2.048716595504203 -0.12405253869944488 -0.16544101604604577
1.5433656809655503 -0.7647938970367676 -0.39014003643178796
1.8493050903880857 -0.4713260137577251 -0.3684029377379403
2.1951697196170414 -0.18762034355949098 -0.343117216912745
0.09760892072834793 -0.12498958542993677 0.7142396174988761
2.048420609802335 -0.08652891780670657 -0.5319447315611825
-0.07959922414438836 -0.21381114264712764 0.3471427165589347
-0.1675509861284894 0.16370410061954033 0.3343396388611808
1.4946877269828462 -0.4668048981249626 0.12540771594858313
1.5147281296174526 -0.9117949670443437 -0.04056976207876062
1.673621911657989 -0.5891994727169916 -0.03247211345815515
1.8287018754453754 -0.26651364150966117 -0.02479980358266687
