1.9353640350471752 -0.5099490993974292 -0.6495594480666851
1.9656061269411815 -0.22066490867170208 -0.6419906118545269
1.9563261203632456 0.059626819484474236 -0.6371168592605327
-0.11049592778115169 -0.7544727222672662 0.2067924043503071
1.905191769619949 0.5595127805322058 -0.6307281950149273
-0.08901299012352037 -0.46426723461952735 0.21151070803072702
-0.7607763666213203 -0.5383661568290838 0.17675738542940866
0.8529846687470339 0.5793807211294335 0.2718525430526997
-0.013156756705439587 0.6493679725310146 -0.749736736122105
-0.061600317056067944 0.6546415231600591 0.22652678697970163
1.5451972183162141 -0.8204792185164025 -0.8012351492080425
1.197287135085734 -0.7346440753327177 -0.8216957548293804
1.3861911134451463 -0.6154081276006389 0.16254716127779734
-1.0852165853825748 0.6873954866603071 0.1750216981735493
0.568199880509773 -0.7983411339704514 -0.8632425764236187
1.4163243571257174 -0.3245445389595072 0.16808800905611765
-1.6605697587901296 0.67743171855314 0.1456785699692036
1.412502694337086 -0.05312956025046267 0.17156987398531687
1.3480825464648993 0.18517976462414154 0.17142777651217234
1.6900419253056445 0.6205221079867314 -0.7628840902480816
1.2757703349634077 0.4189123494021194 0.17077450960543406
1.005046611638098 0.5488977299195636 0.15841298311617624
0.8542665328405863 0.7422738867780714 0.15307526796725046
0.2641283143477615 0.7109313876604735 0.12191968172457468
2.3025564187482637 -0.33803169172678693 -0.862623641792271
1.6451553423542586 -0.681269690478846 0.05421023577120554
2.153555476004921 -0.14755018896591654 -0.8683104017410015
1.635356218305128 -0.4123450701240845 0.05762677400973093
-0.8833234508293688 0.6774418635832231 0.06157069414522898
1.8206587268010936 -0.055715098200360025 -0.888190219703648
1.661849988180466 -0.12484442091110282 0.06320338457491648
-1.4270754712774134 0.6817409480022434 0.03316550463106882
1.6279582230577365 0.1291805710974896 0.06504016130831491
-1.9312669696238616 0.7093889170514371 0.007078697380092258
1.5244780354323897 0.34569047136118636 0.06258921831515085
1.4173367097313 0.5602058614487939 0.05987410753634226
1.107201191328047 0.6691174403352025 0.04478459566500437
0.6772500681002702 0.7180212222861289 0.022406150993373508
0.1846755286149384 0.737732651439458 -0.0037726858291362575
1.797126059635192 -0.6126877453766735 -0.0572304227981304
1.8489734504848259 -0.3109418409236566 -0.049724052253696804
-0.8915019300226175 0.7414971098203953 -0.06162829190823782
1.8406384363870576 -0.04308159422656521 -0.04607386380765188
-1.4351559091257218 0.7462236737689252 -0.09088082105252493
1.7673643041594218 0.18917147019233882 -0.04656739026639212
-1.9527026319660705 0.7676108221632405 -0.11854882032010305
1.6773290782245873 0.41220470309646995 -0.04816193372342337
1.4554893223910783 0.5658817013527138 -0.05807919293973196
-0.3799655483512274 -0.380418345174967 0.8281782171097065
1.0524069023253206 0.6262408895768758 -0.07939476758572805
-0.5162383265674619 -0.17312003448048463 0.8240745565262104
0.5780168693817909 0.6524090093275943 -0.10518307477566946
-0.7317614199220714 -0.006491749860727758 0.8162394067611958
0.0541791359949193 0.6564978683441889 -0.13406319409939993
-1.1425815683475418 0.06121182155317806 0.7992609044876362
-0.5649618735640245 0.6296792683268944 -0.16870064527127493
1.835537377909616 -0.3873223692329826 -0.1719321706924175
-1.051315709200534 0.674183895563472 -0.19502301007840384
1.8519722978561501 -0.09218881995265216 -0.16622824460599173
-1.6209320385833181 0.6528308575006463 -0.22692866117093313
1.7432878294435474 0.12123079478273979 -0.16893191129300344
1.6530023432499104 0.3443620353909438 -0.17048687726590384
0.34480178253234994 -0.3187849841049304 0.7248478433456684
1.583493314030554 0.5511970649007836 -0.17116493970486868
0.26436454043697033 -0.11251991678082618 0.7231915494766499
1.464913464118332 0.7456625052963215 -0.17484993726346243
0.23214369435096094 0.13248449596225376 0.7239907285537983
1.0300277161779463 0.8035808298061615 -0.19861216336819876
0.13640950344053415 0.37147351855535193 0.7218938371506001
0.5269121500592178 0.7886857759003314 -0.22740359098050344
0.06271261404861006 0.5804487879937335 0.7204745313492085
0.014377479315189401 0.8268795164474081 -0.25596852094266165
-0.3619380791594211 0.6656406502716425 0.7023687860336567
2.0263897777304165 -0.6392561498679359 -0.2855782011184429
-0.6214879669723232 0.7792370181418962 -0.2928881147536968
2.0516544831594814 -0.3523211096326935 -0.2791723707351421
-1.107636933405518 0.8248154017577558 -0.3199405172500347
-1.437873329123668 0.7041046812951097 0.6548336049881245
1.9539491515573597 -0.1195482645740964 -0.28084320813748587
0.567766076638204 -0.8521064868542889 0.6071796914901997
-1.6380093725992597 0.8380255340766167 -0.35003847867581594
-1.896413668088758 0.7405291277927701 0.6346982023086811
1.9199610887706444 0.13361031013768532 -0.2785300710830425
0.4828300819254405 -0.620072922689451 0.6056979200210835
1.803272324267929 0.34210127195781315 -0.28180403501126516
0.5267071134658154 -0.3198832869219794 0.6107488176193501
1.6784683797233897 0.5463596489434908 -0.28566355496976126
0.5100265530252188 -0.053009879962788276 0.6126657029953266
0.4502006353353081 0.19046614774576698 0.6123424074020649
0.7528605539909528 0.6049773618753753 -0.33856673032376516
0.3868657809083671 0.4316540175256516 0.6118031045761372
0.2115719634900457 0.5986455060971427 -0.3702363470229839
-0.09321149738416423 0.4584336062182959 0.5900407335129048
2.054295171416682 -0.31083843331845884 -0.39825529843899954
1.9536353225472125 -0.09335207351943264 -0.4003371694717144
-1.0372002905538795 0.529894363440683 0.5473268529739643
1.849354354186487 0.12208049355469708 -0.4027170637283062
0.5426633933111988 -0.5611660814910313 0.48672013491060984
-1.7422392943740497 0.4537765508117002 0.5141449472275044
-0.10587026158116375 -0.628905048860076 0.4553909799423481
-0.052892902428101074 -0.322628633025682 0.4612136384811665
1.6296252768025248 0.8165605805418947 -0.40374893933865774
0.4575509245356142 0.22090858347891196 0.49117808550265085
0.4032078009152711 0.4666532314243641 0.49120574205782663
0.3809266968818523 0.7283370580972073 0.49288468569185984
0.09676253012408198 0.8398062939914621 -0.4951548078689312
-0.14776135687514902 0.7316612250838976 0.4678063890304829
2.118819668039965 -0.5491250687662479 -0.51881022245023
1.9822488844757122 -0.3509032876184732 -0.5233654478225445
0.8793408763682744 -0.9210419511817318 0.3764415284958149
-1.1045503904326517 0.7995980400128855 0.4229522249069477
2.061472913396422 -0.03593174346773198 -0.5126442411575054
-1.8499993544329691 0.7060532205560697 0.3864684602585102
-0.0696450518454812 -0.8758324186267248 0.33086018770602
-0.026646273418358124 -0.5737963168524796 0.33651356905367624
-0.9060252005811642 -0.7585028419035833 0.2914648553695942
0.7806870081813946 0.4023728692399122 0.38723187654879343
0.6048922699675647 0.5539340127307635 -0.5910086134109234
-0.6747457978426081 -0.07810810086415954 0.31056075304415476
0.08010712422367039 0.5705533905478708 -0.622961948219273
-0.12232467145068338 0.4967885179386231 0.3440890809860493
-1.047211409372006 0.564687817628057 0.2994289895859028
-1.7923599060985498 0.46885702184701605 0.26172976702120554
