1.3022293337806026 0.5005628858302709 0.03983309720348327
0.926591941775645 0.5619786635514208 0.01676514600109069
0.428186533404983 0.5815375412786281 -0.014905424372444465
-0.15270489878729787 0.5794063656789463 -0.05227181460071595
-0.7932392310705412 0.5417629500541654 -0.09409043337513001
-1.4393065906132443 0.5062216356578872 -0.1362790777843097
1.6042071949619578 -0.7317985569347436 -0.07556244875598939
1.8404924211756952 -0.36390245744262817 -0.053460092798958136
1.8452204931591207 -0.11122494860633214 -0.04859921480823548
1.8015351547194676 0.11728964169950995 -0.04737994219471009
1.7497425846482169 0.3414819243222982 -0.04681584383655579
1.635627929975349 0.5358619386104992 -0.050902338282356574
1.4408380128956702 0.6926518017558685 -0.06098124529529603
1.0608878831783626 0.7644325148184565 -0.08473155047107728
0.4721791579799721 0.7427229833943825 -0.12384840990711243
1.7981834511479153 -0.7246078858660501 -0.17618939425159486
-0.14462577470918614 0.7123970609079837 -0.16500756289173157
1.9446982008451346 -0.4009484082841488 -0.16024777437854798
-0.7851088470461258 0.6757889925901628 -0.20787856127429993
1.9178249932589746 -0.1637887292076856 -0.15757414843250306
-1.4402170886448546 0.6372285856698134 -0.25179717089344056
1.8200008339205875 0.03853869938504584 -0.16034552599597962
1.8309127661752411 0.2928411751670885 -0.15491816546131165
-0.04801949674290329 -0.5926148119742529 0.6317811295826337
1.6848129888545316 0.484265153588062 -0.1612262442271808
-0.048505765420853386 -0.32386918636719786 0.6350493714649579
1.6070867133493256 0.7081618003921202 -0.16240498568225892
-0.1065762510565027 -0.08304351168805857 0.6347976014454266
1.2411084075236776 0.7730958284321696 -0.18587395693470032
-0.20379853714721063 0.11373465032934371 0.6318426415760419
0.6436815236767086 0.7460862744000964 -0.2266111090343097
-0.37773730729318444 0.28793597281124184 0.6243915841419598
1.8070948361553458 -0.6575635707595611 -0.28767010714221986
-0.004343235928816913 0.6876189619831594 -0.27135893847156556
1.9633357351594378 -0.3420609019219474 -0.2707562163035968
-0.6443086837966217 0.6372686641652852 -0.3154663756053546
1.9636003341786996 -0.09194119963209335 -0.2658405020396808
-1.2490644127406507 0.6199117525544864 -0.35667130495716126
1.9244630280216792 0.1383636498274794 -0.2640585615794757
0.16827382205456587 -0.6944904932879745 0.5265121743519208
-2.0050954213065135 0.5396096394635421 -0.40923878695179017
1.8502125629104305 0.3514121485180377 -0.2650670721690753
0.019034727738700852 -0.5097185793583603 0.5205855653126141
1.7674417038796832 0.5726365379829508 -0.2665548041026691
0.11818535213654435 -0.19437001450767033 0.5302353188831708
0.09711176293597501 0.05019672626374394 0.5321884438831708
0.027193466698795188 0.2714503239093551 0.531062154515495
-0.07818150788805678 0.4761760478192665 0.5276942536671063
1.9450695596945056 -0.6148767939437683 -0.3905367567699054
2.163609423490571 -0.25674373526299066 -0.36789748217273743
-1.32880615274679 0.4166137619772545 0.4564605042774579
2.007172682261754 -0.08359603812081318 -0.3753242209117511
1.9365866268916354 0.13140966078745064 -0.37593838717151673
-0.17200744595399842 -0.8586489198347769 0.3888535783131024
-0.29028414268428326 -0.6576454930734617 0.3848386094410321
-0.4078675014681905 -0.45615563770810263 0.380828885777702
-0.08866071283276389 0.2046242853728386 0.40817645047496764
-1.4133127784568047 0.3652267147895749 0.33354380582164733
0.3690040876840506 -0.9187546322914928 0.30342629407237975
0.45286372348665505 -0.6221242295193927 0.31278136227916686
-0.3895474711268019 -0.7698993068946787 0.2608127877552411
0.47125294822861097 -0.10434825562303374 0.32143118832897155
-0.38084894214906573 -0.25123824051022137 0.26881745312999694
-1.0174724279065561 -0.29144897820015725 0.230464009984245
-0.1684205220631596 0.35784146623071766 0.29002621625255554
0.262205771070277 0.8079894122751767 0.32188895200084655
-1.1737731308118295 0.6649679948796292 0.23433545087169616
1.0600372210780482 -0.6462521936651515 0.23386004422496764
-1.8206012415652797 0.6329115565037275 0.19527390454601257
1.1177976866943913 -0.3649085475876874 0.24176362012218444
0.9922691061437701 -0.1727409867366143 0.23712351773570983
-0.007210844093036073 -0.39536661640981574 0.17299082730602233
0.7114737432453726 0.19830387355718804 0.2257042214710614
0.20786033413302007 0.21499336612625397 0.19527581189464538
0.30616496690296424 0.513291515053889 0.2056875512440106
0.28784801927413395 0.7565475550627054 0.2081280038196942
1.3975530189510583 -0.4567536842297204 0.14352848981212585
-0.7747669914233266 0.5253981623308688 0.13980200742076843
1.3795775434757989 -0.21355307551773706 0.14640048001598327
-1.4300647334707288 0.4854598705747186 0.09910729382823913
1.3535964367882634 0.025119755430108803 0.14865496609996764
1.2699583565709451 0.23582351692169423 0.14682248090099304
1.173537931645213 0.4404016213445274 0.14405014966320007
1.0868699078874096 0.6495272636573448 0.14191582654308288
0.8333297614656432 0.7815311037274997 0.1280937478382489
0.38486735537104355 0.8257029153004556 0.10066416714977233
1.778415015541966 -0.7745537217951766 0.04844239209484069
-0.16398115237717947 0.8273653809821715 0.06624463055919616
1.7769737283316882 -0.5232999822115296 0.052753476842155145
-0.7636104982139704 0.8100429890595429 0.028306035741080926
1.7765659615583977 -0.2723942981113425 0.0570798203785321
-1.4370268735378962 0.7641304752637694 -0.014743299738655402
1.7322739571638741 -0.0435358916103441 0.05818369839977233
1.639379411209332 0.16159013550456436 0.0557370469410321
1.5471923389924926 0.36701387622073334 0.0532956406910321
