2.129169807052854 0.32497190159574707 -0.5982607321322995
2.0638232719681486 0.5574733647606891 -0.6027182058871823
1.0135541769132903 0.6377679546437065 -0.6803463415683346
-0.459470551888435 0.6824244850943941 -0.7893827871860104
-1.0074840503607554 0.6042860744149845 0.22725215391506381
-1.380388153372591 0.7863734743002588 -0.8575142340243893
2.2152821533395226 0.14733178219521292 -0.7190726713718014
2.063705471311371 0.37742316618216165 -0.7300680594028073
1.8096432833961256 0.5908418515758243 -0.7489098028720456
1.1641251866086169 -0.3015793233764672 0.10144772962917514
1.3450600988453623 -0.008946350475664389 0.11298957304348178
1.650197603442063 0.27936280981185924 -0.8893998579562741
1.1977137529324864 0.22496744937167534 0.10361352400173374
1.690703597548488 0.5444787999675338 -0.8856857733310299
1.0363923988056758 0.4572485778753954 0.09330144361843296
0.6592372186111035 0.6544011380276977 0.06921973661770053
-0.771396339811032 0.682107726637522 -0.02190336747775845
1.7033382804308062 0.24803054134169322 0.008236078780786471
1.5667055199960735 0.48265385349481527 -0.000659795242651029
1.2979796527903638 0.695814813573115 -0.018237443405492826
2.0025947852733363 0.23572859758328413 -0.09927067323337369
1.7282955790665522 0.4455442329786763 -0.11756596131931119
2.163945504936059 0.28941799631735776 -0.2152107672275143
1.9193327326575496 0.5038170821021399 -0.23187622590671353
1.7442375278374485 0.7313635820847821 -0.24379906221042447
0.05630740323288741 -0.8495669393922824 0.5534588380276126
0.014206810242521684 -0.5923124703766813 0.5508462472378177
2.1870643285994475 0.03648202331516259 -0.34071907563815884
-0.026984870411766337 -0.3349279457181833 0.5482441468655033
2.1087726796024597 0.27941096197156057 -0.3459337668002682
-0.057462482849123475 -0.07570473269177924 0.5462094827114505
1.5003801016716984 0.4315015660556103 -0.38867792649875454
-0.1509813022044817 0.17260737068989052 0.5405737443386478
-0.7556879769834026 0.3354526728413756 0.5060226006924076
0.353377959277541 -0.6582648895107805 0.4400826974331302
0.3758235600427824 -0.3905351162607307 0.44121709303249546
2.1682090947422896 0.1653182325234024 -0.46875748201022915
0.39430697144905835 -0.12399856298283751 0.4420806451260013
2.070701852511764 0.40497255290768663 -0.47545227571140103
0.3596654833087012 0.1328819653670088 0.4398089929043216
0.3111609259199426 0.38734785668031435 0.4366885705410404
-0.3076985602278324 0.5472075237206049 0.4002958817898197
-1.8627744977581333 -0.5332395772131555 0.7772156281887455
-1.7439107812803982 -0.5448729812153168 0.8006621880947513
-1.6143749316983822 -0.5668238632842701 0.8276254220425052
-1.4815429815874204 -0.5927464037099757 0.8557611985622806
-1.3563203074337302 -0.6129514560227864 0.881551889938013
-1.3180825497905708 -0.5557934796742732 0.8792077584682865
-1.1032337344959657 -0.6587802873306359 0.9343062920986576
-1.2588851472103997 -0.42540718908558617 0.8686567826687259
1.2263454559370306 -0.24920572674137453 0.43203130201687046
1.2379623127962862 -0.1680451884849976 0.41683402494777866
1.2690669256638536 -0.10842728924086309 0.4099265618740482
1.3067745141028055 -0.05609515493753747 0.4057818932949466
1.325786499599035 0.01789542559124868 0.39334836439480014
1.345169235735412 0.09192099100719275 0.38091435865749546
1.3774347101555122 0.15138179518285533 0.374006895583765
1.4665911023418001 0.3404521916092289 0.3491388841091556
1.4938280805090471 0.40708672289393455 0.33946814970363803
