1.7363614466908928 0.6610209093437831 -0.048211622859898995
1.3679341251660162 0.6307155308115195 -0.03449587884134431
0.48790615196814713 0.6747134373879415 0.001142453525599052
-0.6597283086797745 0.6567031132434558 -0.85027699532694
-0.704939996638501 0.676275123982478 0.047582816455896904
-0.971392866459567 0.6024116820666681 -0.8365426546592154
-1.4092381315985563 0.6390285717314512 -0.8133612162131705
-1.458750067590941 0.6620582100281229 0.0762984269600473
1.9257165367322955 0.6306274848323827 -0.17210440697855134
1.4116417401101558 0.6964251197984179 -0.14933638634866853
-1.9421465256818635 0.4646462376456082 0.08944363531881194
1.0271602772742483 0.6789326810694298 -0.13414554658121247
-2.0137834459457338 0.2450774180062929 0.08611721930318694
0.5274685466113311 0.7421473853551728 -0.1121311670798697
-1.9125618486392852 -0.10069783205609184 0.07266111311727386
0.12786809160058965 0.7407906707017684 -0.09598426881021638
-2.0227284716801535 -0.29419857420990425 0.07143421110921722
-0.22582738511310652 0.7106388704162807 -0.08253173890298982
-1.9969345114433565 -0.5881796079581623 0.06219549116903167
-0.6447434048640162 0.728038901916003 -0.06518440308756013
-1.9725662024420387 -0.8827891405890558 0.052946519229944755
-1.0506231218542013 0.7393277509016638 -0.048578072215978096
2.2285137574473737 0.6368069126483551 -0.3004398829001822
-1.3945085037031504 0.7098966928225217 -0.03564267220682282
2.1798114006451783 0.3911124075838952 -0.3051677233237662
1.3621402047411237 0.6590821707860943 -0.26313738885110993
-1.942771933636834 0.5582029990251645 -0.018097925807897042
0.9280259719723745 0.6754662530049238 -0.24437575402444978
-2.0707849583045856 0.3795418584896524 -0.018125820781651925
0.5112000183614782 0.6832162106275881 -0.2266345507163443
-1.9891352493196734 0.04892512430662066 -0.030855227138463448
0.15279824577277168 0.6539478495266913 -0.2124429232139029
0.48578639176963634 0.42795439911052746 0.6768970006447397
-2.0100186466677172 -0.20907200273612858 -0.037492323543492745
-0.2832766485487781 0.6805777491645006 -0.19345765176004548
0.015799843617713805 0.47620454621230124 0.6921157353859506
-2.0401223264298523 -0.4614737953950918 -0.043650675441686104
-0.702096632305512 0.6984262016346285 -0.17549376549905915
-0.330074933328774 0.4417756095254344 0.7018331998329721
-1.0096726365558624 0.641427585739546 -0.1643643862265982
-0.7205635262667727 0.44081655091025773 0.7135548108559213
2.227426085427993 0.663703790623579 -0.41574482979959626
-1.4435457987713818 0.6753360095287579 -0.14540820183939118
-1.0287409826884755 0.3845570919697252 0.721605967853602
1.8043242126942687 0.666530673524317 -0.3971009737510123
1.3528644974653048 0.6912963273595807 -0.37663703026956696
-2.0040214819933198 0.5329520974986632 -0.12648205819315095
0.9270925466241806 0.7020184329475665 -0.3577518946189322
-2.091607878942824 0.32531513654828714 -0.1290402895469107
-1.619302551879258 -0.013617889647067116 0.7306940072517953
0.46074597758833136 0.7433097473691959 -0.33626179757303376
0.766683465931294 0.510079296369705 0.5560719483833871
-1.9561546884722105 -0.058348909218961964 -0.1460195070762076
-1.7113891169399267 -0.2347003000449277 0.7286381238442026
0.05494333761070891 0.7330084883033248 -0.3189645296592154
0.2939310256201537 0.5439933497739613 0.5718335622292123
-2.1024475962586564 -0.2251588128860469 -0.14505772652811189
-1.7373391083959575 -0.4909137258647256 0.7238287442665658
-0.3603080944364194 0.7457562588466669 -0.30063300194925446
-2.1016138549628067 -0.5277464267163712 -0.15422396722025056
-0.6503381799135184 0.633761405513221 -0.29146199288553376
-2.0758506088778717 -0.7952193327819259 -0.16338734688944
-0.7466178263453145 0.4694576410655227 -0.29224066796487946
-1.5035742666385232 0.7296439327051161 -0.25197176995462556
2.142731486112993 0.509935327154242 -0.5325603968161978
1.7218768141278815 0.526175875101293 -0.5130372530478873
-1.930763283271844 0.5330972641664093 -0.2397103792685904
1.2768593647424922 0.5615077239493012 -0.4919038301963248
-1.9923379834362436 0.29296791149396206 -0.24444680276102204
-1.8153580299924101 0.13980250866046617 0.6291532033424936
0.8695448049151651 0.5469246238954142 -0.47401623788065095
-2.030737582784795 0.035198948492691784 -0.25076441827005524
-1.7410913861127995 -0.20091841411377587 0.619139623020228
0.42986965401669863 0.5573663089639407 -0.45397906365579743
-2.0073588044911332 -0.25510977750488095 -0.2607498651999869
-1.7845610863838601 -0.4303242703945731 0.6152574532967172
0.04490293842101778 0.5608096845978778 -0.4366570002097525
-2.19451131035747 -0.3920713900564383 -0.25714640679544587
-1.7028197070411863 -0.7665927827516139 0.6050345414620004
-0.34171692787849395 0.5543168787552357 -0.4196138865012564
-0.6294661548261615 0.48152674390451367 -0.4090652948874869
-1.0886316515679937 0.5308826421554826 -0.38717608514017243
-1.5590563819471157 0.5916556714963068 -0.36448674264139314
1.3983540217752335 0.5474250478933254 -0.6128426081199088
-1.9776617997954276 0.3487030310653374 -0.3537226206321158
0.9558680294271511 0.5695607551683626 -0.5915914064902701
-2.106405681221773 0.170185303942473 -0.35375886025613923
-1.8355525364763707 -0.05177966670109235 0.5146097653847299
0.5224760540377247 0.5887184452225593 -0.5709076410788931
-2.078423191242166 -0.12263199762455912 -0.3643427378196158
-1.8042815653219577 -0.3486385533871257 0.5065435880165658
0.11044957798128507 0.5963382608147061 -0.5516286379355826
0.2999478449115287 0.701089951055085 0.34873599943929534
-1.9684244008062564 -0.5049225867985321 -0.38142781319803376
-1.8977818824809987 -0.5692956511150182 0.5042790883522592
-0.32182970060989646 0.5935938344384635 -0.5318007952231802
-1.9133265030423274 -0.8343708793235027 0.49839825568014007
-0.6317728630293402 0.5497596778373186 -0.5189571863669791
-1.0663671328410373 0.5816077902526988 -0.49803452553934235
-1.466946827975974 0.6196908452686269 -0.478514242793981
1.4146509399445506 0.4935082379699285 -0.7304106241721549
1.067241631092429 0.45140074095433924 -0.7151141649741568
-2.139607992102313 0.28766530378614164 -0.4587812906760611
-1.744584999571785 0.2356238275760063 0.4077500813942514
0.6372542508264729 0.44028807336715836 -0.6949344164390006
-2.1401961496578537 -0.010894179002185922 -0.468591261531774
-1.6413605574615246 -0.12541275553160247 0.39537043509298186
0.21075753213170856 0.47118158912281594 -0.6736197954673209
-2.2274357968709353 -0.20652346333951144 -0.47115092339700837
-1.7314001808013444 -0.33455175912696333 0.39323420462423186
-0.1761927788443245 0.4640113520391722 -0.6554770952720084
-1.7618504055361655 -0.5878485942561742 0.38794989523702483
-0.6649160588041525 0.530472280859076 -0.630153704311315
-1.025896724352549 0.5109425872164444 -0.613756228115026
-1.4719387665357857 0.5540348082832338 -0.5913277155417838
-1.38941451246896 0.48367931635250194 0.2907442563515268
1.7940464936511376 0.7659244415393349 0.06752295431905608
1.2968202020652058 0.8208532894701381 0.08776469168477874
0.9459629634970668 0.7654768694476495 -0.8134661203879752
0.9891880339515069 0.738428261939216 0.09734578070455413
-2.1312887299846466 0.19877130048367242 -0.5724235064048209
-1.9445404597703373 0.05144162979203948 0.2993797772865854
0.5334682430419093 0.7699059990433579 -0.7929683214682974
0.5184586239304281 0.7820066497597367 0.11620635924154143
-2.175830948556694 -0.04096222872437849 -0.5785089022178092
-1.9128726462230219 -0.24495952835298596 0.29061670241170745
0.15878353415028812 0.7514391694783065 -0.7751479631919302
0.10233680161898917 0.7918152324422252 0.13211007056051116
-2.3315970963742814 -0.18627190241025637 -0.5762591845054068
-2.0492403807837576 -0.4059249763079631 0.2912184709053598
-0.22960264036487388 0.758516812267036 -0.7558560854453482
-0.31495367992216927 0.8189806932944332 0.1484562867622934
-2.003907382505176 -0.7149409249168084 0.28156514105611663
-0.6318950773476786 0.7642748158094683 -0.7359805590171256
-0.61457932810427 0.7540524748931308 0.1579954141121469
-1.0171215476566857 0.7609788754365123 -0.7172995096702017
-1.0041587091205457 0.7536397566177193 0.17251105246358733
-1.397652423975103 0.7570453036026308 -0.6989250666160025
-1.4094507454172174 0.7669859495059264 0.18792362150960784
-1.787184630741507 0.23449185928546434 -0.698085833217565
-1.8963488695681008 0.3143937832476347 0.19399280485921722
-1.8394662847559715 -0.00026385157125119463 -0.703752566005651
-1.9726168876988481 0.09750568561570638 0.19101090369039397
-1.948839223011035 -0.1928491366430478 0.18235392508321624
-1.966727050543767 -0.45425176510065945 0.1759535783272348
-1.839824872884975 -0.8378154456724118 0.16092700896077972
-1.8909142996703707 0.5831141449727166 0.36843533453756194
-1.946960564606357 0.19785961880431557 0.36921591696554046
-1.858133096360291 0.6964130644002378 0.1732382291298471
-2.013422243714274 0.31910595586559865 0.17736072478109222
1.3331320134166589 0.7681668716731345 -0.13160972657388825
-2.2276573466738085 0.6841231538243697 -0.18293910088724274
1.0332067752557776 0.5085718575167633 -0.5210543161887564
-2.0958573284215873 0.3615019033241378 -0.40221028390115876
-1.6904200305549466 0.8352221848440831 -0.6110744959372916
-0.8873890461480158 0.32065204699286376 0.7288562768440805
-1.661574815149038 -0.007931821702918285 0.7495278829079233
-1.6848553056191804 -0.3968851375893667 0.749250363681849
-1.7045061098496603 -0.7862733767509944 0.7488343232613168
-1.839696979388762 0.3960779830043091 0.5608834737282358
-1.8565773403163206 0.007345533967264117 0.5604409688454233
-1.8947366294475216 -0.37962612456664857 0.5605885499458871
