1.6019363097892523 -0.9188571213750301 -0.0295810872657416
1.6469368341512478 -0.8562814226893529 -0.21559216323925234
1.9506696131054895 -0.5616193547402304 -0.2190264636619208
1.9829373374634827 -0.18449246962996213 -0.22342469039989687
2.016611702742722 0.19281772141569675 -0.22783614936901309
0.5412447315272715 -0.836459488230247 -0.3841943914039252
1.6636165693848852 -0.7849461018640262 -0.383145707283747
2.1444481696906905 -0.5446573024763133 -0.3853409463508246
2.1433621163533303 -0.1577858589540142 -0.39003469291759707
-1.5432027424662351 -0.5340311997370293 -0.6007666761024115
0.5630333957819857 -0.7663885614458295 -0.5908162767036078
1.7285092026173032 -0.7287001553704648 -0.5874173814399359
1.9561255132137774 -0.4111178573033989 -0.5906846696479437
2.184727474173158 -0.09475171542964844 -0.5939487392051337
1.919709065016022 -0.5065868855154818 -0.41301717105938174
2.12268551199854 -0.11848126897612943 -0.4073155099494574
2.023998015181462 0.15155317851653294 -0.40722896400524355
1.6998163741513395 -0.5137979598992963 -0.5612570220573065
2.047427715770411 -0.0693628816442029 -0.5520308190925238
1.967586734302671 0.20806751391464928 -0.5515554124457953
1.2291122640444456 0.34807678421235977 0.17508809026645444
1.7564522763139934 0.3016138073409529 0.021488708819616065
1.6405328098516492 0.5658579047730683 0.021308047141301856
1.5255142181625132 0.8305539306014893 0.021127445067632422
1.8596802790682716 -0.5852213112831208 -0.12561728302074648
1.9597832285353434 -0.2364721509836727 -0.12258400264812686
1.8840175485185426 0.04309524589481839 -0.12217034641338564
1.907418024072868 0.36013113729171664 -0.12030901256633975
1.7870117079442878 0.6220838718852946 -0.1205847436530707
1.763472811855678 -0.24954544533569134 -0.2695443803413031
1.8417222742641712 0.08972491641524982 -0.2665155107123969
1.8232462701716656 0.39086387245096077 -0.2651174241645453
1.8667741586328646 0.714602209771634 -0.26270987335277773
