1.5238258696273377 -0.06093957100162761 0.12434783416782214
1.5050796278373255 0.31607666288922687 0.1227714105228026
0.9592061327426364 0.6127145920708355 0.09922137695346667
0.3498665597303443 0.9034175258750974 0.0729810281375487
2.0721396598853943 -0.08771364310614871 -0.03959641021694349
1.9200666900874026 0.26657668767842324 -0.04687008422817396
1.7691558225997923 0.6217127085307581 -0.05413612884487318
2.083268873980053 -0.010819446153449874 -0.22621569198574232
2.1189709375717243 0.372730847645375 -0.22518715423549818
1.8449993556659976 0.7084419466588958 -0.23818335098232435
0.08419442865495341 -0.9352094707104524 0.637533335266455
0.18265763041308958 -0.5142498306616883 0.63998666244541
0.14752267442973022 -0.13481448918473582 0.6376134439090331
-0.03936183191964915 0.22104032730402956 0.629697470245703
0.22312616317297085 -0.46978674786178587 0.4511419816592772
0.21776570908494364 -0.08582778128596757 0.44994178253207995
0.22857667798930237 0.3002273828851916 0.4493218942264159
0.1666750962791852 0.674869873255048 0.44589724975620104
-0.4384111061703493 -0.5575541828120372 0.2345263047793944
0.6289547945377336 0.34215712572246204 0.27530541854892565
0.5255350309644058 0.689998639473302 0.27027240234409167
-1.2387905590172394 -0.7537404473348168 0.21596732574497057
0.16845392988967944 -0.8842333046175028 -0.3874200300594728
0.46616154772866736 -0.9393844775555866 0.38898148971591784
0.9325362428175836 -0.8753991769482656 -0.3005670027157228
0.531376421730748 -0.779156161756017 0.3920079751590331
1.783367693957473 -0.891134395504622 -0.20329174560512708
0.6311264063083968 -0.6268071641091044 0.39856496292148424
1.98915272569824 -0.7673782334952133 -0.18302568954433607
-0.09840815724041363 -0.2877626839745311 0.31886783081088854
2.1177808518784786 -0.6271796396366316 -0.17202457946743177
-0.3849271528055809 -0.04469045963564433 0.28507199722324206
2.1887792184422494 -0.4742373865411267 -0.1679714636227052
-1.0869713499284899 0.29760020262609643 0.20789685684238268
-0.03972074836376294 0.23126190275734615 0.3128148599246581
-0.028589889292575776 0.40659181050293647 0.30978837448154284
-1.012672093337919 -0.8093501118247275 0.1509233995059569
-0.06515038495507497 0.5937830000590711 0.30171790557895495
0.4438353925557408 -0.9422185324579342 0.3007470651248534
0.010065611601682178 0.7538418551552528 0.3052484078982909
0.5479220723484133 -0.7903889913742326 0.30793061691318346
0.6598911039436572 0.7691296720882406 0.368805079040869
1.815410568898713 -0.9056455623228956 -0.3673380331417482
0.7253073323241068 -0.6553218964313778 0.322810320434912
0.5814151723301535 0.9657929056549488 0.35619464355502917
1.9290656085286102 -0.7612217072362633 -0.35779604476894544
0.7138447695776762 -0.4786948193214968 0.31767907577548815
2.0770390814144193 -0.6252257402837831 -0.34407982391323255
0.7030282033277189 -0.30186119920158205 0.3125483079532225
2.2253922464162557 -0.49012733018195753 -0.33036407989467786
-1.0170617599590202 0.27334785577288123 0.1262947602847655
-0.0765112831991388 0.2321717071588303 0.22173085647617174
0.03618068922985174 0.38322633108857573 0.22942700820957018
-0.6898281209091408 -0.8406754006593093 0.09606900650058581
0.2846324129340232 0.5006343966953413 0.2514897866824706
0.0757848799645302 -0.8270121089973106 0.17433515029941393
0.5284884085036907 0.6176386198207702 0.2730404420474608
1.3612894276644596 -0.94105772609465 -0.6743815855404298
0.6514455737143479 -0.7770975317055964 0.2322522683719237
-0.7512340467153606 -0.4700327915626765 0.787600187836035
0.5506898625473227 0.7888560302857854 0.27098765808139635
1.755704159596199 -0.8572787111650495 -0.628328652801172
1.0326985022212938 -0.6878537793773081 0.2692982240298827
-0.7864374617184211 -0.2829654795339671 0.780815748749121
0.5686857802711032 0.9612905056633014 0.26842227417026354
1.932372264136177 -0.7269131710275047 -0.6102808432003419
1.1423837788563773 -0.5397005577133598 0.2771245523074706
2.0030141464985505 -0.5732167544904705 -0.6059244589229982
1.1992163622602163 -0.37992468892816333 0.27921166854892565
-0.6460384696818053 0.044321865779332725 0.7866951509097655
1.2372265003853826 -0.21589454456440116 0.27921166854892565
-0.6356278922474274 0.22158463567668107 0.7839814706424315
1.2516169658789238 -0.046257951043942924 0.27660289245639635
-0.6391132432232851 0.4023646125799054 0.7799107118228514
1.2472754158914299 0.1280742876476193 0.271907000122412
-0.8215095710629541 -0.8832199192223484 -0.004886956634179818
0.01210599409802171 -0.8825998711538272 0.08210721450839831
-1.4193346520076702 -0.5584494547160599 0.6407271905520995
0.699369711636983 -0.8559837889785396 0.15318789917026354
-0.6911542630772516 -0.5357363501960535 0.7061869187930663
1.1143775285674096 -0.7739307279629681 0.1945635362247069
-0.26966807203574206 -0.45015150259433767 0.7426048799136717
1.3450341957469973 -0.6532113093553633 0.21578135925327135
-0.17361055285822147 -0.29411857773647476 0.748136190948828
1.4014746712300834 -0.49411337865984883 0.21790328460727526
-0.13044251119241324 -0.1264050252671609 0.7485972924808104
1.429403661102782 -0.3285414900651116 0.2168423219302733
-0.09154210534519791 0.04226031306943234 0.7485972924808104
1.4724240805535231 -0.16645569111392966 0.21737304168735339
-0.12473390566469078 0.22796554737352892 0.7416826768497069
1.433817208200189 0.01514547594707416 0.20888581710849596
-0.26372103929705304 0.4395786253861971 0.7246262117007811
-0.24219443247725536 0.6134263321607989 0.7227822824100096
-0.9405370180971531 -0.7226786558899274 -0.10951218170131849
-0.024368475086887997 -0.7415875423902953 -0.011929841460839974
-1.4043695284243753 -0.4336968781993171 0.5503355546573241
0.7162982893524941 -0.7282733655627052 0.06624427276645495
-0.5352592940831471 -0.44377174466690583 0.6306497140506346
1.2575696805109473 -0.6754873715425465 0.1223131700137694
0.07086166192298293 -0.4010102480306248 0.6856013818362792
1.507818421969823 -0.5601783743019375 0.14603534179721667
0.17190040844846521 -0.24740993480847884 0.6917072816470702
1.632370777193671 -0.41737931132400163 0.15573945480380846
0.2055290174511626 -0.07867382768861475 0.6912375970462401
1.6750862336504326 -0.2560019985240043 0.1562787576297362
0.23974907460959827 0.08996315772806085 0.69076791244541
1.7086909705004558 -0.09247631242863541 0.15573945480380846
0.2309898711653844 0.26890164125885363 0.6860715432742674
1.6607360913179008 0.0908425938118782 0.14603534179721667
0.22288601606940972 0.4480390479557812 0.6813746972659667
-0.8534568474184994 -0.9100747807669176 -0.18454727691616224
0.1767878466645314 0.6368908940714064 0.6729203744510253
0.13056991691993858 -0.9408309607578591 -0.07772478622402357
-1.1294618385608857 -0.6633590206613196 0.49146142440830065
0.160398538370913 0.8189622664308267 0.6672841592410643
1.0214871620956956 -0.9583263663846662 0.01868882614169909
-0.2606878736275817 -0.6716007379406346 0.5732614083865721
1.4991413935589435 -0.8910069603960764 0.06853881317172839
0.2477500630641103 -0.6064540760303938 0.61966195541416
1.7584456463375915 -0.7779943027569747 0.09373774963413073
0.27041003754079185 -0.4358312244005056 0.6182266755679686
1.8532140926655387 -0.629158093435505 0.10031142669711901
0.2839663578139806 -0.2630284112183574 0.61583533721958
1.895189764318026 -0.4685302118487211 0.1008597894290526
0.32238963297749024 -0.09580421965484653 0.61583533721958
1.930986117865345 -0.3150030573955611 0.1008597894290526
0.28190709435882155 0.08115550730758336 0.6081811471561034
0.2682814299737686 0.2610995595946388 0.6029192491153319
-0.7163814369265964 -0.7414274041096931 -0.2619484381100099
0.22146259158357395 0.4494851599277645 0.5943090005496581
0.24784497877620737 -0.7720418439453631 -0.15566095870937513
1.24036024690934 -0.8156865221327703 -0.04603466552700208
0.026620033284054045 -0.5389470412148984 0.5106321855166991
1.630774390895212 -0.7312199920519902 -0.005411954345361458
0.05922763207682635 -0.36973379845793986 0.5101453347781737
1.827423763106772 -0.605155091642434 0.012951521454199089
0.08757646114802498 -0.19950441575271682 0.5091711564639647
1.9904997126105926 -0.472484606351367 0.02742019134555651
-1.1632288289198058 0.26747177126746813 0.37961688476596667
2.0233436794577173 -0.3100740402437818 0.026863722381933464
0.3930948166725372 0.08254441185690986 0.5320622010806639
2.0519233689964054 -0.1466101696582811 0.02575078445468737
0.40368814074948745 0.2563361216102411 0.5291401429751952
0.042578618073243035 0.5206638828257653 0.48871484237705065
-0.7554239775382285 -0.9551785235052925 -0.35848269027675794
-1.559886270278767 -0.7871504930522821 0.27437224823032214
-0.1385095879142071 0.7435512257265966 0.466311125336035
0.08237459793366497 -0.954714635179478 -0.2650903181454103
-0.6326842804811506 -0.8027503882853217 0.36509051757846667
1.0603862287696728 -0.990416374880061 -0.15528282684292005
0.14790405657172556 -0.7931663664304658 0.44093814331088854
1.6008810678494854 -0.9368264848520127 -0.09641680282558607
0.44202227467547317 -0.68207806411999 0.4672113938907225
1.7145156618612276 -0.7915301452556296 -0.08736071151699232
-0.055130009192140506 -0.3960336520524308 0.41268125015292956
1.9303238344513858 -0.6700075853622618 -0.06641802352871107
-1.1524868499506482 0.030271418730009714 0.29668012100253893
2.141575381502278 -0.5487511194997658 -0.04604134124721693
-1.1857515985119775 0.21929600811264294 0.2892438455203612
-0.7532765404833341 0.2996367942781255 0.32939830261264635
0.0227894839411249 0.2952428920931265 0.4047495408633788
0.213075779606811 0.42711481527191 0.4201170487979491
0.398859063384144 0.5589850574611077 0.43498912292514635
