0.04419168631865489 0.5415012708041225 0.7804314938812578
-0.50590799150023 0.6543459893189016 0.753729089859041
-1.2602344785609532 0.7369098094626523 0.7170889226227128
0.1865915434551937 -0.09807639627280684 0.6423685399322832
0.04395829936619222 0.15979208530451583 0.6353838292389238
-0.0978273196419579 0.41834225110481604 0.6284010258941972
-1.1568113424736524 0.3837861205883626 0.5752799359588945
-1.635116061348672 0.8788266586397624 0.40381501591494917
-0.8130052381036172 0.5374477408499647 0.2999074307709062
-1.6345130050357497 0.584456256021447 0.25598452961734175
-0.6515629309389226 0.7470873225160801 0.16282914555362105
-1.4393429930514898 0.8054074497666566 0.11941789067080855
-1.2201762937443803 0.750016944073348 -0.015523210403410204
0.11575169552143194 -0.33423683689265316 0.7838747350006425
0.1577042206613548 0.015488960033108956 0.7859537450104082
0.1618472037675005 0.27565896393825895 0.7861583081512773
-1.5941160006405894 -0.9310212157718998 -0.031479612228361376
-1.1893537948956805 -0.9040224830382209 0.06465028202823042
-0.8087817918972107 -0.8767614448387846 0.1549188939361894
-0.5439607030952232 -0.8370537990492264 0.217051729324373
-0.26948233669227406 -0.8004505199530936 0.28152964985659956
0.46716880368642677 -0.7593527053373377 0.4562046376495683
-0.04195111356055037 -0.5439883964135648 0.3272497502594316
-0.021815458142462774 -0.47513069188753 0.32959435856631636
-0.1167179401010685 -0.38848440858651667 0.30380319035342573
-0.124852679879627 -0.3148610831445655 0.2991139737396562
-0.12312370565149067 -0.24269988248508412 0.29676936543277144
-0.08277502397054803 -0.17687948494073558 0.30380319035342573
0.0009157545544198342 -0.11861375101246052 0.3213884679107988
1.7503740358677753 -0.9456880342315768 -0.08788229548641802
0.012924640639738527 -0.04845329927908004 0.3213884679107988
1.7642434038998758 -0.8823132852847277 -0.08650042140194536
0.025179239227146155 0.021666889907633102 0.3213884679107988
1.7688222040272201 -0.8175987473004032 -0.08788229548641802
0.05202603522983651 0.089155264144535 0.3249051419525468
1.7973864852227202 -0.7564802452962898 -0.082356229660002
0.045640944738767786 0.16265518122482447 0.3202159253387773
1.9306228967476002 -0.7117065932386106 -0.046436086532560594
0.12073649822551147 0.22101076882524762 0.3354561177521074
1.9452969780410072 -0.6490287326063928 -0.04505421244808794
0.1052839046478482 0.2962294529204179 0.3284218159942949
1.9506993014810732 -0.5848828040879219 -0.046436086532560594
-0.22953753352240014 0.433871179820684 0.24284289753726362
2.0558846721584096 -0.5372257770562765 -0.018805280563322313
0.3469881716445471 0.3932000534931941 0.3811762181549394
2.0664214926284963 -0.47423455843179685 -0.018805280563322313
-0.17758915767516115 0.5709339380156253 0.24870417988589644
2.081911961902108 -0.41209911990706427 -0.017423406478849657
2.092884394953831 -0.3491992577036549 -0.017423406478849657
0.5365741647497195 0.5690314961432748 0.4175183621673906
2.0993456802472608 -0.2854868341513517 -0.018805280563322313
2.091853002530886 -0.21917686777867607 -0.02433134638973833
2.1129464283156665 -0.15808225006355991 -0.021568551895109422
2.1012050288964694 -0.0907894455223115 -0.02847601496883989
2.1180155734223653 -0.0288757080700468 -0.027094140884367235
2.102043461379548 0.03949673797952569 -0.03538347804257036
2.1098822868686753 0.10327443114131674 -0.03676487528988481
2.0802874931404602 0.17477228675727563 -0.0491988810271895
2.0509757753592552 0.24651950029409475 -0.06163288676449419
2.0454442773384756 0.3135219957821622 -0.0671589525909102
1.8333237817823047 0.4921593517497298 -0.13761784159847856
1.8427649390393306 0.5569703373137882 -0.13899923884579302
1.8477486979082798 0.6228279554556408 -0.14176251017758013
