1.2173752641493678 0.5970232575098633 0.14244428324261937
-1.0509792926957502 0.7864804984367959 0.15923824953595433
1.7132955799068412 0.5163322156843702 -0.02020415616472926
-0.9089456139461092 0.9701348078848024 0.007936150308049061
-1.1627095453222296 0.7780872274968074 0.005773216958439686
1.6357040457569951 0.6168293002244294 -0.17556604695757594
-1.988950474698271 -0.13711158200082796 -0.007450431112849376
-2.0216540226910595 -0.5083936628342647 -0.014977305655085704
-0.8598854389812374 0.972080422026945 -0.1465238030000564
-1.547682767674516 0.7321090271398729 -0.14593633962115016
2.159736806917387 0.5174989079182994 -0.3410557205720779
1.5820206556698722 0.5598174368930993 -0.3342948849244949
-0.6658109223784976 0.7223577173840123 -0.3082796032472488
-1.3668072651433008 0.8837495959933994 -0.2977202827974197
1.7456524892473624 0.3760939980014122 -0.4984777863069412
-0.720007197766904 0.7073391865440462 -0.46273979497393336
-0.9177950908237662 0.9627844454575509 -0.6085482533021804
-0.9219210872104 0.7494612322446557 0.46635571169415746
-1.2897857476861319 0.6478708585550885 0.4656764571622971
-1.4416023237688407 -0.02081582925980996 0.45444956469098363
-1.2860662683285753 0.5675109975779415 0.3102802340940598
-1.6729160965738146 0.05166320193279539 0.3766514365629319
-2.065744239006179 -0.4772169261252328 -0.24296531033953395
-2.011499388228941 -0.6315705379310552 -0.2450350220247146
-1.967683211689348 -0.7873983217233063 -0.2465134556337234
-1.680128168273498 0.11474532342497135 0.2957984511808518
-2.0673548632375045 -0.4221337746196374 -0.32339248013933863
-2.04759379294493 -0.5806962651132759 -0.32339248013933863
-2.0135260730089826 -0.7375533654686564 -0.3243053848787185
-1.9257057922174496 0.03952754398140801 0.2273468081907395
-2.176320547779355 -0.31643424363464234 -0.39758405042132106
-2.1512449463742627 -0.47399746151819233 -0.3978968555971023
-2.0474482901881643 -0.6219992118348578 -0.4032195503755447
-2.068036377926113 -0.785322054822676 -0.4007147247835037
-1.9623956734750152 0.20346531789995304 0.14767304110089574
-1.9948759892842105 0.037116684108748466 0.15044608759442601
-2.0180649440622958 -0.12761260842288724 0.15271511721173558
-2.163432565531089 -0.2997723559930803 -0.47853264165362086
-2.1382927709095796 -0.4573763724889064 -0.47885450673540797
-2.1137007435442143 -0.6150844954207759 -0.4791763718171951
-2.0069349480289347 -0.6100847867972368 0.1552361552671555
-2.015334024917948 -0.7640702598097082 -0.4843250210328933
-1.9745556028966575 0.07925897512417812 0.0688239638761643
-1.97779015061856 -0.08293533228205341 0.07012811350384984
-0.58607682396201 0.09468055212038351 0.6582975690321091
-1.9865527453092255 -0.24567669532141156 0.0716928546384934
-0.6933411898209414 -0.0857858386360526 0.6632652585462693
-2.0602351040334668 -0.40031206855225765 -0.5644997055574295
-2.0008553541349983 -0.4089089966369599 0.07351842569867406
-0.6872904333898404 -0.25102307113343336 0.663838536019719
-2.0008751013181083 -0.5701419612853016 0.0745617454008225
-2.0607461396046745 -0.7223008076078727 -0.5618556435151931
-1.97667294974395 -0.7283407353228784 0.07430091547528539
-0.5677799389437226 -0.56838762670339 0.6607814137891892
-1.9776070826223773 -0.8733953662045026 -0.5661521847291824
-0.454239228782221 -0.7212746464399027 0.6571511332944993
-2.0335720679364258 0.1104933738514342 -0.008583396200740001
-1.3801942930203452 0.20069476497319627 0.6065565650419358
-1.9773190658637319 -0.04353027400466569 -0.010470002417170665
-1.3681590113055506 0.03840209728120669 0.6069560353712204
-2.0651491866216816 -0.2166719938779771 -0.004540532354914806
-1.3666159575532575 -0.12520108791360318 0.6077552144483689
-1.3359086394124091 -0.2849480978739418 0.6073555057005051
-2.014835707298367 -0.5326566680889302 -0.005079358343684337
-1.953721488441019 -0.8233719106797324 -0.6484137470765945
-1.7435679337636856 -0.8229953152143823 -0.017747014288508556
-1.5573541523697685 -0.0044459853555576245 0.5337367360548142
-1.9881440790492633 -0.22381964008785804 -0.08886918378313746
-1.5559533852987784 -0.16737830094005268 0.5345707242445115
-1.5749574436181817 -0.3327647711495798 0.5362388198331955
-2.0221067794904997 -0.5507458826957885 -0.08469566655596461
-1.5846297084150578 -0.4967172432947127 0.5374898021177414
-1.8157353478298361 -0.6789413858824105 -0.7394858295961257
-1.9631470037475793 -0.7047084652466591 -0.0869215424104568
-1.5552179283293128 -0.6557747216919898 0.5370729272321824
-1.9344557293943723 -0.862478789883192 -0.08747801137407984
-1.3626042716113673 -0.7959059007932501 0.5297751729444626
-1.707880073752456 -0.9979844018789468 -0.09916385961016383
-1.650669043590149 0.1367463476430748 0.4559728209928635
-1.6388656021965673 -0.024603859000659867 0.45640721964398656
-1.667254786627474 -0.19112316455440936 0.4585794513181809
-2.056325245830088 -0.39499675087250097 -0.16399988484820094
-2.021612289496275 -0.5517635774327916 -0.16486057591875758
-1.6564298037837375 -0.5147817158712327 0.45988288569012914
-1.9725597405895954 -0.7069132210980031 -0.16658243489702906
-1.4138066346441818 -0.6480437295270765 0.4501077239469651
