-1.85946039194733 1.0500269193581264 -0.004688716142337679
-1.9227725515304428 0.6939708592668978 -0.011133170335452913
-2.023161866079512 0.672322693705155 -0.18243048211828983
-2.1536514635887727 0.35271839249886483 -0.1879060032059363
-2.0080917081764937 0.5847410068201526 0.3700657127211877
-2.1265242439710406 0.35761426680802444 -0.42324874421850955
-1.939691822378613 0.3943944590208517 0.36912872770531857
-2.0687152012441032 0.16568373111169343 -0.4241525890518836
-2.0066616362781957 -0.025585933358710733 -0.4252822162796668
-2.008065440266087 0.644856137989338 0.2696501252959558
-1.9590700957717786 0.45065779982212284 0.2693201539824792
0.279004158508279 -1.0653752984190206 0.30899848917229855
-2.0522071810155964 0.5940956226215572 0.17144515493615353
-2.0965366522722206 0.3816745051177275 0.17439677694543088
-2.038638802284808 0.18964753767158982 0.17370226362450802
-0.6440272666695463 0.9698931302786775 0.8382276532958337
-2.152111657446085 0.5932819665233353 0.0850296256850549
-0.5791983413487642 0.7738673465493164 0.8376648662398645
-2.029761460732338 0.414114873823614 0.08194448927148068
-1.9815653788354268 0.21995807485382102 0.0815816161940881
-1.2868218892082126 0.8076345067720272 0.7518499133895227
-2.085437713462319 0.4427140982198825 -0.02614281198279178
-1.2372579993641466 0.6109222191312469 0.7516073224852868
-2.01262072966923 0.2535338275693402 -0.027480340211551546
-1.1442218107784967 0.42260353810380735 0.7502731321166345
-1.9011834399361192 0.0714806755600339 -0.03034636995093143
-1.7547442227607277 0.7632985211344376 0.6627091405700036
-2.037073857964515 0.5123275766970359 -0.12847921869055545
-1.7347480815090819 0.5623721376047897 0.6632292507003137
-2.0228599064103676 0.31149271923236377 -0.1274802448441199
-1.6271700229434103 0.37871350953076544 0.6614090440581628
-1.7333247927943276 0.5410815809988545 0.5628479955504724
-2.03759179275027 0.28717086549997717 -0.22665665170447147
-1.723935095905425 0.3382351149631244 0.5636804340194055
-1.8868033158185256 0.11278452646865134 -0.2314524414230994
-1.9175947455663689 0.707635355370611 0.4667479036162683
-2.0342323163447134 0.48015086653881944 -0.328380084245365
-1.8291670842925996 0.5209306102518685 0.46527340391381466
-2.0495440381618124 0.2735771476505917 -0.32599065324560916
