1.8416160847802914 -0.7348569118506312 -0.2674112667837978
2.003895891286689 -0.4331507014526075 -0.24484113357456927
2.0416140502658138 -0.1800457313156265 -0.23399022720249896
2.0663433139362084 0.06731981186489833 -0.22444156310948138
2.012576162009694 0.28508602232709634 -0.22227147720249896
1.9642814094793835 0.5046552018664237 -0.2196674694815517
-0.07555289772342633 -0.23540246322753688 0.5064839968880772
0.05277043956716909 0.055374619331484354 0.5225581774911046
-0.024410662591741072 0.27159032985333553 0.5225581774911046
-0.1008367394384706 0.48807624150262185 0.5225581774911046
2.0081581594876923 -0.693975879651628 -0.3767128338614345
2.123938848275607 -0.41043420818278165 -0.358081852416122
1.9984963606526804 -0.21893146663522955 -0.3625173916617275
2.0137256974707185 0.025149830899426462 -0.35364535949620013
0.14637089904109502 -0.48393430271821103 0.39998384811488386
2.053308706153814 0.2774365420626381 -0.34255555770787005
-0.026391662078154354 -0.3021644262756027 0.39250322677699323
1.9722143821506322 0.48497250411341497 -0.34299853942784075
-1.2400090781402824 -0.49460495023242146 0.30198952056971784
-0.12143104202380073 0.15285673574712533 0.3973660121163487
-0.13714073139565386 0.39122307936218803 0.40222784378138776
2.056919139098227 -0.6262073137021495 -0.48325828216465716
2.1729652268561637 -0.34298159228134395 -0.46426204345616107
2.1736541767493165 -0.10449160495167575 -0.4565730442801357
-1.4465337293611285 0.7352462812376963 -0.6229119648733974
2.137930992374166 0.1198882838863824 -0.4525022854605556
-0.43196588709623285 -0.6339005859650513 0.23878666259852643
2.070317073818714 0.3322535369969444 -0.45159772537144427
-0.47407738564331225 -0.40237775276676757 0.2418479571541905
1.9987745459000479 0.5431266186455623 -0.4511456837454677
-0.31826538431944584 -0.1000437634291984 0.2609839091500401
-0.16110194311600168 0.2009284126323223 0.2801203379830479
-0.32243208534930545 0.388145968992621 0.27323147155848737
1.9917038530531173 -0.48221326715475854 -0.5969539036551357
2.0291607369001525 -0.2290050084340507 -0.5854292263785243
2.0396545698106223 0.013261042559257419 -0.5766702046194911
-0.25630452224025646 -0.8273737568286741 0.14148327209559675
2.0043701122790694 0.23800069501265497 -0.572521721343124
-0.38335344330984356 -0.6272577581893586 0.13757749893275495
1.941851586168454 0.4525079356756123 -0.5711388935843349
-0.43949097371415036 -0.40100433379880585 0.13953014709559675
-0.9638875213218654 -0.34324414072779774 0.10242744781581159
-1.5330860834836884 0.6957483677667078 0.08719583847132917
0.7206968153927491 -0.29334777550775826 0.10178228714076276
-0.2895229983032479 -0.4191849762346216 0.02215715744105573
0.24114277999234446 0.018037212124454527 0.07417341568080182
-1.4582227673736483 0.8950287114923157 -0.031459843138778254
1.5553225719748554 -0.22439252871726012 0.05336233474818464
1.360262865151931 -0.05649711905656574 0.043141807099258855
1.3388637474085456 0.1756364914301436 0.04804798462001081
1.3183495925113249 0.40765247744856126 0.05295368530360456
-1.4736142876450344 0.6441021924849686 -0.1567726483145595
1.7185365141748434 0.5887452284539094 -0.023571526030623957
-0.38494456358359486 0.015598032687311303 0.7235121379098057
-0.38230136664545 0.2615800944583242 0.7294263491829991
1.9995683626049683 -0.55848263015341 -0.147599731902206
1.9575278912860767 -0.3350017427595908 -0.14418986938389544
-1.7493589953117379 0.8362765275131601 -0.2912021031180263
1.9816601631164303 -0.08713889717254375 -0.1348138203421474
1.9133218007468287 0.12579804816192564 -0.1339612355032802
1.7287413580427753 0.2962366004825938 -0.14376405380162005
-0.27615342106653884 -0.4231981851065285 0.6041264186104893
-0.20957278390703493 -0.1533522447917015 0.6151818881234288
-0.2217174389630827 0.08725182103930962 0.6201743731698155
-1.5187850573914758 0.6062210210957737 -0.39693597457798724
