1.9381450718390454 -0.4099769534219462 -0.2005448550441331
2.1448481505960757 0.41395809694311225 -0.17391397659564678
1.9288435542450202 0.6383928236235548 -0.1830406398036546
1.7092519641175983 0.889717211214851 -0.19200565521503155
2.1143189870455075 -0.46735596180659655 -0.3207082957484788
2.175403012282132 -0.19374908101080734 -0.31203462784076397
2.2080338075578965 0.07398318900695955 -0.3052783221461839
2.1335232404924227 0.3223723649869683 -0.3055100650050706
2.2191939586205365 0.14331327533319893 -0.4326725215175218
2.174414128456789 0.3968321877147929 -0.43100502197528545
-0.7378090848171865 0.3697292605406446 0.6944446354649001
1.032188258608187 -0.36352909519688836 0.28586671645855244
1.058575659355867 0.16814544985144408 0.2945771008274489
0.8125008688592033 0.5787507114581913 0.29239938552593525
-0.5416586654017266 0.5094441842934998 0.24630496795391377
1.307513367606603 -0.34352468039939055 0.03388641174053486
1.3841400584978487 0.20957595969828446 0.04515931899761494
1.2389092590954363 0.663161827275637 0.04707000549053486
1.5822997904175082 -0.8954333533126615 -0.20281936828876201
1.8342257412056426 -0.26240028443511676 -0.1832409114100999
1.710089982327716 0.1999582410110321 -0.18024351303363506
0.5920912659412494 0.7441563189186198 -0.21240951721454326
-1.831040712917229 0.2165814527571186 -0.3097062319972581
1.4996041003450244 -0.35921178564446876 -0.43445303146625225
1.7130526475984311 0.25415334469088435 -0.41589548294330303
1.513066562130149 0.6825032812008445 -0.41631319229388897
1.7705871569741163 -0.7299180518987356 -0.6677699298121995
1.790605841202435 -0.20185691975325426 -0.6575603694179124
1.5890321990343352 0.22619100907554213 -0.6579952449061937
1.38896088252244 0.6549860865795409 -0.6584291667201585
0.6956213239090232 0.8692944991672391 -0.6823244303920335
