-1.8740933769304746 0.34686585244148205 0.2773889349832972
-1.8746041322523723 -0.22692481492056515 0.3190292166605433
-1.7982998056535422 -0.37452119806578565 0.3211668776407679
-1.718168536879503 -0.5199893977530863 0.3226608084574183
-1.6341793712250592 -0.6633639898364123 0.32351100911049446
-1.947264527566432 0.6973906213096726 0.08969629277138313
-1.5594275955313606 -0.8117459560479006 0.32567441929726204
-2.060986626508111 0.43886549539897146 0.12200248707680306
-2.081307660313982 0.23541949977294507 0.13955152501015267
-2.0939297584077536 0.03727018961124884 0.1557611273661097
-0.41197868921354086 -0.7725347614146472 0.19470727909950813
-2.0987781243611465 -0.15564341639525736 0.17063224781899056
-2.065505657205634 -0.3265563752428662 0.1794747160807093
-1.9895331598588513 -0.4734868860316226 0.1816233443155726
-1.9097337203368738 -0.6182892133624591 0.18311012257484993
-1.7302720499738768 -0.7090112610784018 0.1692031668558558
-2.0486847432076303 0.5962421844881689 -0.14583408366294304
-1.4854964101348997 -0.7654967291157533 0.14527070988564095
-2.0767982082609393 0.38757573003423573 -0.12627088557334343
-1.205626165137062 -0.8047547823965147 0.11600482930092415
-2.071440748516551 0.19898265963949768 -0.11227809916587272
-0.894867199397126 -0.829470028340566 0.0820773886576136
-2.118631541373574 -0.018562925984753065 -0.08992635737510124
-0.5793684358149989 -0.8537818895820308 0.04750621785072884
-2.10635709269026 -0.20162335065229087 -0.07732164393515983
-0.25033097777247804 -0.8731597355385219 0.010954742325826494
-2.07754269684348 -0.3748658925110888 -0.06749689112754265
-2.058113222186222 -0.5528118681098277 -0.05627595912070671
-1.9959604689805985 -0.7068690585539841 -0.05200778971763054
-1.851660813450124 -0.8162795238556768 -0.06094705592246452
-2.085120918899406 0.6371983599482931 -0.569845314131693
-1.624738812944429 -0.8819071582571425 -0.083085174666361
-2.099993384029304 0.4359872421594133 -0.5513793183431188
-1.3059977469833655 -0.899962798749236 -0.11980449687095085
-2.1716073958413347 0.20331862118157318 -0.5232974244222204
-0.9605977244736863 -0.9060940773456849 -0.16066801081748405
-2.2443377093570405 -0.028558170878781652 -0.49521648417563835
-0.6322761956826923 -0.9235590380058554 -0.19872343073935905
-2.2146960567497445 -0.2015382025623822 -0.48488437663169304
-0.33871501614410704 -0.9613006004250408 -0.23119365702720085
-2.1598346625627727 -0.3600103600224074 -0.47898160945029655
-2.1488717151087116 -0.5424840145305865 -0.4656821442708532
-2.103979372423751 -0.7057499061116914 -0.45829021464438835
-1.9554298233845628 -0.8124026944551375 -0.46862279902549187
-1.685219911913606 -0.8541629739126151 -0.49962341319175163
-1.3319056399953695 -0.8532711555679171 -0.5446311188802282
-0.9955623837723948 -0.8638255486672293 -0.586658115492777
-0.6500157810470881 -0.8718693397659507 -0.6301342202291051
-0.8580221508559731 0.23056018737045036 0.5699399756327113
-0.7714492981277203 0.08420752259632991 0.5708521651163538
-0.7420347204756723 -0.09331580650849958 0.5797370718851527
-0.6390994252161448 -0.23066774252062316 0.5782159613504847
-0.5191154271280141 -0.3590897371119226 0.5742558287516077
-0.39950392777258514 -0.48806407046576084 0.5703071402445277
-1.5218670953297249 0.42832452670498355 0.5398343848123988
-1.451915498046958 0.27460471858610447 0.5431836890116175
-1.408528068649531 0.10617508138305709 0.550271873368307
-1.3310737393938865 -0.043049949990951575 0.5523933218851527
-1.24109789227019 -0.18536613331703933 0.5526589201822718
-1.1254592077736874 -0.3137878386035453 0.549206142319723
-1.0014762934301302 -0.4380304078242503 0.5445231245890101
-0.759732731686654 -0.49963609158660205 0.5230869101419886
-1.5522977429063332 0.3799886125299494 0.4611939238443812
-0.4390307700176379 -0.5207846163469867 0.490497474564596
-1.5776483728530337 0.17292023177052585 0.4784401701822718
-0.13113512635892732 -0.550829260029694 0.4597963141336878
-1.5779382492584233 -0.019190027931415443 0.49190509785561165
-1.5833944427877498 -0.2134104185481931 0.5060032652750452
-1.4940122124150577 -0.3548472949358299 0.5062440680399378
-1.4051121497390113 -0.4966350344204642 0.5064929770365199
-1.2468161813039842 -0.6010923593355812 0.4966763304605921
-1.01438250084054 -0.6666221850559282 0.47617137898354134
-0.7293040141663596 -0.7056315359036702 0.448134307755514
-1.6400381541522364 0.5697027587430981 0.3633087920084437
-0.4044682943732596 -0.7255775134899096 0.4144572066202601
-1.6946132691677036 0.3453526153170827 0.385268096818014
-0.061650590087623414 -0.7383505659551162 0.37829101551918587
-1.7416066564142056 0.12654102096418995 0.4059470938578089
0.2816029828380522 -0.7532501969242276 0.34215248097328743
-1.7160153007645675 -0.050551642691573306 0.41574705113319954
-1.6868146139777735 -0.22513014377548757 0.4249123381510218
-1.6322463196446222 -0.3853057610369319 0.43024576176552376
-1.4868319599875548 -0.4957620070941502 0.42215669621376595
-1.2326107904439283 -0.5480385939991734 0.3980997847452601
-0.9082967436224578 -0.5643405581932797 0.36383855809120735
-0.5792020469648946 -0.5803035727737367 0.3289650725260218
-0.32867901815394873 -0.6398841998996403 0.3056162642374476
0.3504524353331533 0.7228932723945434 0.4564317511454066
-0.7754700331446998 0.664547191358551 0.5419377135172327
-0.8866789123697458 0.41159020775340593 0.54063547123818
-1.0490602394857689 -0.4373040500388967 0.5193675803080042
1.5726885042661252 0.7799529404242449 0.20618474949745735
0.8403754144326712 0.8237107539786379 0.26651466359047493
0.18068826954574035 0.8368188736550977 0.319746856583639
-0.4067223481391835 0.8185318227932328 0.36588180531410774
-0.868811517629652 0.741214770693162 0.3995956229105433
-1.130747457755561 0.5652460309031895 0.4133471297159632
-1.2290217048807364 0.3066773591702443 0.41068542469887337
-1.2530288564532128 0.009520153348930194 0.4004830168619593
1.9375534957527378 0.8541579121183318 0.03668773640541634
-1.2208408352276052 -0.31781848424851233 0.38451326359657845
1.2584828618350485 0.8687439621889865 0.0927723692789515
-1.190072641555247 -0.6458314573992254 0.3685435103311976
0.5714863931673335 0.8920269540294257 0.14976108540443978
-0.07154474315723292 0.8829032904545215 0.20177495945839485
-0.6941489332469075 0.8836860563841142 0.25243223179726204
-1.1041969965938705 0.7662186545928833 0.2809265898600062
-1.217711369158863 0.5311678812433911 0.2804745482340296
-1.3320028045091021 0.296473600566884 0.28002250660805306
-1.3472431595413923 -0.004971988954338258 0.26871479023842415
-1.3308805161386346 -0.30833269433045984 0.25469339360146126
1.4345777256391727 0.9074788508052833 -0.062412376509622725
-1.253709898799812 -0.676087165988541 0.23298347462563118
0.730617079709944 0.9063387774772025 -0.0038672638997594433
0.08468549803137648 0.9129464498213338 0.050067787064596025
-0.5915059215233356 0.9391773805666972 0.10723007191567024
-1.0353342829296963 0.8533832756579045 0.14042127598671517
-1.1680894862191877 0.6126108159243842 0.14134347905068
-1.2396123095572449 0.340586696924035 0.13581121434120735
-1.2723642987522652 0.04807507112379028 0.1261309431925257
-1.2444653947729734 -0.27681569480293433 0.10999620427040657
-1.2444382482833731 -0.5884644631886005 0.09662759770302376
0.7524591055510399 0.6756940562860905 -0.1565858079061071
0.07969849275283991 0.6967558626917096 -0.0988155556783239
-0.4852331313999798 0.6685106723098357 -0.05231821070762077
-1.1072473979207018 0.6730008254226334 0.00028551091103157233
-1.218438559340541 0.4211842667791217 -0.001123542891458662
-1.3969357122716133 0.20388710907907637 0.0045126723185022755
-1.3905338779387506 -0.10893244211677455 -0.009577865706400068
-1.4119067490678958 -0.4083852298211852 -0.020850296126321943
-1.4125300888387784 -0.7197417922819298 -0.034470672713236006
-1.2011187739424827 0.7039118400365467 -0.12892925273032585
-1.1614971118744677 0.3754775849675056 -0.14662897120566765
-1.27375914715374 0.12380414149920682 -0.14806425105185905
-1.2941709807563342 -0.17568976070842268 -0.1595441056355993
-1.2761494390439196 -0.49626452784135466 -0.17533027659507194
0.49064617417583634 0.42746275876436357 0.7020763205423792
-0.06213040265230063 0.3915939878992063 0.7421578215494593
-0.3387382727128596 0.2195031380056207 0.7563537405863245
-1.2901737092950896 0.39369881849764 -0.2734113885030309
-0.6156663363910155 0.048907589141492736 0.7705491827860316
-1.3537255360414093 0.117387654748903 -0.2802301598653356
-0.7600577478496149 -0.1887001182661905 0.7722190665140589
-1.4095300974609586 -0.16350596997170896 -0.2880221558675329
-0.8345257188021122 -0.462519199320397 0.7672094153299769
-1.2504933989669809 -0.5577050048369117 -0.31968080531211296
-1.3792867232675263 -0.8022258637395439 -0.31968080531211296
1.228358186940838 0.7676835893539291 0.5172904776468714
0.5544893209018937 0.7852784990611994 0.5697149084940394
-0.07821350946494476 0.7871926718387883 0.6183031844034632
-0.5229795536397148 0.6993225742234657 0.6489909933939417
-0.6518348254068655 0.4545004679799973 0.6494177626505335
-0.772668081218228 0.2056314346789776 0.6489909933939417
-0.7437586647249361 -0.12032600205089494 0.6340736197367152
