1.0003958703128575 -0.5482833009238508 0.23394480964662367
0.9455771297152822 -0.2705471986001662 0.25804940483094985
0.6002392674899326 0.5994240595882463 0.32309952995302016
1.5704055121417326 -0.3111217291820001 0.19590178749086196
1.4783408519321597 -0.0994598774934321 0.21181145927430922
1.3751140686438248 0.09071591312360461 0.22487822792054946
1.2605002828259515 0.25953611442408153 0.23510113975526625
1.9513570399074212 -0.30669276899543263 0.12482301017762953
0.6634628244650642 0.6896116447867282 0.2429966094207936
1.9045122928839007 -0.01358396423638375 0.15196028968812758
0.5420864061851987 0.8430836684225156 0.2509755255890065
-1.617466602475801 0.5409839200912447 0.18582955619813735
1.8277372930810003 0.22303321846512603 0.17158023139955336
0.2956042693208403 0.7885590655063144 0.23102227470399672
-1.8777718569577004 0.48438079746060403 0.16456452629091078
1.7008397612914408 0.36894596905153243 0.17905274650575453
0.0200152437616552 0.6885625238531325 0.2048038603973561
1.559850160906123 0.4893311238963669 0.18305817863466078
-0.22023867109110995 0.6491929719138732 0.18657628318788344
-0.4558846994999328 0.6194029311911979 0.1694959761810475
-0.6684232195307587 0.6286392201986715 0.15755549690248305
-0.9367177296485849 0.5505105781670316 0.13364831230165297
-1.155435405260107 0.5534230327949068 0.12058249732972914
0.6697106978885543 0.7734441515616712 0.15920439979554946
-1.3557680504304415 0.5866219435095843 0.11151639244081313
-1.575017756725103 0.5914333837676846 0.0984658362579518
-1.867511373822289 0.4846865523840389 0.07002869865419203
1.7383088016816401 0.6570981764551771 0.11868516227723891
-2.052494917807792 0.5457742893639015 0.06440631172181899
0.15910412504338467 -0.5563934937671267 0.6591433646392995
-1.1340856433246458 0.6586168566987087 0.03783313056947524
0.09162963129021762 -0.3026474768756575 0.6783031584930592
-0.10470174898518536 -0.26654213262062676 0.6710452201080495
-0.2497298783118609 -0.1444981245298287 0.6741565825653248
-0.4123269482127796 -0.051735824099402805 0.6736492278289967
-0.5772107943963363 0.037362289140981275 0.672631180496233
-0.7444306458359264 0.12283538953395023 0.671102917404192
-0.9219103268228608 0.19203054153428845 0.6675085189056569
-1.1759287563204168 0.13979149231353993 0.6488956572723561
-1.4253313108461825 0.09717171043901551 0.6313270690155202
0.18472608705967986 -0.2538041100950128 0.5934223296356373
0.1263188725134583 0.012394360848670516 0.6144889952850514
0.03609989610978914 0.22307700304273048 0.6287154319000416
-0.08909172377629204 0.374328114114725 0.6355723502350026
-0.2473017226197527 0.4707729055971388 0.6355880858612233
-0.506928626129735 0.4027579383424662 0.6150645377350026
-0.6991492063265881 0.4457795209865587 0.6082467200470143
-0.94154308202598 0.40954236468303407 0.5914262892913991
-1.1447415857420182 0.4374994635881535 0.5825161101532155
-1.4334585044143608 0.33210793520533777 0.556755936355608
0.44475202258819735 0.20478075716202682 0.5559586646270924
-1.645466356975426 0.3495592729073014 0.5462807776642018
0.3497100738754497 0.40602666713783897 0.5693406226349049
-1.876586508309515 0.33868982307836326 0.5321263434601002
0.16339304133864374 0.45411341852735987 0.5634512068939381
0.5795360165651502 -0.6113211303538524 0.3930367591095143
-0.9976465511081543 0.33939280810436223 0.48752824089052016
0.39933192568743436 0.5446212452773018 0.49201432487489516
-1.7237994314426217 0.24663958427154853 0.43735352775575453
0.9644081059476477 -0.8030767432100188 0.301441109390276
0.923198154662046 -0.4991068627970918 0.32848588249208266
0.6750784213979628 0.5428380039580336 0.4146288993072682
0.4894269047891129 0.589704652249706 0.4085411193084889
-1.9202218820054924 0.34430266544958066 0.339463627548235
-2.1165286686850777 0.38886969567890795 0.331923401565569
-1.1067709024278471 0.4680125336493557 0.30420914909364516
-1.8649901764795587 0.3272272408560646 0.2457903983307057
2.101929905609552 -0.5891081548823003 0.15421096107484633
2.1342654377993355 -0.38407899771275034 0.15363208076478774
2.167322957721609 -0.1791455015290726 0.15305272361757094
2.2010971173190796 0.02569304226862279 0.15247384330751235
2.187837999880337 -0.6140683444748998 -0.04536541679380601
2.43979375473846 -0.4497648544531856 -0.019125544815046247
2.477502003208805 -0.24681893440899927 -0.019125544815046247
2.511039982854001 -0.04306469615500674 -0.019722068099958356
-0.9278954310450587 -0.8805238014628838 0.5389613272857838
-0.09265906925055845 -0.8020659616355115 0.6240104796600514
0.2720655836024335 -0.6474280123905594 0.6589693190765553
0.36294933524219886 -0.44647754616535806 0.6647090079498463
0.39578789916402 -0.2353928515642032 0.6641873480987721
0.4293675233187386 -0.024403624019926795 0.6636656882476979
0.3952712873530473 0.19938083898554027 0.6558388831329518
-0.8570939410885003 -0.9794329132530297 0.43811932823182875
-0.041772894002640726 -0.8967690801232777 0.5224613311004811
0.6068005234557035 -0.7909070230309165 0.5887679221344166
0.662910035682799 -0.58500896360699 0.5908898474884205
0.7148344656030758 -0.37849653323502963 0.5924810530853444
0.7234571529845795 -0.16414073274905583 0.5892986418914967
0.7523955285125581 0.04662810641444004 0.5882376792144948
0.7039398258725029 0.2722335220800485 0.5786894919586354
-0.7842394538831101 -0.8252235033579822 0.33324519416810805
0.021329891527976486 -0.7431532357608912 0.41788855812074477
0.7777555352343981 -0.6579836894295568 0.49714032432557875
0.8196352171293384 -0.45010771151051365 0.4976796271515065
0.8622444277298555 -0.24239369706435632 0.4982189299774342
0.8811338036331264 -0.03029339869744163 0.4960621955108815
0.8861324400510782 0.18457794918984582 0.49228850624086196
0.8430952368009201 0.4090001453654022 0.4831232192230397
0.9165559489166739 -0.8851272729531487 0.4092883231353932
1.0506529126244857 -0.6940437340603527 0.4202450873565846
1.1168640692944862 -0.4915030704836738 0.42353144905092055
1.027316415610045 -0.2607007157274186 0.4092883231353932
1.0559260830832358 -0.05099575952352886 0.40819302818300063
1.0071408369756156 0.17347785956665618 0.3983325125885182
-0.8966366199539593 -0.980655948127314 0.10388985893251235
0.9982459069280267 0.39087302306876204 0.3928546073150807
-0.11603179646358086 -0.891846818013768 0.18847409507753188
1.080645196165726 -0.8801703760070794 0.320359623641985
1.2098329788732798 -0.6888445327050974 0.3309325339508229
1.2075909123437683 -0.4745702117368893 0.3264807822418385
1.2500994569011183 -0.26821150839455044 0.32703725120546157
1.2542598503457185 -0.054717467885302185 0.32314196846010024
1.2494231109462959 0.16073597712213328 0.3181337477874928
1.2453658901031304 0.37636367766527634 0.3131250502777272
1.1592254042205 0.608545808257448 0.29865685722352797
1.421738258472324 -0.5652678950612167 0.2350491645050221
1.5225784435120104 -0.3703520681603223 0.24240723869325453
1.531266493071179 -0.15874766793402273 0.23901120445253188
1.5846323544376304 0.044597033942848086 0.2407092215728932
