2.048508215811893 0.09001079680767887 -0.25073318628942154
2.0831432649376893 0.25320758570549273 -0.5064614310709157
1.8363474129664894 0.03596323169420401 0.0005104050191722109
0.983296284461403 0.7519692763456973 -0.02195959238683365
2.020382339904714 -0.547592602760286 -0.001885224863640289
2.0296983410751466 -0.2315982303836961 0.004619310811408539
2.0402327772971347 0.08399970397599432 0.011123846486457367
1.9476400921324597 0.3650145151626063 0.011123846486457367
1.7420580966498846 0.6094601071216772 0.004028032735236664
1.423100782987106 0.818534566018851 -0.010163594767204742
-0.8752519643197871 0.40394506197588953 -0.1473505988565602
1.9436902550253734 -0.6822588037941344 -0.15774564890538834
2.1464062429468953 -0.30059228001014304 -0.13857011942540787
2.132976235736507 0.006839446726715437 -0.13339595942174576
2.0448510680740384 0.2890948776474076 -0.13309126047765396
1.9814572759029545 0.5793467621850894 -0.131264974161736
1.662499648592572 0.7873105413753798 -0.14587526468907974
0.23089329159941485 0.6439865251631076 -0.23170786051427505
1.9805876504019437 0.03528924952058787 -0.2902315154520192
2.044297632381472 0.3678209973266142 -0.2798994079080739
1.5241225908431062 -0.5673691802190994 0.2690650925191722
1.5523930885858448 -0.24347949348119613 0.2762991890462718
1.5297813948020007 0.06268832646523848 0.28047246785486557
1.4371134311364528 0.3454821227619469 0.28047246785486557
1.3454285609521293 0.6285975660302761 0.28047246785486557
-0.21136434133333637 0.7632691996469241 0.2000624641927562
