-2.7463875641003135 -0.376725538572952 -0.2940073644229706
-1.4436474647291035 0.42398161843008353 0.5982198084285919
-1.5091253375451714 0.13443483195613481 0.6016268099239532
-1.5161651246755312 -0.14761457053371885 0.6016973818233673
-1.4001772236641195 -0.41549564302825104 0.5947951639583771
-0.8743620703793091 0.1400471652448907 0.42470067390710753
-1.5045119865002192 -0.4971458039235088 0.46068709739953917
-2.022510626710769 0.003673764697630588 0.352262433855838
-1.9671265888956597 -0.25531546973197905 0.3487390840938751
-1.9060872994113787 -0.5278113219871372 0.3448190058162872
-2.4798421056021454 0.5892552826110737 0.24147790321618956
-2.5298340812358795 0.30478160655873054 0.24450820335657042
-2.655158493286468 0.01184780794743645 0.25212949165613097
-2.6477435477346702 -0.2644850026407184 0.251523908465213
-2.616502111321523 -0.5379525527010784 0.24940055259973448
-2.5029117375513508 0.9347833886184169 0.10434716591150206
-2.4904870996040245 0.6439297285447765 0.10363953956872862
-2.604637979491077 0.3514182441188147 0.11089509376794737
-2.6009703718421555 0.07420622313592773 0.11063283333093565
-2.5850159974757325 -0.18749349326715503 0.10954564461023253
-2.5649764356804745 -0.4486300487447217 0.108152326433963
-2.4617322431978543 0.3834707268272268 -0.03668266883581239
-2.6428862581666266 0.05560476311946516 -0.024852338940792862
-2.590712203467934 -0.21556231867176479 -0.028276983411007706
-2.6569194218491354 -0.5141809469226644 -0.024051729352169815
-2.5933395117647393 -0.7701225720687006 -0.028322282941037003
-2.623967772013671 0.07210614775488722 -0.1642928754398163
-2.649416870213397 -0.2221058344300495 -0.16255718818395692
-2.459433347779374 -0.47755199943753013 -0.17529207816808778
1.9030553884918362 0.7877825735694906 -0.4298306142398651
1.7257762459562613 0.7935733313495952 -0.4003272687503632
1.5145861238162546 0.8281021151949695 -0.3616676961490448
1.349452123184765 0.8267402918219062 -0.33521658530920107
1.1845981874194926 0.8262967173406821 -0.3087654744693573
