-1.606836479172948 -0.734633642242656 -0.203591367132554
0.4431806529781497 -0.8728290170809174 -0.025634786016831335
1.4823704681286571 -0.8388662904249529 0.06290958272706515
1.6986455377575567 -0.6571952473728366 0.07853505956422335
1.8126980791849405 -0.4571850545627658 0.08504531728517062
1.8394079913667412 -0.2406268735698216 0.08374307500611788
-1.462506621002909 -0.782386606669041 -0.3171630109618997
0.6165424757037457 -0.9256341340401324 -0.1326241697143411
1.7338043270886985 -0.906338782614803 -0.035031339056382116
1.8372452737600398 -0.7043244990995756 -0.029264947302231725
2.073416288263857 -0.528189509477345 -0.011520406134018835
2.0656625631261747 -0.30587084783436147 -0.015956422216782506
-1.3609302275599262 -0.7529024015789876 -0.4237504209350442
0.9136252951552137 -0.9334176052463174 -0.21750452173460477
1.8738733034059933 -0.8868972539074012 -0.1324730123351907
1.9039581864329307 -0.6715696113213845 -0.13337757242430204
2.042386962191749 -0.476996850225893 -0.12433149469603055
0.27677881971050766 0.04429739837742375 0.608018854730239
2.1814226890909296 -0.283249946450999 -0.11528589380491727
0.23679121701389505 0.2798646335478292 0.6015124117065573
-1.4702818023598567 -0.802058307671853 -0.5480027402709817
0.5444853563535332 -0.932968591560277 -0.3622260297607278
1.7495907478679769 -0.9291923451437523 -0.2525115217040872
2.0242004928084114 -0.7593267723395378 -0.23038437021482938
2.1574345421081915 -0.5641352143662797 -0.22162582529295438
0.423160287913781 0.45994638560991064 0.5119128023315573
1.533039509582153 -0.7327983578566446 -0.3856487478088235
0.3870907052545931 -0.5078151914117157 0.40052507268678195
2.057605978950164 -0.6101541164536037 -0.3391509260009622
0.6388283753747075 -0.32919908889238414 0.4177303110290671
2.127767967702404 -0.4029984577959702 -0.33633329523313993
0.6219430667445565 -0.10003122113325524 0.41292856084596163
0.6213748300426332 0.8070435102337257 0.39852426397096163
-0.10576540999099393 -0.8704298899618372 0.25417898046266085
1.7799547494343955 -0.9878645760471034 -0.46800806177366727
0.6841659499627042 -0.7873074785433367 0.3167290483642722
2.024968098541997 -0.8124099238938989 -0.4479170049499368
0.802775370217617 -0.5843039097176721 0.32326982366334445
2.172670799902093 -0.6199231764517261 -0.43739320886839383
1.2042213963212305 -0.847930670866802 -0.6355843747924661
0.8121369710257085 -0.775957226286895 0.21574352132569796
1.777392584594736 -0.731910492945147 -0.5824961866210794
0.9013810209413506 -0.5679450297809225 0.21991870748292452
2.0475497766596575 -0.5619230426898874 -0.559604665167222
2.137400635974892 -0.3585530636130905 -0.5547342504333352
0.9298142150112625 0.7562659224647952 0.20071266042481906
0.8461446822804461 1.0118131547706426 0.18943975316773898
0.26529657510439364 -0.9687670379324285 0.06147048818360812
1.4950188291687851 -0.9779494897517527 -0.7155151571105813
1.1233425524268057 -0.8990227650347418 0.1326484476257468
1.2562409058347228 -0.7002403450044721 0.14074704992066867
1.29187178778664 -0.48367231453516446 0.14032075750123507
1.3282722883433564 -0.26722300480778216 0.13989446508180148
