2.0943568365915937 -0.3862623407389947 -0.46592852948507435
2.102610317720753 -0.1226526278621165 -0.45637938855489857
2.0889063146951017 0.13105467581970132 -0.4490008103688634
2.0347203346538763 0.36756270747267905 -0.44552848218282826
1.8659877533840188 0.5573614858410174 -0.4529070603688634
1.5498701582188517 0.688687831165538 -0.4741754281361974
0.9514966768896898 0.7097831536939303 -0.5219201791127599
0.5001108479466438 0.5305615219362636 0.4053845656076991
0.3593856817231398 0.7374492922007008 0.40136578203836315
-0.7566361748616259 0.5653759264784028 0.32062962176004284
1.8477637115239318 -0.5152018968468823 -0.623626207097379
-1.3720418945082713 0.5942710333275905 0.2793483984629237
1.0562764691035085 -0.6506910861907897 0.28792955996194713
1.8417470886823892 -0.25646482673647597 -0.6151976334889806
1.1098622931467332 -0.364546945058418 0.29989817263284557
1.8505665021279185 0.007697611035197838 -0.6054386842091954
1.1231445181676065 -0.09615347371966365 0.30850079180398815
1.7867126859699027 0.24126829622147028 -0.6027769791921056
1.0867143214815087 0.151167623384314 0.31298878313699596
1.6821824729622321 0.4581193463929871 -0.6041078317006505
0.9910971905953403 0.37421942542793474 0.3126149428049647
1.4998233481640213 0.643837970559872 -0.6129798638661779
0.7804554410264757 0.5514761026527388 0.3028908026377284
1.0958288678425134 0.7422183828679856 -0.6431450593312658
0.3615331753174331 0.6475571387365804 0.27633478762307995
-0.22933738383721902 0.6791711090146961 0.23594000460306042
1.507231027420545 -0.6577150904351186 0.19710686327615612
-0.871940736609119 0.6948268952021408 0.19143107058206432
1.5882056442297667 -0.36123652775303583 0.21165087343850963
-1.5105676011311857 0.7164456513436903 0.14729645373025768
1.6013710380918056 -0.09423969550140043 0.22045328737893932
1.455096146157203 -0.10242632427376464 -0.7635316598256505
1.587940302356273 0.16100071756930845 0.22695973040262096
1.3770470754268302 0.1268569114350342 -0.7621741044362462
1.5200775445121906 0.3935304436955249 0.2288732779184901
1.2951899619067575 0.3544870663658415 -0.7612700211842931
1.3050173782444432 0.5667769056256162 0.21854021670022838
1.4175286688648328 0.6638660642156893 -0.7404641854604161
0.9282297500119228 0.6767583408775444 0.19481089235940807
1.2311151725412515 0.8490616682112169 -0.7499627816518224
0.3705114258313955 0.7178813559885917 0.15615561129251354
1.843190570002605 -0.7899659655979399 0.1076426756540858
-0.23415778983667224 0.7444964825436102 0.11367323519388073
1.9142248752512074 -0.49790442482771624 0.12170269610086315
-0.9092057510996909 0.7481323648125837 0.06544973971048229
1.963526029861363 -0.21628297234425276 0.1338100683847987
1.9541450140226075 0.039883278760470375 0.14084007860818737
1.8950451125703651 0.2750003998667232 0.14357378603616588
1.725951739679303 0.465225350007632 0.13693430544534557
1.4464094218443933 0.6117255011825904 0.12092211367288463
0.8752997569477117 0.6438185301257278 0.08030417086282604
0.22013987385270184 0.6467208204167711 0.032656217829378775
-0.3103568714299172 0.7027541532213029 -0.004446481450406381
1.8948986255639966 -0.3220543856467373 -0.007467721684781381
1.8804914869871965 -0.06748115677298827 -0.0006656396230138029
1.862492302329585 0.18498194471127505 0.005736376063021353
1.780833970439275 0.4109382445205867 0.0065369856516444
1.681501277087179 0.6297013701631862 0.005736376063021353
0.8638884331888761 0.8230910146397576 -0.04948089001974232
0.25068301495318224 0.8437789132742708 -0.09469458936056263
-0.4468289622756316 0.8360796848852843 -0.14711091397604115
2.0887004271208767 -0.500165451555528 -0.11954162000021107
2.101133074864478 -0.23442946138549914 -0.11013839124044544
2.1008308410849565 0.02515233639638126 -0.10196206448873646
-0.1667003898465822 -0.4606731179207948 0.7058382284800135
1.99556527056901 0.24084198533804368 -0.1031884896596349
-0.1303203330651428 -0.1790454072029526 0.7153363478342616
1.8079458283902028 0.42313075633587616 -0.11177394269308216
-0.12057211349436159 0.09087887195595812 0.7227988493601405
1.4729187446981342 0.5468168451398121 -0.13344142316183216
-0.1561157986944579 0.34204499691757206 0.7268696081797206
0.915816675544761 0.5839126681611155 -0.17473266003927357
-0.43685120348020234 0.4966502490973852 0.7129621756235682
0.27475679398718 0.5916396719973456 -0.2233824479421056
2.005452770232168 -0.4950649451122793 -0.246698831303922
-1.0893679838647614 0.5085453840646394 0.671917940394076
-0.39488427738832854 0.5926447422028929 -0.2744855630238927
2.0546711727612745 -0.213716609446589 -0.23375556348165638
1.9531964081591084 0.004006657028586602 -0.23459050534567005
1.930819517749292 0.25426948886027745 -0.2283277261098302
1.835562598193981 0.47435666226565587 -0.22874495862325794
1.7688011503869703 0.7059483852636284 -0.22665736554464466
1.2862722762472742 0.7717722012404842 -0.26214692471822865
-0.036800196064490365 0.44334458331812954 0.6134815466562831
0.780270789385682 0.8315256144363516 -0.2997236001332677
-0.21502607508807614 0.6376468798028014 0.6068711531321132
0.12536910670432633 0.8365431144508584 -0.35066077588400013
-0.9415599707814408 0.6203711010099369 0.5592074644724452
2.2305844083773323 -0.4638105517500897 -0.34898755429586537
-1.6503789292189879 0.6149929189862 0.5129347098032557
2.137433555360502 -0.24288948337822092 -0.34898755429586537
2.123269639381732 0.010858643619847896 -0.3417410600026525
2.1100977030242447 0.264377096133547 -0.334495519383756
1.8441646378598335 0.4142867953377589 -0.35069224713644154
1.5045987758114236 0.5359297215824341 -0.37370726941427357
-0.15661520118264605 -0.12076232531855169 0.4670739424387538
0.9430226055687427 0.5709546667005938 -0.4171814668019689
0.05716165218697711 0.23048993008743324 0.49061110140481823
0.25118718939950213 0.5583131383208944 -0.472589944585172
-0.14487494543695334 0.4150186573390293 0.48205187441507213
