0.4924068912167314 -0.8484528184024995 -0.3436157883587678
0.47305356975852675 -0.8153492417644941 0.40551112280456225
0.9013915706388502 -0.8257886375463244 -0.3267531575146516
0.5492843167082846 -0.644143102140589 0.40224359617797534
1.4373882999563143 -0.8631082172983398 -0.3021197499218782
1.7452775200794513 -0.8006270270888223 -0.2912442864361604
1.9486369753930681 -0.6921623174567273 -0.28670312776001294
-0.05838014599958541 0.2535009175146712 0.3541433630999724
1.9754802387415857 -0.5030700891223461 -0.29294754876526197
0.5111111107675015 0.19971392903284624 0.37319086180297534
2.043772628091034 -0.332907245871759 -0.2967064560833772
0.6316042419317824 0.35173257548240855 0.37175510511962573
2.090092809766677 -0.15231177562942833 -0.30185629739197095
-0.036831136120639485 -0.8796760608974594 0.2973623095568816
2.128082694501561 0.032518337002080955 -0.3075685681286653
0.5537460694919574 0.8065662850695929 0.3541140376147429
0.5145895229231705 -0.9161820913015433 0.3163604556140105
2.1352746987492175 0.23247482268838837 -0.31523563279541333
0.5996003980143847 0.9947866772844023 0.3491222678240935
0.7743926670567625 -0.8411959515661422 -0.4251375378552278
0.6406755017757781 -0.7674589294065228 0.3154594718035857
1.2376861257822576 -0.8447795301548311 -0.40419508828552564
1.6548899307761147 -0.8307350084969798 -0.38605286492737134
-0.02493266378385428 -0.05532881723403449 0.27019475088683764
-0.009648917939969692 0.14669131798589774 0.2638563929614226
1.9665156913697466 -0.57009124503724 -0.3824765862408479
0.5960475316495071 0.0767008370703195 0.2855658351000945
2.0662508583783357 -0.41466067591209566 -0.384249228376468
0.8882089188212099 0.1483224831203671 0.29242942915527026
2.139383196999418 -0.24692370051282353 -0.3877384842816194
0.8547818738656829 0.37120423314596707 0.2837354956683318
0.07256130401626493 -0.8766014427387461 0.2063321887072722
2.158980967248393 -0.05377163963072462 -0.3946676434460481
0.7681662599253514 0.6202783426698417 0.27242324934569995
0.3998900652977717 -0.8149970279897545 0.2153177081164519
2.11180247719431 0.17183402291005478 -0.4059093178692659
0.6241095661094072 0.8982856640262682 0.25826404677001635
0.7681025224389302 -0.7737151914173168 0.22634504423705737
1.9981944660236586 0.43059332293533004 -0.4214763821545442
1.2840270940885645 -0.8155322248516441 -0.49596526040466626
1.040345192618343 -0.6916894809247793 0.23271034346191088
1.88582020704294 0.6904055556194848 -0.4370713414135774
1.6829911643527495 -0.7936731722297949 -0.47833754434021314
1.1670239836249898 -0.5451990583477624 0.23193095312682788
1.2260365641631985 -0.3680912567716206 0.22779081450072924
2.021991801533126 -0.5459230204673986 -0.4726882161084016
1.2811552129316155 -0.1890344178677239 0.2234206019457976
2.081093989071853 -0.3717187829828603 -0.4770665348950227
1.2962032020652288 0.008920734550109444 0.21702144728271167
2.118263354589601 -0.18702388991277274 -0.4829247178021272
1.316569170412759 0.2049167505919769 0.21083615408507983
0.09532949474603214 -0.8974767894512752 0.11338613615600268
2.156132126317136 -0.002314950101926172 -0.48879100694092115
1.3332076146005747 0.4031912192524416 0.20441506491271655
0.5094077958831384 -0.8742178288927747 0.12725637541381518
2.1407127017113723 0.2082873412394548 -0.4982116402569612
1.3371211685756492 0.608109551095815 0.19730542288390795
0.9639392359879189 -0.8961779547018764 -0.6007919491711458
0.881984438973177 -0.8352784328524834 0.13908026800719897
2.067774792191699 0.4475248029067487 -0.5114932240429719
1.3768134461586676 -0.8780718596099888 -0.5816762627545198
1.1813395773720181 -0.7658945032446596 0.14722202406493823
1.964530836466789 0.7028811460043087 -0.5268712223950227
1.380538458380709 -0.652918201869717 0.15027163611022631
1.461875743619565 -0.4869702782799479 0.14727638350097338
1.5437873460332092 -0.32132413926686354 0.14427946196166674
1.331681864767571 -0.04315601696525562 -0.618229884046634
1.58553332062489 -0.1369750283703155 0.1391780196246306
0.9545208183819973 0.3395712734458911 -0.6521492184582551
1.614418914706242 0.05374553588548281 0.13336752043334643
0.9852282735764994 0.5325929218754837 -0.6587791623059114
1.603467433682873 0.26382051405821016 0.12543938742248217
0.2109228378452741 -0.7945362299780214 0.019592267137447994
1.2507503240517792 0.613566086928806 -0.6495979012432893
1.5888856696021314 0.4764073656787886 0.11726258383361499
0.6386499408655588 -0.7786274614452537 0.03484867201415698
1.3634689238006423 0.7668123216307734 -0.6507482708874543
1.065868578285361 -0.7654367562769622 0.05014918432799975
1.126752830596235 1.0901511883380408 -0.6756744564953645
1.4243445312175957 -0.7240544990297764 0.06187365637389819
1.6553292552586214 -0.6267725633891743 0.06686661825744311
1.7548894140988942 -0.4701637018339895 0.06486104117004077
1.8685494068142923 -0.32031440176944415 0.06358311758605639
1.6132237169889798 -0.03219638248254597 -0.6980698288861116
1.9284264695310362 -0.14549759161923959 0.059396487337032955
1.7283088337927808 0.11790414396117654 -0.6988096417370637
1.9799209488144704 0.03344615874190282 0.0547194300707976
1.7763142592698564 0.299741129560644 -0.7042391480389436
1.9780177698084103 0.2381652138582453 0.047117692094723385
0.45200338475642354 -0.9524596364432085 -0.05974366082580884
-0.11192234945769641 -0.6903172812158687 0.6680795966204802
1.85647773180008 0.46634456880340025 -0.7074833096447786
1.9364921172938026 0.46270967372195315 0.03731201277343432
0.9158055924098356 -0.9532563818181146 -0.041808861631472904
0.03780316198925249 -0.5494848559091281 0.6676523505267302
1.9641453285674473 0.6195819888811656 -0.7088487328472932
1.837581707237085 0.7162474202652334 0.024317723375240963
1.3562099362721867 -0.9468257040556551 -0.02507378472717603
0.14686547237880987 -0.39105091906119327 0.6656129180010955
2.0319819889897595 0.7921230128338337 -0.7130367936077913
1.614023338393988 -0.8609602560067131 -0.018292445081790287
0.16081577572312966 -0.18988439884201114 0.6597895442065398
2.113860001369492 0.9578338291897879 -0.7162864388409456
1.740082032816293 -0.7165483954349341 -0.01874758614929517
0.1619290573249188 0.01767358079691661 0.6534137545642058
1.8484180744067515 -0.5643918472449343 -0.0202017010632356
0.12758314707523866 0.24222972318527525 0.6455776511248748
1.94817937993988 -0.4085233673338635 -0.0221550644818147
0.12139289754021831 0.45465504041836624 0.6388110934313933
1.9670436376601188 -0.21493238198269182 -0.028629797834475834
1.9912045620797088 -0.023337475748682834 -0.03486349000366529
0.49391749212894354 -0.7463044578851736 -0.15952278985412915
0.19461794592922743 -0.5990630882674068 0.578796368699948
1.9845825531050103 0.18341654044389344 -0.042869585889895756
0.9486394352864878 -0.7446240090769791 -0.1413417042675813
0.2761523388768694 -0.42892940886112285 0.5756959734973113
1.8618375867816574 0.4468147941668974 -0.057444590467532475
1.4619135266076562 -0.7726103224086316 -0.11974884881409009
1.7044165895374448 0.7288077037135068 -0.07406927956970533
1.7427223983903986 -0.6981656716715676 -0.1113114537182649
1.860184477585932 -0.550216361818542 -0.11218573464783033
1.9599921606617094 -0.3943903936056188 -0.11409546746643384
-0.22545380448460506 0.6363243973545494 0.528327447038571
2.0060551629340715 -0.2135579263126246 -0.1191239537182649
0.07745718687380432 0.7059317305914661 0.5342919646319548
2.048289364103411 -0.03063279989905965 -0.1244197071972688
0.3757216061858948 0.7758523357600993 0.5400934039172332
0.08158410962215612 -0.9762296283306497 -0.26212217225464185
2.131772923439474 0.1328971795643028 -0.12737705125244458
0.5092324161542088 -0.958388598602518 -0.24487974061401685
2.1258611784088757 0.33947581296488494 -0.13555385484131177
0.895319049605483 -0.9250530968870976 -0.2299943150463899
0.3842679104426665 -0.6736325609314449 0.4922480403002898
2.044472475965822 0.5834901174649332 -0.14818479432495435
1.4724195603398584 -0.9798659697170464 -0.20385004891784986
1.9866251237362107 0.8173541684746795 -0.15953208817871412
1.7437165372665469 -0.9006231762239523 -0.19556095017822583
-0.7862059957442398 0.2686614038951163 0.4281477747973601
1.8741672120527255 -0.7587411394638508 -0.19554831399353345
-0.15633272727052372 0.19304635833798045 0.44874070273009936
1.9143322356484411 -0.5757429492151473 -0.20089270486267408
-0.33520345447803734 0.4856845194760666 0.4340977488574187
1.9914118691761438 -0.409585983537994 -0.20409728898437818
2.0464659287453877 -0.23310937867685766 -0.2086472691479524
0.40579234880699033 0.5616347493618363 0.4528496085223357
2.0931502490555616 -0.05246991399020828 -0.21374060525329908
2.050411473731902 0.17114954811532357 -0.2242264927807649
2.2155600460171065 0.2956355706831033 -0.22232987298401197
1.9005517381507495 0.6528445562929974 -0.24930264367492994
2.1710859811724674 -0.13126402431682038 -0.2906954468670686
2.1466364221835086 0.13712619630747724 -0.27072979821594556
2.1035776411902454 0.36525042038824296 -0.2546701611462434
2.009753335098342 0.4912107309031697 -0.2485935868206819
1.9234383597206275 0.630668949439027 -0.24121500863464673
1.8126010508216872 0.7216769187342038 -0.23861076249512037
1.7114223877882964 0.8306662754152612 -0.23427035226257642
1.5339493708368153 0.7946128942851232 -0.24425317658813794
0.7253605610682783 -0.7347406056943555 0.18683312521545092
1.3864707463531403 0.8165120036578557 -0.2485935868206819
0.63821274174148 -0.586852919336259 0.19340894804565112
2.190331905859356 -0.12212535504841071 -0.3679990948620637
1.1657845346794318 0.7029999995024099 -0.2663893879834016
0.7502217799388582 -0.06988337659714006 0.23067186461059253
2.1591224076106172 0.13284375029027018 -0.3489241780224641
1.0936485548758945 0.8664691282750354 -0.25684048547180494
2.0934874877059926 0.3164920778006106 -0.3369467438641389
0.9005605227513165 0.8071042824703909 -0.2694275559368928
2.02211624626311 0.4868446797007735 -0.32630040063293775
0.7549206110679414 0.8359083616468936 -0.2733338059368928
0.5888298775006326 0.5346132919910715 0.263915997606198
1.9357513706390073 0.6262607831968978 -0.3187592209759553
0.5874630026690078 0.8261054063214743 -0.28114654435547193
0.5535146382080605 0.7650306025375073 0.277432900529782
1.8409528559671458 0.7481665593943418 -0.31299211396606763
0.4172619195842344 0.8126974564808975 -0.289393443006595
1.7190508324503853 0.8173493443117366 -0.3125486554089387
0.2663305071950006 0.8347361659753858 -0.29416801347168287
0.006205899432657702 0.374329478159801 0.2328636466082732
0.793167399556264 -0.7137617863438521 0.11702678785888354
1.5764723580194016 0.8473257880767449 -0.3160975159588655
0.10545165649947208 0.8400886310184674 -0.30067850961120923
-0.1044917007329289 0.47151303816284695 0.23505590544311206
2.287520179943428 -0.17990248177806478 -0.4404094399395784
0.7621564728684795 -0.46041490807591856 0.1327357111987273
1.4057768938464186 0.8251166559216827 -0.3249695481243928
-0.060596628027084876 0.8374876009157077 -0.3080573262158235
-0.2246903569307257 0.5517291985186716 0.23578641996947924
2.257777045660287 0.07942119369419487 -0.42050816430481275
0.8693155855110319 0.04757090295341726 0.1701381026324431
1.26769067249705 0.8650887099207907 -0.32763101472290357
-0.22691170305049013 0.8356155847333469 -0.31543590440185865
-0.34457946853010313 0.6323487745526108 0.23651693449584643
2.2184445453455908 0.31626451385035637 -0.40286876572998365
0.8256589554238438 0.2692579779413222 0.1832287131365935
1.0323949618984045 0.7260514327629863 -0.3484804810467561
-0.39850380075218794 0.8258698678374188 -0.3236828030529817
-0.4641537499015378 0.7133706864725653 0.23724768744079272
2.1310028588596026 0.455227461974971 -0.39517976655395826
0.7904660285620473 0.5039396456134639 0.19744203672973315
0.9415384092910344 0.8548413463300193 -0.3422701538983186
-0.5603168195668395 0.8340616635096794 -0.33019329919250806
-0.689610435815009 0.6142684070910178 0.22263477430907885
2.082857095442833 0.6697305904391371 -0.3798017682019075
0.7542660775139431 0.7340490155105286 0.21128056631652514
0.7912733230647149 0.8747713304711411 -0.3471496285382112
-0.7274004956381575 0.8343839643057933 -0.3375721157971223
-0.8447914848989697 0.636407150040597 0.21825073347655932
1.9811947799925242 0.7779157318199026 -0.37527872933777173
0.6034292555403802 0.7546505500592247 0.20716641531554858
0.6433288454231203 0.8996728914848049 -0.35158564462097486
-0.8870719152489777 0.8482680540010392 -0.34364845170410474
-0.9642625186262919 0.7191204035952765 0.2189814864215056
1.8134204682472905 0.758267658737779 -0.38387252702148755
0.5424851665645569 0.9369152404740859 0.2168910323199431
0.4709877119919845 0.8817190011860845 -0.3604579152050813
0.9543596891075019 -0.6402108523284582 0.05427501783935229
-1.0109197052272094 0.9225685418873582 -0.34364845170410474
-1.0937042644294657 0.785148037592819 0.21825073347655932
1.6892439492502973 0.8231425816136948 -0.38387252702148755
0.05428334337868179 0.35895892883620917 0.16116164312926928
0.3031831408947916 0.8732161895233119 -0.36844255341919263
0.9231093791229021 -0.38718674060230995 0.07034967527953784
-1.2405025159906167 0.8227288967285702 -0.36144449128540357
-1.2747074900474296 0.7663950602275662 0.21021388159362475
1.5140548027672018 0.7916181491694516 -0.39382316483887037
-0.039263201148727944 0.48633953900347393 0.16602371321288745
0.15231935560163734 0.8957476556867121 -0.3733220280590852
0.9941805932431791 0.05479003231794621 0.10288141356078784
-1.4190366254077595 0.8090410477858185 -0.3705592335644563
-1.4300740776323764 0.7910082081506076 0.20583007917968432
1.3618681651133997 0.8048238964633541 -0.39925028695495923
-0.1544660874535495 0.5749865460354826 0.16751978979674975
2.262246043765092 -0.004568216595515651 -0.49856998338135083
-0.011026580780594486 0.8972982546159756 -0.3804199875775178
0.971362618990689 0.31576318937283077 0.1197213946398894
-1.5404015294738471 0.8894376436055609 -0.37012507333191236
-1.5907640937710035 0.8077832900732957 0.2007155238207976
1.2520156643838511 0.8975798823109713 -0.39653660668762525
-0.2393872684528766 0.7158229066836483 0.17350433455077807
2.177799288160962 0.1433072835347602 -0.48981120004089673
-0.1770947926650699 0.8952532938315372 -0.38796116723450025
0.9240093820445026 0.5282295466176663 0.13235114203063647
-1.7272134006566304 0.8644874655299475 -0.3805420578900178
-1.7647679275732422 0.8040750244796016 0.19377444372741381
1.0428308440667777 0.8068514126460684 -0.41281940354736646
-0.3712253593973358 0.7749314690450788 0.17238233671752612
2.168304972489551 0.43793815831249816 -0.46584011926086744
-0.34342769212768687 0.8939341642566987 -0.39550234689148267
0.8468350293559617 0.6837128998124129 0.14000580893127124
-1.9118216019051815 0.8446304888975362 -0.39052512063415845
-1.9549463827381999 0.7757916840402288 0.18464134321777026
0.8829720159797247 0.8088886153146646 -0.4196038426342805
-0.5609213237996578 0.7356142116949584 0.1626577197131316
2.0656335614194923 0.545927492147591 -0.4612300576153596
-0.5175913099852778 0.8804616016129998 -0.4043746174755891
0.7729155383718584 0.8436603653710932 0.1480428992327849
-2.1021530947751295 0.817208474687078 -0.40137602700622876
0.7253039569871937 0.8159693458420207 -0.4259360016766389
-0.6800852967665882 0.8173575868601688 0.1634056387957732
1.974878865003948 0.6763278148855889 -0.4543154419842561
-0.6819441351786715 0.8849200727848867 -0.41147210015686353
0.6659845993244708 0.9426719992207424 0.15072200880614917
0.5601829903536597 0.8106639103266957 -0.4336247624340852
-0.8499927802781535 0.813836641580167 0.15667317495910327
1.868761050329816 0.7759910103953231 -0.45062758340271314
1.346434881397677 -0.21494649105358832 0.03207038031188647
-0.8720583096685957 0.8473291039273079 -0.4230058373394807
0.5668153097561976 1.0550487786067322 0.15454934225646655
-0.2999716999164974 -0.4778838559125589 0.6113440810259978
0.3996597690259378 0.8147653937282584 -0.4404094399395784
-1.0099046157558682 0.8281745524675799 0.15143678770629565
1.737720869070273 0.8274357231770892 -0.4520104111615022
1.2720442170024455 -0.04686782111952681 0.04105327711669604
-1.024159328924334 0.8746394339846972 -0.4278853119793733
0.05890583583208908 0.4426823513799505 0.09446142302123706
-0.4456308967363647 -0.43604124154183665 0.6091525374468962
0.23892565454370995 0.8195528111232804 -0.44719387902649244
-1.1673922613098142 0.8474587501114073 0.1465747176226775
1.5975185952018087 0.8617529374577018 -0.45523740662964185
1.226522823743533 0.17417466993291697 0.054722529512325924
-1.2099127394176534 0.8472292408171498 -0.43853189362915357
0.06926743924058343 0.7519849201166409 0.11551139937011401
-0.5245788787686827 -0.27654493389266577 0.6154138861712615
0.07551567043462626 0.8207090340913794 -0.45443035973938306
-1.3353962633843395 0.8503849160281405 0.14021633253661792
1.394165543111928 0.7779547780778415 -0.47091104401977857
1.140143114359823 0.31589677963076923 0.061362010103146236
-1.357144292973242 0.8844140712491111 -0.44252445115478833
2.1497842297393923 -0.3248126978706054 -0.6017909230175813
-0.05244335403436651 0.8272653193269903 0.11589382277099292
-0.5529839082572359 -0.03038742787487081 0.6279372988757292
-0.09309432482504576 0.8139372802656268 -0.4625716389599641
-1.5088661793477662 0.8455571862106837 0.13310978994933764
1.2912502816149356 0.8837666623583615 -0.4667620839062532
1.0969700705782444 0.5368312001769482 0.07503173933593432
-1.5331203088027117 0.8755598077302764 -0.4513962449017366
2.2043765037265253 0.10398296639063886 -0.5632777394238313
-0.19383830076386133 0.8684460337314661 0.11321471319762866
-0.682401476788506 0.03842691970984902 0.6276242552813689
-0.25700626114890923 0.8165244213671414 -0.46980859651001294
-1.6800047171382175 0.8457470125760906 0.12637732611266772
1.1011601458598257 0.8278708658734715 -0.47966958894165357
1.0194912889243462 0.6918687959918941 0.08284280882445971
-1.7488396373488584 0.8040421994133027 -0.46692230119140943
2.109297520145077 0.22971779868815645 -0.5567023934307893
-0.4281094051215675 0.7508319970115309 0.0963752089556853
-0.7839271528829386 0.1551242919852669 0.6307549296435515
-0.4261677688768266 0.8112239944542381 -0.477949875730594
-1.8329165784038643 0.876298211110111 0.12226293669311206
0.9342941187156448 0.8165636200694877 -0.48796727075012525
0.8879220819472771 0.7463908107841775 0.08167098150817553
-1.9336136543676794 0.7842562639714714 -0.4771254242840608
2.1006514047748155 0.5242690018080651 -0.5322795094433626
-0.5068264659111783 0.9008930278170482 0.10326407538024585
-0.9101950402737771 0.22906709008535842 0.6307549296435515
-0.5981412378124524 0.8023876262029432 -0.4865431965771516
-2.0151039959535915 0.8610743626380781 0.11403439627257983
0.7887203639734786 0.8452468129005908 -0.49211623086365064
0.7492841151720739 0.7882912554124317 0.07932756529418628
0.04896011859988292 -0.4836989727088934 0.5480062781390349
2.0120221264206997 0.6590021351368094 -0.5247645558300813
1.5145319281028833 -0.29467175058351813 -0.0469813527050813
-0.6787743063116594 0.892370784622905 0.09599230871764819
-0.7018195817702306 0.9099356839535488 -0.4829251946392854
0.6213744652609989 0.8353370667664777 -0.5004139126721223
0.6252202251053411 0.856877762137529 0.07932756529418628
-0.031104818635597553 -0.3254116072139155 0.5544419108447234
1.9058043695900615 0.7585467156424102 -0.5210073174420198
1.476061246693476 -0.05614338810530484 -0.031376618284304936
-0.8356993864816609 0.9102984045135187 0.09101698980895678
-0.8740183589268078 0.9023952551013821 -0.491518515485843
0.4464236537726016 0.8131258930846315 -0.5100946606579622
0.4356602641284013 0.8084557198788787 0.06878254995910327
-0.1590541249097619 -0.2540931666709767 0.5544419108447234
1.7747160226771648 0.809856729869523 -0.52241637124451
1.4113378759440636 0.12919083485722638 -0.020572918790896733
-1.0698822123182303 0.8007577214411867 0.07455967054931323
-1.0285279189904095 0.9254760395251509 -0.4969461144390901
0.3077684732872754 0.8567546771803762 -0.5128605545941194
0.26512311070807115 0.795653281557378 0.061362010103146236
-0.19356608702335265 -0.01719670374901483 0.5666699229296843
1.6321673889143966 0.839628853674327 -0.5261738480511506
1.3500014226389823 0.3189415444263872 -0.00936962975891431
-1.1628638335482897 0.9268404640088121 0.07915232763854663
-1.2632997950240394 0.8172835791966833 -0.516394871610721
0.1322639614136918 0.835997382167406 -0.5225410641613801
0.11396978058137108 0.8182700528706235 0.05706594572631518
-0.24888902703545313 0.1804548256845777 0.5760018645342986
1.503608796556403 0.8963412534869306 -0.5271129788342317
1.2687168303171177 0.4690686991209887 -0.0017669381085236857
2.258231795038217 -0.4095812254840041 -0.6765406311932405
-1.3384480485484964 0.9170403073364852 0.07149789915649096
-1.4314625706091668 0.8207060795776471 -0.5240836323681672
-0.03620204057967058 0.8289938586811161 -0.5308387459698518
-0.03478473630983103 0.8458369185453805 0.053160410982052486
-0.29811409145483836 0.38670987880808383 0.5859775363024871
1.3141238480665507 0.8394188045290676 -0.5402639092388948
1.195307898408739 0.63249916472693 0.007035714250485103
-1.5719104704616598 0.8146647122070476 0.05542348013488452
-1.539711620993689 0.9223285074766068 -0.5213701905194124
-0.20496651851429348 0.8227327048527684 -0.5391366661969026
-0.20105814961740975 0.8438049703577235 0.046520930391232174
-0.41358209347678354 0.4762356020735794 0.5872647582110564
1.161850754640124 0.8534681464804592 -0.5459001244488557
1.09201456486743 0.7389939687126557 0.010636788469235103
2.2179258797923893 0.14928427430654523 -0.6301400841656526
-1.759001655211872 0.7897151558779001 0.04623792753783862
-1.7632464595515316 0.8382400162631853 -0.5385570706311067
-0.3690097204090357 0.825816067087537 -0.5465123833599885
-0.3500253855500297 0.8726418021818105 0.04261539564696948
-0.5588343377519571 0.5143898843275849 0.5846903143939177
0.976126536290888 0.8069495415752286 -0.5581112088147004
0.9582350895769096 0.7888756399406134 0.009036284547726314
2.210459652934013 0.44824994768885773 -0.6047866524639924
1.9005653842517916 -0.1658723365910859 -0.09553291215332349
-1.8724643070160205 0.8839630051538236 0.04776881323424975
-0.5357994380367082 0.8253267168130947 -0.5543492020550569
-0.5318696118137183 0.8462142701860245 0.03363249884215991
-0.706595641089848 0.548826585638821 0.581794243913571
0.8209823953079578 0.8180159987921911 -0.5642173470440706
0.7981827929683192 0.7912056520039812 0.00303433523742358
0.13215742589276758 -0.42149238473332673 0.480607253175656
2.0964855385494303 0.5339162232702961 -0.6023950756970247
1.8409803600291603 0.031939584472056026 -0.08326818360718091
-2.0786379838000215 0.8309922301031207 0.0359043894824187
-0.710451474505529 0.8127179201621288 -0.5635686100903352
-0.6658866728398252 0.9021159712287101 0.03207038031188647
-0.882341009553528 0.53663386153071 0.5753583727893035
0.6946078666322784 0.8819964319727305 -0.5646870316449006
0.6789564722344785 0.8683447999723697 0.0038347064074675252
0.11988580938442439 -0.1412448994425759 0.49647114859191577
2.007895390853445 0.6686454923284515 -0.5947411240521272
1.7825494761519387 0.22971395206492673 -0.07100321664245923
-0.8854494442503515 0.8008887192377259 -0.5727884949627717
-0.838088601226648 0.8943242766448876 0.02464984045592944
0.5320543465374783 0.881226711945061 -0.5722015084210237
0.5090096156519515 0.8544967262440011 -0.003767746824343998
0.09959627378461278 0.12121599075089762 0.5110132514056365
1.8971351532955119 0.7593568997153355 -0.5918710411969026
1.7069353474936726 0.39204628957504184 -0.06200935258301099
-1.0659153741373082 0.7813225592598201 -0.582930344480594
-0.9977549964982835 0.9086574732793977 0.019182187181393306
0.36682072264565235 0.8768252859271684 -0.5801859082165559
0.35583687597304703 0.8718037017823121 -0.008569497007449467
0.04172697938204095 0.3138016519628195 0.5202672301348845
1.7614420912240867 0.8018794918981769 -0.5942628563824495
1.6230047451000935 0.5368016910952846 -0.054650563139041264
-1.210638010293902 0.8221905857098974 -0.5866179646435579
-1.1808434549123703 0.8853101898995277 0.010199290376583736
0.21358932160911337 0.8947884728434303 -0.5858221234265168
0.2123851865873867 0.9070875755416452 -0.011770266431887944
-0.01257704929189174 0.5106930313711118 0.5298516570147673
1.6258241581279655 0.8449180861867376 -0.5966544331494172
1.5096691152461297 0.6243872215709487 -0.05260636224182447
-1.4124551289281406 0.7701620111077716 -0.6004476727429231
-1.3591502791121144 0.8713198700985885 0.001997691255489986
0.04541718676551909 0.8874647469275345 -0.5942764462414583
0.012012008115032557 0.8434418593549324 -0.024174231428225834
-0.1326510634829532 0.5906029116897429 0.5305125533160369
1.4599210222028134 0.8313231465725224 -0.6052649201336702
1.3897018147303726 0.6991256107950221 -0.05178882493408521
-1.539181106312057 0.8420578492227051 -0.6009087742749055
-1.5404389727962844 0.8538985235111767 -0.006594675916751225
-0.12554272572059233 0.8765684784988892 -0.6032002152386506
-0.14174055473213798 0.8627958389526071 -0.0289755047741731
-0.28980944800576225 0.6060880056587834 0.5262162505206267
2.147616589998446 0.058652312099191306 -0.7124364556256135
1.3054510775876906 0.8403935246770402 -0.6114838303509553
1.253560446908434 0.7435169185662218 -0.053832787412722904
-2.2905327273904916 -0.09237809352310933 -0.7110839070263704
-1.7010697168481883 0.8711928469158963 -0.01206256760986646
-0.2893152492368891 0.8793528941531221 -0.6107149304333528
-0.3006118546992873 0.8741749542243866 -0.03457738770874341
-0.4546265963936058 0.6092978153263644 0.520928126436154
2.1040284810685783 0.2866988367968304 -0.694415825742801
1.9281220532440777 -0.06145180705697584 -0.15853096856506665
1.141352482032584 0.8325996563344091 -0.6196160496655305
1.1056493263407958 0.7664996307875427 -0.0579209507885774
-1.8909337888134665 0.8426897310078942 -0.021826285261233647
-0.4684179966981148 0.8570731269187775 -0.6210477532330354
-0.4772954617608569 0.8561294500243974 -0.04297997369201978
-0.6146284072022183 0.6218274191697262 0.51630113707153
2.0550346023488935 0.5013022678736263 -0.6778562249127229
1.8666961849720458 0.13176268509404565 -0.1464228810253938
0.24163626839528973 -0.3109031022085702 0.41726158247558276
0.9579266845862549 0.7905464592297875 -0.6315751255932649
0.9600545801877161 0.7944534083180912 -0.06160046471985181
-0.6428648569287567 0.8441884008882283 -0.6304409684124788
-0.6213960432306465 0.8946720403105743 -0.04618098153503736
-0.7671819569375309 0.6479265986927913 0.5126654921588103
1.964085304102042 0.6317203206091335 -0.6705506028118928
1.7995582637251815 0.31166548141535344 -0.13556744470032056
0.24639541616735272 -0.00038030701123403787 0.43591783629028
0.8051168557880608 0.8060586030882035 -0.637315052885135
0.809617570912021 0.8142560808788843 -0.06609751595886548
-0.8201986153088434 0.8278119499038112 -0.6403041066113313
-0.793539543217431 0.8866811980650979 -0.05378343476684888
-0.9402325137644851 0.6403674607907064 0.5063862620410124
1.8715358232239119 0.7579171354983458 -0.6637318314495881
1.7219861823705607 0.46948075267442135 -0.1267996014538606
0.21667445695825904 0.2442950505640482 0.44948623762694995
0.6353012931091584 0.7917211852115074 -0.6464040459576448
0.6735772848543533 0.860840238621499 -0.06814147843750318
-1.023515209436109 0.7695551958869018 -0.6548643292370637
-0.958296050101012 0.8922834602635703 -0.060185212034304936
-1.0904786768584387 0.6720810161612434 0.5030813036975066
1.7381318322521686 0.8049469656201822 -0.6656801880780061
1.6198895795777624 0.5788283264488285 -0.12262417687805494
0.18352571504895465 0.48002789898666265 0.4623758612689177
0.4700043046241582 0.7868343910729365 -0.6545360268536409
0.5011759947257843 0.8426659999036232 -0.07631828202637037
-1.147635072392891 0.8443297376878576 -0.6548643292370637
-1.138746979377359 0.8730198309571549 -0.06898810281189283
-1.2588465279444065 0.6745198778872279 0.49746249304382006
1.6025132160223627 0.8480765520682638 -0.6681151570263704
1.5229797880292892 0.6972656325726874 -0.1176140488568147
0.06084635141249706 0.5549335190466564 0.46271513090697924
0.30931134186836573 0.7913380907338947 -0.6617117108288606
0.3381906931612626 0.8426397277520792 -0.08285929574402173
-1.2740887721734033 0.9152875811869379 -0.6553340138378938
-1.272887001332478 0.9311766699201485 -0.07058860673340162
1.4435980412257443 0.8477790584896923 -0.6754210175457795
1.398591604598053 0.7631528904446583 -0.1176140488568147
-0.06650002477483596 0.6215957937627223 0.4623758612689177
0.13367025675727362 0.7705591400656076 -0.6717572392407258
0.18726268699697357 0.8649915958426106 -0.0873563469830354
-1.4498111313033313 0.906111693879545 -0.6647274674359163
-1.474731489390539 0.8794386333715281 -0.08259250535400708
1.2985694398258367 0.8744746389747817 -0.6798045815411409
1.2720806128656719 0.8250839805416987 -0.11803128137024244
-0.2035828957441126 0.6714117235995261 0.4606799899157683
2.156820882242716 -0.319470672038193 -0.24120308770569165
-0.2400902417561106 0.40498080783024903 -0.720071572202762
0.018923458261799198 0.8576854865932475 -0.09471513642700513
-1.6022789335799175 0.9358178244533804 -0.669893759626468
-1.6089647921594548 0.9388369089914193 -0.08419300927551587
1.1345588803813875 0.8667343667265754 -0.6880841435376008
1.1196969178776364 0.8392522759162375 -0.12304164781006177
-0.3706008493112023 0.6699668675041082 0.4549133597430388
2.1691945664990904 0.024949726303361786 -0.21435143365295728
-0.14473459155275492 0.8597499799877895 -0.1012563885632356
0.2979314054190141 -0.4495187192762913 0.33738134489623706
-1.8538987458646972 0.8211821612870907 -0.1025989235821565
0.9774104154550933 0.8728141897949016 -0.6949029148999055
0.962409748462381 0.8453067490551263 -0.12888695611389478
-1.0540740759693357 -0.2135386569339417 0.3796095667895476
2.1187132096331602 0.2398322537314428 -0.1998601139965852
-0.3086213809981224 0.8625343374026215 -0.10779740228088697
0.37831483157349055 0.001082190970954855 0.3676497756060759
-1.9937536981338546 0.8735466334289583 -0.10499956025513013
0.7745112066015452 0.7967091083599129 -0.7109754265728792
0.8001251280787791 0.843292752800501 -0.13556744470032056
2.037893862895018 0.39245916962457983 -0.19133569611938794
-0.467703489121547 0.8746200176226537 -0.11352087869079908
0.3022149759123387 0.16262037287652475 0.3749561129626433
-2.1949014904726916 0.8296392743371541 -0.11660315408142408
0.6545111565907398 0.8724866038684098 -0.13932492150696119
-0.957286202460466 0.5285139494019617 0.4264199553546111
1.9465421170050838 0.5230365247493651 -0.18494274033935865
-0.6345497903730646 0.8745207792325473 -0.12047125710876783
0.2950377146248613 0.44620871444145394 0.39200375662414233
0.4869791747571348 0.8631214444240314 -0.14684035195740064
-1.0771216927781424 0.6116196412738262 0.427098256212155
1.8673278607538926 0.6759398469546554 -0.17641808404358228
-0.804207058038422 0.8708702541787687 -0.12783004655273755
0.28959610107660794 0.7294053165619943 0.40905140028564135
0.3289243361267076 0.8718532148420053 -0.15268566026123365
-1.199215059851209 0.6908559501189373 0.42743776426879565
1.742864897783754 0.7406255071464614 -0.17641808404358228
-0.9690078112131957 0.8765187223495161 -0.13437106027038892
0.10874075029913399 0.6998065406429603 0.4010493575152556
0.1731532200053003 0.8855916286169503 -0.15811349763305982
-1.3702815411963734 0.6895319882431821 0.42133186445800463
1.5861465899149394 0.7440267784254075 -0.18238522424133619
-1.1443459784284151 0.8658341089163528 -0.1425473870220979
-0.15178462058407405 0.5324676041891152 0.3819141207751433
0.00485135900247613 0.8783673616269922 -0.16562868966492017
1.4385664618260101 0.7656850784206526 -0.18664767159851392
0.6258132433980386 -0.7500721627250257 0.2560925303515593
-1.405643315643971 0.7155376947987975 -0.1642153443280061
-0.2717498307676962 0.6128494402254034 0.38261006460754077
-0.16125225935935816 0.8762029909476823 -0.1727266491833528
1.3003135463913047 0.8055149870774656 -0.18920471085937818
0.5552307035170436 -0.5711285491810827 0.26500795469848315
-1.4829779623701889 0.8680666707120963 -0.15685655488403638
-0.3939202314079182 0.6893098334043515 0.38295791731444995
-0.3251154350422425 0.8790692472874113 -0.17940689935119947
1.1526408772877481 0.8283374855399543 -0.1934669197979768
0.6349337315852637 -0.11567118898771156 0.2963902770098845
-1.6749818485764116 0.8343045108317924 -0.16748573197754224
-1.2316892542141176 -0.4561563099088204 0.284498911958615
-0.4841622500192848 0.8912468294625953 -0.18525220765503247
0.9953753635278062 0.8342553854413453 -0.19943382157715162
0.6054880595508081 0.1329055251102531 0.31101129637328784
-1.88067622674264 0.7803107760083279 -0.180159348386844
-0.7312235075732936 0.6845698880178475 0.37078092680541674
-0.6535195936256137 0.8869486211845086 -0.19276763810547193
0.8331251013100314 0.8321063506391297 -0.2062535466137727
0.5847394265727672 0.39435895983532276 0.32670257673827807
-2.0525221196479997 0.7821524340072799 -0.18751813783081372
-0.9296139736763358 0.6340189978759341 0.3606915293749968
-0.8206174832863411 0.8876730264829504 -0.19986559762390455
0.6802674972212621 0.84809215332767 -0.21136786355408033
0.5631569170614377 0.6511510391219488 0.34203718290893237
-1.0670336579258084 0.6870849523851135 0.3589520274218718
-0.9853882289442559 0.8934144764009488 -0.20654584779175122
0.5151493418250475 0.8429554597248128 -0.218613881010135
0.3900078504448743 0.63329199580987 0.3349048911151091
-1.1656375645701154 0.804695521831924 0.3624312697467009
-1.1478034411967428 0.9041300043425338 -0.21280862702759107
0.35220089800348475 0.8428872441039132 -0.2254331292095979
-1.3856641680537827 0.7223695141787942 0.34955833540527026
-1.325976333399833 0.8900338601940234 -0.22157647027405103
0.1939241133028453 0.8521901993557037 -0.2314000309887727
-1.5621548480543552 0.7134015183312954 0.34260008917419116
-1.4992852942313561 0.8852393237520602 -0.22950961007507642
0.03547130360291817 0.8621678357821381 -0.23736717118652662
-0.22076597703624046 0.42851187010266756 0.30066965208617846
-1.91747652705984 0.4168361696283256 0.3119840441760222
-1.7464190268414121 0.7626654021465384 -0.24913265122803052
-0.13310311518293005 0.855556753760851 -0.2450390042248567
-0.2514202827266523 0.6646698150412789 0.3142211257037322
-2.132581655375553 0.35084522058026124 0.3001546679553191
-1.8362298653369677 0.8948895582676855 -0.24370505227478345
-0.2969752691955456 0.858298201245205 -0.2518584908428987
-1.0300114854098368 -0.3886446893248987 0.22114394293395678
-2.0395733724069167 0.8460222749284014 -0.25623084916504224
-0.4585509415231428 0.8660615807463117 -0.258251446622928
-0.8657174909819183 0.1853205804144622 0.2625117121752898
-2.2248327166200284 0.8275936570389533 -0.2658336342755159
-0.6253973844383829 0.8659279574315448 -0.26549746407898267
-0.9842710980823419 0.27243034127644705 0.2635814963397185
-0.7975872903005587 0.8579727498992895 -0.27359535111816724
-0.9085881139902625 0.685615907670794 0.29175422773925463
-0.9572744282840553 0.8721505036933621 -0.27956225289734205
-1.0509620480805992 0.7300566985738399 0.2892579852160613
-1.1196975390741777 0.8827465084090917 -0.28595568551452955
-1.268137418034705 0.6512971529131875 0.27641962156860034
-1.323780366892482 0.8259746621306121 -0.29916860474975904
-1.4342012288909523 0.6587949460625993 0.27071378813354174
-1.4815988915941567 0.8466107799402423 -0.30470921410950025
-1.629195635512044 0.620272398385346 0.26108501539794604
-1.6605072135067687 0.8340290410576259 -0.313659685987552
-1.7984657363151335 0.6250801712866831 0.2550225077685515
-1.8555879121996597 0.7969034295431854 -0.3251676739636262
-1.9864536396040613 0.6010172234330113 0.24646375761596362
-2.048544055404733 0.7649284782630303 -0.33624913110168775
