2.3168980181236662 -0.23188820778664265 -0.07486313555810842
2.3311494997419615 0.068675855099805 -0.04106634829614553
2.2999976117303476 0.2989014623697628 -0.018449008208254902
2.2617786479160173 0.5165994222259833 0.002204239624997051
2.1770888029399984 0.6646488869846792 0.011674225586911113
2.0762096836572326 0.7883928101685669 0.017203152436276348
1.941886483793077 0.8635960689966033 0.014836609620114238
1.814058459435124 0.9348930433931066 0.012498677033444316
1.6452829673134204 0.9750315618922016 0.003543198365231426
2.438724670648483 -0.061857567446850226 -0.20437973712060842
1.456833764749355 0.9751363048812927 -0.011315524321536152
0.6690630163653211 -0.11389366600115736 0.5008443000498017
2.4148221915268806 0.18061814614280536 -0.17914122317407521
1.2680812430602728 0.9761282142332632 -0.026165663939456074
0.6357161382459822 0.11150808676975288 0.5197604301157197
2.3590115167141192 0.37356330743455857 -0.16199892733667287
1.0819269169818853 0.9820152377343092 -0.04035109255884084
0.5890673329040368 0.3165768272657701 0.5357654693308076
2.2428847115980233 0.47637041465207375 -0.1597139236745635
0.5581469080222021 0.5415798933754914 0.5547035339060029
2.146805001080935 0.6081356233111386 -0.15268868182275686
0.4403143560865317 0.646264904108719 0.5561197402658662
2.0907895824310287 0.7971691584675611 -0.13619154666040334
0.3228843032634785 0.7513378165563509 0.5575445296945771
1.9876419501136908 0.917053746245184 -0.13117331240747365
1.8167273511259339 0.9398847789722886 -0.14237040255639943
2.46651535467565 -0.24379502703095568 -0.459566771727542
1.668548992732923 0.99584733783799 -0.14815205309961232
2.427708469309323 -0.02181495778603093 -0.4368607399282256
2.3929158081166406 0.20409116453789622 -0.4134408829030791
2.356624205916482 0.42569535612810583 -0.39071100924585256
2.349474695082563 0.6879921911553843 -0.3609516022023955
0.7182727530414468 0.7495482631000208 0.5067022445383271
2.2232877790465366 0.7744580808848482 -0.3613569137868682
0.627594002629813 0.889696447957796 0.5134833457651338
-1.1898542844184448 0.8550086663971399 0.4569986465158662
2.0974029153885425 0.8613668425855074 -0.361753165465335
-0.024829324236087302 0.7990003599404574 0.45735961224462596
-1.947280354742027 0.6759529580339532 0.38433152462865916
-2.098396522068093 0.7464632190772349 0.3794229629221162
0.8967736653400706 0.7847235998294018 0.4442127349558076
2.145121503856771 0.5658022196818102 -0.7832447883901397
1.2529003678764141 -0.7299566774743269 0.24132519986059275
1.130255268185941 -0.6274239525922347 0.24273997570898143
-1.1693483957128095 0.8697500323358831 0.37912207867529
-2.0183073485716463 0.8343954222639134 0.3116877677622041
1.0955575561494726 0.6897456056249425 0.37079364087011424
-2.18775461273826 0.8821232955299223 0.3031581046762666
0.9636081565257086 0.7725163823223973 0.3692196014108857
0.8611043140695713 0.8958921041666699 0.37375766064550486
0.30446174872280096 0.3991155048688029 0.2836874129953584
1.2410785824743158 -0.5352445461940221 0.1795800330820283
-1.1862727509865536 0.9014358787168106 0.3000476958933076
0.21856952288125342 0.5485900789317419 0.2919018867197236
0.10377790020560695 0.6584039636385839 0.2940204742136201
-1.977696029198377 0.41983179909414403 0.19417983319189158
-0.013546739942817965 0.7645949690003846 0.29553824688818064
-2.0706219923255844 0.5639800301915336 0.20056515957738963
-2.0724526621986072 0.8203192859610766 0.2244241836252412
1.0812484511279905 0.8707744235740762 0.30911761547948924
1.832218113735614 -0.4941677981396033 0.14689093853857127
0.917829938468337 0.9094488463422792 0.30072385098363963
1.763249773122304 -0.31564443154218225 0.1602619292917451
0.818813859584445 1.0369258756682953 0.30595809246923533
1.7288508358640442 -0.08797134981508137 0.18117266919042674
0.5614276585408859 0.9489646051555773 0.2777689101877412
1.6703884291720712 0.1027345240858537 0.19644814755346385
0.184819845681794 0.7030172602723788 0.22481805111791697
-0.45325658699431415 -0.14084782989072764 0.7438934447946748
1.6214349942733932 0.3056100191667426 0.21361714627172557
1.5366114205991792 0.4555519700583197 0.2226389053049287
1.4496687999796833 0.6015871237180406 0.23104363705541697
1.3720525337106224 0.7599084976490076 0.24134141232397166
-2.133085639650517 0.9011938726457771 0.14545136715795604
1.920234503444874 -0.3200657935802056 0.09188920285131541
1.246143037155754 0.8497630932186837 0.24097901608373729
0.27579661148080703 -0.48949470877807144 0.6809862258615693
-2.3463747740626104 0.8956731679567902 0.12813359524633494
1.879805288149356 -0.10088633174245132 0.11181384350683299
1.1147491391842408 0.9320100965543041 0.23937016751195994
0.15718644122306102 -0.3797097017367612 0.682853997010251
1.8153611975267694 0.08129744543083817 0.12602597500707713
0.9836132331068939 1.0147356740603186 0.23776990200903025
0.06821833015711576 -0.2293564444217182 0.690314591187497
1.7547131536135367 0.26756028529195675 0.1408856513681611
-0.020020723918094063 -0.0788362993430809 0.697784245270749
1.6667211482416064 0.41308173450646635 0.14939385678197947
-0.08689979266141279 0.0998423292148587 0.7091739776315888
1.6022220629414363 0.591261937986939 0.16300183560278025
-0.19138181170008295 0.22668072499647707 0.7133138778391084
1.5014605444209863 0.7167789142965297 0.1683490874948701
-0.32209873311091286 0.31799898783573255 0.7124364974680146
1.3753969034056297 0.8061824198602103 0.16798001553442088
2.270751771453149 -0.4280205445802565 0.01920396115209666
-0.4734365197301571 0.38200611655806327 0.7076576354685029
1.2467666683158711 0.891996198075077 0.16698294903661814
0.30135911302726726 -0.4110209073818183 0.6088579299631318
2.2481736949664537 -0.18054529491281812 0.0439293983164033
-0.6517164435958236 0.41100937791134484 0.6978600623789033
1.0922823500278724 0.9420750627264702 0.16026812817480174
0.27027409707658734 -0.18050897677044375 0.6277731063547334
2.204852593180121 0.033729987458222865 0.06350308682348338
-0.8120143454381434 0.46449837933196747 0.6914222839060029
0.9086801743712272 0.9526907333624663 0.14719706799413768
0.2287892354222194 0.03369163175575807 0.6444318893137178
2.151590527197527 0.23144629819701024 0.08050662304784861
-1.011693484930774 0.4674985902479385 0.6777299049082002
0.7980984139015845 1.0641650145225086 0.15004283215429393
0.17965742720669198 0.23570829834753937 0.6593988540353974
2.0686098695846553 0.38406857363511193 0.09042054440404979
-1.2056000500688313 0.4792910720895307 0.6651628616037568
0.10801294704878472 0.40564947763231274 0.6698411109628877
1.9779595979392752 0.5245734942014941 0.09840756680395213
-1.3905947975244786 0.5037426635529876 0.6542795303049287
0.028323983943877806 0.5636783071025846 0.6785915496530732
1.9021237696862414 0.6856264791664053 0.10963231350805369
-1.618779575213516 0.47439569335139 0.6355817916574678
-0.10122285424563415 0.6542261377788563 0.6777103545847138
1.7674204615370854 0.7614468736224218 0.10730868603612986
-0.23046452307094967 0.7452410667120652 0.6768367889108857
1.610097518311008 0.8053454980559209 0.09982758786108104
0.6633929830086842 -0.535254815852003 0.5413687827768525
-0.42252891838251116 0.7536622553906227 0.6640594604196748
1.4326759192827225 0.8216033090096353 0.08783370282079783
0.5991150968948489 -0.3497857543814895 0.5542233588876924
-0.5997715027630051 0.7827074458462775 0.6541259887399873
1.2521771342224284 0.8346260065814661 0.07520085598852244
0.593602799029199 -0.08353154138263363 0.5786026122751435
-0.7862426781429761 0.8007584850328051 0.6424987914743623
1.088834979690823 0.8726100500091896 0.0664504172983369
0.5489747214234981 0.12588432068405098 0.5949338081064424
-0.9881631282907293 0.8000454265753589 0.6280425193491181
0.8934221672100904 0.86716318745734 0.05060368801977244
0.514247768520697 0.3472217297782265 0.6130035522165498
-1.1873754435995352 0.8042229480015344 0.6141603591623506
0.4543500240784226 0.5322665909898916 0.6259029510202607
-1.374592517365663 0.8249594282068884 0.6025565269174775
0.3217829387524631 0.617314077549171 0.6244180801096162
-1.577450408410236 0.8271144301390905 0.5881226661386689
0.1894810706816088 0.7028356046560518 0.6229417922678193
-1.7713347120454088 0.841885755668141 0.5753992202463349
0.0039163046586025985 0.7172405083928197 0.6111076476755342
-1.9716949906077872 0.8498347958107111 0.561549008149167
-0.20277623476105333 0.7047268606688846 0.5952509048166474
-2.2255472138723817 0.7931550468994253 0.5380585792246064
-0.37387719487922055 0.7407034278137807 0.5863116386118135
-0.5631454772045785 0.7537606071088376 0.5739248397531709
-0.7375077944708011 0.7873769008251728 0.5644257667246064
-0.9758731209712508 0.73933337865558 0.5428383948984346
-1.1751868756885386 0.743413428798199 0.5287459495248994
-1.4239260781996208 0.6859785238784006 0.5054433944406709
-1.587073195694117 0.73885862698544 0.49827986981298533
-1.8245226866886668 0.6992591706999711 0.4772966506662568
-2.0190561353845453 0.7150822902919636 0.4643877151193818
-2.213829007880861 0.7318270027019018 0.45148640896703807
0.02991980493334978 -0.8625942805754043 -0.36032980654809865
0.5940714588311806 -0.8758593748238255 -0.2989537117299834
1.2398924402367228 -0.927376332618806 -0.22715538714502248
0.5701285901420334 -0.6353642676921041 0.5693901183786592
1.5737476947630569 -0.8513758266123759 -0.19472998355005178
0.5573254788035413 -0.40970748804414825 0.5593021514597138
1.9668440276117636 -0.802833162274915 -0.15477770541284475
0.5774507914831588 -0.19738501616524218 0.5527446868601045
2.035924020803108 -0.6169460042843902 -0.15593546603296193
0.5938539084362446 0.01703935891367081 0.5456827285471162
2.1557462266304555 -0.4531014180280124 -0.15072458956811818
2.271538374343642 -0.2878156955794893 -0.14609211657617482
2.351533916036182 -0.10692673350582282 -0.14609211657617482
-0.17281473892516175 -0.7780371147715783 0.4018891456308564
2.3506058915706163 0.11026989103276819 -0.15651434634302053
1.0979499794291385 -0.8775500100406113 -0.4480769035634795
0.7228431056226157 -0.7092781221132363 0.4844978454294404
1.6101686000779196 -0.8764640228381815 -0.391423403960208
-1.1357581645259387 0.29776250478008137 0.267458260315915
2.0487154844883193 -0.8474552703005287 -0.3443114158925811
-1.1771575418340419 0.5433561541579266 0.25360471035863963
2.135881851091355 -0.6697263983489243 -0.34311836932275686
2.319216753035704 -0.5339817484143801 -0.32940262530420217
-1.159428033667922 -0.7761568741603853 0.20242625500585643
2.389268482968916 -0.349258167527676 -0.3305951950368682
2.42368653423199 -0.14862674829074152 -0.33655852053735646
-0.05505777185448579 -0.7810862574531718 0.30991202618505564
2.399985419607461 0.07844840095798133 -0.35027474139306936
0.9640015961216619 -0.7656329921694507 0.4080060126962861
-0.957961065383202 0.26896552422815745 0.179990113038083
-0.9125637775315454 0.4767978960791339 0.17581588055517283
-1.170759669976519 -0.8601965811356784 0.09947901989843455
-0.6597951928497992 -0.8432790497854903 0.14934140469457713
2.3735989945784155 -0.08192957476292761 -0.6462165710744658
-0.1355890416767025 -0.8353206589787838 0.20079547192480174
1.1449316676318446 0.6979478136375832 0.3641765716257295
0.7462188090913742 -0.979289082611043 0.2936246993723115
0.9338757963116819 -0.8391630403242658 0.30635577465917674
1.108117532296923 -0.6942607901083839 0.31749516751195994
-1.0126270713007983 0.4297659131370075 0.062347233551999004
-0.5492215979467474 -0.7200803372411251 0.05103808667089549
1.2353622794742378 0.5697553828147441 0.2761195304575166
-0.07568443047817652 -0.6927455438056214 0.09740334774877635
0.8468763356916043 -0.856204497510106 0.19660311962987986
1.048563571966966 -0.7225033308266191 0.21115952755834666
1.2505289077650588 -0.5899413689274908 0.22571593548681346
1.2975209629778348 -0.39173563404889933 0.22194224621679393
1.4788021590415 0.19764121108395472 0.21439439083959666
-0.44191779638460105 -0.973910067684546 -0.031751811247805684
1.56460259651098 0.390468180032876 0.21439439083959666
0.05346740780770887 -0.9437087731649889 0.017550766724606426
-1.0612444458353565 -0.4754637044302612 0.7256167533579072
1.5340949995931368 0.6137218493062129 0.20145541455175486
0.7465028166098975 -1.009836471879236 0.0909569862070283
-0.8255413890424137 -0.3477049957294227 0.7418811919870576
1.0754617654305534 -0.9178902094514108 0.12053853299047557
-0.7141809437127904 -0.15795577751626766 0.7447512748422822
1.5019066766702807 -0.8909289998493861 0.1627190711679658
-0.6148229723559524 0.014109162999965008 0.7471435668649873
1.5798105558192646 -0.7073520381994243 0.1627190711679658
-0.5154387218870227 0.19726082567944303 0.7490566375436982
1.6544071311086128 -0.5332058889686309 0.1627190711679658
-0.3784049826013174 0.35276295478085373 0.7552755477609834
1.7113430612121832 -0.351388107582256 0.16052800442602244
-0.2089749554425353 0.4937360400727755 0.7648428085031709
-1.3666107051691725 -0.5524867104317401 0.5957553985300263
1.7632703891262125 -0.14543565287148752 0.1566932799997529
-0.30479707128579747 -0.7734736681698742 -0.13001745913598928
-0.8778169279332886 -0.5271058427207116 0.6391022803964814
1.8210509079387123 0.04728367724840865 0.15395432736303416
0.28305012572483434 -0.7947651847792088 -0.06824845049951467
-0.3849289366812556 -0.5067711558349188 0.6829364898386201
1.8069392889578708 0.2723315489429794 0.14245015408422557
0.7646473753611147 -0.7757564986960297 -0.01927870486352834
-0.11289971234643303 -0.39733456155922653 0.703392327088376
1.2777619523319785 -0.7733838311089407 0.03358727719213572
-0.024097101670854215 -0.2120003400854671 0.7043669822397431
1.6028593456787732 -0.6943452066228808 0.06363707806493846
0.0699127335233456 -0.028962691591022605 0.7058280112924775
1.905050745601038 -0.607469441580399 0.09090405728246775
0.11884036902775108 0.1733998968064121 0.7024186256113252
1.9884893933941186 -0.4272847639934305 0.091461003083249
0.2004616702679627 0.3617940447378878 0.7024186256113252
2.072550839505773 -0.247404265024727 0.09201699520971385
0.20529401214702858 0.5839438501036156 0.6941388251962861
2.1254421841461735 -0.053739936735183846 0.08867818142797557
-0.44470393878008707 -0.9926563935965653 -0.24969929431054982
2.165441063380669 0.1459253705339485 0.08367043759252635
0.12938758638624392 -1.005538321055237 -0.1885697243032256
-0.334323109737241 -0.815721893016061 0.5953682067575654
0.6843596222168173 -1.0145661629120468 -0.12970417712304982
0.30020012655838 -0.8557433274416084 0.6553519370737275
1.1927557625044827 -1.0080587013644937 -0.07649821017358693
0.25885481888401785 -0.6181328835192055 0.6424625518503388
1.6593453218808065 -0.9874536770468367 -0.028387248259524434
0.3377117682037465 -0.43021559398490794 0.6424625518503388
1.8786037860652058 -0.8647475376832254 -0.01084059451196584
0.366875597572502 -0.2211355366818637 0.6370094421091279
2.079818652580478 -0.7354647644308407 0.0044420364084443165
0.3922614111044993 -0.01002327958504523 0.6310608985605439
2.1764887890316444 -0.5618160301005446 0.006706059235592754
0.395655752414541 0.21109939610460415 0.6226332786264619
2.2009278976179303 -0.35666131305962523 -8.600924585255854e-05
0.43639335737181995 0.41650633309808427 0.6181719901743135
2.2488844526438854 -0.16146347127384075 -0.004048049193362324
