0.7907661554425403 -0.6555212552575895 0.27387311876109877
1.110059821783345 -0.7806847498400842 0.16182330072215834
1.8735011183928592 0.5971756761611005 -0.029710264799081898
1.9089100576976463 0.8575926889744068 -0.017588110563242054
1.741594220230617 0.9264146580707262 -0.02202317297168932
0.26203270500220555 0.4832612515971988 0.5757861417560939
0.24819289502309516 0.6993625775993593 0.5818865579395656
2.095111973639611 0.5019464469661585 -0.10680243551441393
1.981230984312731 0.6212696571300498 -0.10680243551441393
1.867765542853256 0.7409881952635047 -0.10680243551441393
1.7510864627760796 0.8576948844770556 -0.10710665762134752
-0.15320378776413435 -0.21907259209263685 0.4541766923694972
-0.22899499601967932 -0.054882526111605046 0.4567578119068507
2.234011680330404 0.465430722370364 -0.18482443868824205
0.4474809096893182 0.7899544815587376 0.5069754403858546
2.1560730660918708 0.6187527578262717 -0.18169352590748034
2.096884259571297 0.7893937619176512 -0.17699739515491686
-0.19547281783268033 -0.432593282665934 0.3592856210499171
2.202907032298185 0.6422719066820619 -0.2609848695964452
2.1076025630628124 0.7784009695225009 -0.25937578260608873
0.7456436857079325 -0.5036340422589518 0.3048656266956691
2.130252244993706 0.7334109939989872 -0.34275385915943346
0.7847260851076712 -0.5239012280838296 0.22006586015514173
2.0389308740697913 0.8731727756511134 -0.34077093183704577
-0.2946227007257889 -0.35631671783039565 0.1848566812305812
2.236105857677657 0.7677522594342676 -0.41839024603077135
1.2805254416261036 -0.3424018324219631 0.1606438440113429
2.0796914188779496 0.8454103511438547 -0.4224607664317723
1.297440113248527 -0.09278574736904943 0.17061641633800306
1.2793960488485396 0.12197808250363096 0.17789342820934095
1.186021617189823 0.26466411378517307 0.17951038301280775
1.1625759455524545 0.4723208956460567 0.1862485688953761
1.1145156302143562 0.6559835311842761 0.1910999101429347
2.148254427190601 0.7308284559708156 -0.506906958219492
1.5740773569982665 0.19538624048534814 0.10846784532359877
2.02430256193707 0.8396829432564274 -0.5079507547587987
1.5425540349773712 0.39542010288303686 0.1148672384052638
1.4646972894609789 0.5508482672411716 0.11764958322337904
1.3838510867771632 0.7030148920760766 0.12015393197826185
1.3036354213831771 0.8553410840789653 0.12265780389598646
2.2451818298407105 0.6090564622194279 -0.5903951841563817
2.0416623025271647 0.4138868126398805 0.05286887109569349
-0.38548842422246565 0.4591545708212621 0.7249079030781154
1.9310867271338594 0.5368377350257276 0.053155927064931774
-0.465882605992995 0.6169873994680799 0.7267844957142238
1.813702403650879 0.6533041384046427 0.05286887109569349
1.6566878772076876 0.7326057795950263 0.04942562997630873
1.4961540541993301 0.8091994730488778 0.04569533288768568
0.30842014515354066 -0.053145963411154185 0.6464410108356837
0.28087701033186363 0.15355172199203793 0.6516545099048976
0.20637380640962277 0.3162539644930078 0.6540439409046535
0.1473716628215982 0.4924923289670957 0.6573024076252345
0.014906441606299836 0.6019058867527818 0.6562164109974269
-0.19544954613925114 0.6419373734924392 0.65056851327709
-0.4209101108619464 0.6697781243302359 0.6440515798359279
-0.5866560131705754 0.7516453371537963 0.6410105508594874
