1.9587319726477261 0.06622513829953647 0.10541748042829724
1.9519443735149338 0.37888524114866584 0.11991619106062146
1.816032444201042 0.6293968105794221 0.12017940517194958
1.6944979715036226 0.8867698004516988 0.12192653651960583
2.074190781776622 0.09249020962650434 -0.04124237064592151
2.040505502804919 0.39189218905532996 -0.02950359348527698
2.0652251831334354 -0.16294030970249196 -0.19844890598527698
1.9812250140093255 0.1130023144569492 -0.19214607242814807
2.210175373097897 0.1307719266722671 -0.314141044657152
2.095858307182297 0.3910903876564973 -0.3113849258827379
-0.1124920247469845 -0.33359104107528026 0.6431448363853285
0.1356262248987008 -0.3104116386401863 0.5023090743614027
0.9930645225104371 -0.1698776352769258 0.28687404628523083
1.0215833239622611 0.1629577011980068 0.3047659301353285
0.9479487647348606 0.4464064400735026 0.31174968715437146
0.8167801737699847 0.7026059351136347 0.31257556911237927
1.605478343398559 -0.5907011013337709 0.1733305358482191
1.74387364234002 -0.20457354275667683 0.20358203883894177
1.7001509440474365 0.09182024036687864 0.21401142116316052
1.5722667574302136 0.347475936034666 0.21526550288923474
1.3912455462116071 0.5781069687132323 0.21073173518903943
