-1.2687174637249439 0.38775569856862546 0.6448013622072022
-1.28367897921754 0.16410778037166196 0.6462199527528565
-1.2353603401174813 -0.049425589363195854 0.6432134944703858
-2.6112894605327894 -0.45698952287980177 -0.11923290903303219
-2.5158606977078093 -0.6587435645971098 -0.12650276834699703
-1.4704906770222013 0.4326380638959755 0.5492675143983643
-1.3128814429536546 0.23706684533598477 0.5385372478273194
-1.5353780061534756 -0.01852362997193069 0.5547449428346436
-2.6853632610503375 -0.3925117346873499 -0.22056414301130367
-1.5074182223676678 -0.23421487394885432 0.5531256038453858
-2.515820768586927 -0.582940458352418 -0.23424317056867672
-1.4802193309220342 -0.44998745397825957 0.5515129405763428
0.5802644957890628 -0.8028874492016165 -0.4959123295042236
-1.8636235668958023 0.5334518833584809 0.46807597463396
-0.6766143186141318 0.28270503873918784 0.38275502507951664
-0.8615841470059875 0.7217769825829308 0.2845313388612549
-2.027104635213304 0.3096128820661548 0.37205718343522953
-2.002913567721265 0.0948204606793226 0.37082265203264164
-1.9400703271880264 -0.11391588501058081 0.36665747945573735
-1.9025850718349289 -0.3267005914387262 0.3643343288209717
-1.8609151408543023 -0.5389064913913728 0.36165068929460453
0.23970743555585994 -0.6795017197638877 0.20582555120256352
0.24556766010289355 -0.9040356435713335 0.20567296331193852
-2.4443517477959604 0.5247503809248109 0.29457495992448735
-2.503055885956818 0.29769602483501245 0.29974625890520024
-2.5084579324993546 0.07982917886147334 0.3007967311647217
-2.53105373062442 -0.12961994785000996 0.3030817348268311
-2.5034797023073674 -0.3418453403570574 0.30151818578508305
-2.46858610770047 -0.5745782526898218 0.2993929225709717
-0.01877427458634262 -0.8728174671140643 0.11366103475358891
-2.605650696576732 0.5631229635625772 0.19912741964128422
-2.536305177038969 0.3575581344328427 0.19447539632585453
-2.5808550082161203 0.13343001975984947 0.1986687022950928
-2.5966906457898737 -0.08562257752145186 0.20056842153337406
-2.5837482357946366 -0.2999029212393758 0.20016740148332524
-2.5518480207916854 -0.5111969806056216 0.19823573415544438
-2.5206833764915118 -0.7226036444628932 0.19631026571062016
-2.4661598115713708 0.5541107029185461 0.08052991216447758
-2.486862430243352 0.3115632987607242 0.08308385198381352
-2.5168140585659815 0.08968541345892334 0.08623860662248539
-2.4523612607038787 -0.12781170918384888 0.08183358495500492
-2.5101604672355022 -0.3425327770278912 0.08707211797502445
-2.47841213673407 -0.5540878218324679 0.08513949697282719
-2.4489318012548758 -0.7551650411171842 0.08331034963396
-2.6124094913897884 0.09622229297551144 -0.01366402322980953
-2.579134723833949 -0.11498388057985309 -0.01560951883527828
-2.544985819409803 -0.33687157390895806 -0.01764513666364742
-2.2914269105622216 -0.5151620360278457 -0.03768183405134273
0.9358606728294552 -0.7287085402959725 -0.29933907205793453
2.2183327404564475 0.7581896245079136 0.049813492944506876
2.1358580795676945 0.7864617239235088 0.06501077001359867
2.070070904372918 0.7648348160913017 0.06501077001359867
1.989447720988566 0.7891645605471957 0.07882569616105961
1.9149102252862749 0.7955168904566605 0.08711503331926274
1.8404893742580342 0.8021617611352276 0.09540484731462406
1.7690455345475975 0.7999184517924149 0.10093043630388188
1.6948361031706005 0.8071270286896173 0.109219773462085
1.626330542727004 0.7962376464017389 0.11198304479387211
1.546779858544343 0.8224164861107113 0.12579844777849125
1.4811225634365979 0.8028442037528905 0.12579844777849125
1.4059619662914384 0.8157872225611342 0.13546918218400883
1.3336216895935076 0.8197953336545858 0.1423771220948975
1.2626932965695152 0.8194550130526608 0.1479027110841553
1.190529213123014 0.8240057496997082 0.1548111278322022
1.1158949169649057 0.8380944625486215 0.16448186223771977
1.0452255872365308 0.8385669018153514 0.17000745122697758
0.9758741848144252 0.8346652002599555 0.17415259664323735
0.9053230820176132 0.8356624097777114 0.17967866246965336
0.8372789024022884 0.8276243791680749 0.18244145696428227
0.7692391175337692 0.8198341773293016 0.18520472829606938
0.6988310077684492 0.8216060559002045 0.1907307941224854
0.6284959564324533 0.8236369818372182 0.1962573367860596
0.5582341011501741 0.8259293353507182 0.20178340261247563
0.4891835016517234 0.8238134035444169 0.2059280711915772
0.42129361914057917 0.8172808364326372 0.2086913425233643
0.35010216652891657 0.8250198046223112 0.21559880559709477
0.2790195026701854 0.8330277906073036 0.22250626867082524
0.21340605555591896 0.8178815914084652 0.22250626867082524
0.14035110333837153 0.8357784821657823 0.2321770030763428
0.07266944027927824 0.8305010376115867 0.23494027440812992
0.003980451465885437 0.830158571175847 0.23908494298723149
-0.06566781497201202 0.8347692250533569 0.2446110088136475
-0.13622245167096603 0.84433605383607 0.25151847188737797
-0.203740528807268 0.8400506527702589 0.2542817432191651
-0.2702834176000817 0.8312987797775264 0.25566361730363774
-0.33778122870754057 0.8274960497310353 0.25842688863542485
-0.4052576056527495 0.8239318524077817 0.26118920629289555
-0.4708991185407023 0.8111749661961092 0.26118920629289555
-0.5383660799687067 0.808090819363354 0.26395247762468266
-0.6066860914211403 0.8099730426588678 0.2680976230409424
-0.6715160736616435 0.793190450365298 0.26671574895646977
-0.7406297241855189 0.8002867483632095 0.2722418147828858
-0.8063507248534272 0.7886994064333592 0.2722418147828858
-0.8737295416285575 0.7868159012377127 0.2750050861146729
-0.9402891728088103 0.7804310974735955 0.27638648336198735
-1.0084054048788493 0.7837692106254046 0.2805316287782471
-1.0757019163810302 0.7826086690244551 0.283294423272876
-1.1407391916741152 0.7674418604715285 0.28191254918840336
-1.2065719635449423 0.757252136718332 0.28191254918840336
-1.273151282591336 0.7520467933291677 0.283294423272876
-1.340422132607114 0.7518257061072973 0.2860572177675049
-1.4063078177272974 0.7423333299696004 0.2860572177675049
-1.4728884568051597 0.7378320947872687 0.2874390918519776
-1.5381784068034818 0.7240380947724212 0.2860572177675049
-1.6041617213651373 0.7152362901343068 0.2860572177675049
-1.6695643773897966 0.7018985465812726 0.28467582052019047
-1.7362161993642382 0.6983205852550576 0.2860572177675049
-1.8421660952748016 -0.13699201776528724 0.05119536702897953
