0.5014109747350517 -0.35303965656442493 0.38585346934118636
0.5570863008670628 0.10533467781513473 0.385890185802368
-0.13634876204766044 0.44671338353159484 0.3587729334525145
1.1067350948338301 -0.7214738493112876 0.16284197565832503
1.4929914011424046 -0.579561443132544 0.19322460886755355
1.6068516130087573 -0.3811941503232603 0.19930094477453597
1.6289295486353197 -0.16313467521799474 0.19713133570471175
1.3370285592221123 -0.7908367920705075 0.06278198954382308
1.776600355072425 -0.6609661505868321 0.09871405360021956
1.924248051363378 -0.4709271470500962 0.10802954432287581
0.7260802244210609 -0.8423509203641224 -0.10058957341394059
-0.3011425962747367 -0.44787056131380254 0.7032920717886961
1.414213563128591 -0.7612896825791307 -0.04088670018396012
-0.020894461617849913 -0.2782031020672644 0.7216631769827879
2.1167514836153885 -0.6879886566977724 0.02017325159826644
0.021002580652911718 -0.05876057160711312 0.7212802767447508
2.0452745056545254 -0.4517453428181675 0.009318053691772299
0.06366884350920543 0.16055317881092712 0.7208978533438719
0.029246311288808613 0.39711866897116543 0.7143918871573485
-0.682786035607073 -0.6088686873493376 0.5751363634757078
0.1923850698530245 -0.5611323275321372 0.6415306925467528
1.908605202729973 -0.7089339144573472 -0.10698968175134294
0.40395939466084485 -0.37865985822681836 0.6548101305655516
1.9635925422216474 -0.4993712904766383 -0.1060679555245363
0.44549834254651444 -0.16069444333491312 0.654419124095825
0.43910974637599764 0.06782196751565195 0.6501232981375731
0.428702341162321 0.2976328860882802 0.6454364657095946
0.3753835525403417 0.5376042154506369 0.6372348665885008
-0.6362238260708111 -0.45631683309125926 0.45166224238195785
0.32183805402576127 -0.42823905584685384 0.5264856218985594
0.5532540641481845 -0.2508024493647376 0.5416905283621825
0.5952407467947864 -0.03334999499685942 0.54129046198645
0.6185234277620424 0.18829235574279046 0.5392896532706297
0.5162022971431952 0.4384598341282704 0.52688616511145
0.4731682162512314 0.67614454693779 0.5192834734610594
-1.1518872629417203 -0.8115786157797462 0.30268973109045394
-0.20851377004930072 -0.7723254903737633 0.3779136538199461
0.6367454254777201 -0.7192513890723635 0.4449602961234129
0.6894446201182589 -0.5160122961781113 0.4457780718497313
-0.9748418016125271 0.06678763864068848 0.30228108164587386
-0.9463416420780177 0.29275501792229086 0.30064600703039535
0.1727181885743576 0.27693896327433265 0.3905870318106688
0.022106924969655495 0.5396029721188693 0.37382525202551253
-0.8098070213493571 -0.6256574771285077 0.21356028315344222
0.4309470164718192 -0.6528467045533155 0.3158532976798094
0.8420039236783623 -0.513326405123685 0.3471671938590086
0.7856485970228135 -0.2759451898081231 0.33839911219396956
-0.9247354334243525 0.3239692627996327 0.18767422434606917
0.08714994605696802 0.331346744191773 0.27034348246374496
0.24296187008052783 0.5251913738671892 0.27952879664221175
0.4725623685607019 -0.9427848015929285 0.21283072230139144
0.9219110905275159 -0.8098760246534287 0.24820631739416488
1.108191598863975 -0.6245334198447559 0.2605668902091063
1.2024564041937467 -0.42051652528417804 0.264829337566284
1.0248024009127548 -0.15762595654017808 0.24522322413244613
