0.9645493730865553 -0.40666539675728686 0.16043566454725422
0.9634982616491214 -0.14851884286415284 0.1670112489588753
1.3622192019845727 0.256671343733867 -0.7492361189000114
1.0336131866728664 0.13525582057881635 0.17906664599256672
1.062764477953209 0.4028373171152282 0.18783472765760578
0.9757454753251551 0.6275298164589742 0.18746899355726399
1.5200095577468602 -0.2857440233110786 0.08092306841688313
1.561336012273273 -0.013690578631997852 0.0910210489161507
1.5617132500929074 0.2421759865576476 0.09775398958997883
1.4601035652405017 0.45995625076926316 0.09625767458753742
1.3311140966925592 0.6679498759341449 0.09251784075575031
1.8939154960899103 -0.07911401744604873 -0.0073585630528434365
1.8706068294500824 0.16707088880128396 -0.0023837209813102334
1.8248684442293523 0.40448130217371414 0.0006785272486702354
1.6208299543030762 0.5836736931892048 -0.009272110568712577
1.961464700434341 -0.06519515589678448 -0.11005116711778484
1.9148565393089143 0.17203175427557582 -0.10692645322007976
1.8410703100201857 0.39890997066477496 -0.10614587079210125
1.749374941897912 0.6191587743858555 -0.10692645322007976
2.0006325800409 0.128981817144588 -0.23355723630113445
1.92202171777447 0.35383469147904023 -0.23315716992540203
0.018500770538139477 -0.3528963640491405 0.5895104287989632
1.8442033731386402 0.5789463862842759 -0.2327571035496696
0.06467945606121361 -0.07468938980166939 0.5987644075282113
1.7952825445404557 0.8145247871317594 -0.22995616208238445
0.11199790644194252 0.20290031908306005 0.6080179094203011
0.08063019116384851 0.45117251483166854 0.6116537927515999
-0.1801507024830471 0.6174930213911871 0.5990943788416878
0.2355235909616198 -0.6106851343002795 0.4740905641444222
2.1958785506818757 -0.050534543019338685 -0.3435692907444938
0.11227396290995273 -0.39532724989724244 0.47137640703993
2.116638191312674 0.1736602461000487 -0.34316064129991375
0.017815560946573328 -0.1690645229451775 0.47069834460096516
2.038178259990687 0.3981045458772492 -0.34275199185533367
0.21002603706348566 0.16178404077275843 0.4907116769679085
0.07056101726597319 0.37085146815622494 0.48664091814832844
0.1431873808559061 0.6560040151832283 0.4978346704371468
0.2818937512350317 -0.5398151928132862 0.35591934908704914
1.926393713550354 0.1416065938963733 -0.4786510587803825
-0.3741026268757537 -0.5226915296218131 0.3134741662867562
1.9319208898144211 0.39788812903106674 -0.4707183958165153
-0.3707089016803309 -0.25857517114185313 0.3200840829737679
1.8869974294330945 0.6349655590082683 -0.4673781515233024
-1.177181522440435 -0.2897471210637299 0.26650570620374836
-0.18713038404507643 0.33117348936992386 0.3461775659449593
0.3318032940087221 0.7759789402961275 0.39071034182386555
2.0732808837483176 -0.1202149261718688 -0.594788086520861
2.063745122184663 0.13068047237289449 -0.5879683614842399
-0.20953015082929483 -0.7101182450847361 0.19589136828260578
1.9944743741738478 0.35878505067880795 -0.5866894842259391
-0.3003989170305488 -0.4810142159110704 0.19553517092542805
-1.0692426332374794 -0.5010285017505609 0.14346836794691242
-0.03916638462688127 0.1383669176477298 0.22834395159559406
