1.0008513794474112 -0.8670347188646161 -0.159441851269162
0.9998232369554216 0.2653589422513427 0.2543774617801544
0.9942475019863792 0.3834677305300822 0.2477079404483673
0.9891668751726144 0.5017761864685468 0.24103460441931457
1.662300882404594 -0.8149244252497638 -0.0715989099849823
0.9935416307479841 0.6160262163003232 0.2356525434146759
1.7205541558223132 -0.7299770724139627 -0.06821670402184754
1.0565529881095301 0.7026631606692249 0.23868665825232238
1.7790791304351359 -0.6453043518835457 -0.06484022010461121
1.1153716472445154 0.791158750147936 0.24106655250891418
1.9192793529921346 -0.5969764105005133 -0.048414610515988166
2.009816114524682 -0.5272641539555991 -0.03997554649010926
2.050930054966031 -0.4356387185084962 -0.039520167004025275
2.0788441504290347 -0.33801455473188824 -0.04124536384240418
2.116120194090655 -0.2445673235992274 -0.041525267254269416
1.5756394114859091 -0.7624024578897846 -0.65874709952966
2.135784225291161 -0.14290377231473528 -0.04471053947106629
1.6068693941898573 -0.6653599062098472 -0.6599053369869354
2.1647915948328347 -0.04543047816869361 -0.046450518261349494
2.131541195908838 0.08158126549713174 -0.05834236014977723
1.233049598880541 -0.27747133537432234 -0.7417887674678925
2.0943980177810175 0.21110741155616353 -0.07096137870446473
1.7206585625242923 -0.3827508582152426 -0.6601327883113983
2.080126323546793 0.3303136814547578 -0.07996120322839051
1.811691823709097 -0.3125001367687936 -0.6506532656063202
2.0930701926612443 0.43680236590754973 -0.08461751807824403
1.8804506862718995 -0.23250135913776404 -0.6452802645076874
1.9449682163026267 -0.15077259172764812 -0.6407340990413788
1.6460301889272841 0.21280186671586065 -0.7103456484188202
1.5202783338041428 0.38582712640530303 -0.741053007732785
1.5645464307117578 0.47911506685668215 -0.7406190859188202
1.6202739104026591 0.5726225858161023 -0.7385305391658905
1.6763227175751751 0.6658910044555206 -0.7364496218074921
1.7458702588981225 0.7409745872025617 -0.7311381327022675
1.813786513085077 0.8453861010751531 -0.7281893717159393
1.890175892077508 0.8993811653661652 -0.7204941736568573
1.9626687497871274 0.9780702146238909 -0.7151822077144745
1.7021020442473116 -0.7993902540250204 -0.2026103960384491
1.9150608002831717 -0.43898309977501526 -0.18546190131799012
2.12462151796403 -0.08143116232632153 -0.16860904563561707
2.1067919148376717 0.22296993301866053 -0.1656526552547577
1.929230267836445 0.49168375702299727 -0.17245282996789246
1.7427627428280488 0.7592851152599742 -0.1798442827571991
1.8843317530695032 -0.5535657442979414 -0.3402918802608612
2.229590432207587 -0.16426665713374433 -0.31442012656823426
2.191963903709919 0.1354137481856199 -0.3125938402523163
2.1213261744698144 0.42754619351963896 -0.3128980623592499
2.1209143570075355 0.19751854507845934 -0.46684207786217957
1.9891109217470984 -0.4804308348639097 -0.6357802378048065
2.0914000716487493 -0.14748946073530433 -0.6245178209652069
-0.16079609030434483 0.8538850130293234 0.32872448097571105
0.5716892006273895 0.6195057661458101 0.21037969719275207
-0.8549023825741102 0.6286953191711184 0.13518295418127746
1.258264248164778 -0.132540772356446 0.0854464543949005
1.2305324351110158 0.17262429953848368 0.0876723302493927
1.1405192024295872 0.46383778234346096 0.08628139625891418
1.1344489877905772 0.7733602457188482 0.08961973320349426
1.8887523029486886 -0.2979460736067061 -0.03371229041711121
1.7046064930654268 0.5887755094423746 -0.03285159934655457
0.7133319832147862 0.6835374504289611 -0.08737172950402528
