1.2447684870552251 -1.1148258538021807 -0.8658180011752918
1.3829968055380313 -0.9116881742776357 -0.8655235542301014
1.2137332370079221 -0.6237606254723218 -0.8780932201389149
1.7237272855559773 -0.7517195633837801 0.06834533081018179
1.0457137603706208 -0.334443691736773 -0.8906883968356922
1.128781042669111 -0.11498363834544278 -0.8928313030246571
1.2893837157808434 0.08193340810035465 -0.891748882675536
1.4314153425556846 0.2835635378532686 -0.891469694519408
1.5165683187542527 0.5014727392404907 -0.893612839126952
1.478063625655473 0.7563859923108822 -0.9010197891239002
1.5110633184224547 0.7604504753242196 0.0342428909298107
0.9375689306379869 -0.849272145122903 -0.06396458282507211
1.6258447194044798 -0.7971877650652885 -0.04871151580847055
1.7072842277818303 -0.5796388695985186 -0.05106470718420297
1.8375461316467714 -0.37610555441495563 -0.05201647415197641
1.906014023375004 -0.15527672512850188 -0.054794050598509614
1.9752449255912303 0.06529641836858247 -0.057574488067992036
1.8487134392291757 0.34369215407869547 -0.06614134445226938
1.6850394353239722 0.6346629382009894 -0.07585928573644907
1.6183081662729073 0.8979991683318431 -0.08277270927465707
1.1262749423273846 -0.8530499964162672 -0.17603395118749887
1.4339126852687407 -0.6965015337722349 -0.17138121261633188
1.741846617081162 -0.5418767242353937 -0.16671059265173227
1.828972821635837 -0.32619091800836486 -0.168881393814452
1.9168273652634973 -0.11087962963589604 -0.17105410232580454
1.904657122425526 0.13349227083372028 -0.17636988296545297
1.869479440644863 0.3852768562362172 -0.182445265198119
0.7528755071530888 -1.0183897171753316 -0.28766296043432504
1.2771491265227368 -0.9188691204218813 -0.2755980266574696
-1.3932952417207964 -0.011787612358780564 0.591816209411256
2.027251955347399 -0.407072366131743 -0.2660152687076405
2.1100298663396266 -0.19107450668222725 -0.2682962192539051
-1.719200696946718 -1.1563450034145504 -0.4849192871097401
2.0208297561200688 0.07501950955025904 -0.2762462867740467
-1.1698502645348974 -1.0493329336836155 -0.471263624573119
1.980640217781506 0.3277693389257408 -0.2826378120426014
0.8585813707054584 -0.8537813017197067 -0.41695497169531137
1.3252347893719758 -0.7399452666520574 -0.4059455169681385
-1.386663113126243 0.02341990142519279 0.4701225982662365
1.8255936955307526 -0.6385730793668571 -0.3937394393924549
-1.3504993015005518 0.2650060346838501 0.4664924369808361
-0.14481994361187844 0.17469419808422515 0.4863627182003185
-0.11767843443102421 0.4148966255286908 0.4825787769313976
2.2225154741818365 -0.03262399627707424 -0.3953046573642567
2.0764877979970393 0.250470954178617 -0.405573345566161
2.0944638368360984 0.4861397071169975 -0.41017363204992563
0.3095383070202935 -1.022353814279903 -0.5471756233218983
1.2053579477218683 -1.0212103296988602 -0.5199417842868641
-0.9727838153854371 -0.4036547256223244 0.3634691463466808
1.5318006100887693 -0.8697065938498056 -0.5132553352359608
-1.3815360774498942 -0.041509643182479294 0.3501594291683361
1.8585112207670953 -0.7202648534176532 -0.5065481437686756
-0.2622232921264853 -0.10249391954919673 0.3701460586544201
1.8536641985240685 -0.4791163263321536 -0.5119075550082997
-0.18318124806549463 0.1229711637494404 0.36745765075647085
-2.130391821021046 -1.1021393463839644 -0.7419664634708241
1.878547811658951 -0.2459688569915599 -0.5162250770572498
-1.9628243653418522 -0.8938129420836276 -0.7409960998538807
1.923499008312394 -0.018354650764152325 -0.5198471321109608
-1.9250717434409736 -0.651982811838657 -0.7449562324527577
1.8302094941585345 0.2500379501073766 -0.5285744441989735
-1.8912859375309772 -0.40890712129670703 -0.7491063846591786
1.7332344812180196 0.5207347264284223 -0.537496067428954
-1.7698157617749573 -0.18942230588414333 -0.7499649299625233
1.1417949451304494 -0.7388523248361238 -0.6445908321384266
1.401549599356752 -0.5693288664354199 -0.6399934066776112
-1.2309232350555135 0.19245147877786195 0.22752311096154898
1.6616959908148168 -0.4013921372776821 -0.6353816761020497
1.763730075492802 -0.18960631095129798 -0.6368322147373036
1.7464855024755828 0.05654038371584846 -0.6428918613437489
1.7254009936418555 0.30442794321098177 -0.6491479648593739
1.4993381687333383 0.6140779158769121 -0.6633620037082508
-0.6086827475884178 -0.9880493560766226 -0.8149382843021229
1.446898219575985 0.8735540894769542 -0.6709458602908924
-0.3926662473613689 -0.7987313152279611 -0.8117940200809315
1.3330740180829217 -1.0209642507609544 -0.7485492004398182
1.5245848964657256 -0.8328624448694271 -0.7462780250552967
0.0033623132992026683 -0.16729132948436387 -0.8125021232608631
0.16876168423260296 0.03270521027837958 -0.8114492668155506
0.3203491627615769 0.23590833680527368 -0.8109702838901356
0.42935660918065466 0.4508340131251032 -0.812224842453368
0.9465165608989636 0.545253144012193 -0.7970487846378163
1.2528378522883052 0.699140546803477 -0.7903499378207997
-0.34431660213472526 0.7582624572495078 0.4395625816341564
-0.24014886538078883 -0.7925395593384437 0.3040640579219982
-1.320508160402973 0.37330351039841503 0.39776303634607046
-1.4797600133234425 0.6879170446960003 -0.2649850620273426
-1.6713425440100842 0.7221189402572605 -0.2708980812076405
-0.23301102566665577 0.5340566657817689 0.35263898239099234
-0.3595359985607267 0.6391475869293615 0.35263898239099234
-0.48569610867416557 0.7446759491204773 0.35263898239099234
-0.26821116173385917 -0.7586388555145334 0.22033097610437125
-1.3553745204942018 0.23075558807313712 0.3078186737056896
-1.2521081187323233 0.608946999725589 0.3244796024318859
-1.374454965290255 0.7221224254885286 -0.342878557587035
-1.4469228770934421 0.6382137975855713 0.3195517288204357
-1.5428935031230715 0.7822428960519048 -0.34683535232580454
-0.2120301592458631 0.6254573377632866 0.27436091766320914
-1.2803018739121406 0.12632059870816903 0.2222779022213146
-0.253673018536805 -0.7521972194538762 0.1368746982570812
-1.2721149699352026 0.3946501502513229 0.232499860381715
-1.2656947258344928 0.6586783399440392 0.2424783931728527
-1.35446041170189 0.8105047866525865 -0.42138884201086313
-1.4309876218738502 0.7220522623241976 0.23955776557885855
-0.2549463447124154 0.5624991007883793 0.18830206260644644
-0.35897043666127715 0.6944991312007076 0.1900665985103771
-0.4624383076737075 0.8267859880863995 0.19183137283288687
-0.30942429929737614 -0.6187478239016357 0.056329511260621246
-1.4110546491651554 0.7212623995374301 -0.511535145187743
-1.176982443600096 -0.6013307915918844 0.7078035102840587
-0.1848995795283237 0.8408889418321621 0.11944534645044058
-1.3746466779621898 -0.5735294261199115 0.7037909255977794
-1.5500110416123611 -0.5180224334208603 0.7011159883495495
-1.1459571526957468 0.48164387028811717 0.7402849422451183
-1.3734892858182945 0.47234652396389265 0.7343619094844982
-1.6210512142012234 0.44151243208474966 0.7272923217769787
-1.4768065911836707 0.8250658709254424 -0.5928013099674061
-1.865935818087408 0.41572822535044907 0.720413826560609
-0.37923915255748497 0.28626913427027034 0.6706034170147106
-0.513015590665816 0.3841931935701055 0.6702039466854259
-0.6464830247463524 0.4825974426083022 0.6698042379375622
-1.1449742106115224 0.6255130429517877 -0.6719178928378895
-1.2744321188708554 0.7300026982031866 -0.672257162475951
-1.39699878771631 0.8424969522287427 -0.6719178928378895
-1.6174536273085387 0.37019681239203095 0.6412346588131115
-1.8755381929477863 0.3291925683975734 0.6332431064602062
-0.7370065921327971 0.6464883821013103 -0.7358555568698719
-1.0182000723200701 0.5709147048421599 -0.7525553478244618
-1.154322565158818 0.6673790931159687 -0.7535991443637684
-1.3390006822378346 0.7076844434616092 -0.7598616851810291
-1.4714553963603443 0.8090992985583725 -0.7605573905948475
-0.3278422616317478 0.6486970256285929 0.5185237155910656
-1.1226267815003546 0.47544187449283015 0.49050142631494253
-1.3403508474526085 0.477413957866446 0.4844191299434826
-1.5943224255611206 0.438867887964669 0.47594740257226675
-1.8333968632223474 0.40670389708466814 -0.20685575141943247
-1.8522202304658926 0.3978785867131549 0.4672582374569103
