0.15177033157580055 -0.042500189627208584 0.6864321375716358
0.1408889113240832 -0.38660134128833334 0.5487692499983936
0.0953742826110009 -0.08505680137800198 0.5465996409285694
0.34499928769941235 0.2120552999845433 0.39133383282310064
0.14770347766526015 -0.541599039674626 0.22862936504966314
-0.6717043403907681 -0.39635011247792207 0.18662907131797368
0.5807510672523755 0.16565948388800855 0.2514236117232471
0.04959987703393409 -0.21983642373287715 0.0711534167159229
-0.7251155884880802 -0.06259042384169256 0.030136838041606495
-1.4464391724297059 -0.6429294539347143 0.12755609997397954
-0.8321736488881086 -0.6555890703963474 0.23345448025352056
-0.6958341351993802 -0.6005557668225929 0.25319839962607915
-0.7064625836771121 -0.4901490062113556 0.24422432430869634
-0.5193457314193282 -0.45575870015239595 0.273839726530376
-0.4977188612084156 -0.25158303391543413 0.26396776684409673
0.13742695019870865 -0.3978985101176722 0.3815333987105518
0.7438458809801922 -0.5375029176338568 0.493714108549419
0.5150812543376588 -0.34225572529030224 0.44166208752280767
-0.5953720447447921 0.21711681394694082 0.21550585278159673
0.8059070380807825 -0.2555833594998447 0.484739556394878
0.16011157948099353 -0.8511805592557522 -0.28296349994057124
-0.6276030409277489 0.4475570568401679 0.19396711834556157
0.4503779544018158 -0.8598362248426881 -0.22599194995277827
0.7886258546192337 -0.04220076236275716 0.46679092892295415
0.7493924684098197 -0.8739490935180765 -0.16698525897377436
0.8032643666755135 0.055111922560612925 0.46230341442710454
1.0069880415223373 -0.8739118377808204 -0.11713479510658686
0.7414859431546788 0.18555867710076157 0.44255949505454595
1.2779253164651578 -0.8809691704790517 -0.06423257342689936
0.4593199431440844 0.4127515106827797 0.37884117611533696
1.4803561959698328 -0.8624601412746387 -0.02659009448402827
0.38558414909362426 0.5510238799757072 0.3564050341475635
0.3080064567172691 0.6919410115869429 0.3330710078108936
1.8348547625651044 -0.8089140586340502 0.03750301846152837
0.8281863117523507 0.5661918595550475 0.4290979052413135
1.9101442356689446 -0.7417373387213928 0.046659245573344776
0.8586015756259364 0.6577595549847803 0.42730309017783696
1.9539872310027029 -0.6617606486038774 0.04869390972739751
2.0026081091507635 -0.5838731130715029 0.051746144377055714
2.0424660732650644 -0.5023659009423174 0.05276371487266118
2.0826065351692833 -0.4210147114268121 0.05378080853110845
2.1140417063716903 -0.33592214014827526 0.05276371487266118
2.1457809086949524 -0.2509248013943406 0.051746144377055714
2.1688694030078572 -0.16205952841141524 0.04869390972739751
2.196756109026495 -0.0752278785513667 0.046659245573344776
2.2115738811213532 0.017572570430825607 0.04157234676963384
