-1.475573487806649 0.11712847978380836 0.6289424538573112
-1.454165753573605 -0.21486092767081288 0.624575579162487
0.588218080897299 0.8494371879036748 0.3506259560545768
-0.8400707272698824 0.5429162821592755 0.43040748834217446
-1.6595233360695332 0.2569184727611855 0.47511287927235024
-1.6775612111572826 -0.07276486469441323 0.47300812005604165
-1.6967400760459768 -0.402366295501146 0.47091575860584634
-1.6123572981865166 -0.7368840117856692 0.4627346634825553
-1.7101770311471682 0.5069476655972522 0.3149985909422721
-1.7871913265930814 0.17971036780404148 0.31648155450428384
-1.8942608088139892 0.5303123918751353 0.161079370971569
-1.4917695234844999 0.6327918584700001 -0.028485810760608743
-1.967873908525199 0.3028689152264121 -0.0016026854554329617
-1.9297209966141367 0.6972556311039213 -0.16535905599986656
1.922088569220712 0.61438215796273 0.17166420220936196
1.6336046643427267 0.6208885780230204 0.1996693253477897
1.3569014142684992 0.6192459116072868 0.225807154174694
1.0657116570947096 0.6321768506566272 0.254435026641735
1.2707777999676892 0.7763441852642572 -0.21327546835338218
-2.0917411008682194 -0.001456456663980532 0.04964014291370766
-2.0107590391316776 -0.32360624540241645 0.01170011758411782
