-1.6482778432912895 0.5343851715004035 0.6047845036777142
-2.0895133741919523 0.2572589154416747 0.20719386647068294
-2.078026962255663 0.7756217169403001 0.005997672775614582
-2.133256746289085 0.36442988025434886 -0.20364235331691471
-2.106037773264376 0.7375141501843174 -0.4075746386257526
0.6268155871650833 0.7759597223613213 -0.43768833567775456
0.09740417542596447 0.7763356807789208 -0.3902740328518268
-0.41810152494372943 0.7729252958064521 -0.3443722574917194
0.070921391954478 0.4954473514847706 0.6108207852634076
-0.9547132021781479 0.7845703913869144 -0.29594801356471745
-0.38840471910950214 0.4629632203617433 0.6446757466586712
-1.9383096572835896 0.7697785913568254 -0.20918892314113346
-1.1353822471048503 0.3124297349863099 0.6954584271701458
-2.055278884923524 0.5588077198903463 -0.20918892314113346
-1.2583038568158003 0.10107948582005832 0.6958933026584271
-2.1686371083147336 0.3458041987883931 -0.20969341685451237
-1.373268405475173 -0.1146999207844388 0.6954584271701458
-2.204821501836612 0.0890781107239178 -0.21927736689723698
-2.2031884599203764 -0.1899818885731861 -0.23340128352321354
0.17062540872758802 0.7500562034369906 -0.523166641494405
0.505075642513205 0.5714923434000809 0.4426479489596966
-2.1855248227624315 -0.4793958012685877 -0.24954174449123112
-0.31865377919686466 0.7321299456574408 -0.47955416133083073
-1.8609697905454041 0.739644559585031 -0.33947847773708073
-1.3218557206180748 0.44206062533293533 0.5801649243625286
-2.034535002380302 0.559843732226085 -0.3328089564052936
-1.6662592644104492 0.35487981935014545 0.603232398727763
-2.130548875828879 0.33703934360958954 -0.33537386347926823
-1.745578496367294 0.12101817739531384 0.5992398412021283
-2.171109779886038 0.08266027987069435 -0.34460972239650456
-1.7131067278204597 -0.17644693493122077 0.5837140233310345
-2.1479024697228652 -0.2088096970091513 -0.3615422098842975
-1.759836865667367 -0.430139991183232 0.5761728436740521
0.3746843514813918 0.5835248472084587 0.3281440884860638
-2.1303158046602633 -0.4983759163586754 -0.3779606669155475
-0.2049280227919965 0.613624501979082 -0.6203474848476764
-1.8740212178569848 0.6904416525026349 -0.46277140071071354
-1.5646395614994901 0.5193869207079373 0.48011495182834896
-2.2258045164398297 0.6099922780502851 -0.4345955698696491
-1.8129567211094013 0.3798446100442163 0.4936838300021771
-2.2176210465197883 0.32937146802866835 -0.44972704341090886
-2.154416950710896 0.016408971206928413 -0.4716415255276081
-2.084021407213143 -0.3023394777729962 -0.49459932734645573
-1.7983141033210615 -0.4655553585052772 0.45478679249607357
0.3114384112595232 0.7005850913588176 0.21312047550998958
-2.118555568531903 -0.5624249597965303 -0.5050349085537311
-0.21354834619136653 0.7011172749381416 0.25599242756687435
-1.1694569395521128 0.6617679981264573 0.33205463002048763
-1.5658168815293294 0.6019946597307566 0.3615574986728314
-1.8748247652898797 0.49618212888293556 0.3818407208713177
-1.9406396227727427 0.2557771503881341 0.37630940983616146
-1.634653428826077 -0.19527907297293012 0.331132903793681
-1.4038529809354472 -0.5791970821525041 -0.6948718874660846
-1.7247097432024674 -0.42456218728679573 0.32790566990696224
0.7400101275976922 0.5556844031078754 0.045860305527079426
-1.7281831091521695 -0.6756965564262103 -0.6699404566494342
-1.8113123586832174 -0.6561149169733866 0.32421781132541927
0.20119056933815926 0.5613193375043295 0.09094955036960872
-0.31491893501427626 0.5584540580185475 0.13368989537082943
-1.314350343592686 0.5455045954998496 0.21588279316746029
-1.7194015864806076 0.4917244858648573 0.24688054631077083
-1.9459528395074486 0.3407382222318702 0.2586226613315228
-2.042745171649443 0.11757157013404651 0.2562747151645306
1.1547371883163464 0.8872059385953861 -0.10049389292873112
-2.170639255758374 -0.08811764712753956 0.25721360752903255
0.7124524009973783 0.837364698590342 -0.06509493281520573
-2.182632281205734 -0.36015065016171377 0.2454714925082806
0.15198294736652684 0.8533490976427345 -0.0167808382717487
-2.152686612550852 -0.6574226919275503 0.22903348515354427
-0.363761173604928 0.849303789757542 0.026750102737772785
-0.8612453265748172 0.8389647167906631 0.06836749623142513
-1.336211337981787 0.8197753696214107 0.1075930745395306
-1.7495009150114456 0.7698899745334487 0.14012147496067318
-1.9622084415076557 0.611386045658989 0.15064527104221614
-2.001550912542477 0.35675528398869716 0.14203549931370052
-2.02025963156634 0.08976079676654791 0.1310324818881634
0.5229999723146648 0.6123126548312214 -0.1847805826870319
-2.044420581167472 -0.17505245785505252 0.12050868580662044
0.002204123979517192 0.6095033717530498 -0.13997171809352604
-0.5003196469581823 0.6004228668564195 -0.09711216380275456
-1.0283506470344719 0.6087600937044968 -0.05132959773219792
-1.586073393209773 0.637188854927544 -0.0021381228176471367
-1.9383989643104371 0.5555028453670516 0.02416278431736263
-2.0604528402831903 0.34696309394114877 0.02464963505588802
-2.1788964329781066 0.13641819160324786 0.02464963505588802
-2.1078043227798346 -0.18205375221614872 0.0032196194919231758
-2.150417329375813 -0.4370210956473741 -0.005547031661641277
0.16007789359850477 0.8886706495395984 -0.2656035273281452
-0.2897334885163829 0.8490422043510222 -0.22792814662135807
-0.8966277646768717 0.8973385906760569 -0.1724057047573444
-1.8149543297022532 0.8448157752625107 -0.09457634379543034
-1.9534207217364852 0.6454737089391642 -0.0920977442470905
-2.0447631741326475 0.419993466326396 -0.09507177760280339
-2.0762613157840306 0.16055063666586733 -0.10498617579616276
-2.0871993620254017 -0.11137321205608686 -0.11737965037502018
-2.0690807875750536 -0.4009424195479312 -0.13324354579127995
