1.6626575172991522 0.4200168958976711 -0.3472336544067929
-0.6007336172704711 -0.843027211784797 0.2446981655089786
1.5299133840552415 0.5752522131290831 -0.3512686504395077
-0.6987794226230264 -0.6580406539508452 0.24513208732294345
1.454210043245702 0.7624197598330227 -0.3487471355469296
1.2222640281020674 0.8635160303849574 -0.3643835796387265
0.29891393490093066 0.3676896880255107 0.3644934879271915
0.7283525261520438 0.8230492947150232 -0.4102853549988339
0.3319628272510968 0.6185996815269057 0.37751448020624423
0.29918228307342787 0.8211735440909109 -0.44862067833257413
0.24342656134592744 0.8026256436668824 0.3783828006713321
-0.16568671830481208 0.8031590954748253 -0.4909914745361874
1.6881476960208772 -0.037274080777056184 -0.46935832634282804
0.37217524471373764 -0.7910679058501344 0.2063981281249454
-0.6708383863705834 0.767036642966513 -0.5379022373230526
-0.8641894356967512 0.6760102853228247 0.28810226783441806
1.636123170566833 0.16431860181792146 -0.46371400490117765
0.6077117069998863 -0.42000073234290625 0.24099886283563876
-1.2560742297968446 0.6923551289473906 -0.5938919796021054
-1.3623021580084966 0.6481842968752289 0.2486048923461368
1.6498821276469329 0.402548938285225 -0.450374008563287
0.6022345298889888 -0.18787296129816156 0.2507582889525821
-1.5691353316520775 0.764281737780351 -0.6186083568604062
-1.7067257768060173 0.7042241566445142 0.2242981182067325
1.5474815551830403 0.5748169808797776 -0.4508866085083554
-0.5064355836378382 -0.5732778323593202 0.14784252509760165
-1.9618261432843198 0.7968620669537856 -0.6524041904480526
-2.1487004888749013 0.7119292957908847 0.19044315681146884
1.3978232239368609 0.7209277268990206 -0.45704400673223233
0.6116978095297227 0.285095304405111 0.27205097541498446
1.178848475215105 0.829403295563921 -0.4714106334717343
0.4259537902085597 0.4154234514726127 0.2631789432494571
0.6805532624760744 0.7866710942204129 -0.5186151279480526
0.32357340643421395 0.5920054942153428 0.2627354846923282
0.12010314315294579 0.7139600410854356 -0.5730036510498593
0.22179801570084123 0.7689563793797163 0.2622915492980411
0.9665706906413334 -0.6376281649950606 0.15625202521967196
-1.4495790427226822 0.10418751792620284 -0.7454036487610409
-0.3577638203522824 0.6897181452875074 0.21349537238764071
1.77595059393078 0.06047612270515046 -0.5577739490540097
0.9340449916784337 -0.42098970918337386 0.1634885059325626
-1.7374871050129883 0.18928471154461235 -0.7674669040710995
-0.7801981348878329 0.6983758692371609 0.18066894874262118
1.73724594277396 0.2690796601875114 -0.5504688037903378
1.0106943966033413 -0.14305906496232978 0.18203270301508212
-1.8098702142029452 0.38972861091777844 -0.7643879665405819
-1.1767721379175526 0.7235833695152962 0.1505037532775333
1.7210618972997977 0.4898001569081103 -0.5405553592712948
1.0235643245218569 0.09735365591430423 0.1937924610106876
-1.5950299067360305 0.7401217040941788 -0.7279580844910214
-1.6488283901384762 0.7119908050927641 0.11279785499262118
1.6059343739688146 0.6545511546917027 -0.5426424755127499
0.9592260311048193 0.29364761872463063 0.1974107013671329
-1.6698187630175667 0.9375833068896782 -0.7253931774170468
-2.1127719088963843 0.7079363411068371 0.07597887382196689
1.3695286443433972 0.7523368148144911 -0.5593389286072323
0.8651442386462662 0.4731625238616921 0.19786321983026767
1.0808881746734826 0.8227193735353637 -0.5822972072632382
0.762967716486763 0.6481994261278885 0.1974107013671329
0.7222551348742812 0.8567394828082584 -0.6136039508850644
0.48208934219411503 0.7259910948141126 0.1784144626586368
-0.49001855848104725 0.4322553961108646 -0.7466562999756405
0.10912394151010574 0.7557278899051205 0.14992010459589267
1.3151042618417748 -0.5057235077581304 0.08741152152704501
-0.6011167381006857 0.6073751772418277 -0.7482217563660214
-0.2906036793871465 0.7736219933380326 0.11871158942865634
1.3736870754630175 -0.2382395291972621 0.10446798667597079
-0.5095899927693353 0.8901929697347803 -0.725785614398248
-0.7172168044021063 0.7799618259473178 0.08478939399408603
1.3599541865839413 -0.013354063991748433 0.11368763312982821
-1.162035944982378 0.7796664614075333 0.04905807838129306
0.5480391695690443 -0.26297799208356665 -0.7900551570923398
1.3081402434094045 0.18925581957040194 0.11875879630731845
-1.6030811914110714 0.784442025141658 0.013779281231634855
0.5734657497675641 -0.013997313476398432 -0.7746719135315487
1.2049951948789044 0.3627157714077569 0.11829769477533603
-2.0712612384282636 0.7782310216756549 -0.024213196185357333
0.5652345118452615 0.21514428030365096 -0.7635325206787655
1.1024436172066885 0.5365473095442823 0.1178365932433536
1.0021882267047886 0.6886478239478002 -0.6982864154846737
0.9219795152644963 0.6675452044570065 0.1090780483214786
0.7654986663807364 0.7893307096786941 -0.7152613414795468
0.5888548899097685 0.7159806804296771 0.08418476447748446
0.6556780106658238 0.9600053728513842 -0.7168530239136288
0.19853146888193152 0.7355958842865427 0.05329859122919345
1.314489334334361 -0.5751931202586356 -0.018205047991997958
-0.23613572773140845 0.7340554382410147 0.017802833172552823
1.4676627211826414 -0.2529886675158224 0.009505866619818448
-0.693413696754483 0.7235145165859151 -0.019997955706841708
1.5100259919553167 0.0036946721303436902 0.025004981610052823
-1.1337810498574825 0.7251233055409436 -0.055954815295464755
1.4842428511996744 0.22053347929243827 0.03298961982416415
-1.5527160810448706 0.7410121100101179 -0.0896066440613339
1.3184631991935873 0.34663714462522677 -0.7883433116943905
1.4550069720867995 0.43475945691733386 0.0405040966002872
-2.1268508035892495 0.679231508915084 -0.13939321174932218
1.2853623933572749 0.5587431218978303 -0.7802561534912655
1.3309625543652643 0.595617544712578 0.03768598899530673
1.2357214443653106 0.7611293246968849 -0.7743257297546933
1.1769110489842305 0.7401617522249317 0.031580089184515714
-0.7399733371954156 -0.30540203112022013 0.6667367206542423
0.9795914637919481 0.8615517506965311 0.02077782020258212
-0.6961862816585835 -0.043441263000087105 0.679940818402045
1.4404367407602123 -0.9592326469093209 -0.12874448433233
0.6687508551844843 0.922257142393633 -0.0022357715637753017
1.4106955503917717 -0.7411432735926695 -0.1206125034363339
0.23497175741551501 0.9187471823184303 -0.038401008990533114
1.7393439411356795 -0.3161984098543549 -0.0727761997253964
-0.21701326172856028 0.908557010148602 -0.07644450798345304
-0.9447089860840094 0.5320532963792814 0.6843420253722599
1.750980534629349 -0.07735751609291697 -0.06033933296514249
-0.6740912805489288 0.8988616924422104 -0.11495769157720304
-1.3286738438402779 0.5643406571441609 0.6583338962523868
1.6988082995329776 0.12408847740059414 -0.055077434924371005
-1.1230468272093717 0.896646428440377 -0.15253150596929288
2.451098807819129 0.7684338479689075 -0.7586125148804257
1.6127796829422465 0.3059636875534828 -0.053641678241021395
-1.546154421765003 0.9110168785298001 -0.18728768959356046
1.3884789261798787 0.410208710107991 -0.06751430168462491
-0.1780343564928586 -0.467951929090642 0.5955101238219669
-2.115799562716248 0.8526989067713302 -0.2375425113709042
1.3078462951637704 0.5954888839495638 -0.06560075416875577
-0.17024202353402274 -0.22633414096806348 0.6057306514708927
-2.5225042396828385 0.8818865464495822 -0.27041947975469327
1.1015021982283741 0.7112909917851269 -0.07755983009649015
-0.1701222921563783 0.010062120948461484 0.6151334033935001
0.6813858154542913 0.7111736733964449 -0.11295879021001554
-0.26954050100948024 0.1911125787416772 0.6151334033935001
1.5684929888753771 -0.37889488382682046 -0.19186675682378507
0.23878399755510316 0.7017903341086758 -0.1507495655090878
-0.37270575275238826 0.370133838441852 0.6147242771117618
1.6058259665587187 -0.124667818338704 -0.17628133430791593
-0.217651457831316 0.6880846388806638 -0.18997514381719327
-0.7254144274304295 0.41497603949951767 0.591012595745795
1.648645879111669 0.13140491335045823 -0.1602085842163632
-0.6704152590978723 0.6795687824502714 -0.2287219776184628
-1.2850981287329404 0.3517138703384397 0.5480862842528751
1.588640721629254 0.328121746825893 -0.15582502022100186
-0.09328200155670885 -0.6213046957537678 0.4910522685973575
-1.1546626961794786 0.6575870431715494 -0.2708176387817929
-1.704893483901742 0.3665720725546642 0.5182420001952579
1.5120284090216813 0.5151837031976818 -0.1533902896912167
-0.17316878789368673 -0.4283497584685456 0.4931398616759708
-1.5383122376826321 0.6918209786202674 -0.30191123619390225
1.3708592269685838 0.6662013859329967 -0.15826070442510343
-0.25234149305955356 -0.23519261767714283 0.4952274547545841
-2.099001683081383 0.63654192258522 -0.35213935509038663
1.260643272820758 0.8346656209673249 -0.1597217334778378
-0.19550166307326577 0.03267785853425309 0.510258315655463
1.0156030526309507 0.9296067763328928 -0.17628133430791593
-0.21175865802592142 0.2591976602260857 0.5181909786193302
0.5080934138207738 0.8837171450840806 -0.22206342354131436
-0.2840246001346074 0.4546289605020064 0.5206962810485294
0.10923686046527337 0.8999020108335394 -0.2556699527771542
-0.34721661228273604 0.888125180808828 -0.29560792579961515
1.8381607885699438 -0.0595060891057706 -0.25459087028814054
-0.8043759286718455 0.8792002035322781 -0.3355454219849179
1.7860215238249708 0.14165167846068272 -0.2491377605469296
0.1673118014328452 -0.7698953996089131 0.3997880207030704
-1.2269650804965337 0.8916004469330048 -0.3715866817505429
-1.8634005127187478 0.5582537527660456 0.407965777966254
1.6567377410519413 0.2987200366482732 -0.25260770454717374
-0.4334935328668479 -0.8720820229869197 0.3507729755370548
-1.7030929334142542 0.8790969589100328 -0.4134730114014218
-2.084705117329918 0.6809134092740479 0.396275161358588
1.6320711267713648 0.5147876186683078 -0.2441805614502499
-0.8618500000609544 -0.8729284001961339 0.3188067661254337
-2.188798452920743 0.8650233981906581 -0.4563330425293515
1.4605028231309802 0.6484051863265208 -0.25260770454717374
1.2239200779475894 0.7468019586849124 -0.2684711231262753
-1.6157675574158432 -0.8089344478659477 0.26510345801996493
0.7430301509051915 0.7126910774149309 -0.3120955242188046
0.09988295622514443 0.3722089559724999 0.4424096332518985
0.2744189512206958 0.688729244434235 -0.35423267021489835
-0.17307472357981624 0.6794984350274937 -0.39389121666265225
-0.6124808981557237 0.677737221147833 -0.43255841865850186
-1.0657151174022843 0.6717230445384565 -0.4727123989136288
-1.4865719541077098 0.46072358877002983 0.32647859916376376
-1.537239842176234 0.6592840226208878 -0.5148495449097226
-1.8402614628453122 0.512072426070393 0.30175793037103915
-1.9741972390053988 0.6681740542589729 -0.5530208362610409
2.366714134167836 -0.108600179658076 -0.3119248165161679
2.2237874414445997 0.038719613898773986 -0.31696879997564054
2.171297903034528 0.24971296232041595 -0.31091582908941007
2.090008242327926 0.43241816000817934 -0.30889833107305265
-0.11650607270773605 -0.8088155585324692 0.2828937755553653
