-1.850696018246353 -0.43698075948824666 0.6382696241085597
-1.6379626462662316 -0.46021066539455546 0.6634370893185206
-1.4635462010488993 -0.46117745223773987 0.6827933400814601
-1.2852107230442442 -0.46582347517007605 0.7027895063107081
-1.1784324376140916 -0.4265150889440541 0.7118136495297023
-1.033999799787921 -0.4117458756031791 0.7266385167782374
-0.9481522138017908 -0.36032650531898014 0.7324273198788234
-1.965783806048023 -0.6884003631568341 0.22522040306974134
-0.8705341357001402 -0.30394800301560565 0.7369205564205714
-0.7678646258563617 -0.2641922020144083 0.7452799886410304
-1.553797061988817 -0.7238215156973826 0.2794162839596339
-0.6900458376569816 -0.20864455020939054 0.7497632116024562
-1.3673873199484063 -0.7318030034904464 0.30325718819547376
-0.6179172672688793 -0.1442924200897071 0.7529494374935695
-1.3160045510143448 -0.6577331031732712 0.30398722588468274
-0.5414741331255328 -0.08303596216875064 0.7567751020138331
-1.2704061395135824 -0.5748065259393798 0.30326863228727063
-0.4747396552800609 -0.010161492495905478 0.7586576551144191
-1.2220996890718538 -0.4882244724964835 0.3025438398068019
-0.4193224636164672 0.054170655097948384 0.759896954888589
-0.35802174820385346 0.10904146057297659 0.7624256223385402
-0.5297925944062882 -0.7265093336524089 0.40649720131803235
-0.31200617114963336 0.1850150574768641 0.7617175191586085
-0.30775302348642697 -0.7650327084124147 0.4368059247677394
-0.2723065447277975 0.2600143024834196 0.7603628247921534
-0.25060267088775845 -0.7037628985170521 0.43895121514249524
-0.2404812407748551 0.34057861422904523 0.7577125638668605
-0.21814140446458907 -0.6265116936812962 0.4367601484005519
-0.1545570569675192 0.3941661325895751 0.7627927869503566
-0.12922023404203742 0.490292364956316 0.7581889241879054
-0.26915325035848525 0.15114330230167106 0.36711045205045423
-0.1822957037622217 0.19863317752297505 0.3735415548031398
-0.2292915061213563 0.3390799407906311 0.3561374753658839
-0.20268664553013593 0.42883639557910413 0.351726731652505
-0.30493431561093587 0.6100439571994531 0.3242013066952296
-0.1820121357855129 0.637806119375826 0.33638497292447767
0.030330479247581366 0.7043484223215888 0.3556925862972804
0.3197863236791534 0.5977063438303851 0.39892884194303235
1.1140469903470915 -0.6876980792234182 0.13545628487516126
0.4992031290457817 0.5747909336979475 0.4219348043148585
1.1670662465017472 -0.6287385159671128 0.13702555596280774
1.206504470616693 -0.5552498588934149 0.13531847893644056
0.4058461228686383 0.8562122910419472 0.3863193601315089
1.2630738188567676 -0.4836684441316823 0.13604899346280774
1.3126981075132278 -0.422422833795558 0.1367880910580226
1.3569164260449043 -0.35223820256183913 0.13588305413175306
1.4053852168658238 -0.28508773694163914 0.13579102456021985
1.4540893754926572 -0.21810456778936427 0.13569422661710462
1.4950737758474872 -0.1454580869304678 0.13395806252408704
1.5387984671343276 -0.06959168274555338 0.1322123616879054
1.5788756327055324 0.009094671936141552 0.12964411675382337
1.6103334976485257 0.08399911394793413 0.12626477181363782
1.632787074894182 0.17109619400829956 0.12042351662564954
1.649169330544325 0.25788940440591546 0.11376639305997571
1.7075955384823516 0.31801246646165104 0.11527033745694837
1.7154655637421286 0.4171139331689826 0.10614462792325696
1.9747910619194045 -0.3314520630202349 -0.37070969641756335
1.970719676476051 -0.22200924040035375 -0.38395194113802233
1.9676637361086762 -0.12803572890320858 -0.39530638754915515
1.9841663826374685 -0.03305758971333006 -0.4038713365847997
2.0025261569973054 0.05575649943893346 -0.41149834693025866
1.9951876037196996 0.17509919777017657 -0.4266436487491063
1.980890312706876 0.2849522616386704 -0.4417755991275243
2.0199605126617683 0.358973923000935 -0.44473055899690905
1.8509945163026913 0.5970310529261891 -0.4983227640445165
1.1350271607485496 -0.23114391742756624 0.17668934761930188
1.0908981563826785 0.04684490746321934 0.17668934761930188
1.0477402588803244 0.32498345364622416 0.17668934761930188
1.0006275402154756 0.6025361775066589 0.17639370858121595
-1.2796947392389058 0.8459478862865488 0.044824323052651494
1.7305109457707886 0.0493504857271887 0.07407208382535657
1.652823356482969 0.3199193619632812 0.0719410985653468
1.4033564043263596 0.5647973714461862 0.05915757119107923
0.7399035527322724 0.7501150087180637 0.020806989068276494
-0.7432350978082098 0.8219373996388182 -0.06806973517488757
1.9399017905928417 0.1540409682450914 -0.052026072149985225
1.6998224296261952 0.3988902480640384 -0.0645487695987157
1.549324174184079 0.6586050079985615 -0.07143668234895983
0.673869488778692 0.8128523775266174 -0.1243479639346532
-0.8090712272718434 0.8861870046311235 -0.21576766074251452
1.8197077298651436 0.1079868285626322 -0.19988469183992663
1.8063472436999177 0.388139816670515 -0.19795397818636218
-0.8009585131379708 0.0010514135683354908 0.7874481290524074
1.5472746164633122 0.631111591619046 -0.21211270392488757
0.24236940686668618 0.7219883255162518 -0.29449156821321765
-0.10701683507504356 -0.25248772318653145 0.6768920034115382
1.872334306474528 0.3148168834546681 -0.33431700766634265
-0.1561506760047422 0.029072572802922636 0.6766311734860011
1.849838435448774 0.5932151297320889 -0.3329947382266454
-0.19442421420727385 0.3123097983796992 0.6768920034115382
1.606231656638542 0.8387597109577118 -0.3465454965884618
-0.23171535873700577 0.5956634357796151 0.6771528333370753
-1.315743296667037 0.7281916523830336 0.6221220105831691
0.0920074163167186 -0.8700789653328584 0.5389325231258937
2.1643619349449637 -0.004250180171849749 -0.45795659125398913
0.14914485556937507 -0.5715980233353299 0.5445925801937648
0.23694679364464832 -0.26897244554656474 0.5518695920651027
1.7432844933005498 0.4935004817661799 -0.4810226351077489
0.2025657949588151 0.013688393386468434 0.5524084180538722
0.16917748734198312 0.2964339653300403 0.5529477208797999
0.04869063668714091 -0.5579539832944374 0.39629193245816907
-0.5044075088632667 -0.35685671697618915 0.36763354241300306
-0.21742355159392446 0.2676318103419213 0.38877936303067884
-0.3042451084407958 0.543753297931076 0.38627549111295423
-0.390120626638776 0.8203305590878784 0.3837711423580714
-1.7158370278309434 0.9223712267615625 0.3114297002499171
-0.3896195596327914 -0.9189510965581427 0.2249700635616847
-0.4016339123838719 -0.6300300824726737 0.22697897850919446
0.30248500410627344 0.06016841429008579 0.27317782341886243
0.4913232686991762 0.3762527238867168 0.2866637319271632
0.548077598088085 0.6711145678258656 0.29240342080045423
