-0.5515970328665816 -0.8164894645652723 0.11907338776596177
1.2895045230642523 -0.8321912145247818 -0.7334833177088917
1.1624012084302962 -0.813339806422821 0.24328231492050278
1.2918617714256442 -0.5815130396446122 -0.7365212472438039
1.5320108723714867 0.8888456232352251 0.2502236334324657
-1.606155887486537 -0.7540923908912998 -0.08780241332046401
0.9615578849453357 -0.8706844338922011 0.10407256760604966
1.8610690636261467 -0.7540605541652265 0.16952657380111802
1.8932430662675728 -0.5098507262534362 0.16915273346908677
2.152284384920435 0.19621997891164789 0.17999934830673325
2.1386117110783545 0.4477584404007491 0.1758847204685985
2.0472285667545123 0.7130631615014948 0.1657862631321727
1.7948020672200329 1.0076276484616145 0.14334487595565903
1.9294782207200996 0.797048938763016 0.03192424454696763
-1.1728460832530487 -0.5795146895508072 -0.44487572035781753
1.2355557637366985 -0.6817171412344987 -0.2524151834010304
1.9083536528203098 -0.533840217238307 -0.20079899153701675
2.1283821885244834 -0.31923289136332755 -0.18599462828628432
2.2014372569228726 -0.08226979722908645 -0.18319368681899917
2.1031829468055747 0.18264659431703656 -0.1943969758509816
2.1681154856904072 0.4211152337476918 -0.19239616713516128
-1.307719073880321 -0.8185668383844575 -0.5822095902918996
1.4951767378462506 -0.9698346047603632 -0.3528595002650441
1.9898247107084188 -0.7939742154821854 -0.3148388894557179
2.090810957326795 -0.5608231568749549 -0.3095235856532277
2.1187318519819343 -0.3166317680148829 -0.31034136137954604
2.1425937549979466 -0.07170880981499828 -0.3115677865504445
2.157480563190063 0.17479815397285847 -0.3136124642848195
-1.7026096529752834 -0.9828850709461872 -0.7424535783290089
-1.6367093601163134 -0.7312454546398488 -0.7399487527369679
-1.470238902204116 -0.5597800015086882 0.30882596650131333
-1.417118317112795 -0.5024425068954343 -0.7244997056483449
0.44201213269758455 -0.5857117445090658 0.44103288331039536
1.5572608595401078 -0.6903764208878229 -0.47565794310562026
0.7853601431395134 -0.3842207713405319 0.46260356583603013
1.7718547326148553 -0.4732324707217259 -0.46062755904189956
1.9821768746663508 -0.25668545145946275 -0.4460139306544484
2.1193897110083952 -0.029552343156639793 -0.43766355833999526
0.3469526965480867 0.44830885859889413 0.4232897726536571
2.1639199053913813 0.21218344758170993 -0.43724632582656753
0.17181596925750853 0.7333513846151494 0.40798139252670396
2.1994847651987754 0.4553961973842924 -0.43766355833999526
1.5125590881375643 -0.995217384518865 -0.6001091035365285
0.6972906494319773 -0.8632675552399895 0.33580827393539536
1.6522782282635973 -0.7660637949684705 -0.5911583932398976
1.1384436963069646 -0.6764512192194836 0.3650512663365184
1.9355351753268906 -0.5596754746380252 -0.5698475869654835
1.200461559895345 -0.4342733084862491 0.3668341604710399
2.140635248670307 -0.34276692832218636 -0.5553560288905324
1.2386794189907278 -0.18851991739190055 0.3668341604710399
2.120147820875104 -0.09081463607875051 -0.5604705842494191
1.184188324592668 0.0721456037058914 0.3600583044529735
2.0907277465555296 0.16302990197371692 -0.566437724447173
1.2044845204817136 0.32118502009508987 0.35863160767562974
1.98159230847628 0.418245583324115 -0.5792241128443898
1.1891764701727539 0.5637154273443272 0.35470962204940903
