-2.0812272323559 -0.16555308735361507 0.14179726553095984
-1.974494112571378 -0.39392568943305406 0.14171071958674597
-2.0504572982165996 0.05424086675133921 0.013566097737685912
-1.9566803133599109 -0.18032430128195998 0.013756355763808958
-1.8637277779706949 -0.4151836656123251 0.013946494580642455
-2.1982430050889263 0.5684023200538668 -0.11424902963505579
-2.161832191371616 0.3074563584436518 -0.11269132184849573
-1.930606694381396 -0.4182412394446722 -0.11092607068882776
-2.1476408619837883 0.7991904403608174 -0.24380199003086878
-2.1785522159624406 0.506763856665323 -0.2404249100671847
-2.210696144450935 0.21492483081068414 -0.23704818773136926
-2.088976698225096 -0.006852379138869935 -0.23749832200871301
-1.9255453430018434 -0.4860453816451269 -0.23648528146611048
-0.09867590485937683 -0.5280405219891833 -0.27385679769383264
-2.0386379141005477 0.8063363769508918 -0.3728857426630099
-1.8648689980563944 0.606875123550914 -0.37470499563084436
-2.0743726170693293 0.2337959629166093 -0.3663360266672213
-2.0255785689352024 -0.02111741369142095 -0.3648806004510958
-1.9869022761692179 -0.28005583408375045 -0.3631825833307345
-1.8943017144512027 -0.514795614003436 -0.3629398732172091
-1.7887898538341176 -0.743850427953344 -0.36306134748326135
-0.3801108305070784 -0.6912890989712075 -0.39496020364628626
0.5167925872069361 -0.5911518351935676 -0.41594342279301477
-1.8505070245005015 -0.15166863195473823 -0.49387959527836633
-1.807781070781047 -0.4090367425263999 -0.4921893267618258
-1.3674193413407636 -0.49261894239010573 -0.5018103508936007
-0.5872281376398831 -0.4323186626463027 -0.521052279947861
1.1977042314520503 -0.23349042685372723 -0.5657767443643649
-0.9292671499663498 -0.33069959701979457 -0.6417086510644991
-1.1581481359702792 -0.7076239381418503 -0.631719627855881
0.4497165165509358 -0.29730753611712046 -0.6772251515375216
0.7263169028409493 -0.4625444536565837 -0.6824973015771945
