1.7845540403567663 -0.14145805634252806 0.08775479957240861
1.5812132758320523 0.5151575124574803 0.08261640235561174
2.011181600383082 -0.7901834490689952 -0.02082149818760115
2.0151309069955436 -0.5443154658131766 -0.01736204460483748
2.0200359279005355 -0.29876136933659847 -0.013890670093118729
2.0024839151084306 -0.06206632483993246 -0.012027190478860916
1.967056044928682 0.16769786897865124 -0.011450694354593338
-0.8522387194530401 -0.5735514116764904 0.7520309226192836
2.0656528760684036 -0.40070821855092653 -0.12682001427036482
2.0001088015282065 -0.19368387137069298 -0.1283897621951695
1.8742808156463542 -0.008614816760726285 -0.13428251579624373
-0.1320345422368181 -0.7141860623904632 0.6698508994259242
-0.25897731012893654 -0.5090970419915539 0.6647973792232875
-0.3186148857357347 -0.26723087229579523 0.6635804907955531
-0.4017334709016369 -0.046292325387066846 0.660908772198141
-0.48877111558589714 0.17332867613133995 0.6579800383724574
-0.621397548016204 0.3898800766934718 0.6525593535580043
-1.3406251663288042 0.3956380539169819 0.6142197386898403
2.147353818219072 -0.45571032943851364 -0.2366475327334996
2.0683134627451807 -0.24168710439843366 -0.239000724109232
1.990029610854712 -0.027383867431615805 -0.241348193439066
-0.11272483464736638 0.46492243346374007 0.5627771155514125
1.9296079774136348 -0.7202456778391166 -0.3701810105167027
2.1676333375799284 -0.38746752650156946 -0.3487514717898961
-1.531751162617737 0.4822383107706729 0.4848285452999477
2.0888433832713615 -0.17350551370957223 -0.3511018021426793
2.0107934776712124 0.04072681851392268 -0.35344593361240584
-0.614137589848327 -0.6494484279180801 0.4068580405392055
1.8238716512497244 -0.7845523451093444 -0.4937462075076695
1.9540789955682327 -0.49123500099628714 -0.4799789650760289
0.38530436828538583 0.4391209313750437 0.35652549430507463
0.3235452294939445 0.6641343472632935 0.35503251716274065
-1.5720330035616525 0.518875056894406 0.24308927222865861
1.0745773251207398 -0.6099750193044313 0.26998145743984026
1.0887923365533725 -0.3580626098648665 0.2735567824520473
1.0617439287603077 -0.12175464594038488 0.2744613425411586
0.9838657144213725 0.09603906994737876 0.2720933692135219
0.9067492481740844 0.3141048325497886 0.2697315947689418
-0.6948471417062159 0.7510032794760413 0.17804534598964494
1.471658550830449 -0.7712637810871783 0.17615087196010393
-1.3142473352331763 0.7936589983703168 0.14122922584193986
1.4851543428928258 -0.5203261898387694 0.1799002425350551
1.480882090669664 -0.2766149908390849 0.1824351088680629
1.440011992732766 -0.04671515289787287 0.18252713843959611
1.287203969120441 0.14289867021875313 0.17525823279994768
-2.186438290917083 0.10786915585584644 0.6825567023434047
-2.168897576657052 0.13710771682839873 0.6783304946102504
-2.138795663768563 0.15311960451486062 0.6825567023434047
-2.1148567439886303 0.17562073027368363 0.6825567023434047
-2.0877529545229514 0.19471918011966327 0.6846695677914028
-2.0636690500366157 0.2170417276080281 0.6846695677914028
-2.027255810007299 0.22591985244986024 0.6931219832577113
