1.7234028117645188 0.8451443429635965 -0.18075240682233762
1.5565116512851276 0.733341374193877 -0.17510093282331418
-1.4107224702151768 0.8275361695975789 -0.5716616017686267
-1.7107710461916525 0.8390750702883274 -0.545342097984447
-2.343050566700267 0.6404571462120323 -0.5067263944016833
-2.4425242460699614 0.48468124209340857 -0.5100551946030993
-2.3557710772006395 0.19730436142835117 -0.5389667851792712
-2.454017094515155 0.0615130495232421 -0.5410171849595447
1.867378790113218 0.7020422857141746 -0.2953711850510974
-2.4585209344956915 -0.14705492347978932 -0.5564619405137439
1.3278948991461696 0.8562757431545727 -0.24317802022565793
-1.4752097891997735 0.907681732179288 -0.6499048573838611
-2.336062599141872 -0.47740844558134654 0.1352289812697034
-1.5710566931691936 0.7690556138449267 -0.6520100934373279
-1.673967301440868 0.613542634435774 -0.6548363072739978
-2.017017836276942 0.858036342780288 0.103522648109303
-2.0466625138234207 0.6707116454095967 -0.6185103757249255
-2.126241297149619 0.7200997220784018 0.10242544580827762
-2.148629280011331 0.5269101055308205 -0.62066663335432
-2.227983295265453 0.5765736470565983 0.10034119058977176
-2.247136710095461 0.3804376731673429 -0.6233836514817614
-2.3302348113434057 0.43338665304892743 0.09826313425432254
-2.5502727374271394 0.36814527989031376 -0.5984855992661853
-2.368628894183189 0.21915774111485575 0.08658634592424441
1.8470290326131291 0.7951446636350532 -0.3820725781785388
-2.3972830164886645 0.01875032230936924 0.07506882120500613
1.4284142461716094 0.8436903500286874 -0.34552253316511106
-1.7772912763416393 -0.6870172002679524 -0.7451292378770251
-2.377262903510225 -0.23152607216637477 0.05650602747331668
-2.3436622833519216 -0.4714325084850479 0.03759895731340457
-2.215107433551019 -0.7989213106716271 0.005664695991383084
-2.303086456320706 1.0050475552156861 0.04658924509416629
-2.212781183635972 0.7189569745247866 0.020236839546070584
-2.3092387833399144 0.5827298128781813 0.018227447761402615
-2.3204094026807667 0.37059065611336095 0.004510750068531522
-2.328623342778169 0.1551420771591907 -0.009712348686351291
-2.3511459440072855 -0.06154790244998054 -0.02300275395978879
-1.058835096419763 0.8141246166789102 -0.15142882894147824
1.7464165985444673 0.6827472080808761 -0.47579968999494504
-2.349635378017716 -0.2867507271577878 -0.03874648641218137
-1.2324827673702998 0.719782063228088 -0.14433539937604856
1.3344722378979803 0.7505738672635971 -0.4378868443833728
0.9836002844667462 0.7679115773711267 -0.40836967061628293
-2.24831438065117 -0.8183819139825275 -0.08341039250959348
-2.2003737736831575 0.775388700697544 -0.06540120671857785
-2.313853738958766 0.6410996212740905 -0.0659567220078845
-2.3921229430176076 0.48017055176084966 -0.07113565038312863
-2.4078131346745586 0.2711129415362201 -0.0845438344346423
-2.416597382935212 0.05572335412313478 -0.09898103307355832
1.798309416428154 0.8734823065512956 -0.5615111691819568
-2.339936888568701 -0.22701945040997273 -0.12474788259138059
-1.1080180537897384 0.6951387488327789 -0.245934139000072
-1.4662200708579611 0.7366216551180926 -0.2146545750962634
1.0548774001484205 0.9317649199980593 -0.4961983067857165
0.708066354887869 0.7133624418478881 0.2590535776747327
-2.3834961723833317 0.5396410206466911 -0.1562286717759509
-2.391020729786561 0.324630736494381 -0.17088235448469113
-0.2710299347778893 0.7349472175324507 0.32905565668474246
-2.3837851738256965 0.09718404896961275 -0.1876312596665759
-1.4781065294845668 -0.62020298357724 0.4184192316664319
-2.4956235600608387 -0.0394057143761799 -0.18867553304304074
1.6770994911709174 0.6962903077594653 -0.6578289372788806
-1.1445009177141152 0.9313117584786994 -0.31661904882062863
-2.447131267884618 -0.30090297144301204 -0.21118510793317746
1.2806069367938662 0.7426908968735653 -0.6213723523484607
1.0728259363042518 0.6611156994560474 -0.6096578938828845
0.6735535237651291 0.7144970426477251 -0.5726100308762927
0.6198573624212038 0.7414249761120573 0.17451130319963504
-2.3540262271962042 0.7260297021623359 -0.23382962773908567
-2.392371067182662 0.53526637772244 -0.24444640706647824
-0.3834018756643509 0.5592871279214542 0.23487554956804324
-2.4355205658027224 0.34742416112364793 -0.2545296056138415
-1.4144988970915016 -0.441777226049588 0.33456264902483035
-2.418920581569118 0.12408636852036636 -0.2719818456040759
-1.2358012309497077 0.7552129591800743 -0.4116722447739978
1.4099006544437138 0.9576769643607754 -0.7110349042283435
-1.4988126878843993 0.7163863918817164 -0.39286960195173215
1.2271174805128808 0.8582638726262743 -0.7024003369676013
0.797080509322452 0.897813884838822 0.07882057596574832
0.638913671232114 0.784115220071044 0.08330570627580691
-2.419933405331115 0.5230426141312989 -0.33174050878156613
-2.4671176344517853 0.33828171482166525 -0.3414207799302478
-0.307019002861054 0.7828714877960827 0.15231691767107058
-2.436305368650089 0.09287814016267504 -0.3619147641526599
-1.4489836935095717 -0.6768959573678366 0.23094068933855105
-0.3478808004047309 0.5894940463768812 0.14298569132219363
-1.0963929585302168 0.9294159589258726 -0.5008069379197497
-1.366039902092293 0.9053382185884615 -0.47996533940900754
-1.1356123802930824 0.7159357547654253 0.20813070703874637
-1.6513673009206968 0.8945524532116309 -0.45690978597272824
-2.313994871283665 0.7286800156423716 -0.4139677388535876
-2.395929529183082 0.5708060969135857 -0.41884101461042356
-1.8518098587889753 0.1378658776789834 0.22208916117082644
-2.4468614594049427 0.38904826842187745 -0.42810309957136106
-1.9595560563641357 -0.003620911205473476 0.2204950945509534
-2.4236840479563675 0.14979192088490123 -0.44780171941389035
-1.9809646046970784 -0.2114179868413011 0.2083486216200452
-2.030895051650319 -0.3981272200321335 0.19956289698015262
2.4318467992634147 -0.581665762586077 -0.1115046841966052
2.455968881213341 -0.4135589666230608 -0.08301843236555051
2.4775739789251183 -0.24936049501677715 -0.055550227867259494
2.4586583561972297 -0.12721083925502796 -0.040290008293284885
2.4195646815474277 -0.025936161918622247 -0.03113378118146848
2.3983157495418155 0.09260326912528782 -0.016890655265941135
0.7118404591607934 -0.22066049177405134 0.4392584459913831
2.3427665128080264 0.1766971896466245 -0.012821326957835666
0.6810224181418505 -0.10772598368358643 0.4491304056776624
2.2875590059370445 0.26093592994699577 -0.008751521812571994
0.6579754499542325 0.011822338942874211 0.46079718042741824
2.2467399242471195 0.3589579339185178 -0.0006128651963610565
0.6536902028039933 0.14783915242543344 0.4769509928358655
2.1922671143287324 0.4434308241622702 0.0034564631117444122
0.6099398804876586 0.24736569042250167 0.4832333223951917
2.1275245403459735 0.5178886039468296 0.004473556770191678
0.5702781726239969 0.35024162915905066 0.49041258264909793
2.05596280225258 0.5858129911150449 0.0034564631117444122
0.49801506535831663 0.42370293719128327 0.48951565195451785
1.9810649066712038 0.6506366907593772 0.0014217989576916779
0.4149429956259567 0.4876535604883152 0.4859255449904065
1.8956593599000975 0.7057029102984593 -0.0036650998460192596
0.2544495379564502 0.48376898489477327 0.4634894030226331
1.745898630699788 0.7010795590437553 -0.027063976036204807
0.08994941224199948 0.47753771379466414 0.44015585352312137
1.6713349889463665 0.7670581643412042 -0.02909864019025754
-0.0005033094641291314 0.5366246641170171 0.4347714083326917
1.532074352960901 0.7737273193824485 -0.04944575856794309
1.3636666085700249 0.7547478349365591 -0.07793201039899778
1.2202758598800223 0.7597089551441414 -0.09929622243513059
1.0621005801011485 0.7523476025276068 -0.12473023961652707
-0.7221087462866045 0.472756170360352 0.3270777361525159
0.9583906486636629 0.7947581953043041 -0.13490403722394895
-0.7789424742226743 0.5634658461496507 0.32976995874773074
-0.945181646475298 0.5632213372442472 0.306436409248219
-1.077544370040389 0.5920543271155019 0.29117952753435183
-1.2480573282950722 0.5904243789391579 0.26694904734026004
-1.5142975052694752 0.5121958323599358 0.2202819483412366
-1.7316097171495102 0.4757441186973459 0.18528114725481082
-0.27016001262005673 0.8138879044526135 -0.32514918874372434
-0.3446350827985931 0.8872636387343107 -0.32718385289777707
-0.5844584679799993 0.823169456683015 -0.37398208211530637
-0.7080084732439715 0.8571641091023281 -0.3892427785264392
-0.9186545173549341 0.820387616214024 -0.42790235112775754
-1.0729019875176284 0.8312158380432955 -0.4513012273179431
-1.2349717336086208 0.836732220481732 -0.47673524449933957
-1.4049235348757776 0.8370174086954663 -0.5042039258347888
-1.6287563885264014 0.7955360446280082 -0.5459152562486072
