0.2649584684974826 0.6431433660680472 -0.15507005964717457
0.19133921804561282 0.5651846987410831 -0.32193731581172536
0.16343321904668073 0.616763340262219 -0.4633004597326238
-0.14028325282599496 -0.68508390293775 0.4520313807825129
-0.15861778848363883 -0.35669646870092997 0.46886563981571605
-0.27173330653685923 -0.0908434812705341 0.47537828172245433
-0.5641403965869074 0.05977732783296297 0.4626028605798762
0.02566625444381998 -0.6758688885672779 0.30669427598514964
0.044770114235305414 -0.3234749214463726 0.32796598161259105
-0.01393479128732622 -0.02313801448401165 0.34052682603397777
-0.07135546102060175 0.27706966438396385 0.35309434617557933
-0.4382709878984343 0.3791981533334763 0.3317568370203059
0.3596656185429197 0.22100035759172165 0.23956895555057933
0.35322586789145305 0.6047192957329965 0.11913800920048168
0.6503305067915903 0.3804845211805823 -0.01269888197383473
0.35975733933646836 0.5277694048929575 -0.026681654800983168
-0.46262752190116885 -0.8648031143204928 0.6460015841821711
-0.16672616343281277 -0.5183115236696825 0.6658246585229914
-0.13776510375477358 -0.1486728134624169 0.6654508181909602
0.12565301330458567 -0.8219369373647165 0.5038778849939387
0.07909329969059797 -0.44655126185794636 0.4977552958826106
0.009026269319690527 -0.0683806025594329 0.4897177287439387
