1.6387235208489557 -0.4419657871527036 -0.135871781641006
1.7767426593313758 -0.12410919459143344 -0.10424651079750014
1.7081303248967856 0.0867991916321671 -0.09928311281776381
1.6003854686093177 0.2777458228737899 -0.09941662722206068
1.5021826617279288 0.47352853808605744 -0.09840525560951185
1.4046761293479335 0.6696628873385535 -0.09738434725379896
-0.18379000124049583 -0.10735787995109547 0.6217828852596288
1.2543190580717862 0.8399023204900686 -0.1031574147281642
-0.19396211583136846 0.1383936972358626 0.63277684277916
1.6501895705855532 -0.694838161918355 -0.2605251210269923
1.8662358629356248 -0.33514934155963516 -0.21806563311195326
-0.6224938849193506 0.6812406914781874 0.621116743749619
1.9028883212724423 -0.07011893684422432 -0.19922484331703139
-1.0070649705940866 0.7487129519983213 0.5904499155941014
1.7370577457001275 0.09089881667416932 -0.20687521868324232
1.7047311642958363 0.3197045369455864 -0.19723643236732435
-0.006345657107189595 -0.5456458470646091 0.4909163577022557
1.619997981835553 0.5217786717284554 -0.19450034075355482
0.0305564466656989 -0.27543507053130867 0.50765477246666
1.5493439057050438 0.7307016537354087 -0.1900276082096095
0.04636550365518133 -0.016862378643438092 0.5218673808040624
0.03200293634436946 0.22591980214044582 0.5325404269161229
-0.07081389821534856 0.4249866544175944 0.5330973727169042
1.5834525808751323 -0.6781589575344391 -0.37791766100501967
-0.17295270952611475 0.6244209194673047 0.5336648089351659
1.8216623547498187 -0.30711005800430513 -0.33190764361000014
-0.6065236042047388 0.6656862201507607 0.49679766721153307
1.7965558000608155 -0.07366775387222191 -0.32098235064125014
-1.1843592927217799 0.6415905689285495 0.4437633616390233
1.7989632760448728 0.17306281822340708 -0.3065437214908595
0.23115055307970067 -0.6256309362738399 0.3946591479244237
-1.56494055812054 0.7140873311493934 0.4130145174922948
1.7536156604514446 0.3949118357204924 -0.2985271351871486
1.7047021826860487 0.6145176094094111 -0.2910884755191798
-0.5894487142130487 -0.5323225678787153 0.32513056821250963
0.1744841431928279 0.0981609519898683 0.42610131329917955
0.25942308366681743 0.6367060664692374 0.4606538874568944
1.6397614494042756 -0.7466160825276553 -0.4877866643009181
1.8289143384603364 -0.40042358841369463 -0.4476407902774806
1.8519886276029354 -0.14197985071727715 -0.4300435917911525
0.48890668483321065 -0.8200428068180123 0.29483233518028307
1.8584824943331029 0.10693941928138884 -0.4148143666324611
0.39132915514667843 -0.618128767437959 0.29637108868980455
1.8438849279845755 0.34429256210663794 -0.40254534655189467
0.29001835940309206 -0.41813145960145803 0.29739485806846666
1.7281366004430936 0.5303677965962308 -0.40391291552162123
-0.5666811080192247 -0.5953826983516848 0.20938454694175768
-0.5342503232579645 -0.3258765218080697 0.22615252560997057
-0.9335591249422919 -0.2693719072612737 0.19213496274375963
0.4595511076662717 0.661495994371073 0.3680778605403905
0.6401501795269837 -0.5651221194494092 0.20922671384239244
1.6663724611714343 0.6841715763228677 -0.5120424168643947
-0.6005584513776512 -0.43295028605309227 0.09996901578331041
-0.46930520248767493 -0.11538686757057448 0.128713236516953
-0.5197248829607588 0.11157743221959038 0.13563691205406236
0.4868779478321841 0.8490276795229192 0.26815997189903307
1.2687823436905603 -0.728211800058979 0.147267924016953
1.308530349193731 -0.45860843776566895 0.16558276242637682
1.2919052609904043 -0.21896346212137274 0.17686520642662096
1.262960462065621 0.013724452433773848 0.1865306956233983
1.2216245611143677 0.23959037830106666 0.19458018369102525
1.1411026208129726 0.4455248703909689 0.19776736325645494
0.9364770472138986 0.590269243900849 0.18581591672325182
0.6294228977694161 0.6860204361120239 0.16143666333580065
1.422732534234072 -0.6094198311706904 0.05662213391685533
1.356800951459718 -0.39486833850188674 0.06201087064170885
1.468832463542924 -0.09012069052958793 0.0894080264034276
1.440336254850095 0.14190194082183183 0.09920989102745104
1.399447707870749 0.3671195984777711 0.10737095899009752
1.3060147222655587 0.5658077554782537 0.10894118375206041
1.2088224243458683 0.7626080771573811 0.10997210568809557
0.8934299302107718 0.8532001275247154 0.0840827090206151
0.4884785427852023 0.9024733677346646 0.04722176618003893
1.5131506422838896 -0.8846521479547569 -0.06161965303993178
1.6534139273504849 -0.5627462881327396 -0.029907120996474745
1.7422243671391584 -0.2694458237027888 -0.004897965723037245
1.7527482380235995 -0.01775012607283344 0.010057554906845567
1.7067254300161778 0.2043987721346312 0.017757044500351427
1.6304663538707018 0.41094061537408777 0.021555052465439317
1.4571024881411887 0.5690437153938106 0.013075934118271348
1.1727473643615411 0.6731629245639681 -0.00934971743202162
1.561048165630936 -0.3589244062884376 0.1512690646114354
1.6020753299210782 -0.04487018610911164 0.14475880689048815
1.6118197213570937 0.2820112494980478 0.13520966596031236
1.7862770059821855 -0.14807646902187344 -0.007212056451797011
1.6134499963911821 -0.3438039161252071 -0.17022932940101576
1.8031038366662813 -0.0875617479631714 -0.16254033022499037
-1.5060034425814166 -0.5895758395992452 0.7067452532711034
-0.17104392501238408 -0.07731254914879315 0.7907143694820409
-0.1571146631565199 0.2532272013304464 0.7825132471981053
-1.4952867702161967 -0.35550632974882035 0.5254570109310155
-0.009973643870495152 0.09735305914684034 0.624288187688828
-0.06507101069453824 0.45447354985081745 0.6098834139766698
-0.021186976798716728 0.7743611157022272 0.603881464666367
-1.841672358817945 -0.9046044634012134 0.35444460935020494
-0.9794223674597475 -0.8813876079038288 0.4202648264827733
-1.2183937738334976 0.22013526760429158 0.37038861340904283
-0.4352908883563913 0.2609102556835623 0.42925940579795885
-0.04812534480282693 0.44908349878357967 0.4533797366085057
-1.6054047245553278 -0.6004276906357227 0.20422659940147447
-0.6685716880866579 -0.6086989074394822 0.2781268221797948
-0.16379756853400806 0.2088045013311728 0.29357586926841783
-0.11051161460213166 0.5416718352855341 0.2877303225460057
0.8490024692485321 0.5208755075966067 0.3633013827266698
0.6140844067957687 0.9313111152799607 0.3324047190608983
-1.647106344296418 -0.9727642590038137 0.051838980382919786
-0.7626502241155748 -0.9751699681597614 0.12301693982505846
0.7893933047332808 -0.9001721243964234 0.24534140653038072
1.013924230020649 -0.6706314388433192 0.25642262524986315
1.133691119670118 -0.3689992960676811 0.25684844083213854
1.193208813230413 -0.06073944708444046 0.2521601778926854
1.1006872623047457 0.30714734731814985 0.2334066492977147
