0.4542512912677523 0.5567603942051145 0.3580940577182661
-0.6120262963943617 0.5581988720924045 0.32053550211523874
-2.040698933407164 0.46518303828865104 0.27020152536963327
1.4921112756812107 -0.56646116783529 0.21540006128882272
0.32168239587814895 -0.5992827398461689 0.17235787836645944
0.2445729935493688 -0.2427697224384966 0.16973336664770944
-2.3728881309014014 -0.7621222885564052 0.07309707132910592
1.3334674337300143 0.8928816730130524 0.2103637072238813
0.35249384031680364 0.9391347283919593 0.1741975161228071
-0.814233247407472 0.9302604334150013 0.13112767664526803
-1.9204875379004136 0.9494539014270309 0.09026082483862741
2.1035239403502572 -0.7283618928719786 0.05941565958594186
2.105857817554636 -0.349247033683298 0.060023626962650845
2.015408195389398 -0.0037997178176896185 0.05698903528784616
1.8837529201307106 0.32707243854470214 0.05231603113745553
1.4556215993638375 0.5558658681417654 0.036091169992436
0.24281602802285818 0.5196987208932349 -0.01064363988305228
-0.886171697602613 0.5203087581781931 -0.05415264638329642
-1.9831577229855455 0.5394490630571838 -0.09644953282738822
2.181666354425701 -0.881253483167411 -0.1161004689540972
2.278754438505551 -0.48693089696214553 -0.11142651112939017
2.272569382932062 -0.11198106587883228 -0.1109587338771929
2.141709217854327 0.19956574395192828 -0.11563984425927298
1.9199664577319027 0.5173434297560195 -0.12399117024804251
1.3789121398853936 0.7076810697473022 -0.14540545018578666
0.3269566371247947 0.7282154296914136 -0.18763796361352103
-0.7839181342445869 0.7555012145783353 -0.23226992162133353
-2.022904760775596 0.7291014334518309 -0.28216997655297416
2.2484805104668624 -0.9722380824195893 -0.29187599690819876
2.3861871778410872 -0.5442802081155351 -0.2850190785732378
2.3582723450006498 -0.8581996667401501 -0.4650375035610308
2.4334923216307445 -0.8699992624033346 -0.6219717648830523
0.8645646740508397 -0.4032657632126053 0.7327962729129682
0.8022856944773906 -0.04373128533069526 0.7304049345645796
0.6846137795638896 0.29627240765707796 0.72624381510352
0.25116330991735225 0.5287058295254363 0.7121222826633344
-0.698100443530528 0.5898966000909018 0.6817413183841596
-1.7951228858869754 0.6083771402629328 0.6466735216770063
0.9034938219319031 0.04707807578335821 0.5537501188907514
-2.469862383721626 -0.733368136905205 0.4411781641635786
0.8261289482366934 0.779910745358614 0.5506494852695356
-0.013403899536115205 0.8761628838992088 0.5223830553684126
0.5094581692304629 -0.9535299597651843 0.36005814997290475
0.3603649661885555 -0.6224515032063787 0.3548611017856489
1.2370778973802388 0.4457439658665798 0.38566144434546334
1.5750568241305274 -0.7633738427895516 0.13554557291601999
0.6025982019757379 -0.7842639160222973 0.023215136209477016
0.6307133732072572 -0.6431517914300917 0.029005369821537563
0.9309528486140337 -0.5898058669209743 0.6466227385196577
0.37455488791063374 -0.5454626381328502 0.0012124392185102195
0.9008329512805204 -0.4589412497801817 0.645613989511479
0.32495071283918264 -0.4155266874461949 -0.0022617963161577492
0.8957701789022678 -0.324300449984106 0.6471272322330366
0.8911851821018573 -0.18969572666046464 0.6486404749545942
0.8772258178657637 -0.0565095518871086 0.6491449686679731
0.8588052132452049 0.07602897510672246 0.6491449686679731
1.7007299671802798 -0.8816830735758945 0.014658293405521938
0.8408478579567031 0.20863108340803738 0.6491449686679731
1.904832206935211 -0.7153957458028204 0.04209073511694772
0.788824389252035 0.3368077950920041 0.645613989511479
1.8644882489934034 -0.5895579775906103 0.039705118814457485
0.993619538190103 -0.7211354986360687 0.5833330961856733
1.4112426794156718 0.5438761668377339 0.13844045130347116
0.7174915842311123 0.4627887810754805 0.6400655123386274
1.8491068403523414 -0.45969965085058995 0.04030116526221139
1.0122031345153388 -0.5828978664304811 0.5874379488620649
1.399842469874521 0.6751517783584271 0.13901933161352975
0.5626416168206418 0.5788913227895192 0.625942072549809
1.8341845892017687 -0.32980652087478646 0.0408976885471235
0.9771920154279172 -0.4530626229100214 0.5858987185153852
1.379045562182064 0.8052749911683694 0.13844045130347116
0.245132428627997 0.6765582110083246 0.5951727244052778
1.8197151837823782 -0.19987585720187173 0.04149421183203561
0.9819867462508611 -0.31723014647014747 0.5884643408450971
1.3241607752233193 0.9314767582370793 0.1338079783115278
-0.719478606676951 0.7014166847328678 0.4983251902255903
1.7909578430560913 -0.0720497241290543 0.04030116526221139
0.9872662837092676 -0.1815007664346302 0.5910294863376508
-0.8524498405689016 0.8193469648846019 -0.11980263265038626
-1.7091045889203116 0.7301696535879856 0.39895566431616647
1.752816775690988 0.054526754172622205 0.03791602579687936
0.9782620472179175 -0.04795956331560536 0.5920558783206831
1.7446150742131152 0.18536107712660943 0.039108595529545376
0.959872691696134 0.08422883878049703 0.5920558783206831
2.302512191173612 -0.754477915054613 -0.10814396413231986
1.736873009757943 0.31618734366932433 0.04030116526221139
0.9468703326140542 0.217137039936806 0.5925687166843305
2.3061356841703713 -0.6229503916727959 -0.10503212483788626
0.9294039949853428 0.34942990241978844 0.5925687166843305
2.2857284172025842 -0.4953946352497862 -0.10503212483788626
0.887730331305491 0.47866255649520983 0.5900035711917768
2.280477301063236 -0.3654960915924823 -0.10316530736352103
1.1032111567620717 -0.5407243369693253 0.5300911280307661
1.61295205267907 0.6958611452383465 0.03135617701147897
0.9057325094110524 0.6154116151333495 0.5935951086673628
2.2756844141532966 -0.23563150886724937 -0.1012984898891558
0.9798424081859594 -0.42454284486426275 0.5191338869724165
1.4542141764112273 0.808717534325007 0.014061770120609829
0.4106271116407356 0.6905856224181699 0.5438249918613325
2.266448347989595 -0.10652671213046805 -0.10005346806908744
-0.6673834138340027 0.7015355875123621 0.4335091921481977
2.262576862216676 0.023283372822405113 -0.0981866505947222
2.2395122580026694 0.15029701237133963 -0.09880892308617728
2.2168896550989885 0.2774070567279683 -0.09943167241479056
-1.9207849234762477 -0.28115826223368057 0.7993889662418256
2.1996253595389916 0.40526717883590546 -0.09943167241479056
-1.9399762195947687 -0.1388509760901524 0.7993889662418256
2.148372470772145 0.5287225489785268 -0.10378805669213431
2.34865508061975 -0.5300629200515194 -0.42548147710229056
2.1664408334806637 0.6611644992659178 -0.09943167241479056
0.9996150699953077 0.520743932011543 0.5347872587833296
2.1111230539245724 0.7843708020691569 -0.10441032918358939
0.9930789873896586 0.6540595068034918 0.535830578485478
0.46358854691439433 0.7251674163356627 0.48156579462622506
2.1709851712136086 0.48717825811819804 -0.42947498830224173
2.1249575246007453 0.6114418462731273 -0.4334689763393511
0.32264306159554224 0.381943832068365 0.3940313669834028
2.436051233259896 -0.02743301200179893 -0.8615619328823199
2.424338239211181 0.23022612180321556 -0.8579308179226031
2.402823238596497 0.6155898859703823 -0.8535744336452593
-0.9902952221121311 0.1875865592055348 0.7475295874271284
2.4161984879554836 0.7464717949080759 -0.8492175725307574
-1.0918258288258116 0.3161882138183385 0.7395451876315962
-1.2571895621470972 0.4376655315973874 0.7254548880252729
-1.4073651212968628 0.5619766931907568 0.7127736422214399
-1.646173370355143 0.677144541904461 0.6916383120212446
-0.3178688024340417 -0.1355991309842084 0.7368350836429487
-0.35135386317022466 -0.0008838837233948738 0.7354000422153364
-0.4633335176754585 0.12362112190997099 0.7263110491428266
-0.5749151438066704 0.24884502602147673 0.717222294488896
0.19357453778825828 -0.04305104129721382 0.7180782171878706
0.1752030989534532 0.09187548964664671 0.7180782171878706
0.1573054599915693 0.2268633432680458 0.7180782171878706
-0.25422269246244156 0.5888247858907771 0.6825240465793501
-0.4977422121554298 0.6987752406251042 0.6601198527011762
-1.1019343794116452 0.7695170876481363 0.6021612497959028
