0.9658464925646797 0.6103666793170692 0.03985523750295705
0.5549833074916268 0.7533295233127468 0.016844983596707053
-0.1089296611231827 0.8401264774158488 -0.021302942733859354
1.4926991355049797 -0.9194569765301104 -0.07301450202951365
1.5529102907732995 -0.5952153121256849 -0.06686759422311717
1.6214393737120218 -0.31107156517465917 -0.0605857415009492
1.577417198433892 -0.04860186715433734 -0.06123042533883982
1.4961470035445803 0.20238297305887087 -0.0642335457612031
1.4157314023284115 0.45365540307544805 -0.06722903678903513
1.221274402977091 0.6714125707118246 -0.07733416984567576
0.4714424814164264 0.7287690667311608 -0.12185931633005076
-0.37001130425855244 0.764981005011613 -0.1720678849030488
-1.4714252051778214 0.7334530011460085 -0.2383658928681367
1.2985963516216081 -0.7586069477124937 -0.21638513038644724
1.4150330024345479 -0.4445346350981598 -0.2066438240815156
1.5327803591080809 -0.13155741061870962 -0.1968786759186738
1.4798687579772434 0.1282536500379905 -0.1980660004425996
1.4183340761944834 0.38530952162494536 -0.1998536629487031
1.352913584244181 0.6411075891723748 -0.20193744133005076
1.2788284940813117 0.8943131432535019 -0.20462298820505076
0.5581228988650118 0.961533176051935 -0.24855113456735545
-0.3310056975138185 0.985837873428915 -0.3032195610810273
1.6727049539395065 -0.9878079827500592 -0.32801700065622263
-1.4419154308231565 0.9541864032759619 -0.37201190422067576
1.7880665625173844 -0.6741871571552345 -0.3179266495514863
1.742732537051097 -0.41210050329590153 -0.318461184005832
1.7269693681452463 -0.1411763654791578 -0.31710601280221873
1.6453746922591446 0.10927899761298931 -0.3201262993622773
-0.3636908851032121 -0.4894137599779338 0.6332910018157012
1.5359640865082458 0.3514344408857024 -0.3250215096283906
-0.3939124840992374 -0.21590694892329587 0.632957215804959
-0.46621300844341995 0.044787523179277144 0.6304371314238555
0.7831534137482432 0.6803842568550316 -0.36996865699777537
-0.5471892436218599 0.3029049836709188 0.6274378256987578
-0.05790561517299153 0.7141991313889449 -0.42294335792550974
1.5503384752553249 -0.7217128557438137 -0.4660131974030488
1.7335343974620052 -0.3876671871838191 -0.4510438484955781
-2.0878102650572234 0.7014781615479215 -0.5516884369660371
1.8561790970693846 -0.07422776160517408 -0.44023347328195506
1.6841078418352495 0.14826051503244564 -0.4493796868134492
1.5700436654635084 0.3888541936361687 -0.454656366806125
0.8635607204426492 1.0074353839336823 -0.49531913230905467
1.686009022933339 -0.956462028053755 -0.5921161217499726
1.8109768342172092 -0.6399515278770931 -0.5806491417695039
1.8515051987958149 -0.3512787792961607 -0.5751092476655
-0.03664392540649786 -0.9128209275762149 0.3771445708464629
1.8511864247636236 -0.062313208290063926 -0.5723340554047578
-0.6786328256382195 -0.8131847195357444 0.34367394020071096
1.7593429769921425 0.17078848102467958 -0.5762231392670625
-0.634410980811678 -0.5297166719566846 0.34755062629690237
1.664499253787051 0.41686219360140697 -0.5802419228363984
0.6919435906479663 0.6808346504575233 -0.6426222367096894
2.3142487363656503 -0.6143053230364686 -0.6784560723114961
2.3643390205283037 -0.32421323430290805 -0.6720082802582734
2.396485108257668 -0.040648211925583766 -0.6669004006196015
2.315240738638561 0.20747209484150986 -0.6699264092255586
2.2683121632694725 0.4659820497358904 -0.6705653710175508
2.1888245876694636 0.714584935993372 -0.6735751671601289
0.25057763076871886 0.4425303300101273 0.2654445128630645
1.229430211235881 -0.7654539481750948 0.17882084419241018
1.403113269202267 -0.4334460384841563 0.19082951118459768
1.2966305250076022 -0.18919408242244273 0.18643116523733205
1.2960823735717462 0.08732389502441507 0.18817114402761526
2.0466552280819066 0.5764726837142113 -0.8158896012116426
0.7159282110577454 0.7449994518539622 0.15940355827322072
0.5462360569778628 0.9728377888534787 0.15111708213796682
1.6818852777755922 -0.831388372551233 0.07140469123830862
-1.058776631426733 0.7943366039415558 0.05922722389211721
1.902765070378015 -0.48536587290184485 0.08674644996633596
1.9201079928533265 -0.20459071925734484 0.08977245857229299
1.8525950295028775 0.049543068266283186 0.08764242698659963
1.7774170415058315 0.31501104366160426 0.08509897758474416
1.7011441744764575 0.5527129620510749 0.08225798179616994
-2.4077489121567357 -0.6354267826632878 0.3791148619841582
-2.228256893058033 -0.6425378588188249 0.41897368003835744
-1.7949147797719345 -0.772852740780916 0.5268270926665313
-1.5682891584004874 -0.8064603939797621 0.5795814948271758
-1.4250870186239784 -0.8009789004782739 0.610061879653836
-1.2864175170840557 -0.7942454962159484 0.6393697219084746
-1.1522624435386621 -0.7862119250109352 0.66750549842825
-1.0573626155089233 -0.7593850750658451 0.6850898223113067
-0.9234544972509777 -0.7528779468740918 0.7132260756682403
-0.8286682793655462 -0.7273035935067398 0.7308103995512969
-0.7598379096744043 -0.6889286316025558 0.7413613753508574
-0.6866280048386688 -0.6531732195345903 0.7530848937224395
-0.6262871990522978 -0.6110580046540974 0.761290784377957
-0.5615630384724799 -0.5715267462351932 0.7706692176054961
