-2.3435751904564057 0.23145029253331373 0.32381379270440114
-2.293612763429209 0.22616093359797063 0.3332656588543035
-2.3482014688498793 -0.3811858043979015 -0.7361542019855403
-2.2437516858789266 0.22065309762120933 0.3427175250042058
-2.263954577491475 -0.4484632403511384 -0.6911450657855891
-2.200658067926618 0.22745635736283631 0.34731614255791676
-2.0877381092413145 -0.6785620114492623 -0.561827782155218
-2.144357730756006 0.2089763801688207 0.3616198267925359
-2.0992002955384876 0.21119578228285718 0.3678334918010808
-2.051919317492839 0.20902928227963358 0.37566601896172536
-1.8304778180679264 -0.9054149340022661 -0.4164859089862727
-2.0047180057664065 0.20665988998774765 0.3834966387737371
-1.7803849094304454 -0.9194611878972943 -0.4002534184467219
-1.959747781609984 0.20830313993380045 0.3897088732708074
-1.7413899881343724 -0.9137529251161602 -0.3943048748981379
-1.8999071427813092 0.18019806884620593 0.4072464671123601
-1.7045906289763053 -0.9041990965278259 -0.3904138836872004
-1.8128100870938084 0.09679804802066272 0.4458202090252019
-1.6677873011005957 -0.8947880476104224 -0.38652432298773753
-1.7326601030238322 0.02563874956873491 0.4795426096904851
-1.6138129195997664 -0.9176856749681015 -0.366179588795843
-1.661418206615231 -0.028969718699830338 0.5067938532817937
-1.5813739508510594 -0.9005619081000766 -0.3664060864459895
-1.6071998886851233 -0.04992563948530204 0.5211003985393621
-1.5509912977252185 -0.8795183300683895 -0.36869156694525707
-1.5470132904751352 -0.08391739549899668 0.5402630534160711
-1.526834703197693 -0.8464463119402481 -0.3771501812946223
-1.4850824594453371 -0.12246667943758638 0.5610450472820379
-1.4732562331797254 -0.8701264684803789 -0.3568073544513606
-1.4255038609287567 -0.15705046256681854 0.5802091326702215
-1.4344259205414858 -0.8656663419204769 -0.35086691713446605
-1.3702533697342716 -0.1833575722718308 0.5961364474285222
-1.383255585094993 -0.8857476751722899 -0.332582119466009
-1.3232365619961683 -0.19278415210362 0.6055887904155828
-1.3547982777532113 -0.8612867736787742 -0.3369313511859797
-1.2822889968830324 -0.1895246342444139 0.6101831164348699
-1.3038677639580598 -0.8817730202687173 -0.3186465535175227
-1.213820996133002 -0.24665299284800213 0.6374458041179754
-1.2692871996244577 -0.869818459310725 -0.31682503557318675
-1.1575255540894247 -0.2782833163439591 0.654994842051325
-1.218641470984501 -0.890725494378934 -0.2985407147418879
-1.1015095731368163 -0.31018496946751384 0.6725453104961492
-1.1741708842469976 -0.899576888639853 -0.28643000459784496
-1.057305668441984 -0.3164234472511218 0.6803783144939519
-1.1357412748880904 -0.8963043983205097 -0.28049481248969066
-1.011292481454234 -0.327172698701375 0.6898306574810125
-1.0993038028796533 -0.8890706665664538 -0.27661860323065746
-0.9767649618091454 -0.3121181249051119 0.6895645823467351
-1.0628696705381202 -0.881982618472847 -0.27274334764594066
-0.9327931832492666 -0.31888987253312706 0.6973966326702215
-1.0051805572151622 -0.9204213548942874 -0.24622547960394847
-0.8982391406051562 -0.304107499719219 0.6971281733501531
-0.974670322963668 -0.9012873460997 -0.24852669572943675
-0.8562414946067989 -0.30685808686070715 0.7033385004985906
-0.9383636277673233 -0.8946690672513995 -0.24465477800482738
-0.8216440858013456 -0.2923452046440751 0.703067180155573
-0.9020678226183421 -0.8881925032688862 -0.240782860280218
-0.7797262029821965 -0.29541619900166793 0.7092755999553777
-0.8582724150427978 -0.8984640466905276 -0.22867596483344066
-0.74509297839586 -0.2811688385876465 0.7090018954265691
-0.8201838803373178 -0.8964490820802204 -0.222746971608343
-0.7068314123729422 -0.275799761844155 0.7119673457134343
-0.7821332428241021 -0.8945905458877306 -0.21681845522040355
-0.6721269432796504 -0.2618018544881622 0.7116907801616765
-0.7422854228908662 -0.8970494742039747 -0.2088319096576594
-0.6338607794113429 -0.25671369069559447 0.714654323099909
-0.7061410613750425 -0.8913230116043849 -0.20496428346747386
-0.5990901478023716 -0.24297123798110576 0.7143748965252019
-0.6681995174391986 -0.889914013513522 -0.19903815126532542
-0.5608174016913381 -0.2381602119492321 0.7173360552776433
-0.6285139341724317 -0.8928465830482644 -0.1910535130512141
-0.524274271785103 -0.22908651011618986 0.7186750140178777
-0.5871217246981573 -0.9001405641434275 -0.18100989198798167
-0.4877105719948034 -0.22014600478481228 0.7200130190837957
-0.5475843904565494 -0.9034028336376352 -0.17302525377387035
-0.4477745662227619 -0.22017854997300645 0.7245920863140203
-0.5098631631316408 -0.9026219691772397 -0.16710198259467113
-0.41453854792033695 -0.20266042122792527 0.7226847376812078
-0.47218118819156274 -0.9019891115535117 -0.16117966508978832
-0.3795831743327227 -0.1896848164297822 0.7223967280376531
-0.4345426764268794 -0.9015049383627058 -0.1552573475849055
-0.3445768841262691 -0.1768323409722008 0.722107764719782
-0.39864941412675137 -0.8969454937281469 -0.1513963971149348
-0.30629329693709195 -0.17299066789795958 0.725060817240534
-0.3627641862759461 -0.8925186647819316 -0.1475368771564387
-0.2694781575345786 -0.15976590143058544 0.7247542109478093
-0.3269853364563744 -0.8784861036568188 -0.1478253636371516
-0.23612719240401248 -0.14791762599606173 0.7244757380474187
-0.2893866630893882 -0.8883258201045905 -0.13775885439032542
-0.2009803975809703 -0.13556783184475307 0.724180575846491
-0.25192495648431645 -0.888562998750384 -0.13184082841986644
-0.16112086421341587 -0.1367358383606394 0.7287520136821843
-0.21613009151120366 -0.884696737257908 -0.12798464632147777
-0.12747315695678907 -0.12017612440395808 0.7268317904461004
-0.17874180768447445 -0.8852239279935468 -0.12206757402533519
-0.0922294657514513 -0.10820297822885294 0.726532813547907
-0.13980482651207637 -0.8901673188816197 -0.11409056520575511
-0.06449084332270161 -0.07394458388738911 0.7181180682170965
-0.10410516433499595 -0.886724169159173 -0.11023629045599925
-0.03057567845019804 -0.057704696526077015 0.7161925997722722
-0.06528990903467502 -0.8919688008862927 -0.10225975847357738
0.003405891010935136 -0.04157680653907647 0.7142652239788152
-0.032762516456841695 -0.8802426863464667 -0.10253012514227855
0.037462528637760784 -0.02556643151801552 0.7123359408367254
0.002879356047607473 -0.8772028044592375 -0.09867918825263011
0.07158779724645825 -0.00967115146522346 0.7104052271831609
0.044596567194034265 -0.8914719839455003 -0.08658135271185863
0.10578677882831755 0.006115035202782337 0.7084726061809636
0.08164929407453059 -0.8930225417360127 -0.08066904878729808
0.14146790780020524 0.017270416650120524 0.7081621851909734
0.11267750207188953 -0.8775046824210158 -0.0830060276996516
0.17579064777335418 0.03281905660558593 0.7062267031658269
0.15412028561162572 -0.8922482774664928 -0.07090819215888011
0.20602965411017493 0.06182083465587951 0.6994169917095281
0.18957199459696028 -0.8899111618521083 -0.0670605931293391
0.23780220852474088 0.08620526262796346 0.6942294802654363
0.2235561727302482 -0.8833884231921694 -0.0652757916461848
0.27105889472666433 0.10596266056960602 0.6906632151592351
0.26040920131383416 -0.8856415536510944 -0.05936730241888988
0.30308080526222625 0.13015048806982676 0.6854714121807195
0.2972109743456528 -0.8880325269640963 -0.053458813191594956
0.3312664508221772 0.16785892298162253 0.6754029955852605
0.33115594837006057 -0.8818996977798683 -0.051676395894231675
0.3609887420538129 0.20095223420845443 0.6669563021648504
0.3637171233622354 -0.8715539480563059 -0.051958683491887925
0.3805883605670388 0.2703585344127255 0.645508643626032
0.4018040561803886 -0.8786938222151726 -0.0439893040668391
0.40063524243566917 0.3397504112212637 0.624054786204157
0.435732864446166 -0.8729437393350814 -0.04221022462958324
0.42364070796532616 0.40001280928497707 0.6058472361553289
0.46832482158090016 -0.862961085585269 -0.042495373250188706
0.44331016982796 0.4739298821930156 0.5827583041179754
0.5049349790410673 -0.8661639185173939 -0.036591652394475815
0.4720403162924427 0.5158677894176869 0.5710424151409246
0.5388619963213728 -0.8607839011782019 -0.034815433980169175
0.5010249977292105 0.5577326126814128 0.5593227114666082
0.571494270376455 -0.8511645370065821 -0.035103920460882065
0.5243008272907446 0.6224032723838633 0.5394710268962957
0.6080104834501796 -0.8547660881659453 -0.029202106953801987
0.543274254996561 0.7053542814989342 0.5131114687908269
0.6419295145570842 -0.8497605891541511 -0.02742922639960277
0.5895284190227841 0.68289041789129 0.5241435732830144
0.6783558488990025 -0.8536357932328578 -0.021528366566839097
0.5725445320789291 0.9125313412585534 0.445738193033991
0.7110168238393371 -0.8445008151526565 -0.021821144581975815
0.612509386722266 0.9174522341685964 0.4470051493633367
0.7437071774537429 -0.8354786088259978 -0.02211487627142894
0.7800446494005087 -0.8397465295484565 -0.016216400624456284
0.8139400126442595 -0.8353617106851878 -0.0144487652789973
0.8478386186178994 -0.8310990531402958 -0.012680653096380112
0.8828937859912074 -0.8313606240963871 -0.0088487896930598
0.9156276023958654 -0.8229413835937187 -0.009148243428411362
0.9495233041874087 -0.8190472427927453 -0.0073829922687433935
0.9823001479745344 -0.810857804979225 -0.007684830189885972
1.0195007807875882 -0.8204574577797317 0.0002740588176823877
1.052274575256689 -0.8125121489985112 -2.9686452093002913e-05
1.0893452058294528 -0.8223884554908487 0.007929202555475356
1.12632024655138 -0.8324062832060228 0.01588713788872731
1.159052126526511 -0.8248340407381818 0.015581008433160903
1.193850386705094 -0.8262480128902254 0.019406672953424575
1.2286162188915597 -0.8277933423210264 0.02323138379937184
1.2643316545343737 -0.8339082992414895 0.029121753214655044
1.2990060108005892 -0.8357119872262899 0.0329450335491277
1.3317272424931872 -0.8287393225625799 0.032634612559137466
1.3673019310613057 -0.8352467057008859 0.03852355146294606
1.4009518573932667 -0.8329714442198117 0.04027831220513356
1.433680348886348 -0.8263552931330658 0.0399645533550359
1.4664309106689757 -0.8198548177893805 0.03964984083062184
1.5009662136778559 -0.8223997015841 0.043468352793512466
1.5345980382068092 -0.8206025341850491 0.04521882200127614
1.5648167601555372 -0.8010367982422544 0.0386980738628484
1.597656474297061 -0.7949937018835982 0.038378116129694106
1.6305151611341628 -0.7890685076612449 0.038057681559381606
1.6633956762648978 -0.7832521163977617 0.0377358164775945
1.696295164091211 -0.7775536272705885 0.03741252088433278
1.7292156090104598 -0.7719692650894956 0.037088748453912856
1.7613945698892408 -0.7620133278661037 0.03469407224541676
1.7928887714024668 -0.7476732316586592 0.030229445933160903
1.8253838849756505 -0.7286863595399318 0.023677703379449966
1.8546888648287805 -0.7103199723476479 0.01715695524102223
1.8840965491973165 -0.6920441897978797 0.010634299753961685
1.9156502776235342 -0.687362291223657 0.010318156718073013
1.9498811515403816 -0.6778036213304262 0.007897254465875747
1.9837928717977675 -0.6776115879525051 0.009632464884576919
2.017861758207914 -0.6545527372830868 0.0009826388347722315
2.0501562443787122 -0.6548231156041453 0.002731200693903091
2.072084924474993 -0.5647612932933015 -0.03694498872870433
2.09403921040456 -0.470225191771398 -0.07869828081244457
2.126318943836999 -0.4524877142449739 -0.08525812959784496
2.154827761359499 -0.4032417142543032 -0.10631525850409496
2.191737264225729 -0.4218613635883308 -0.0963116917621516
2.2253716573161597 -0.4134924594304046 -0.09873497820013988
2.254995315387319 -0.3690590544506236 -0.11773074007147777
2.2834413142977397 -0.31114376333177773 -0.1429439816486262
2.3122766902620384 -0.2533126882171537 -0.16816342210883128
2.3382871745748943 -0.16387096735986617 -0.20789063310736644
2.3675719457387814 -0.1016650266208039 -0.23519194460028636
2.3519725696655556 0.8517717271602621 -0.6690503392230891
2.3917412033428462 0.8414293283662992 -0.6632386479389094
2.4299095523535996 0.849085009454928 -0.6657186779987239
-0.08323410223283645 -0.67029265935669 0.48676573896294606
-0.23892715317301594 -0.48448715285927335 0.48055541181450856
-0.18335247457942927 0.2545103769342383 0.5021094050396062
-0.10932021000735404 0.5180726054005476 0.5134342875469304
-1.606648379933283 0.5012540244508479 0.4089521136272527
0.23396611894396813 -0.880355110760572 0.3898171153057195
-0.5674255426380057 -0.4416507606701785 0.34418618345147145
0.010116533531629557 0.23804734637613123 0.40178572797661793
0.2646366808553253 -0.8080769604889753 0.28025328779107106
-1.6408467453609745 0.6489216155345119 0.2940672602642156
-2.3051807346923354 0.6771868128001124 0.2473143305767156
-2.2532859957965314 0.7561063847947906 0.13596570157891286
-0.5206129641572872 -0.22651367075867768 0.6962240900982
-0.4532155980102459 0.03741678745350541 0.7066615786541082
-0.5311864977278091 0.25105083439103737 0.7063134875286199
-0.6084212350041796 0.46497440907993237 0.7059658732402898
-1.0211405287167636 0.5680061720322023 0.680916186808405
-1.5524269335746723 0.6349311954708554 0.6471685137737371
-0.17274826833906332 -0.8148812765887499 0.5912703242290593
-0.1455338509045987 -0.5640194450803193 0.5991157259929754
-0.13144098460738007 -0.31855564633026034 0.6058915820110418
-0.12110269222743852 -0.07509047062152518 0.612310286997614
-0.17586618102623675 0.14544538841901655 0.6137369837749578
-0.2581930719577272 0.35651230754175245 0.6130236353862859
-1.0303524525143786 0.3370199388077353 0.5602444376934148
-1.6139713423864208 0.38526321318498447 0.5217298235881902
