1.8845634238068456 -0.6459659314455184 -0.15954561517583787
1.8454350593829112 -0.40862385236747567 -0.1587426214014238
1.930433269720817 -0.10430781233653796 -0.14956350610601366
0.7269650705867345 -0.6124224378993421 0.7685740442479903
1.8790528629368453 0.152965281909907 -0.14933414743291795
0.710410957228957 -0.33496893406506434 0.769855305692082
1.7829829438650586 0.3774603216079653 -0.15229578302251756
0.612617026405653 -0.10642894286222493 0.7668407411779219
1.6876915599155646 0.6022846253989318 -0.15525121972906053
0.46500902585885484 0.1010597452884916 0.761246964475041
0.16141174150899396 0.24368985476838745 0.7476561517919356
-0.4280849273244929 0.26955150058307 0.7194540949071699
-1.1706515449876544 0.23663561768140529 0.6834371538366133
1.8224335475635547 -0.1120929540784541 -0.27896995828496873
1.8537645622984904 0.1678749157938748 -0.2731782941614336
0.9220114984010959 -0.21763305993218118 0.6567967386449629
1.8036490760950148 0.4120426469077749 -0.27300758645879686
0.9027160391492206 0.04346565076245845 0.657933041592961
1.6992869441570102 0.6329148678869627 -0.2765881566797441
0.8338449660747518 0.282984222622912 0.6564014406408125
1.5496523041388928 0.8349271336450999 -0.2832996396814531
0.7796655355487214 0.5284287676513824 0.6556103677953535
0.4357122955312924 0.6535748359338456 0.6394451112951094
-0.3425173637791552 0.6027166899972629 0.600290104886418
-1.103393120750157 0.5644802750962228 0.5620573015416914
-1.856042927262461 0.5349620155260917 0.5242608041967207
2.037345220961676 -0.2858220766146591 -0.3905369787012285
1.1064843773960042 -0.6650694944592086 0.5381424875463301
2.0038046744829545 -0.034012088385305894 -0.3890091924463457
1.007538157704717 -0.4379052219582018 0.5351264925206953
1.9070896980788863 0.19005703738089874 -0.3919741658960527
1.8478730804798902 0.4301255940273725 -0.39235754297124803
0.9408841642067785 0.34078989780400626 0.5384862871373945
0.36167071231736614 0.36633371255392344 0.5089710207189375
-0.4857704017881179 0.2848554821295384 0.4647481889928633
-1.1728477479052035 0.27521764627293344 0.42932252599847853
1.935139812452519 -0.19397883191494003 -0.5183960943018144
1.9935585110686347 0.09769486912243952 -0.5101372747217363
1.9064684861641155 0.325725140847438 -0.5124361066614336
1.8477503195609062 0.5657253874927362 -0.5127441434656328
1.113077892044263 0.2829986477996558 0.42336015417230666
1.0220491687815247 0.5120708090662198 0.42064313604486525
0.3462838731083746 0.4980309630200317 0.3847172708715254
-0.3996537887947884 0.4598609704299923 0.3448179216588789
-0.9616664397130492 0.5019557354623307 0.31534461691034377
1.3074399093216247 -0.81750220227614 0.2991602869237715
-1.7232994179487662 0.46730658365748656 0.2745621652807051
2.173547124398726 -0.18372332609836306 -0.6249210386072344
1.1165022092371615 -0.6310904821295136 0.29076175405633986
2.0534302479204216 0.02983211939519581 -0.6295825986658281
0.9214925081311556 -0.4456859965888178 0.28209190084589064
1.9798556638748606 0.2635842775767676 -0.6308471708093828
0.6535964360103339 -0.29080546191609 0.26910667135370314
1.9025381607129912 0.49556020103288656 -0.6324436216150469
1.0894349568110187 0.4327055249125733 0.30006675436151564
0.6625893481169243 0.521473648131896 0.2776415796483809
-0.17048192274826413 0.44508119714597427 0.23139838888300002
-0.7091176262935353 0.49519160905552617 0.20241288854730666
1.4807541015394374 -0.6742664279624178 0.1864908189977461
-1.6045195239290262 0.4043756433580681 0.15254192068231642
2.0290847127606986 -0.18117868216424338 -0.7571403531824297
1.5281712612792049 -0.384417610617243 0.1923773737157637
2.0142608378766216 0.07850525546202025 -0.7538511304651445
1.402720254396744 -0.17061154331702522 0.18771629049432814
1.9408760891846617 0.3123861857833923 -0.7550713567529863
1.3789175460275587 0.08699924135745185 0.18918113424432814
1.4572331560711866 0.38737830636064974 0.19678573324335158
1.2883319999881007 0.5823577125471209 0.18936185552728713
1.1384522767300407 0.7858746651272455 0.18305282308710158
-0.0077326030877422625 0.5790741492534419 0.11645011617792189
-0.6846738982943776 0.5724075919491431 0.07825259878290236
1.647630042376143 -0.6148893500878518 0.07317952825677931
-1.524451885492196 0.5046723192535305 0.030223176022892595
1.6494799258712618 -0.3456062595383873 0.07648591711175978
1.6661760255137636 -0.07071931387515029 0.08066825582635939
1.5830869686340616 0.16041835397807613 0.07855252935541213
1.5054020206487255 0.3937333274189996 0.07673148824823439
1.3641562148650657 0.6001623337655619 0.07089452459466994
0.7259101288304795 0.5999124410574348 0.033994957944279314
-0.05615458579220167 0.5447917156462827 -0.011871054628962874
1.7631939327101032 -0.36359861569605556 -0.0401498822961992
1.775185190062996 -0.09100381178272698 -0.036044314364070296
1.7516264283297103 0.16540139120672137 -0.03428764627324998
1.6877402791908507 0.4040254981627154 -0.03518123910772264
1.6063317050018977 0.6349938226375622 -0.037250235537166
-0.15874361991737196 -0.07995822007803177 0.8556681127752119
1.4106275751973314 0.8181133542364742 -0.04671879098760545
-0.3432447325370447 0.11505886848824431 0.8483326883519942
0.7218658110435339 0.7981577958525463 -0.08791704461919725
