1.9315274416163106 -0.2026944219969984 -0.5687024822550306
2.0069286455005653 0.12527141399774067 -0.5320489635782728
1.9640670884825084 0.34851639142497604 -0.5161540737467298
2.012546667811776 0.64909571366222 -0.4846847286539564
1.896558796671087 0.8074052616075988 -0.4817531338053236
2.187387095652241 -0.2512528404373633 -0.7490899792032728
0.6056956052597258 0.7615437398505449 0.2569677600545397
1.594231214421086 -0.501881160444853 0.1401474246663561
1.4292279813452495 -0.38111249194432517 0.1358759174031725
0.16075064034640718 0.9056872869604007 -0.6415288677530775
1.4336105821379164 -0.11351886801092093 0.1578485736531725
-0.20828878250461003 0.8641295327818561 -0.6812713375406751
1.4054243976946168 0.12447652106635942 0.17457888218588735
-0.5549815897702501 0.8433570441497658 -0.71710564997964
-0.6686243524310953 0.7587124893935986 0.14714167210287954
1.344357245473958 0.3332260290555915 0.18606970402426626
-0.9778974528467188 0.7709886534848671 0.12130949589438345
1.2349332921202318 0.5002402783427797 0.18999121281332876
-1.3226399206004231 0.7572130966683481 0.09033796879477407
1.414065224518211 0.9030780453481455 -0.7195632686930189
1.1641767643799454 0.6995178494004541 0.1997482547444811
-1.695358457984085 0.7238737880673192 0.05537531468100454
0.8998034572985887 0.7366058974663829 0.17980597111411
-2.0649517929116286 0.6957755922621054 0.021007753340672508
1.8228542284273743 -0.5109515179336626 0.0582382449788561
0.7078177465655386 0.8352797764486155 0.17094442936606313
1.792383957744434 -0.2733446114776541 0.07518026920981313
1.7892980472797717 -0.013174310643115916 0.09627077671713735
0.05123732996841568 0.8123132964426354 0.11192247959799673
1.7536670203174651 0.21735351426658056 0.1120397815389147
-0.2644664106950927 0.8145634010154907 0.08447859379477407
1.67389257048103 0.4089080730792247 0.12071631046957876
-0.5923070255808511 0.8092296324857173 0.055307603804539696
1.6100561002685652 0.6134420006648753 0.13176653477377798
-0.9207320241626746 0.8057419449219623 0.026155687300633446
1.4636923052507456 0.7474672975563692 0.12981436344809438
-1.265299696177081 0.791758938148039 -0.005303167374659523
1.286052020729315 0.8426236331158812 0.12190840336508657
-1.6133984099420502 0.7513432490746972 -0.03918340113930796
0.9852868636278345 0.8615483875825127 0.09697458836264516
1.8433406327212083 -0.583653023339096 -0.04669549372963999
-2.0331372758321606 0.7227566442947619 -0.07857110408120249
0.6827680093563089 0.8682196352728901 0.0708257922811022
1.9943718071096441 -0.19955203132686705 -0.0013482799845228044
0.3720822079491626 0.8702535369043005 0.043512559859227196
1.995087311931428 0.0633190629394349 0.020630098311375633
0.07627566800350394 0.8865755900134786 0.018581605879735008
1.9520837728578044 0.2867531928396474 0.035410142867039696
-0.2623973252215137 0.8701535236061098 -0.012830518754054054
1.8724781841272602 0.4776761049626046 0.04419252964682485
-0.5939942472013797 0.8618809424749685 -0.043040060074854836
1.744598973489559 0.6268164892492791 0.04518053623862173
-0.9572417516209129 0.8307045233380137 -0.07795598414712046
1.6134539571410613 0.773190680544765 0.04557917210287954
-1.2940193418959325 0.8232080779650346 -0.10871579554848765
1.3954445455635067 0.8465352881826469 0.03218958470053579
-1.6431025308142608 0.8084160834524177 -0.1412265529947767
1.1317101577322148 0.882772150120168 0.011615014998387352
-2.0985081944751016 0.7131053736935797 -0.18965413478188609
0.7989267226315633 0.863358653832865 -0.01973893550210093
1.9940097350367836 -0.2636055252791287 -0.10689618495278452
0.4846497395126619 0.8616237304124077 -0.04807450679116343
2.0467120165821626 0.04506111108003452 -0.07608868983559702
0.1621409199230186 0.8553506172357785 -0.07759072688393687
2.014806940122625 0.27812337856323666 -0.059285902054835304
-0.17252003571417163 0.8415012542755811 -0.10888650325112437
1.9576828572661213 0.4882919979972229 -0.046740316422511086
-0.5155387948327927 0.8233196450774507 -0.14136102107339
1.8524698615939883 0.6564828506164666 -0.04210259822182749
-0.8708600789675813 0.7977875563184007 -0.17561223414712046
1.7289953198493322 0.8089056284136902 -0.040499471695948586
-1.195822441438395 0.7990024805941296 -0.20504929927163218
0.020272217787578484 -0.36702346577875744 0.5297119388265124
-1.7005945009686627 0.6606072331298449 -0.2620256176310072
0.06865370213660071 -0.06150948982154247 0.5561039218587389
-1.9724185858600123 0.7089685608770111 -0.28303315547280405
0.061288169510760326 0.19556767628585092 0.5744106540364733
2.226885068227304 -0.30640221983654925 -0.18980290797524546
0.001479946129947507 0.4079523293269567 0.585175729720067
2.2378636595523886 -0.034010132102011426 -0.16537358668618296
-0.09199923053041914 0.5919529084185875 0.5910970935506334
2.186685738411171 0.18238186343238283 -0.15144326594643687
-0.3659976710342363 0.6287609403889718 0.5717041263265124
2.1627456609279676 0.4214180666020617 -0.1331832638102064
-0.7021594275431227 0.6170762022642684 0.5437071094197741
2.072268520299261 0.6019148967493066 -0.12603452113442515
0.5447566703547011 -0.7046961527063864 0.44389746281332876
-1.0156944767638265 0.6259433817059445 0.5189630756062975
1.9259549906538496 0.734246487932456 -0.12813832667641734
0.37498706755098965 -0.5832076410297127 0.4394342670125475
-1.325811199284658 0.6396611656121216 0.4947769412679186
1.7157240497313069 0.8125807650229753 -0.14072682765297984
0.3495502619440316 -0.3388223018733676 0.4558088550252428
1.4941485556834948 0.8823518701170663 -0.15515496638589
0.3214750741489354 -0.09792464669601841 0.47163984867758657
-1.7404330028641795 0.8275530556405357 -0.35647179988198374
0.9832966782050789 0.7112607180981811 -0.21647336390786265
0.3097996387065933 0.15546427980820354 0.4896662006062975
-2.0158571623708497 0.8734028791137582 -0.37839867976479624
2.0514491937564117 -0.15636981919524473 -0.2927711239176283
0.8180554943020439 0.8318126170430453 -0.2216089001017103
0.2534678888995927 0.3703725949469927 0.5011245975179186
2.085852915159336 0.13559946727817618 -0.26424672511391734
0.4961791491047336 0.8236293551272915 -0.2520301571207533
0.0907306615587089 0.49670094289362154 0.49725458714194204
2.050520573534726 0.36518289198370013 -0.24762036708169077
0.1545237950091689 0.8015344090280117 -0.28551747706704234
-0.16395750399833275 0.5481467908504776 0.48025534245200063
1.9748994356837244 0.5589821464973248 -0.2378757229166517
-0.17627944516596017 0.7907810645820419 -0.31713273433022593
1.8850194773433486 0.7399797027177719 -0.23062875178628062
0.4157066042221089 -0.5063756276398195 0.3462002048177233
-0.5347152803722963 0.7600826353400727 -0.3530471554117689
-0.9677920989085749 0.4178295017023146 0.4047033557576647
1.7315533637520275 0.866627598671112 -0.23401715663247202
-0.8590779669473392 0.7593675613914748 -0.38338925746255015
-1.2277086954791372 0.47120808270447156 0.38721201512045766
-1.207282727646998 0.741943775279875 -0.4174115887003431
-1.6418176986913409 0.6588361998190528 -0.46497514155678843
2.2241490353801225 -0.33098369436428143 -0.40229298976235484
-2.0072182352839008 0.6334511602966089 -0.5014188518839369
0.290114848169722 0.7020934490430868 0.42766115757651235
2.1567233028555393 -0.12737435255968066 -0.39052941706948374
2.17986087899979 0.15455474223501042 -0.3634965648966322
2.129513829839084 0.37086924872866334 -0.34917905238442515
2.076397113380878 0.5838455551202912 -0.33549096492104624
-1.3437862351727006 0.41973669453626883 0.27020571324057485
1.9337947674500526 0.7193921250440596 -0.33705022242837046
-1.405711827989009 0.6326545622623883 0.2807876834554186
1.7651498171551054 0.8330151780862032 -0.3430497875528822
-1.3987205330337815 0.8920705131925217 -0.5266978969889173
-1.673447878956722 0.6824198003778363 0.26192209812827016
1.5171634638342368 0.8802476904397878 -0.36238076594643687
-1.8063132113818625 0.8323440272713363 -0.5705487957315931
1.1396794262856247 0.8205316655964836 -0.40330006984047984
-2.1913883356263995 0.7933021669354439 -0.6106269588785658
0.8146472486711644 0.807389566310448 -0.4353044262247572
0.5020278302852859 0.5419605187237231 0.3320867786092272
0.4775194174312247 0.7866086786876991 -0.4691941967325697
0.38588839462060776 0.7053649163994606 0.3348343143147936
0.1589049234597013 0.7834590644231518 -0.49988915828042124
-0.17182202277615488 0.7727057503515873 -0.5324704876261244
-0.5108815821287607 0.7575866307323764 -0.5663011303263197
-1.1916395176496621 0.20179187934627407 0.16298220249838735
-0.8660632198027542 0.7319828812555826 -0.6026513805704603
-1.3165884310199658 0.3647319542958627 0.1646663913411608
-1.1792906575018236 0.7423974244981935 -0.6319988003092298
-1.4409462334202061 0.5280918813130846 0.1663610706014147
-1.5824907882655737 0.6838216742608019 -0.6759231319742689
-1.7517794539020883 0.5439715505461074 0.1409723529500475
-1.9281288169952973 0.6735522309048854 -0.7103059521036634
0.07831352333526809 0.33264340455085417 0.7260925540608874
0.3001849189443533 0.5333749106235857 0.5865576038045397
0.8350121097051186 -0.7728781775171996 0.3853118190450182
1.2026267725212278 -0.30117645574721763 0.4074384936971178
1.2190220024914282 -0.022452865316903825 0.4023687610311022
1.2460497663981585 0.2538297370337901 0.3982193240804186
1.120335672949821 0.5718720587017749 0.37931940647787954
1.4587614150940738 0.11318946631502769 0.2828805217427721
1.5343496370445848 0.3757539128426721 0.283349729506444
1.6108596018629981 0.6380372016572871 0.2838198909444323
