0.36580945104397955 -0.27429116137146536 0.5343099339532902
0.37940422020748343 0.1420814907366772 0.5331855519342472
0.17118950516583453 0.5314808330803089 0.5243259175348332
0.09153701000009562 0.41755538753415244 0.3157029851007511
1.8686259788689839 -0.14717243125813262 -0.023311545081133644
1.6843181698075114 0.23948538629058191 -0.0319871203374813
-1.8546111746651164 -0.8068039470593842 0.04534919100285073
-0.9186651140801985 -0.7969706014567048 0.12477881746769448
0.7645585379938424 -0.9638011291334898 0.2710505230951359
0.805578917601828 -0.7627305286020203 0.27061612444401284
1.065513324636136 -0.6130734076790727 0.2897144063043644
-0.7284745000502966 -0.8600336246759515 0.025664876275067527
0.7018469247663717 -0.969484670833916 0.15209157305241128
0.873871078832174 -0.7984637873078722 0.16362483339787026
1.254874752783529 -0.6774041620546107 0.19423348742008706
1.3889481080994628 -0.49995907277619267 0.2022186024713566
1.4800086001947008 -0.3127445883985924 0.20621115999699136
1.5088044737622894 -0.11054441109745916 0.20443637209415932
1.5093324229201386 0.09885010148920159 0.20000083284855386
-2.047932254981056 -0.5638527852038049 0.6625438435602238
-1.281167424328146 -0.5176375970076368 0.719187329583173
-0.7771250845552089 -0.41601950791722864 0.7551632626581242
1.0814457729857807 -0.8033988660067752 0.07888705568790932
-0.5643087472090755 -0.2494169897809435 0.7681761487054874
1.5834938615447385 -0.7118114470576078 0.12140233355045815
-0.5207793518677946 -0.04368430961207359 0.7677937253046085
1.727105877018161 -0.537882739233579 0.13044841127872964
-0.5201374093365914 0.17246675986523563 0.7639661534357121
1.8276907031858727 -0.35422570347812865 0.13542373018742104
-0.5671161935520317 0.4006859812427592 0.7563114865350773
1.8515112659276056 -0.15203151484201172 0.13316209154606362
-1.648713975369212 -0.6629805346679358 0.597480843834882
-0.7705512867213358 -0.6434042683869521 0.6642661793756535
-0.10184571414378496 -0.5815853595378151 0.7142573102045109
0.11522369833777191 -0.4184469363927885 0.7279268010187199
1.8578889860936485 -0.6302604634277369 0.042324136071210106
0.17270782792930106 -0.21854894965286853 0.7287073834466984
1.9678296955847543 -0.4493385011731714 0.04831654863834878
0.16789154664737538 -0.00365207531228684 0.7244115574884464
2.0493407045835355 -0.2618992614416982 0.05154378252506753
0.144508648342061 0.21619551382051405 0.7185531361627628
0.08809929374407943 0.44482089096095656 0.7099610074091007
-1.5968892065356712 -0.5203100201305997 0.48088509874821206
-0.709107213600646 -0.5051474740960415 0.5501070721674015
-0.01124305845174689 -0.45183675097522347 0.6037240727472355
0.42438410992922115 -0.3411554425065173 0.6357336743402531
0.4724374546100094 -0.1400291464800958 0.6357336743402531
2.1749308434634784 -0.353651433069162 -0.03637402219295005
0.5163529154421695 0.062114354384856796 0.6353336079645207
2.285740890230713 -0.17420703184673947 -0.030268122382159035
0.531947864264815 0.27132277391093673 0.6325331433343937
0.5193046875001102 0.4878901796110373 0.6273313267755558
-2.1628166212453124 -0.8325819866264368 0.3337217076349308
0.4253913863570773 0.7257047399966314 0.6153274281549503
-1.2505865669146985 -0.814949892665144 0.4064923031854679
-0.40447453866745064 -0.7994484903194525 0.4739485486078312
0.3073827858996552 -0.7481405246273702 0.5299568875360539
0.5724030909816307 -0.597524537619293 0.5483542187738468
2.0663426560778078 -0.7396124104254884 -0.13911335629939536
0.6244033484212039 -0.3980614133899838 0.5487628682184269
2.0742811203040503 -0.5348971951534427 -0.14294045133113364
0.6674129010575882 -0.19646294733998637 0.5483542187738468
2.237684307523921 -0.36787573201070245 -0.1314591662359188
0.7111262678298118 0.004995591105657837 0.5479450924921085
0.6394647895197991 0.2351047589745896 0.5377245648431828
-1.9422965994331705 -0.6380635654819233 0.23996360140324136
0.5832071748143122 0.46223821033392376 0.5287304623651554
-0.9865332227646988 -0.6343982098073795 0.31804044085026284
-0.20628825242617665 -0.5970277882673845 0.3810859425592472
0.5152744255105404 -0.5513272271869116 0.43912131624699136
0.7516524707937293 -0.3954036016637925 0.45540435152531167
1.941165027637382 -0.4706824771144955 -0.25848238629817466
0.7898238193111382 -0.1930818763323483 0.454569409661298
2.2352582071144056 -0.3351993621765015 -0.23364250821589927
0.8287101049344869 0.009138916855468082 0.4537344677972843
0.853803969263474 0.21486430859295425 0.45164639788151284
0.6670624086661192 0.4742009115876744 0.43118817644596596
-2.0054641460627494 -0.8977577783193595 0.131451676659589
0.8048463099243719 0.6522377691687531 0.4387036068964054
-1.0644392818725237 -0.8866385124258382 0.20987565355778237
-0.20184027609108313 -0.8643943346625065 0.28147990541935464
0.5387887564936946 -0.8201956493810894 0.34242875414371987
0.8568841605774864 -0.682726695533022 0.3662968380975773
0.952216684024954 -0.4945663720581752 0.3705588086175968
2.1160361772217655 -0.5737333484991911 -0.34083550137996177
0.941460220728203 -0.07019251055850795 0.3611822827386906
0.729320798052143 0.1937834206216884 0.33816630678654214
0.7840688555130697 0.39262957582699265 0.33859259920597573
0.83468223224029 0.5924950075778632 0.33859259920597573
