-2.0551525890395155 -0.6498972582906077 -0.5445445897793393
-1.9959161734020583 -0.6706932662134868 -0.5222433927273373
-1.9394122519154777 -0.6879807969602432 -0.5019849660610776
-1.883106051670488 -0.7055588088791076 -0.4817274930691342
-1.826995655560232 -0.723416684059579 -0.46147097375150725
-1.7810065437396716 -0.7262381787756489 -0.44938458230253264
-1.737579615735946 -0.7254353023429374 -0.43934286858793303
-1.696670998988509 -0.7209776019485226 -0.431344878933392
-1.6875669225927084 -0.6665923336124315 -0.44990671899076506
-1.6514251673917002 -0.6546516696800779 -0.44599903847929045
-1.615266950537631 -0.642855140134241 -0.44209278847929045
-1.5406470607185199 -0.6932796598344062 -0.4054979207729916
-1.5142331557065631 -0.6663476119369953 -0.409766567013226
-1.4425557029791065 -0.7135231483195312 -0.37521446969266936
-1.4090707516886454 -0.6986112068694759 -0.3733562352871518
-1.3661553057806017 -0.699479822120292 -0.36332596566434905
-1.3092923925741289 -0.7240547394715371 -0.34103478219266936
-1.273564678365652 -0.7135646924801335 -0.337137115261517
-1.233212521900768 -0.7110883202804636 -0.3291534307217221
-1.1929016570552733 -0.7087799175419391 -0.3211706998562436
-1.1526383513378278 -0.706643834666405 -0.3131898763393979
-0.9787234131883267 -0.7237203483259442 -0.26901139046903655
-1.088171418718666 0.22508809432498822 0.5438486215854068
-0.9299394148119546 -0.7384490851283694 -0.2528580548977475
-1.0451148823357528 0.2258358713896662 0.5500308153415103
-0.8857180311376851 -0.7454137784837336 -0.24079407479520842
-1.00639864894206 0.23485027318934826 0.5530015108371158
-0.8350504721413756 -0.7645954897671672 -0.22259701516386077
-0.9676795765130848 0.24371340667596897 0.5559702989840885
-0.7975963808987743 -0.759937547286313 -0.2166680219387631
-0.9247341218769307 0.24395222449609122 0.5621486780429263
-0.7515444337349209 -0.7715197005998533 -0.20256222512479827
-0.8881449042149043 0.2567467826912484 0.5635090944552799
-0.8452682811527126 0.2566499196831913 0.5696850893283267
-0.8107312748587674 0.27341122198988543 0.5694366571689029
-0.7679193910628186 0.27298616230982375 0.5756088373446842
-0.7353644368942795 0.2937536204387676 0.5737510797763248
-0.6966479436868411 0.30157015265723075 0.576709377505817
-0.6619551704586613 0.31781268928934026 0.5764533159518619
-0.6172339363766 0.31246265598694123 0.5842267153048892
-0.5864593306589398 0.3370326497300269 0.5807553407931705
-0.5359263765989368 0.31842618552209956 0.5933457491183658
-0.2903221427285274 -0.04359109500343905 0.7390328523898502
-0.26258841095719276 -0.015770790847213334 0.7339564440036197
-0.24423450754510867 0.033644204080282236 0.7208424684787174
-0.223698359699668 0.07870442217300777 0.7093320963168521
-0.052515808951916654 -1.023835197040853 0.035582172610797436
-0.21977011415040693 0.16287062832739707 0.6833530542636295
-0.03019026445799966 -0.9933211781064308 0.027174103000201733
-0.20414904425814484 0.220999345348055 0.6670123216891666
-0.23796293004604507 0.3968760708144785 0.6072660562777896
-0.2212278096311593 0.45518601280496895 0.5909138796115299
-0.19506452687343057 0.4916376229205923 0.5825954553866763
-0.15971349612559038 0.5061290352600807 0.5823131677890201
-0.127874019108269 0.5292719358249691 0.5788131830478092
-0.09592463922036387 0.5523100215785348 0.5753108141208072
-0.06561580605941941 0.5796516756694707 0.5701972124362369
-0.031693424219618294 0.5980945513498526 0.5682979700351138
0.0005885399402743019 0.6208341195351998 0.5647879717135806
0.33756758875929904 -0.7534049269403837 -0.00864161278959319
0.36855176804609613 -0.7407906969775837 -0.008890044949017017
0.404716675345405 -0.7409653790876796 -0.0029958608364681893
0.435742275871867 -0.7285847614682801 -0.0032471540188412362
0.4668154175005199 -0.7163127745613416 -0.0034998777126888925
0.504599691502996 -0.7211284569852019 0.0044385072970767325
0.5340409691825201 -0.7048463873336637 0.0021339533114810294
0.5684696958837563 -0.7014293434748602 0.005973922946490795
0.607751433488815 -0.7109311709311612 0.01595841620210603
0.6388834537617143 -0.6992591325922248 0.015698539950885326
0.6732445103125073 -0.6962396520532934 0.019534694888629467
0.7060061094588335 -0.6890761482410284 0.02132045004610017
0.7403413036668169 -0.6863137648904747 0.025154697635211498
0.7731085070606483 -0.6793924820897708 0.02693854544404939
0.8028162660254807 -0.6640027587119306 0.0246211168551822
0.837147810864117 -0.6616097532047824 0.0284510729098697
0.8744688071342566 -0.6679589866112394 0.036379921176471264
0.905749497899599 -0.6572169551085167 0.03610812399629548
0.9370681994571157 -0.6465832040886283 0.03583489630464509
0.968424911806764 -0.6360577335515636 0.03556023810152009
1.0027047505588413 -0.6342926778178359 0.039384472110309154
1.0341028841481688 -0.6240008196241682 0.03910647604707673
1.065536853328716 -0.613814108159005 0.0388270494723697
1.0956046824425414 -0.5993980427087457 0.03649531576875642
1.127123115916973 -0.5894266755617181 0.03621255133394197
1.1573070049620426 -0.5752179540851969 0.03387795660737947
1.1889099027303658 -0.5654619312563014 0.03359185431245759
1.2218845448128945 -0.5601774834240629 0.03535519812349275
1.2535382650838542 -0.5506485473358005 0.035066234805621654
1.2852268623926264 -0.5412300669312913 0.03477584097627595
1.3169492491387729 -0.5319204753333722 0.034483539798297436
1.3461454092546177 -0.5139673575098946 0.030086147525348217
1.3779575692498867 -0.5048740687835114 0.029790985324420483
1.4098077400373086 -0.49588906053995885 0.029493915774859936
1.4392180283969793 -0.478237741685156 0.025091755130328686
1.471157972433538 -0.46946903631314285 0.024791347720660717
1.503127484552671 -0.4608098280714792 0.02448950979951814
1.5351287399553044 -0.4522632507144877 0.024185764529742748
1.562469077117001 -0.4262042847407699 0.015668976047076733
1.5945917014061308 -0.4178660099109095 0.01536189291719392
1.6233155069920855 -0.3963958583144809 0.008894550540484936
1.6510363932940493 -0.3705974729398953 0.00037060950044587315
1.6844605108058133 -0.36699081977834425 0.0021115419650454825
1.715691114433099 -0.35465132781973807 -0.0002564313625912362
1.7437410641115534 -0.32913300771706133 -0.008787048122845142
1.770875526309041 -0.2992652363276953 -0.019373786709270924
1.8044844992743023 -0.2960921474626268 -0.01764000680204436
1.8329224822492023 -0.27083850026681233 -0.026178252956829517
1.8645636088395818 -0.2590034689315921 -0.028556239864788502
1.8952598275125396 -0.24283012040841712 -0.03298987176176116
1.9240670412579348 -0.21785419732500344 -0.041535747311077564
1.9539964970199435 -0.197418552624967 -0.04802883889432952
1.9830853620866904 -0.17262093993339533 -0.05657995965238616
2.0113822465617517 -0.1434578014432688 -0.06718815591093108
2.0417095240243555 -0.12330093154456279 -0.07368935372587249
2.069424168551585 -0.08984028792256282 -0.08635939385648772
2.099133518121249 -0.06540139739255935 -0.09492195870634124
2.115817233669631 0.026037485751608358 -0.13432205941434905
2.143465620685518 0.06376140356275073 -0.14905966546293303
2.162881322221523 0.1461934292506264 -0.18436087395902678
2.1820154399539007 0.23308521540924332 -0.22172583367582366
2.1976508508278414 0.3423778323421054 -0.26937855508085295
-0.6090089293004368 -0.5885639295495402 0.18075715277437165
-0.6883071911162943 -0.3704533624425004 0.18039189551118806
-0.41433753437482324 0.4509056095211328 0.21838532660249665
-2.137461002790836 0.7950120023480522 -0.012603652737102955
-1.2395422402120886 0.8934155587351214 -0.06296910073514983
-2.0420876243886354 0.8874489171894453 -0.1219085576748471
-2.188183537297327 0.8308237718665801 -0.2405628087734799
-0.8346298377496453 -0.03554553915318337 0.6443239328647037
-0.7887404467256687 0.22376718954700792 0.6525865671420474
-2.2322555526764134 0.9910266072647573 -0.37053097512479827
-0.8576797246027965 -0.11547806671515559 0.5245886919284244
-0.7694766094556442 0.15805569646677853 0.5361214754367252
-0.7845056459911959 0.3968088414393627 0.5401922342563052
-1.7456072789724075 0.6515421488988018 -0.4592841985439877
-2.186877854894213 0.7593943250645872 -0.4911726834988217
-0.6851178286748265 -0.008139654259721851 0.42172299597505525
-0.6581341471744651 0.24446538655963224 0.42902909491304353
-0.7203074636587274 0.4674137258702835 0.4297248003268619
-0.7864492396376335 0.689021456399665 0.43007289145235017
-0.1808542904592798 -0.556325773067261 0.3270221826815982
-0.1419683090053283 -0.29964764132287414 0.3355814096713443
-0.14933827856463466 -0.05936504567007361 0.34057389471773103
-0.18893485370557528 0.16971861526503318 0.3430701372409244
-0.20399837727172354 0.4065880585634858 0.34734927389863923
-0.72583305057357 0.47889987915437615 0.3134704706454654
-1.5329306091905153 0.4633954926222259 0.25819503042940095
