0.15572334790577536 0.8853635014706605 -0.5952924174171121
0.33125020060120924 0.9344360600686308 0.08378473102038786
-1.0533432944159102 0.6987404526863035 0.6386100369591086
0.2865353334753227 -0.4627315103569636 0.6569983082908957
-0.8021766814677527 0.8771021401314538 -0.6942594927650125
-0.4168096993879864 0.9623975879586375 0.01693454562610075
0.3235377086367617 -0.29525189893620407 0.6600071507591574
-1.3992250934006432 0.9454799823414266 -0.7557357233863504
-1.2353339269192514 0.9918595091630262 -0.056259481320920735
0.3237019231273397 -0.11883859143458153 0.6601506787437765
0.32296329784957045 0.0655156866821418 0.660184534182009
2.270539779330262 0.30834342174113694 -0.45955499828869417
1.7498550739942669 0.2140401824416518 0.12858262835925505
0.2982202347426419 0.21987069501983214 0.6583158093590109
2.201189872993206 0.4554309349821555 -0.4659551066260965
1.6898755171926485 0.36483413865148506 0.12360635577624723
0.23817595289739124 0.3758860275861515 0.6536904889244406
2.122560299324123 0.6010254902102936 -0.47338852108532503
1.6059518403706878 0.5112511056155036 0.11639419375842497
0.13454212364858087 0.5240329211763388 0.6456634122032492
1.7853875248960076 0.6982666377882261 -0.5082176607947977
1.4295094330130613 0.6406479484400531 0.10068097888415739
0.055901089903429124 0.6772615201475709 0.6395255643028586
0.9397424890010857 0.7037929639665865 -0.5968550127845438
0.9155215308513949 0.7088179689495213 0.054069192995485515
0.4642821577333631 -0.551933878286528 0.5879575329918234
-0.5670541776159759 0.733833176587968 0.591372163881716
0.2936657488598211 0.7609626922118036 -0.0024407786231668283
0.4797648976473763 -0.3808510878684199 0.5894304829735129
-0.4754776527726907 0.7912633768684856 -0.07245144070202425
0.42747245793980504 -0.22387319899600122 0.5855156499046652
0.4246160388432383 -0.05690142048894842 0.5854603367943136
0.42235738033671844 0.1099748904615705 0.5854126530784933
2.1902230891913437 0.4773347731131192 -0.546658841977659
1.8879746214284783 0.42774837701279367 0.06179204760974333
0.39622497894213105 0.2720588367104586 0.5834409314293234
2.082377162845228 0.617383492998691 -0.5573309344154032
1.8189480201186843 0.5763088627860551 0.055863531221803875
0.3755526142118928 0.4351346335639441 0.5818611699241965
2.0238322915690485 0.7672587234957096 -0.5627506655555399
1.7699864616678251 0.7289199232587986 0.05175939380114958
0.34075606892726107 0.5955412367918385 0.5791255551475851
1.716411382984779 0.8715009275728285 -0.5949872416358621
1.530558703182118 0.8466264883877717 0.02985873996203825
0.3604709728345785 0.7658485832137565 0.5806514340538351
1.0023253416688203 0.913738383909827 -0.018999425778928547
-0.41922622390982944 0.7938918674249393 0.5190645772117941
0.2631795600045965 0.9471568405491286 -0.0875495356422098
-1.3269753212743503 0.8050714908737522 0.4473311024803488
-1.7363386441954436 0.940931524625011 -0.27333196819836214
2.0847797042884704 0.26440063839435446 -0.000299779782834797
2.18806961293882 0.4285801804469447 -0.6269114893775614
2.015214135842795 0.41210648684758766 -0.006292669187131672
2.1044909648954597 0.573257300989038 -0.6350534838538797
1.9559187125113002 0.5620686738657419 -0.01135667980724886
1.8162204386296334 0.6796444665893375 -0.6656330508094461
1.6867643540892185 0.672669825470086 -0.03640398205334261
0.44415326212618744 0.4562772310621135 0.5049563962120382
1.18287819919796 0.741592459009004 -0.08379110516125277
0.33101013115105893 0.6019723764204183 0.4958888608116476
0.4585024658349557 0.7739509728165519 -0.15215858639294222
-0.5517068381636019 0.6089887946906973 0.424689920534548
-0.33480182963879024 0.7990726933502543 -0.2271088045936258
-1.4447407646059016 0.6203298047881596 0.3526169377464621
-1.5208343284618557 0.7613080352310515 -0.33939203442150667
2.188462027607047 0.3649427351741199 -0.061725465665403156
2.0508358744548065 0.4991047977531533 -0.07438501537853792
1.8883282646103137 0.6117576315960847 -0.7384308260780008
1.8304692184883269 0.618302192857092 -0.09508260906750277
1.7613802126451485 0.7495533611039331 -0.7515662592750223
0.4615684671246765 0.7004306452381623 0.4242106991905539
-0.30321990181305125 0.7295808638766985 0.3611947613853781
-1.2352271609322916 0.7346732739700119 0.28434625445788786
-1.3956870033140163 0.8692339575958492 -0.404385892758909
2.1995925590729843 0.350853514087202 -0.14822181881481722
2.135235853848327 0.4991778561639766 -0.153864709744993
1.934471880330788 0.6217451980622659 -0.17300304592663363
1.841667126400571 0.7657442682858413 -0.1815446299415262
0.6694674392804547 0.6803752318476199 0.3594376164573996
1.1863847327589045 0.8070514851656991 -0.24557480038220003
0.4279983407310848 0.834338859293096 -0.3198021334510477
-0.791355163513817 0.7528258160826304 0.23655763446277067
-1.527111591994446 0.7957038168574542 0.17460408984607145
2.205902560292989 0.38420376721381544 -0.2270134371619852
2.170973969229065 0.5382054814625814 -0.22977289379650667
2.033909800390676 0.6728431687159411 -0.24283441723400667
1.7847466365592428 0.7873763024838674 -0.2671945971351297
0.7374259271075143 0.7341276707456288 0.28341594516223356
1.1344766236552726 0.8302212570591987 -0.33185323895031527
0.5958007022041674 0.8739180863698923 0.27139058886950895
0.3174419060010667 0.8476810515425566 -0.4132808131080301
-0.580724577167814 0.8323779595758811 0.17028299151843473
-0.6911511157903352 0.837205279466394 -0.5139602106910379
-0.5873040602023831 -0.5321263421322495 0.7584520894188254
-1.2278390994756716 0.8903740673706952 0.11468425570910856
-1.5140012283676487 0.8657154306106989 -0.5960396212440164
1.1857866154681798 -0.013237373930570229 0.247380407442507
-0.5423451169635882 -0.3517122708521576 0.7617785054344504
2.242217440315409 0.3430598215629814 -0.3031409663062723
1.1738861299928391 0.14912090040023251 0.24676576434558317
-0.5554252593559603 -0.18333949120362014 0.760800989260134
2.2120308121316032 0.49788150301983514 -0.30541023434216097
1.0794310702648549 0.2953027873777163 0.23886886416858122
-0.6658101708468411 -0.03399033386839001 0.7526289540428488
2.1823793560029205 0.6528063305719414 -0.3076752108436258
0.9609729904371189 0.4373685295104597 0.2288252431053488
-0.849213349955189 0.10202372168147988 0.7390500622886984
0.9066207030236608 0.5920656019632613 0.2243568020958273
-0.8949787695200779 0.26484974849940635 0.7355543690819113
1.1803568232336321 0.7893889860563803 -0.4086597842078836
0.7449849061041309 0.7272657022587268 0.21044174014514372
0.3194011790094411 0.7979254530655489 -0.49597295940929964
0.6720055357740353 0.879360641727347 0.20425287066882536
-0.6057043972097933 0.8011391387442472 -0.5898703020911844
0.00021402164980699467 -0.4626602336080108 0.7183219510216086
-1.4234986759511852 0.8293695475251557 -0.6728413981300028
-1.4605478407932768 0.8416000926429295 0.017638357271608562
-0.04747594348268258 -0.30301310323270414 0.7148210126060812
-0.09951516632004598 -0.14412127823672627 0.7109538632530539
1.4384641503227957 0.31579537879572683 0.1814028340477316
-0.1265417781558522 0.019794021186310573 0.7089325505394308
2.1502120600029055 0.5983664785065805 -0.3908308428626688
1.3885919551129344 0.4696519349133972 0.1773435193199484
-0.19216433146326395 0.1762826664350463 0.7039648610252707
2.0964777369656264 0.7489030880275571 -0.3956364077430399
1.3147732351892945 0.6191451776883792 0.17109266101306364
-0.30137428491989127 0.3248286334009105 0.695676477541384
1.8496370284840449 0.8800571985916896 -0.4204953593116434
1.2385574922326068 0.7848819073293107 0.16461196719592497
-0.47197028398403873 0.4796100971184494 0.6827127057213156
1.1634062064255222 0.9008279324710742 -0.4912093561988504
0.845156029731724 0.8608492672692787 0.12960305987780973
-0.4889480278363916 0.6292095379782516 0.6813060361046164
-1.9617770123506748 0.2907505022518002 0.5366651135582297
-1.947791136613553 0.21666582783520383 0.5460440236229269
-1.9268647806208712 0.1490665396147559 0.5530778485435812
-1.9098959930855628 0.07826951526191195 0.561284216036257
-2.214011566745933 0.5051418392616434 -0.3075784129005106
-1.896919965148804 0.004312259730333778 0.5706626492637961
-2.2232263240221197 0.40893438051170605 -0.28685507000500277
-1.8769375477815924 -0.06323414247282955 0.5776964741844504
-2.2258587675758275 0.3194300410318398 -0.26889499844128206
-1.8609457095057689 -0.13393653524674498 0.5859028416771261
-2.2396188131391987 0.2204051178879336 -0.246790735135618
-1.8415767015790294 -0.20145127166325594 0.5929366665977804
-2.236060875828377 0.13772092606022213 -0.2315934580665262
-1.811376296612103 -0.2595384735452715 0.5964538174766867
-2.2472364481451432 0.042336622227171716 -0.2108701151710184
-1.7851338287764253 -0.32081828911632826 0.6011430340904562
-2.2589125409233937 -0.05282066346258674 -0.19014724911266878
-1.7442180262533675 -0.36968436329876475 0.6011430340904562
-2.2674836152190885 -0.1445662802244012 -0.17080530346447542
-1.7109591376688247 -0.42489252486508455 0.603487642397341
-2.2620787849087893 -0.22343176672525544 -0.15698990047985628
-1.6741607996306076 -0.4771029595357401 0.6046597081322043
-2.2534351938397332 -0.2990342452378485 -0.1445558947425516
-1.6337908351775408 -0.5263556973641652 0.6046597081322043
-2.2524256038992387 -0.3808383172017358 -0.129359094510618
-1.5822660524948837 -0.566567144574817 0.6011430340904562
-2.240883544517766 -0.45311465795069417 -0.11830696285778597
-1.5194892472819372 -0.5978544132699053 0.5941087323326437
-2.2333366801060563 -0.5284458511157393 -0.10587295712048128
-1.4263813797002687 -0.6051659937182006 0.5776964741844504
-2.2224866046881537 -0.6005855670208948 -0.09482034863049105
-1.3407683870670422 -0.6190309144583743 0.5636288243431418
-2.2009376755929395 -0.6633828357690952 -0.08791288555676058
-1.2703467136997801 -0.6453826336307618 0.5542499142784445
-2.175971112178159 -0.7231106255760693 -0.08238681973034456
-1.1654814224653762 -0.645141684145818 0.5343209820885031
-2.1364572176340815 -0.7706104947308461 -0.08238681973034456
-1.0719499856931822 -0.6544332775793276 0.5179082471031515
-2.0933966761824365 -0.8151929046566888 -0.08376821697765902
-1.005254609085494 -0.6850128393810699 0.5097018796104757
-2.069090517780289 -0.8751414262673283 -0.078242151151243
-1.989056760400489 -0.8897136399810517 -0.0934394282203348
-0.6939451787297024 -0.6118870107910421 0.4393631535667746
-1.8977329476006677 -0.8956668556068479 -0.11278089703136995
-0.6307676386775061 -0.6469968285849319 0.4323288518089621
-1.8137847499635598 -0.9081220827348524 -0.129359094510618
-0.60267253718634 -0.7086328138832254 0.43584600268786833
-1.7259946775926025 -0.918040444612279 -0.1473191660743387
-0.4929009842575578 -0.709424224079779 0.41474452792590544
-1.5437581518484205 -0.8540654412464761 -0.19981798351818636
-0.39859734950177206 -0.7223907193666737 0.3983317929405539
-1.4328052165745468 -0.8474998702708607 -0.22606691540295198
-0.33164363601295044 -0.7559848797902546 0.3901254254478781
-1.3557876723826876 -0.8681102200952822 -0.23988231838757113
-0.30011910060351354 -0.8156404334313692 0.39247003375476286
-1.1798114739702434 -0.8128056856472927 -0.28961786449963167
-0.09542139235919578 -0.7501891130048719 0.3432327824730246
-1.1024658706163049 -0.8345623963167839 -0.303433744321409
0.003246705888336976 -0.7624795947116141 0.32564798175280973
-1.08247255649899 -0.9003507924694567 -0.29652580441052034
0.13766698946109202 -0.7499624708687289 0.29751268207019255
-1.062761746079234 -0.9661426093264911 -0.28961786449963167
0.24060008208429728 -0.7606784105997733 0.2787553387779562
-0.9395026287164931 -0.9541268545663808 -0.32001194180065706
0.3476316393419818 -0.7691847538165497 0.2588259297508566
-0.8391175116103238 -0.9600491139415048 -0.34211668194347933
0.5066677397903039 -0.7422135091231237 0.22365632831042692
-0.711533350917307 -0.9465518376563082 -0.37389215649181917
0.5580991178299843 -0.7907901563397726 0.22013965426867887
-0.5953015265430981 -0.9423352468110906 -0.40152296246105745
0.48911006397582035 -0.9220306698685441 0.2517921048302023
-0.498285994140252 -0.9529357339328168 -0.42224582851940706
-0.3622046181095122 -0.9359339229142254 -0.456784574399534
0.7075105535603807 -0.9405676838555408 0.2107607442039816
-0.17505821959436219 -0.8833409082885435 -0.5092833918433817
0.9481355668093432 -0.8628353794940722 0.15214505969470427
1.0721352153667407 -0.864710468705006 0.12752643405383512
1.1800979414060304 -0.8780261417518602 0.10759654818957731
1.2881705459955075 -0.8919606614557267 0.0876676159996359
1.404501889745342 -0.9012148008540564 0.06539359866565153
1.5168926178690025 -0.9137801097792337 0.04429164706653044
1.6294003265300194 -0.9269963348152395 0.023190172304567547
1.8569047794645233 -0.867879682662597 -0.030736295590940266
