1.5455628559350885 0.7565147980716569 -0.21141772233679434
1.218840653696887 0.7605064414226108 -0.19700317346289298
0.9183769353405893 0.7585746107490463 -0.18398480378821036
0.6144950756354035 0.7613589600809725 -0.1707015510721459
0.3127767945224207 0.7518971590399826 -0.15798048936560294
-0.011755260403035095 0.762945310990685 -0.1436150547189965
-0.3124520075521673 0.7569092908630219 -0.1309190269632592
-0.17725720058477634 0.6341150067309966 0.6390606883840309
-0.6033548301364817 0.7324120111257866 -0.11934142076208731
-0.9031163408763234 0.7297114008037431 -0.10666947328283927
1.6524845180671548 0.772676618456619 -0.315491246811892
-1.1694330836122333 0.7015124391012773 -0.856682824723269
-1.1908670715729528 0.7190881205043311 -0.09483842813208243
-1.1264298247499482 0.6526741554991347 0.6697220329122291
1.576976742527549 0.5788014117072526 -0.31885557138159415
-1.44515471661704 0.6826936128306436 -0.8429389473123803
-1.5278943325419903 0.7517451436195675 -0.07942728959753653
-1.4447049651651866 0.6691680541980807 0.6801945689992652
1.0189096980091534 0.765705439370115 -0.2871838089151635
-1.8069787798116863 0.7379972158723351 -0.06817107164099356
-1.6936558543419125 0.6294288071864971 0.686938476927732
0.6931436721618667 0.7726601759690501 -0.2723367687387719
0.7648017308711133 0.7031639309903834 0.5118612769918189
-2.024799937923902 0.674023803257044 -0.06134681665136954
-1.8168167214758881 0.4841513156740005 0.6868557456807838
0.3796508830460965 0.7720945685860032 -0.25835757219030997
-2.0833179705973777 0.47473550829183253 -0.06613688432409903
-1.936683406509303 0.3360614497020258 0.6865548614339576
0.0744696541762977 0.7670059208217408 -0.24496011697485587
-2.1200383840549364 0.25585785450593335 -0.07259635888769767
-1.9701021136615537 0.11330920731007499 0.6814910892324195
-0.22247159706098785 0.757322980855025 -0.23214392625525138
-0.15194544438980984 0.6873766043255705 0.5422210220174537
-2.010805627812786 -0.09088224286412938 -0.089844274155642
-1.9819312728934904 -0.1293106546160674 0.6751756194905982
-0.5266797010822728 0.7556090825556545 -0.21877102815344474
-0.29422507111709706 0.5525544666447937 0.5432774547414527
-2.075119567283579 -0.30137803239664684 -0.09495429956152579
-1.9636949392520506 -0.41239907512963203 0.6667751792745338
-0.854167006869389 0.7502799030413065 -0.2045584198160424
1.7111441818638582 0.6623634806463237 -0.42214493715002677
-2.03408865923916 -0.5800093388718146 -0.10697131120398184
-1.934225191904872 -0.6816453543166556 0.6583754543142066
-1.133534754182449 0.7572635001443322 -0.19205980264380118
-1.0257094278887422 0.6549538580076772 0.5703200820760475
-2.000868154402184 -0.8665182262141862 -0.11900858842566153
-1.4246828262997724 0.7510115911094202 -0.17957596742346427
0.9636143768592973 0.745133193682399 -0.38446526490881583
0.9857503950785258 0.7151864803082306 0.405747127898191
-1.7077251372673459 0.739927709957648 -0.16767411195471427
0.6535558759121045 0.7400049014580938 -0.3703432556314721
-1.887561589830426 0.6431882422333164 -0.16347746812536856
-1.9448746008037858 0.6789400184720735 0.6011132720784889
0.3284391134932605 0.7491086090392391 -0.3550591941995873
-1.9650966119988453 0.4597189245278068 -0.16698698960974356
0.01943556057716478 0.7474930255235197 -0.3409615036173119
0.6349631026766076 0.23694428068968065 0.40466852224633554
-2.0812485993389203 0.30892991725142416 -0.16765837632849356
-0.2580801768099974 0.7223814817378695 -0.3292251106424584
-0.19818616811498657 0.660974214117763 0.44563813246056894
-2.1338160061847447 0.10292915549875747 -0.1731868263407006
-0.5699798674776844 0.7272738484123211 -0.31485800706579825
-2.0857649406761283 -0.19174091204088395 -0.18642239534094474
1.909810687239613 0.7721034943239564 -0.5177793975992455
-0.8736077383776149 0.7275519826184809 -0.3010905262155785
-2.046781125414199 -0.480589363644091 -0.19910173379614493
-1.945805245466559 -0.5829338790964576 0.5650200370626197
1.6061501792974013 0.7555176756228885 -0.5038452621622338
-1.1498610239911926 0.7071741015183646 -0.28938965760901114
-2.005569770548121 -0.7734659957250081 -0.21207838021948477
1.2872357113029835 0.7529491402307285 -0.48871808015539786
-1.3836617593418055 0.6530255751398517 -0.2809310432596459
0.9492819059579745 0.767679638819267 -0.4720960136575951
0.8293197536406325 0.8627699796118105 0.31674618757531503
-1.792781130412493 0.7481651322841678 -0.2589743610544457
0.6392974699038234 0.7625506656690657 -0.4575968261881127
0.9100766835389322 0.5468372862710842 0.3046750549154029
-2.0067595533668907 0.6808658241735666 -0.25200753175451895
-1.9679568026761416 0.6349696691439197 0.5055665496663795
0.3298099418831697 0.75915514381128 -0.44311003648474356
0.9891648728117985 0.22991319576617464 0.29259200132653573
-2.0865773561397987 0.4873379224339658 -0.2559226032419457
-0.0007960298030127433 0.7624795048443929 -0.4274302002115502
-0.030938171827926908 0.7868319068453653 0.3458721164540992
-2.124609982403598 0.2822279548863733 -0.2621894355936303
-0.29696252787154265 0.7776777425113117 -0.412966775528933
-0.09478081715629116 0.6130243153057471 0.34307165182397226
-2.1434062335104613 0.04688671550772039 -0.27053027116491934
-0.595516597727169 0.7593446806157864 -0.3997231002969994
-0.17396071413227787 0.4134858735989111 0.3400246623830543
-2.114488974017789 -0.23146346787540661 -0.282701301209475
-0.8374825382106934 0.7088195644337256 -0.3904104705972924
-2.128224281021886 -0.474162864119398 -0.2916548725290551
-0.9027670329499671 0.5127311869423661 -0.39497857057287833
1.522206853974751 0.6428851093424974 -0.6139626976175561
-2.1431555284681423 -0.7172037418408523 -0.30062060319616934
1.1641408270769062 0.6720154936996501 -0.5952544685526147
1.2064998043436646 0.638752221782541 0.1970991615133033
-1.8179040216138986 0.7804137028925142 -0.34234027826025626
-1.8179616208973073 0.7800896553967513 0.4096188072042213
0.8771263256785602 0.6472914922391038 -0.5821581360025658
0.8214918797131645 0.6916641005778006 0.2133018497304664
-1.913869038906057 0.6130118118004049 -0.3445311065836205
-1.9976796223198647 0.6837750569252394 0.4130286697225318
0.5414959638470123 0.6507944699916779 -0.5656519409342065
0.715777011436245 0.5112084406159463 0.21187300718591073
-2.0574242705123424 0.49848235838930677 -0.34250788652136466
0.23818241605231094 0.6558342382064817 -0.5507145401163354
0.35740745945915364 0.5596398033040284 0.22684354818627694
-2.0500019275951047 0.25424652068089504 -0.3525567527933373
-0.0684817446894499 0.6656265029340345 -0.5354772087259545
-0.06604856072098642 0.6636000860023215 0.24590630567834237
-2.0751022971945616 0.011509362670324208 -0.36112074815466544
-0.36529049876862985 0.6569345446341313 -0.5214963432474389
-0.3746329819137344 0.6644475918461588 0.2574748519735084
-2.0650709232342876 -0.2505884456166312 -0.3721046920938744
-0.6924496669224283 0.6752654293815041 -0.505038308732058
-0.6788192502841781 0.6638479001746278 0.26878972090051034
1.9171825677245096 0.8519803029952442 -0.7258248802347436
-2.045121613478017 -0.5230868829135895 -0.3840060707254662
-1.9587475771017466 -0.5998508642622831 0.3719620231466041
-0.9805441486197566 0.663582378532162 -0.4917035576029076
-0.9786431221256322 0.6617585081229471 0.27985186613366464
1.6451878311355586 0.8106107612543374 -0.7136035438699975
-1.9769388835962332 -0.8530156089009715 -0.4004526611490502
-1.2422059459015173 0.6067739116718132 -0.48149590455725333
-1.2634233653267302 0.6242057469221027 0.28920645750329355
1.2248231245785348 0.6860289898466227 0.098435116179441
1.3005733080734814 0.8152529798086503 -0.6959558006448998
-1.5501070107405042 0.6280108333239509 -0.4660044189615502
-1.5714416281641945 0.645602890968414 0.30121345556542733
0.8811465588722882 0.7184088139624487 0.11297268904015878
0.9627226860531408 0.8296665976332909 -0.6783242698831811
-1.8711488509080993 0.6501108498556567 -0.4499044891519799
-1.8545168390072604 0.6355779207042218 0.3112749580220924
0.6295800475831328 0.6670709266617703 0.12124772108361581
0.6372271239468574 0.8366978307196211 -0.6616645332498803
-2.043524587480235 0.5476399825706952 -0.44594912492468497
-1.973842596558697 0.4876410477070303 0.3109445098714576
0.2537209256010442 0.7172616044323927 0.1375128749685035
0.3356843090393653 0.8268528616527071 -0.6469359871073022
-2.200981296984139 0.43293183300640425 -0.4432487960977807
-2.0899120604488246 0.336852460591083 0.3103613380269752
-0.05919065735827189 0.7193281368351672 0.1497649673299537
0.0035470423880639146 0.8437512337797655 -0.6296616073770775
-2.1814273112386786 0.16534694561110097 -0.4551840301676049
-2.134790432954574 0.1243311205200408 0.3051790717916236
-0.3638179778080399 0.7168302270782734 0.16150445974633554
-0.2969659200521164 0.8373606545291512 -0.6149573799295678
-2.174527912231568 -0.09296428360990738 -0.4661984916849389
-2.0978498510569494 -0.16053053304241516 0.29467291868493417
-0.6640808396096816 0.7128532076440557 0.17298216856286386
-0.6008447005677056 0.8357997298630844 -0.599945592515017
-2.1839231798884526 -0.3385807635478697 -0.475980805985476
-2.111174602930433 -0.40323841918708236 0.2872921947316871
-0.9676884781345478 0.7137292263726831 0.18469805753991464
-0.8464594209577285 0.788326411384161 -0.5897422310037865
1.5797009412402616 0.6206102605384656 -0.01755576097204825
-2.1758490865192357 -0.601105397173261 -0.4873319145365014
-2.088290837496743 -0.6793805504300741 0.2774843696431861
1.468772784739997 0.6440942832979557 -0.8111377235574975
-1.2515928082784171 0.7003069633861569 0.19515199697778085
-1.214746287816297 0.8441271778725055 -0.5693173881693139
1.2448354948950424 0.6309773368907576 -0.00353579484655997
-2.1318360992629835 -0.8973058192842869 -0.5018072601480736
1.1617416969041727 0.6332733849475609 -0.7956567283792748
-1.5312523213692373 0.6852145379110173 0.20534415281579355
-1.4978957516149762 0.8316461642686246 -0.555939244858767
0.9106015231998015 0.6432467749082562 0.010472011931394132
0.9293496111130253 0.5651185507249572 -0.7864304062052025
-1.8219362766188425 0.6813180291951833 0.21627540624902108
-1.8035305760680274 0.8400068780979648 -0.5406542297525658
0.5730959993535123 0.6605336170626055 0.024725866682981046
0.5958168446422434 0.5793097498010917 -0.768674897782351
-2.0589315414391365 0.6336833399159341 0.223693323500608
-1.872612601414417 0.6500028853712889 -0.5452080246134057
0.22847902061167247 0.6860230565603693 0.03948469198510507
0.2862158540448263 0.576587609237345 -0.7529030319376244
-2.1214169154247173 0.43767375312900025 0.21959490812585214
-2.037394760025407 0.5410575066571655 -0.541779088608767
-0.08053677230520861 0.6851490830078939 0.05190224684045175
-0.015126249713816264 0.5692977232549481 -0.7378001686258568
-2.154546848526593 0.21555779322744595 0.21348280943200448
-2.0473182690115976 0.29944611840400537 -0.5514746185465111
-0.24986925504468616 0.572211902321583 0.05499095953271249
-0.33527581578870524 0.5794815671646258 -0.7210669990701928
-2.1548220838198944 -0.03627255947043384 0.2051069263295875
-2.058418599153512 0.05747853373220657 -0.5611825462503686
-0.2792853313824537 0.33176877789198933 0.8296255592183814
-0.6702290149632262 0.6041748506138811 -0.703031587235476
-2.152598444103404 -0.29181018901427436 0.19646830595300058
-2.063184275779477 -0.19140270239776136 -0.5715418335123315
-0.992862651981099 0.6833183952797937 0.08830709493920663
-0.5342313693224128 0.2900310892456126 0.8360118392781959
-0.992967487037248 0.6212025433936166 -0.6859932418985619
-2.136673623438469 -0.5610270350344093 0.18681616819665292
1.596739472511885 0.8458373980602731 -0.11087565385534903
-2.0316911739439547 -0.4736152997498282 -0.585114049546267
-1.2805952124218294 0.6732824088000244 0.09938330686852792
-0.7851093795836164 0.24643506839787666 0.8421971324758277
-1.3150656057439676 0.6400511754749223 -0.6689663406534447
1.3717384941468396 0.7818824471208554 -0.9002051826639428
1.2307017608936093 0.8800649422653546 -0.09423332177832267
-1.9194466705490782 -0.8292052158033103 -0.6057353492899193
-1.5411401474928823 0.642321775970462 0.10863657034203866
-1.028123534218338 0.19772441037448463 0.8479930881337867
-1.5907494977022054 0.6221318586770712 -0.6558933731241479
0.9281600253064113 0.8669244439245221 -0.08188371621801993
-1.8394775908694214 0.6450296101627631 0.12046618498132089
-1.2328401014033403 0.11796751533811722 0.851885986693357
-1.888855416178103 0.6250831583223686 -0.6408606048746361
0.6026171358296182 0.8741077909818049 -0.06794099771216056
-2.0081351984380547 0.5391856600654457 0.12348432577416757
-1.4413976990998805 0.04244853803836879 0.855956507094358
-2.04231632752267 0.5064944318724551 -0.6383233543558373
0.29714934242130653 0.8675332816164749 -0.055349397294069735
0.4503953234157194 0.7448901524903304 0.7199344161824928
-2.195966149759869 0.450361802309442 0.12778563535973886
-1.6234425666283272 -0.054850228177942384 0.8586916450338111
-2.1847485157512807 0.3787782402901989 -0.636782693497683
-0.011709714759888357 0.8657988774850356 -0.04250197374060294
0.1409546565829629 0.7426809100609866 0.7294344428853736
-2.168701528108244 0.17616968890746598 0.11732001341149667
-1.7565555172235747 -0.19382603546837363 0.858956528075193
-2.0825415010685475 0.039199026596750564 -0.6566100593729272
-0.29292299130257504 0.8437568694957172 -0.031539487473513095
-0.13305913151953064 0.713848152121531 0.737142277129148
-2.1691882973510843 -0.0756744370402318 0.10865421331689218
-1.8562393971172924 -0.3618668607408111 0.8575071815328346
-2.0573713803012907 -0.2358988359969354 -0.6698790069742455
-0.6162631506713439 0.8580190076447227 -0.01764588319494864
-0.45702738758950545 0.7276225190436847 0.7474092964009986
-2.178445675791025 -0.32135898625243264 0.1004933837728248
-1.8837408889819045 -0.6433704721146212 -0.6963038917703881
-0.7453529367225968 0.7272432394306696 -0.7908998008890404
-0.9158667425601692 0.8550568122990327 -0.0053697105570091885
-0.7379391505677546 0.7082863462580518 0.7554885867910133
-2.1642169680968806 -0.6148681514937673 0.08971567190453866
-1.0585411957718662 0.7242192851647848 -0.7747564788980736
-1.2095396962070168 0.8368395919024971 0.006090116866086515
-0.9976992851540558 0.6607505299085767 0.7621695522145973
-1.4684194727209245 0.8167173336187661 -0.7495189186258568
-1.5043384389527574 0.8340108360955183 0.01807541883752206
-1.2740817286599224 0.6412194655325738 0.7700271133260475
-1.6290354642405447 0.7028469213071551 -0.7462110992594018
-1.8062733119974297 0.8392438352897216 0.030584049590085538
-1.4851144603150317 0.568485292188134 0.7745108131246314
-1.8622467763017596 0.6509634434815084 -0.7365088936014428
-1.8905886301820942 0.6621071629507638 0.027831507094358
-1.707565023382486 0.5064932579987653 0.7795762542562232
-1.7096786447314543 0.2836665800218414 -0.7605357643289818
-1.973273705782077 0.4956013153929515 0.025339556105588468
-1.809763030815006 0.35554570568539834 0.7787003043966041
-1.4909628058335755 -0.1435318885552359 -0.7906461235208764
-2.0338724194595414 0.30973293746057085 0.021231127150510343
-1.836727318859701 0.1397616489154867 0.773857307799314
-1.3338044374891922 -0.5342098499434185 -0.8160524841470971
-2.04485163744485 0.06766757352522745 0.013092470534299405
-1.8747075597708687 -0.08020900608805537 0.7691947940664039
-1.4158306585928528 -0.7199841841148107 -0.8202243324442162
-2.026917282942094 -0.20099521866908976 0.002800417311643155
-1.8346243735342682 -0.36928250878822855 0.7603654388265357
-1.5511454176355244 -0.8595700412387011 -0.8196874138040795
-1.9765743633182495 -0.4998571323930703 -0.00991253816321036
-0.19602204082229946 0.8759591022300182 0.45387787855431894
-1.9365485047997169 0.6154546346840899 0.5077607158498512
-1.9614119357068915 0.26633261839347977 0.5079171184377418
-1.9775271419687215 -0.08330560792736197 0.5077607158498512
-1.9599583237979914 -0.43519625986343424 0.5065116409139381
-1.8914822276053513 0.7170911061730703 0.33135385549828866
-1.9209952498206349 0.3680967138364677 0.3316838268117652
-1.922051891276638 -0.684499279244922 0.329539966948484
-1.9959945113328246 0.6516272232879023 0.15966219938561776
-2.020744697082634 0.30270574942508244 0.1598355296926246
-2.061662498366985 -0.04517548072406008 0.16053028143212655
-2.0439661402581493 -0.3967639474959146 0.15914125479028085
-2.0614776104967802 0.6541409550365849 0.004505825407956632
-2.0742131962382615 0.3397700005331812 0.004324388869260343
-2.0451769724683544 -0.012234723500316846 0.002509546645139249
-1.9824785672559386 -0.36677341778001615 -0.0005755897684349698
-2.007567885068866 0.4049014285784205 -0.19052963220312735
-1.8797522624457628 0.8524324872554612 -0.36974291764929434
-1.992832639667654 0.47198405603973903 -0.5411963936014428
-1.1576401134869485 0.7592282441586589 0.6601316455678687
-1.646064206285459 0.4337204522745468 0.6739928249196754
-1.6665746095681726 0.08328643532569568 0.6739928249196754
