1.361912625783443 -0.6347087978560664 0.04225375890124461
1.3810808364400096 -0.34428185264996713 0.04644229649890086
1.3542406263990312 -0.07072013493085194 0.04771926640856883
1.6368169400493784 -0.32538479543361376 -0.0719434952796636
1.7325384411413918 -0.009882955072864519 -0.06271621943127492
1.692768133423499 0.2574071174675634 -0.062206957346313985
2.014970222749934 -0.26267468571621677 -0.18143007517468313
-0.604117131625042 -0.2768779033143449 0.6166279578148188
-0.017925549520168005 -0.6378615106824972 0.5071046614586177
-0.07874593873532376 -0.3709819442395972 0.5060851836143794
-0.15750805083717268 -0.11044791998705605 0.5040433669029536
-0.2353460226210231 0.15032773271865985 0.5020101332603755
0.286621369909124 -0.6703540433823862 0.3867790961204829
0.27284646191236916 -0.3881007367108751 0.38848045110095164
0.05331949348903109 0.3953577348777877 0.3832543158470454
0.005694658031657696 0.6647809589684162 0.38286521672595164
-0.0045086044921269774 0.2610191787811722 0.24324109792102
-1.565673798610927 -0.6096162089105182 0.5025203490196528
-1.288083225347922 -0.6536322751348207 0.5681698584495845
-1.1609726515796837 -0.5577676999982213 0.5869267249046626
-1.0883762984575682 -0.514332690794923 0.5986502432762446
-1.0334129781756083 -0.46329191141700754 0.6056845450340571
-0.951786423377289 -0.4246504560708715 0.6197521948753657
-0.9054233644581231 -0.37020049853953196 0.6244414114891352
-0.8677178223650159 -0.3118708547069087 0.6267855429588618
-0.8298187892265538 -0.25370718478878196 0.6291306281029048
-0.8049080039009517 -0.18946553137098476 0.6279585623680415
-0.7753839787758281 -0.1273905651218623 0.6279585623680415
-0.7500199990512151 -0.06330831124054193 0.6267855429588618
-0.7331673448566214 0.004956250935586937 0.6232688689171137
-0.7160515330289563 0.07320589528897692 0.6197521948753657
-0.6899649421331873 0.13712596727942383 0.6185796523033442
-0.7027828090801123 0.2205241630872532 0.6068566107689204
-0.7239112884680701 0.30849091159393893 0.5927889609276118
-0.6623176205126882 0.3548599819268681 0.6009948515831294
-0.7260477835381671 0.46522923669131444 0.575204160207397
