1.212650899472834 0.7434918460816125 0.007748262690290275
0.8372785187117131 0.7110520246560226 0.021885292338117424
0.4034722767449779 0.718561753229424 0.03928174238084203
0.012360996099943122 0.7015514416731605 0.05433143834946996
-0.7891846762217369 0.6994995670590249 -0.8092216088307058
-1.0575824501009095 0.6094937457861738 -0.7985347344410574
-1.4962841120061086 0.6343911960690285 -0.7754272057545339
-1.5839284994258378 0.6814088909008325 0.11652626256821996
1.3010515053232297 0.7809446442753698 -0.10966907281996363
-2.0907229052233873 0.4909384292344603 0.1313334868419016
-2.1191927998391407 0.2444053683037426 0.12599624853013403
0.47491441405135504 0.7654600787674344 -0.07599077959181422
-2.128171724249995 -0.016497258615535415 0.11948265294907934
0.08377447625326795 0.7478614676050039 -0.060379369450823006
-2.1260036874923998 -0.28628152571254617 0.1122590468394602
-0.31100481059741014 0.7352908764101436 -0.04453669328810328
-2.071804490534433 -0.5936622777839107 0.1019903586375559
-0.7637281399203459 0.7633371854973854 -0.025313241673723397
-2.0191317556897985 -0.9018348131581044 0.09171189527390844
-1.1113462154906841 0.7253609371680998 -0.01215611238600367
-1.4835343055677157 0.7059842860748677 0.0024439261424387126
1.273717698920663 0.7289134262003714 -0.22469650049330347
-2.03590150493892 0.5452133734703004 0.020471231745466056
0.8013415299394637 0.7578098078090099 -0.20373950739027613
-2.126077968362168 0.3407362668623115 0.0185705588328684
0.4938483686189272 0.6844604796318094 -0.192581517888323
-2.056314605368385 0.02639189842541967 0.007213966654523674
0.37842867594517315 0.49105519404412323 0.716626303004011
-2.1237939589281467 -0.1952574572457193 0.0038405821788156658
-0.34670377455874757 0.6900277391704295 -0.15674625177504176
-0.03401064069619508 0.48863572633981445 0.7292248175608957
-2.0978492469557892 -0.4824555406283677 -0.005112750722185311
-0.7784736249388544 0.7047839386430699 -0.1380914284718191
-0.4290952301901001 0.477715125895652 0.7410880492198313
-1.2178194085254717 0.7276256783780841 -0.11894546289564722
-0.7944049957050083 0.44984128064037066 0.7516719267833079
-1.5524187835829792 0.6839110347330282 -0.10608373422743433
-1.0677279549882144 0.3631495085289558 0.758259432123884
-2.1419583123485353 0.5490509991760932 -0.0851577355396902
0.7702147013851857 0.8030032980984441 -0.3152578904163992
-2.133060479954352 0.27745378887347094 -0.0931533410084402
-1.5900168698075845 -0.09057248854885991 0.7649165556895579
0.3829608719197637 0.7808722203887895 -0.2987817360890066
0.7033144462661056 0.5508800293402674 0.593736784266218
-2.0781414346872964 -0.04046988850741062 -0.10441861887098902
-1.6599666324085405 -0.3257620606983096 0.7622248099315012
-0.05604765764694264 0.7813397594219049 -0.27945457239271754
0.2129469985876682 0.5829039322136111 0.6101819441783274
-2.149992943587293 -0.2592613454163448 -0.1076658799183523
-1.7410402401798706 -0.5403874293369633 0.7602473662364329
-0.4505381224094691 0.7694213759895172 -0.2624815537464773
-0.14691466150776478 0.5605660770643572 0.6212877200114573
-0.7792745004298212 0.6770860863378569 -0.2506998612415945
-0.5726938690163763 0.530146714702652 0.6342986987101877
-0.8502452380231773 0.49660231820079304 -0.2527144982350027
-0.9275958953621597 0.5363155183458899 0.6457563803660715
-1.6221673019046392 0.7420756966168867 -0.212143285466448
-2.0563211542918935 0.5426956037316852 -0.19906793375136012
-2.082483681390613 0.28144944321882104 -0.205520971013323
-1.8809566463142318 0.11939764075535297 0.6672228739726389
-2.0769191682736476 -0.002658902172926858 -0.21406207819105738
-1.8471241521183686 -0.18538003486119603 0.6596528456675852
0.3444342038723818 0.6021663384667617 -0.415665013982073
-2.0910989658363377 -0.26116628414118814 -0.22105584879042262
-1.8062767866125853 -0.46973085500336165 0.6522616312968577
-0.04888429845046005 0.6007347417348328 -0.3978580071461355
-2.2130228596707866 -0.4458240706565375 -0.22130904932142847
-1.7772253120958652 -0.7610648750150668 0.6450520918834055
-0.4435830957533824 0.5894021523180708 -0.3803247048390066
-0.7209277514863999 0.5034803470986198 -0.3703163697254812
-1.10638378840774 0.490859485381721 -0.35334096689344996
-1.6988107197424966 0.6192990608179398 -0.32295690317274683
-2.106473289320917 0.3627475539891849 -0.3124040200245535
-2.1602466830177036 0.1330565911294075 -0.316938264561907
-1.9166679862160265 -0.05864553217081614 0.5537136958110178
0.3983839295529634 0.6602275187680489 -0.5301283432972586
-2.2067760313657914 -0.1023441713940132 -0.3220170571339285
-1.8898193864582709 -0.34605584733612815 0.546382801340803
-0.026213284124565916 0.6650862051705708 -0.5100744797718679
-2.0905829366313213 -0.4785395460855888 -0.33864532251478785
-1.9814829772465572 -0.5662425866610166 0.5444055960643137
-0.42472699181608675 0.6291338444171757 -0.49251781244398707
-1.950765098808617 -0.8453729180644256 0.5370551512706125
-0.7272597588028589 0.5864029604311396 -0.47969947595717066
-1.1708592254925207 0.6121176057916466 -0.45829234857679957
-1.5720929693294465 0.6127890138087659 -0.4396666123402273
-2.066639069128371 0.14764804595669823 -0.4312304093372976
-1.8230495547057046 0.21067408429434842 0.4459067748057688
0.5232743652951513 0.5244322273408972 -0.6540244652760183
-2.19946582463821 -0.02858899064654441 -0.43065439005018824
-1.7246818171453242 -0.12430732114582543 0.4347406790721262
0.11093420781332952 0.5209041301601811 -0.6342042519581472
-2.316449010255937 -0.21570593026920992 -0.4311956002247488
-1.8337982845072247 -0.31876448532962964 0.4339317248332346
-0.3132857971645677 0.5279979497222875 -0.6135357453358328
-1.808139889032475 -0.6068517661681918 0.4262713358867014
-0.7534828140568095 0.5486270532526394 -0.5917357041371023
-1.1221491496160496 0.5249606785317136 -0.5748041703236257
-1.5857870256857183 0.5672488788358683 -0.5513104035389578
-1.5057012037052004 0.5023045659063383 0.33074201803086645
1.7195498672626854 0.836886005307254 0.10515035848496801
1.1871394421867478 0.8997134721115598 0.12710108022569067
0.8675429596781328 0.8158890119989168 -0.7761419846546804
0.8607312112002035 0.8225030612008721 0.1378044054972971
-2.088978258466412 0.10799103681927846 -0.5420468880665457
-1.993237244848018 0.030911713610452196 0.33690847616074926
0.46112558382850466 0.8187652518525468 -0.7557061745655691
0.42461828000318746 0.844313267316176 0.15500392179368383
-2.2219257657083915 -0.06816155763389364 -0.5414551331532156
-1.9290101988922714 -0.2816473739533061 0.32698954801438695
0.08700380695462684 0.7901638235618451 -0.7379249169361746
0.050392495126033054 0.8159084575572306 0.16860164861558324
-2.3390593098127397 -0.25520468385631023 -0.5420163704884207
-2.120794709647299 -0.4184689578358043 0.3304563925731028
-0.30339675738566996 0.774602035380803 -0.7189763619434988
-0.35272003635392934 0.8087136610106329 0.1837626860606516
-2.0467761364986785 -0.7404768900211751 0.3198701308238352
-0.7642772920189884 0.8077747385883667 -0.6950319840443289
-0.6966669218412989 0.76564808058626 0.19576563100694067
-1.120035919609137 0.7750920770331202 -0.6784609391224539
-1.123699638139584 0.7794979481839039 0.21225418310044653
-1.5668864375698917 0.8051857636951496 -0.6554211213123953
-1.429266177243747 0.7158092849243287 0.2222131655680979
-1.9542701319402482 0.2815120853129489 -0.6535113884937918
-2.011973484892337 0.32245524774320167 0.234270231531843
-1.9835982606838911 0.034450725549179495 -0.6602543427479421
-2.02050146950063 0.061413705031222676 0.22800649862168676
-2.0014181945633 -0.21983695592669683 0.22015871267197973
-2.0164879768460082 -0.47886634087252755 0.21410025815842992
-1.9367667228625152 -0.818906052690549 0.20241250257371313
-1.9899725348117556 0.23190476120111114 0.42838682393906957
-1.857375724438171 -0.1651042916856289 0.42354525785325414
-1.8247869990406684 0.728261482114414 0.22938861112473852
-2.1095801015989792 0.3540413883354976 0.2381285593974436
1.3134792685351755 0.888828998408119 -0.07393251199843043
-2.034920127053411 0.6600533008493352 0.041875974940046135
-2.114026347276365 0.7018965594310265 -0.13009010095717066
1.205283602758172 0.611785236344728 -0.4706910683643972
-2.168175013799271 0.392845908837808 -0.34229360361219996
-1.8505255511744565 0.8810357444771375 -0.5481694771778738
-1.4763417885891812 0.4316948159319658 -0.7594569756519949
-1.6542288038835125 0.03129336166309127 0.807554619120344
-1.662024245304906 -0.3587160470620825 0.8071385786998118
-1.666188024923585 -0.7490770926320192 0.8065837786662424
-1.7033635784080445 0.8131800232494459 0.6152404711711252
-1.9978837967090612 0.4388317907405064 0.6233507559764231
-1.9443810620433197 0.0466717055110335 0.6211389468180979
-2.0019941343645797 -0.33931664031268305 0.6221710608470286
