-0.5488647400085691 -0.35610596166951414 0.7797336683487313
-0.5599480365683158 -0.10354003339447937 0.7815404043411629
-0.5427607908811831 0.17391669931293574 0.7849631414627449
-0.699718227759254 0.40389390854204166 0.7791571722244637
1.8149147719039282 -0.13024754601053257 -0.1868433847213371
1.7034613265059724 0.08395802730835467 -0.1905641450667961
-0.12465148049730246 -0.699414389657707 0.6735034094070809
-0.1420807768150718 -0.43634211193706873 0.6753163442825691
-0.1401388053249013 -0.16554354966851736 0.6781725988602059
-0.17839592977168728 0.08714537330160521 0.6787271604751961
-0.2386406794423248 0.3299846922502043 0.6780066595291512
-0.6338789874280666 0.43129981246573657 0.6584758863663094
-1.3241199366839185 0.4119178581070386 0.622415076277198
1.7673806167205592 -0.01603332437848115 -0.30896662614589765
1.6426227363283736 0.19233357397482553 -0.3137159242416008
0.01664305937664956 0.5759004256529305 0.5705518827652352
-0.4008178735891752 0.6539265165181316 0.5490031347488777
-1.7813774138784728 0.6201434496240239 0.4745950803970711
0.3234702830449212 -0.754000599710837 0.44895316221469805
1.6157343015198098 0.08786836885419103 -0.4383416070724113
-0.6905490392895866 -0.6322291639183972 0.3947634802078621
-1.0233139018848592 -0.5179325300018789 0.3777971372818367
-1.3655740943045158 -0.39215244041791486 0.3604006872391121
0.2818501178346571 -0.9622937770229858 0.3203721151565926
0.6053470057999322 -0.5479955378214965 0.34386206724399493
0.31010519953738935 0.65964090865522 0.3419079885696785
-0.6995588155256529 0.7697393577168263 0.28583289243930743
1.0948195079724856 -0.6109490406682343 0.24837542631381915
-1.472703535598062 0.7193351377111075 0.2412576780533211
1.2188158582210322 -0.2887278133837814 0.25988198377841876
1.157045336721355 -0.050282650685484764 0.25945378401035235
1.0870029183618888 0.1842471987569514 0.2584509954666512
1.4803968439617448 0.02588576464410597 0.15799809553378985
1.4837689012196558 0.29134594234586864 0.16186858274692462
1.4057938419107883 0.5206998101160991 0.1603398428177254
1.6349052926336416 0.02788507296109577 0.04622889616245196
1.5742657028446505 0.264822550024717 0.045964251539649226
1.869531837961648 0.15780481513898525 -0.058071602799950384
1.5717061247159858 0.2897060667893361 -0.07479094407802656
