-0.23084723780852556 -0.15544063664926355 0.6526643477493641
-0.23176821031942296 0.07856101224001932 0.6805602751785633
-0.2608586234806438 0.2606834988486746 0.7002274237686512
0.3963957735563639 -0.30757702660311637 0.3824292861038563
0.3583386101470225 -0.13491424448097789 0.40184990988315317
1.4232134977623687 -0.14580251995061744 0.06911913977206918
0.42611289707445366 0.22833773757458786 0.4533721648270008
1.3308030373261843 -0.07638045172936714 0.07197253332675668
0.3092342514440318 0.2533778444258381 0.44800774679721567
1.2523000346144073 0.019646807045031522 0.07956854925693246
0.22612415187497703 0.33932531469546134 0.4528609953934071
1.165154685677102 0.09835734974911148 0.08401314840854379
2.279100022594136 0.05275891707921332 -0.35051520242153433
0.1409841402663261 0.421195242140886 0.45699088202060434
1.0806718437407952 0.18169068468061766 0.08925120459140512
2.2364847856490755 0.22118296320065767 -0.3274691857284191
0.12949839353593262 0.6323055245777915 0.4830128394180653
1.005835677544404 0.28270047581731106 0.09765355215610239
2.190540091683097 0.38070330399198227 -0.30614693536220816
-0.0011278805139056658 0.6328677307842341 0.47329156027377817
0.9082456873626228 0.34036587587123535 0.09816662893832895
2.1367950110879335 0.5225455570542508 -0.2882812775558117
-0.13937215532202174 0.6211514869769417 0.46138684378207895
0.8436805784484775 0.459177402960421 0.109739943605077
2.1058730440515347 0.7084563114785816 -0.2617491043990734
-0.28286335431408816 0.6015072539756829 0.4480258666092274
0.7514502140445742 0.526056317732646 0.11184279547275278
2.009637408004508 0.7623316191200935 -0.2611873902267101
-0.3991643511719474 0.629444127535649 0.44269625769199106
0.6832402314615251 0.6365099113629071 0.12184922323764535
1.9091370795455163 0.8077585860898004 -0.26235278024135855
-0.533094393008362 0.6280538009717631 0.4322621069961903
0.6347214725095469 0.7816513618055048 0.13817946539462778
1.8020476526518365 0.8403990057937314 -0.2661112107223156
-0.6748413067267549 0.6145011794937503 0.4196430884415028
0.5509732322243011 0.862115696297785 0.1426688872391102
1.6882333526386049 0.8603282291342396 -0.2724631585067394
-0.8168771729523954 0.60160729081311 0.4070293150955555
0.45791296295858075 0.9256050663177966 0.14400403128207895
1.5766538334731734 0.8850747491897977 -0.27794487847744254
-0.9464023784410216 0.610501816536793 0.398067637544286
0.3651107508279381 0.9894178707170802 0.14534489737094614
1.4398698263511633 0.8623250279456833 -0.29294903649746207
-1.0348505933465901 0.6874958495076982 0.4007889472061512
0.169707926651256 0.8735310250699868 0.11351172552646371
1.3119686237644643 0.8575912332240279 -0.3044865883773449
-0.026703983862837788 0.7586800578698458 0.08168141470493051
1.1815334545946001 0.8490703486168449 -0.31688530816494254
-0.12247890352049495 0.8198589783927872 0.0822450362259266
1.0017832691929769 0.750125869532269 -0.3474725045150402
-0.24296226814177402 0.8387679752180439 0.07491223440707895
0.9058268782210988 0.8077874220900512 -0.34686978234707144
-0.3660183827835368 0.8539283397657478 0.06679455862582895
0.8077260499698298 0.8614561037746036 -0.34712822808681754
-0.4891765072053005 0.869600711517517 0.05868165121616098
0.6883685755916318 0.8766946179813395 -0.3551796235030773
-0.6200299385014247 0.8730990554087583 0.04820315466464731
0.5473587986698121 0.8537320809737707 -0.37102444543300894
-0.7485218745549602 0.881388101495034 0.038518115144383636
0.4180531820109863 0.8528650331219296 -0.38253338708339957
-0.8951365460477732 0.8607291787000335 0.02330557928622934
0.28370101153473826 0.844000381148831 -0.3957713402694347
-1.0188556271288007 0.8786139692328732 0.015210791688573089
0.16375011962290387 0.8613754419549089 -0.403805092710841
-1.1400636848137609 0.9012139806791168 0.007909937959325042
0.02651793035101946 0.8493861483464791 -0.41790135278164176
-1.2769950470799856 0.8991939961344855 -0.004127339262354646
-0.11098984909731513 0.8380141967502723 -0.4319933213180187
-1.424659607443445 0.8810706013836516 -0.01932270898281363
-0.24380546978816398 0.8357615721358762 -0.4443481720870617
-1.5594539616719203 0.8844920343378568 -0.030560330290186677
-0.36932561073191295 0.8468114772518369 -0.454098061460841
-1.6917951091767236 0.8926683842977248 -0.04100401772915152
-0.5050410004206398 0.8414714301258215 -0.46731121911464957
-1.8483143724679465 0.864069548904375 -0.058556870359766755
-0.6460585236178673 0.8282949098368633 -0.4822533883041027
-1.975728704426757 0.8817872810949794 -0.06741030587612418
-0.7848250355301261 0.819973622353821 -0.4963253296798351
-2.124833464527164 0.866992422865426 -0.08258326425014761
-0.9161728079947622 0.824898677313147 -0.5077913559859875
-1.0682949368243015 0.7968432622096415 -0.5261882103866222
-1.2078792240466285 0.7904299923634817 -0.540246800321925
-1.342507038359642 0.7930034032037909 -0.5525673188155773
-1.474709022506957 0.8003457452769425 -0.5640157021468761
-1.6281534369232986 0.7749987871931019 -0.582396344084132
-1.7607922716337896 0.7835821358536386 -0.5938361443465832
-1.7270996461830208 -0.7313354988547864 -0.3020027436202648
-1.137986654999665 -0.878434884706472 -0.23483689202724722
-0.7802187508763723 -0.8815492204629578 -0.19951661004482535
-0.43137312910966585 -0.8813963482909273 -0.16535408868252066
-0.08724830333736122 -0.8806040977504423 -0.13177044763027457
0.2563286954855215 -0.8818508146664001 -0.09818776025234488
-0.6842634528053892 -0.2515718162846525 0.5992500029617664
0.5827853728686705 -0.874162908059148 -0.06692059411464957
-0.3096559102930456 -0.27113029957504153 0.6320373259598133
0.9046178872590929 -0.8656312766243737 -0.03623278512417105
-0.2128573565628713 -0.10774903626512256 0.6310283385330555
1.1806507944935802 -0.8284863194380421 -0.011913613218653474
-0.20625121598421714 0.11644292671800471 0.6189223967605946
1.415299183727818 -0.7650341263738412 0.0066153250748035575
-1.1612612670277969 -0.8736423952913484 -0.4309280671065929
1.596543771139011 -0.6664349847928861 0.017616435151707854
-0.7952028295891651 -0.8819309121527077 -0.3933580674117687
-1.1224883165478658 -0.6601814313111518 0.4880401335770008
1.7043118409295985 -0.5180508805242141 0.018195315461766448
-0.4422638588285963 -0.8843170259283184 -0.3575766838973644
-0.8184278021259104 -0.6293129743987969 0.512668295961034
1.8003508829597052 -0.3615715111615003 0.01703755484164926
-0.08575247856619939 -0.8915141199178329 -0.3211992539352062
-0.47306294677878213 -0.6274056512917916 0.5424281798416493
1.8684485030215114 -0.18548285952311971 0.011826201539647307
0.2535661625312926 -0.8899377861755156 -0.28720744027553824
-0.20719699868781305 -0.5755959657325036 0.5624386511856434
1.92507554359576 -0.0009342480055529734 0.004878207307469573
0.6006233054412746 -0.8958507132823819 -0.25202210320888785
-0.09903958814969371 -0.42085241435966836 0.5629522048050282
1.9257485621810986 0.22380701267564973 -0.01017649545131949
0.8645163754139276 -0.84868728631875 -0.22876437081753043
0.0013691822202233084 -0.2609726185671306 0.5624386511856434
1.8587685161114393 0.4979902404947296 -0.03507407082973746
1.1487918416193779 -0.8168662991493285 -0.20252497567592886
0.03632680607343275 -0.056996916026765376 0.5537163458877918
1.5354769291873183 -0.8563069009999076 -0.1613767899459484
0.07216533646926138 0.1470984603085448 0.5449935637527821
-1.275766316024452 -0.7425305208242321 0.3825704299026844
1.7368781223091219 -0.7720905197281667 -0.1470640458053234
0.05138531031981586 0.3905971286633019 0.5290877066666004
-1.042737626938269 -0.6647728934163482 0.3987456999832508
1.7911143406234444 -0.5876134106659343 -0.1542204178756359
-0.7304746085966372 -0.6397147317410301 0.4248344145828602
1.8828281801445073 -0.42860978631221514 -0.15600951089321402
-0.17694979221749207 -0.7857530419515122 -0.623747662443507
-0.4185991662467998 -0.6164769813858548 0.4509231291824696
2.023963606447005 -0.30399588326515925 -0.15064223184047965
0.19148293412236939 -0.8030247274601123 -0.5839179314559582
-1.0455298261481119 0.02331680200973807 0.35909096823276254
1.9665087717741727 -0.040016892041087715 -0.17449601067959097
0.5385669323109283 -0.8087834332349324 -0.5472000397628429
0.20809746156581355 -0.5781922936929007 0.5036226950699207
2.0035214906850527 0.15869455407267452 -0.18463452233730582
0.9551745000171437 -0.8634960881363654 -0.49990256204067496
0.24182903765485264 -0.37514028845294334 0.4947525702530262
1.9767679630879726 0.40367293255301107 -0.2043135918563488
1.2967923074555259 -0.8708471920807632 -0.4638069428390148
0.27643575165720335 -0.17196326446196153 0.4858824454361317
1.9713418138571868 0.6347187637369736 -0.22101195229946402
1.6337242567424397 -0.8774449790048031 -0.4283335961288097
0.14737190669161038 0.1430886248513339 0.45614115820468637
-1.3791755441358973 -0.7662240523654731 0.2778498374039051
1.8636030611834187 -0.8131984691540737 -0.4090412415450695
0.21694943185362092 0.32461328455597993 0.4514447890335438
-1.280013837165697 -0.6019510323009847 0.27731911764682504
1.9708522787390024 -0.6657500564850629 -0.4084189690536144
0.2872511650199314 0.5060231574302669 0.4467493735367176
-1.1844397623694434 -0.4353099348609888 0.2762586318069813
2.0745309745585203 -0.515858606794886 -0.4084189690536144
-0.40523526597548454 -0.7142895796284989 0.36219136343539926
2.0771011852594867 -0.295236349072745 -0.423977211851466
-0.4388375938275644 -0.4660202690643267 0.34468714819492074
2.1658529468492915 -0.13428533467975257 -0.4264667786544445
2.1419364102713345 0.10682329701878857 -0.4463814057296398
-1.2469937810707492 0.5288794711653892 0.21419541464389535
2.058652681353969 0.3917638406054458 -0.4756315506881359
-0.2065422138871824 0.06325624266718677 0.3340775214249012
0.16728535260829602 0.039548058397382846 0.368557139497411
-1.3384921391379692 -0.6201623225983361 0.1760865889603016
-1.2346356462449677 -0.45871437430864503 0.1760865889603016
0.36884302246773615 0.5890634513763331 0.35317389593661996
-1.1343807997530888 -0.29492572520142346 0.17554728613437387
-0.32687077438217216 -0.594839613578074 0.2666603766495106
-0.34320784999631115 -0.357460526548536 0.2510253630691883
-0.18050790277490592 -0.2380588200310747 0.2585732184463856
-0.20022449865736291 0.23224484590919303 0.22838227377475473
-1.5845580673704802 -0.9062330375865031 0.07305495367587778
-0.10572068574190752 0.3981004323936901 0.22676484213412973
-1.2301013214404932 -0.9039876234853708 0.10592333899081918
-0.014713054040136342 0.5664840535608029 0.224608107667577
-0.9431388326509236 -0.860939702180076 0.13002698050082895
0.2527554935074434 0.6130665719133432 0.2456342421585438
-0.614701485620742 -0.8465000829829386 0.159608050447118
0.3527464470246855 0.7746326346764327 0.24455563650668832
-0.38668385025528806 -0.7689213756978077 0.1760422431045887
0.45332469286440613 0.9358714815857674 0.24347750769199106
-0.21686042620824253 -0.6544172152916552 0.18480746374667856
-0.04678927764329188 -0.5407353952531828 0.1935722075516102
-1.0884737081728133 0.37929253479523695 0.04183022604526254
-1.7443410617471926 -0.7698862578934111 -0.047434643644678864
-0.22178578548425065 0.030311160712944485 0.14262597189487192
-1.3811535082346325 -0.7725229434060985 -0.012933091062891755
-0.10742644344966124 0.18227989427211 0.1437222205215809
-1.0311088870552112 -0.7692771064145631 0.019899054628026214
0.6153368004176016 -0.08028013452663885 0.2258927069717762
-0.6899501764551346 -0.7627220841214566 0.05161826239169809
0.6432139669015626 0.1277737723618948 0.2154843054825184
-0.37428291838695316 -0.7419104236208192 0.07999865637363168
0.6065987875417207 0.3812286001342713 0.19631116018832895
-0.06318331019416945 -0.7202090196374371 0.10782258139194223
0.465191120310287 0.7091682198283564 0.16289488897861215
0.4878511253531812 -0.8593537757766967 0.1679226599747059
0.5949956978810391 -0.707039437893549 0.16847865210117074
0.7109113921372838 -0.5606561135029011 0.17014805899203989
-1.8745482984807396 -0.971560271418543 -0.1551354683822277
0.7162098744177854 -0.33952328560136635 0.15679280386508676
-1.4777890700159517 -0.9937696779225327 -0.11551459206997183
0.8456661750934558 -0.20205228857000535 0.16013161764682504
-1.127878853231529 -0.9890762067226078 -0.08211930169521597
0.8977302642006677 -0.011653820024772443 0.15289704428256723
-0.7785026122028782 -0.9864673306153762 -0.04872448815761832
0.9587585453518415 0.17309007302629809 0.1467758856827137
-0.4296709064628885 -0.9859408333908455 -0.015329674620020661
1.049068168390292 0.3378786946394001 0.14455000982822153
-0.11054797891635815 -0.9685265440837014 0.01410309897006723
0.9367095326091999 0.6452420512144066 0.11450020895541879
0.19567195285199546 -0.9448087851284157 0.04183785543979379
0.5098045212383653 -0.9283481077966584 0.07070510016025278
-0.3751828578679195 -0.3438523803032716 0.7262975417190907
0.736650140471788 -0.8559268848675892 0.08768574820102426
-0.3573473121277857 -0.12789060927715568 0.7158872328812
0.930443654430583 -0.7625867311195265 0.10013787375034067
-0.3220275341024603 0.07723282310502455 0.707459612947118
1.0626094825845982 -0.6285356575686549 0.10409991369785043
1.1541010530125604 -0.4670847629084527 0.1024018965774891
1.2338969039008632 -0.2974849581432686 0.09900586233676645
1.3061724486087911 -0.1224357733534518 0.09447733984531137
1.3465167323282472 0.07518921036281867 0.08542124853671762
1.3673679988711243 0.28716103822536 0.07353512869418832
