-0.9800640619603485 0.3976178069234493 0.683858069073465
-1.6088582024922289 0.3978247728426112 0.7225820146911408
-0.8301157363074481 0.44224219572965495 0.5045773111694123
-1.5847157295085452 0.5224694935589937 0.5554443918578889
-1.9448787216857966 0.3517592178049185 0.5711533151977326
-0.7324418785306648 0.27672193492498565 0.31955924857785956
-1.6295608013162024 0.4491235534455882 0.38462272514035956
-2.0608504259984954 0.32497477742617775 0.40720382560422674
-0.943581124081291 0.43126134549456907 0.1850463472717072
-1.932234104840461 0.6637526284070674 0.26003280509641424
-2.1080082157812114 0.37461651246768923 0.25925222266843573
-1.1781695839626707 0.2967981111623814 0.0060807787292267435
-2.0112818563877966 0.4314854117017006 0.0681006037109162
-2.183714529825849 0.13988381473775746 0.06690040458371893
-1.2704376407978941 0.7596063071308592 -0.13864454399416193
-1.9106747915409983 0.7680331703847969 -0.09408268104860529
-2.0777211354345155 0.4733907331962186 -0.0957177556640838
-1.766409936973787 0.6132232385561807 -0.281415311206076
-2.1428115573325357 0.45395545035152196 -0.2622092641479705
-1.289967575715238 0.8099136035531274 -0.477159825671408
-1.9718754292587448 0.8451515495949451 -0.426439610827658
-2.117771361168181 0.5371841267970439 -0.43027624260256037
