1.674936806657243 0.9442813979167308 0.018579975556102468
0.9666505045139075 0.932996348531903 0.02088429112311907
0.3030259431510842 0.9017387582629723 0.022618428658214285
-1.1129653447219994 0.9030668615655486 0.0275874294745595
-2.162691246551823 -0.07767130506948305 0.011739508103099539
-1.1522514513047142 0.8282417263613944 -0.14586423258903913
-0.6066216774178415 0.6803258976788094 0.5406214155661733
-1.2553475427685186 0.6519495308856555 0.5394210972296865
-0.5374498634022018 1.0402188022066987 0.37399746556159563
-1.9538290918083305 0.26305274113493127 0.36057521481391497
-2.0356464497526687 -0.08613027564039122 0.35427917618629046
1.3791582583856155 0.6932502828891618 0.19081308026191302
0.6011717948262643 0.7238463955532524 0.1929483570563466
-0.08401396783484216 0.7078444313831369 0.19400574345466204
-0.7812574493903242 0.7034016781937673 0.19528557438727923
-2.1401484623594698 -0.10262559655784109 0.18259336132880755
-2.0172093462214065 -0.12792476427224386 0.20816220421668596
-2.1811503398807943 -0.3585544535688907 -0.5839028201592296
-2.0081735542718917 -0.32934416706445013 0.20894314427253313
-2.1285605773770726 -0.5519802347705873 -0.5848066649926036
-2.0717099511416563 -0.7448603420088418 -0.5859362922203868
0.9566179034360616 -0.8931507167495294 0.12023164410468645
-2.0598787864944796 -0.07548184883212805 0.1091609158026845
-2.0112377084485047 -0.2700802287085331 0.1086660780417592
-2.09061178194883 -0.12247178316553331 0.010443822334972097
-2.130813866549154 -0.3319800778167501 0.013048187683788015
-2.142217850435266 -0.5361889697490216 0.014610902260509206
0.601265203369401 -0.9278563073849302 -0.07741092066887312
-2.1904962610219556 -0.12057368815750102 -0.07598756175163679
-0.6231185927352598 0.015639547193528003 0.6770107902991445
-2.0730418622509106 -0.30302627263096227 -0.0790724597466319
-0.5544370035872888 -0.180713222105501 0.6762228168952138
-2.025186034525632 -0.4976304743256641 -0.07961700778129988
-2.1426991433357543 -0.2754372971453112 -0.18660591464165144
-1.285349925008795 -0.1294235101706125 0.5909532465445668
-2.060249465822224 -0.46403762399362236 -0.18851660113457136
-1.2171682841398805 -0.32348118283011473 0.5901042379843862
-1.9685745127069012 -0.6514912589578739 -0.1908094726097911
0.8974574611348487 -1.0336346628347322 -0.29685209612968855
-1.82362559579078 0.2365677809502209 0.5017950691687734
-1.7886740188805845 0.038631852060495575 0.5017950691687734
-2.092464585799185 -0.2071640111310611 -0.28893349986198835
-1.7888985850412453 -0.16532618598083992 0.5027052320944936
-2.0639923273825715 -0.4049876423836256 -0.28873370509270124
0.5071310318768809 -0.8188801854873233 -0.38762853961113386
-1.8225417463557037 -0.1925388344767729 0.4033038773047597
-2.079375458927103 -0.4289047984697216 -0.387936337996754
-1.764444534859443 -0.3863568291925805 0.40261007923957415
-1.9826577658890798 -0.6154418167646174 -0.39064691882255964
-1.9480491372352944 -0.01174472807710103 0.3056514420020253
-2.1249657058853657 -0.24529173315254482 -0.48729632716301374
-1.899185797815278 -0.2067172060724065 0.3052091755377919
-2.062129050086561 -0.4372271968819845 -0.488599761534962
1.1354842884076604 -0.7565711107910449 -0.6237141929161876
