0.2259685296358711 0.18417503216593722 0.8256283028758613
-0.24080078346040779 0.3750465167185624 0.8056011422313301
-1.1384948786017297 0.5069158575267778 0.7672891839183418
0.9660897412886627 -0.49578492664302587 0.7076168282664863
2.1656280304293745 0.056354096397045694 -0.42227504413951955
0.9668839751387139 -0.18819590336101122 0.7075510247386543
0.9639101150740395 0.11804921811224034 0.7072835190929023
0.9084361950922641 0.41216881987448595 0.7046666367686836
0.19027926653411598 0.5614284845352167 0.6728215439952461
0.5507237357531345 -0.6242279067436627 0.5536470635570137
0.5899968346609619 -0.3062131557811263 0.5554523690379707
0.7717603603645173 0.04326049365321616 0.5637250168956367
0.6428853634295848 0.3217824721043403 0.5577764733470527
0.22216377899355777 0.5368913221971621 0.5384631379283515
1.024228666701834 -0.5762085099511296 0.41030695277820506
0.6013193973589352 -0.36638899310102957 0.39031412440906443
0.4321319992622179 -0.09636847385633907 0.38236763316760936
0.7414800777759929 0.2812574782341457 0.3971767647899238
0.745124992268547 0.5889920815802512 0.39738275844226756
1.2171484726118642 -0.6239532888059642 0.2697668297923652
1.154204001642082 -0.3317366270760278 0.2669415696300117
1.0922821105933096 -0.03932281059672249 0.26412489253650584
0.8072277746634597 0.2029840297275296 0.25023891765247264
1.7143847292346095 -0.17227597626011182 0.14598085719715037
1.6676321432496977 0.12151390089676717 0.14394333202014842
1.6414151157429977 0.41976929964606313 0.14291384059558787
1.586996937143617 0.7115224052422171 0.14039661723743357
1.9365724447988342 -0.4105959789970193 0.008564017597540996
1.9522151298968247 -0.10288693023387374 0.009911559406623027
1.9984885298472364 0.06511441894315162 -0.13553426426281057
1.918492587533322 0.3501908586495617 -0.1393532530628594
0.566527943748472 -0.3255049862008743 0.8405266030467597
0.40893949053080547 -0.08360757280596687 0.8336429818309394
-1.3929051404438226 -0.6661422374044896 0.6084380372203437
-0.6434439581645783 -0.7247666626091682 0.72645714122425
-0.4618918375402643 -0.6875526386361503 0.7521486504710762
-0.14614557272739148 -0.7010632941396917 0.8011226876414863
0.03510481227897699 -0.6666188421249561 0.8268137200511543
0.23936391723158223 -0.6420321340225286 0.8565192444957344
0.4434866430516742 -0.6187553974492683 0.8862247689403144
-1.0682972526831627 -0.7692928562069206 0.10608532268176951
0.5461442395726976 -0.5577574446218989 0.8982672913707344
0.5845300932921411 -0.47229575886104946 0.8990702851451484
-0.5207981954136969 -0.7576543547180012 0.1994195206798164
0.6232130917147387 -0.3869872429596857 0.8998732789195625
-0.3537340625958052 -0.7156696342466677 0.22544529277454295
0.6530133699750493 -0.29818616524466535 0.8990702851451484
-1.6815177462068505 -0.12216033413129246 -0.03930089634288869
0.6831321302931812 -0.20947377735793005 0.8982672913707344
0.6998413606611926 -0.1152874336354941 0.8950557931102363
0.3865780019862086 -0.6863799797241068 0.3501906617320625
0.716906624913296 -0.02109624896209006 0.8918447716868965
0.5072364197095496 -0.6318953954131459 0.367241881672248
0.7343263331389132 0.07309872301948239 0.8886332734263984
0.5728931193513276 -0.5568945905680955 0.3735242112315742
0.7247801327188661 0.17870488976087806 0.8806047661937324
0.6708505084748708 -0.4947394866595882 0.38608839351306834
0.7156693032994106 0.2845034763867744 0.8725762589610664
0.6316303442372373 -0.3790980344322943 0.37172891933093943
0.7614787403412535 0.3672881030923385 0.8741817696727363
0.5929132791531302 -0.263065971387924 0.35736992198596873
0.7712949204718917 0.4654778517427136 0.8693647607005683
0.6414242228492739 -0.18148167335921528 0.3600621445811836
0.6476594055790308 0.12028127886082629 0.3403187020457832
0.75642824505384 0.1768172109265631 0.3546776993907539
1.1846497651671797 -0.8209629279689441 -0.166512943919793
0.7610622307081769 0.2767187743600701 0.3483958466685859
0.7751405252187809 0.3728569694542756 0.3439083321727363
1.7337303161777733 -0.8406035661251323 -0.05867335956920705
1.766524460168153 -0.7574975205155372 -0.05867335956920705
1.7996126823970968 -0.6745054899469629 -0.05867335956920705
0.5808583301897521 0.7661729307283363 0.28288223582874217
1.8738284668498544 -0.6081541597496543 -0.049517132457390645
1.939157563634339 -0.5385028147779529 -0.04239556949962697
1.9820577593786197 -0.4598496623935464 -0.04036090534557424
2.0206967258102146 -0.379496747426721 -0.03934333484996877
2.05510289820311 -0.2973954795057061 -0.03934333484996877
2.062760728282928 -0.20392646396148706 -0.04544732731212697
2.070786667718288 -0.11038968900654211 -0.05155179661144338
2.061211952179846 -0.009001203397366098 -0.06172511738170705
2.0699980723415656 0.08472815712510418 -0.06782958668102346
2.0657181006721395 0.18445424525258325 -0.07698533695568166
2.04843615678098 0.29031336820792575 -0.08919379871715627
1.9244639787791016 0.44463364499079105 -0.1258187071644219
2.050891659155443 0.4865765916737885 -0.10547158878673635
1.9236644341476605 0.6440459864448158 -0.14311359089244924
