0.03752843722517696 0.4891945100456656 0.6880795079037494
-0.2736543504695277 0.47331689584594905 0.6985587197110004
-0.5728723762221364 0.44952753054293915 0.7083736973568744
-1.8247155703257363 0.7031913690514653 -0.06568154518157776
-0.9665322756458608 -0.04012303606930345 0.7091969567105121
-1.9696077696960117 0.5568994400243934 -0.06436499778777893
-0.9473638442771346 -0.3326732427907242 0.700804384307558
-2.0772183050021624 0.3784952063874556 -0.06591757957488831
-0.9712219355214273 -0.5898820974271803 0.6947797852322406
-2.1817771576513536 0.19709122443280336 -0.06776723091155823
-2.1970044181268236 -0.06305777203971807 -0.07648524467498596
-2.179203880499017 -0.3676844672697541 -0.08833417121917542
-1.2420913355193477 0.8291938232002725 -0.1913128775790387
-1.5666606840780162 0.7925257725961572 -0.17749461357147034
-1.7520729099232994 0.7205649751762007 -0.1714940947726422
0.8469465009423942 0.6594831174167215 0.4506877976223773
-1.9385910900498828 0.6097407761271363 -0.16690787498504456
-1.2708314161821903 0.026015439876145408 0.6169568615719623
-2.0581850195470963 0.4553463161192024 -0.1670680922702008
-1.2713972831619316 -0.23507436179748886 0.6097482758328265
-2.1745415428381847 0.29804251232187795 -0.16753348533660706
-1.2279569183066883 -0.5359049729744232 0.5998345928952045
-2.2035669169115835 0.0368650996108002 -0.175916282577818
-2.1889860423069507 -0.2642152274742333 -0.18784197990447815
-2.1697162147939366 -0.5438016955781251 -0.19922932807952698
-1.9665050442739584 0.8476270657136862 -0.25964698020965393
0.8777281725720485 0.6739060003093371 0.3432640152737445
-2.027584393553056 0.6303155691293103 -0.2649498862460309
0.5501017901444953 0.6656733482338488 0.35596528823822204
-2.131153957992069 0.4488648893892595 -0.26692828361541565
-1.4988667705374468 -0.10914973353325763 0.517008693771059
0.22685796625918897 0.656097958361082 0.3684083538815326
-2.1300659005324007 0.17592090125981485 -0.2774058264926129
-1.5938364117313455 -0.30243827278353486 0.5148829537197894
-0.16916076326441498 0.7085836024614114 0.3854426461026019
-2.081548719206552 -0.140280289120426 -0.29183253471404846
-1.603226954630344 -0.5712840184663737 0.5073777752682513
-0.4757817393953161 0.6900993938214874 0.3968824463650531
-2.027211490119356 -0.4638903917500361 -0.30687483970672425
-1.5837580217299774 0.5356668038519015 0.43521872337310974
-1.7141094077144459 0.3755033032215387 0.4354394989773578
-1.860138250190829 0.228858987146344 0.4366177635952777
0.8458130562012229 0.22875672769561461 -0.6328683776095563
0.36262360734622234 0.6253902657095605 0.2561794834896869
-1.4019205738699299 -0.4458711635355801 -0.4300867003634625
-1.972743433571054 0.05322878585653967 0.43560448463409607
0.652776458582963 0.11090054269921978 -0.6275006217196637
0.04349628785389825 0.6137612550552163 0.2687870579525775
-1.5994995902391906 -0.550746837841519 -0.4246769828036481
-1.9808747994832459 -0.21423116144701382 0.4278000908657855
-0.30977253124534343 0.6325187896122682 0.28363934333770935
-1.378224138454172 -1.0245901069699102 -0.45410594169647034
-0.44601163564991 -0.6330577860586324 -0.601021377487486
-1.7657592227646717 0.499563362816291 0.3378275948330707
-0.5917591718431083 -0.787376607522825 -0.5999127310946637
-1.968095740141905 0.40199984528774557 0.34279862220733825
-0.7298930494723948 -0.9622454050939133 -0.6000762862399274
-2.079288469940778 0.21247279457373125 0.34125486190765564
0.029343517490246995 0.6916850039833644 0.16618123825042908
-1.105238464874077 -0.9296050508235894 -0.5800562781527692
-2.1461604740616878 -0.01622812147165753 0.3366889076992816
-0.2957919303391776 0.6736033617002768 0.17922082717865173
-1.4252054386216741 -0.900801665065524 -0.5630017203524762
-2.1561691874807707 -0.2547163577400209 0.32954064186065857
-1.5680541731825457 -1.0548991440361632 -0.5622659606173688
-2.1025385233613036 -0.578613980686395 0.3171590882107562
-2.1362782514851233 -0.8268491310543613 0.3105372505947894
-1.9012896318713217 0.6949566460018097 0.2463378029629535
-1.0860926914487266 0.18783814710846158 -0.6406970900729352
-2.0008087516004593 0.5098515714332787 0.24445620353668396
-1.2668715117220728 0.06818111299887697 -0.6362729949191266
-2.1123792067822933 0.3347792640699456 0.24334278877227966
-1.4282915624816468 -0.08138063551373875 -0.6341453475192242
0.015714911671921072 0.6603116664090596 0.06023207481353943
-2.1727279229563123 0.1283790739417281 0.23908177192657654
-1.5991530607693534 -0.1949321344722712 -0.6300984305575543
-0.29223518701275 0.6553535192506068 0.0733656006619281
-2.200199358527783 -0.10769120765327145 0.23247566993683044
-1.7402220565203805 -0.33406547204184633 -0.6286960524752789
-2.160171493196188 -0.43230059254305964 0.22019234474151794
-1.8810908992375204 -0.48709044702714266 -0.6279431266024762
-2.156015071713682 -0.7134159399428395 0.21073380287140075
-1.8722900988831128 0.6144081085477993 0.1394976692959613
-1.9985707813804225 0.4519966304412062 0.13941446121185486
-2.095281853372427 0.2638250829409312 0.13717356498687927
-2.2002874503655505 0.08243039184347012 0.13545838172882263
-2.2160585730183584 -0.1778761537590654 0.12729397590606872
-2.2032149589341543 -0.46503235532417797 0.11697426612823669
-0.18164718069196795 0.26435809085471895 0.7955776768490619
-2.17322679115631 -0.7693822870170486 0.10530463035553161
-0.2976086949829977 0.08650147185092116 0.7950519638821429
-0.4295264304655575 -0.07813055569332583 0.7953447418972797
-1.8078844544770334 0.8141389192781698 0.040445716933900755
-0.5163517715689352 -0.2811388170296585 0.793136509017641
-1.9599998786436572 0.6742541407420379 0.04229560668914978
-0.622998173164703 -0.4677691501673227 0.7919549065396136
-2.0217931070029636 0.4567435494587784 0.03748288925140564
-2.114720391407559 0.2653759209233666 0.03487721260040466
-2.0731487493216036 -0.0441065001910399 0.022287757949525755
-2.089387717236704 -0.3048529572484604 0.01384440238922302
-1.442137089591995 0.6611837935517748 -0.7952772063449078
-0.7434755994346887 0.6140549455734696 0.2973941880032367
-1.9589385957583971 0.49439939037131353 -0.03165539924651917
-1.850276095182096 0.9651140925225246 -0.21904668037444885
-1.8758620837262043 0.5568447450635272 -0.40538462821990784
