1.993094688931393 0.5951045800730501 -0.30588475776390744
1.675803169406791 0.5673314366237321 -0.2927054555483313
0.4559075228849281 0.7077857481551302 -0.2337488324709387
0.133225468470755 0.6941578779867221 -0.22004977775292112
-0.23576335220975864 0.7197377879440481 -0.2029723317690344
0.09400473535552578 0.44166592076521916 0.6188205091886072
-0.5767789926700146 0.7255230330515765 -0.1878823430605383
-0.2053344508241679 0.4119311325596726 0.6278022139005213
-0.7970051289440079 0.6357216607237248 -0.18156138969139768
-0.5081915740653216 0.3869803639696592 0.6369863359860926
-1.2183184902907556 0.7112416066687768 -0.16056005073265744
-0.6675394093785201 0.24669407122731712 0.6382852404050379
1.76375863140656 0.5933030639680386 -0.40370837760643674
-1.5305934898150468 0.7004268370465088 -0.14747945380882932
-0.8041570490129288 0.08801834205037196 0.6382954924039392
1.3560795706131898 0.6370758343344693 -0.38343087745384885
-1.7924233369393505 0.6499328246195795 -0.13808290076927854
-0.8605600546182472 -0.1371302527761209 0.6338239519528894
0.9729012661464651 0.6648148120670818 -0.3649114759035559
-1.9505781009264354 0.5144280816270594 -0.13632718635277463
-0.8949646977739008 -0.3815535176514313 0.628062090151742
0.6297556824805497 0.6638974449403001 -0.34931508613304807
-2.1435039819597392 0.4084825460893047 -0.13203851295189573
0.24022752501463174 0.7021066591587317 -0.33023587775902463
-2.1385022760754424 0.1356895085326606 -0.14245883537010862
-0.08991739983098057 0.6958848717653368 -0.3155349881716223
-2.1500562332300888 -0.1246292023547948 -0.15176192832665159
-0.44552983413574054 0.6989993570808313 -0.29939738822655393
-2.1317410122121316 -0.4256899650166943 -0.16391841483788205
-0.7849634809648052 0.6916429997283835 -0.2844366223879309
-0.572442891938266 0.505162738425911 0.5375970213346033
-2.115792115762119 -0.7130302771849752 -0.17551032615380002
-1.0991202945042744 0.6928547485252121 -0.2703413159914465
-0.8602617649844291 0.4836734648762011 0.5467236845426111
1.675269654976816 0.5787443451952718 -0.5080765874453039
-1.415464453395117 0.6845873368593125 -0.2565573842592688
-0.9999161962451666 0.328833625548981 0.5469685404233484
-1.8159250455564262 0.7480670869684385 -0.2363752515383215
-1.1362353856237917 0.17133447529651313 0.5469799845151453
-1.9441695835624557 0.6013306867476249 -0.23629132819847776
-1.1896700177789654 -0.04162179795285326 0.5425592272214441
0.5784394907635004 0.6490803158176437 -0.4538425595827551
-2.065244471031008 0.4486232584030301 -0.2368001134462805
-1.198072937443925 -0.29314599937312913 0.5354681818418054
0.25551199241033373 0.6349131258151566 -0.4392890126772375
-2.1324202218548294 0.2369472371193737 -0.24199334693627073
-1.172433608838233 -0.5885025051475274 0.5259142725400476
-0.1332256353253456 0.6754940101830567 -0.4196476132936926
-2.135875209944217 -0.029673910997031427 -0.2521523625917883
-0.47054262088748544 0.6776455278593136 -0.4039153249330969
-2.1368587898168556 -0.29999020565553636 -0.2626156003542395
-0.8487244735891437 0.7019169425358296 -0.38550416541771604
-2.141373996628502 -0.5962182863064154 -0.27399627280907346
-1.1615613886463763 0.68909055066249 -0.3715938718386145
-1.0107353056829709 0.5515360495324284 0.44965418266578006
1.7266131755497724 0.5650180789016677 -0.6082295568056555
-1.5471739085690075 0.7382277840358356 -0.351993480450675
-1.2041433203065992 0.4416549239640535 0.4531384317807703
1.38999764061748 0.553997016764848 -0.5923351438112707
1.3237766575272758 0.6048390123170577 0.2608445494107752
-1.7627457493834697 0.6495249296512728 -0.34560338569359494
-1.3016009495757856 0.25300569273426454 0.4508541433743982
1.989583526403223 -0.1867401264236257 -0.6496886403627844
0.9404736807345415 0.6329481509476409 0.2760148851804285
-1.9860565694908843 0.5682579749382253 -0.3386239202089758
-1.3844844242998562 0.05177220124909532 0.44763668464942263
1.6632217809068948 -0.2065069214687263 -0.6347426564760656
-2.1100088601231732 0.40462814859688123 -0.33945600105004026
-1.426132691422282 -0.18467690181819307 0.44187291549964236
1.3607780118507975 -0.24308530187406596 -0.6216539533205481
-2.146914456440811 0.1672652852207488 -0.3472017438478918
-1.5070189634578952 -0.3890538577178333 0.4383993952207117
-0.14610833440822546 0.6845105676185472 -0.5134820134706946
-0.09542931253960774 0.6432136844888401 0.3147707788877039
-2.093757194513202 -0.14797269859557893 -0.36216250968651487
-1.508936079155518 -0.6613559788496062 0.43007572578711795
-0.4950457873932095 0.6960815974389956 -0.4964107663698645
-1.9967798597712658 -0.5030503127344641 -0.3807377011843176
-0.8704650796251627 0.7316292254843653 -0.47719661308006955
-1.2748007587260304 0.7802792558026415 -0.45615521980004026
-1.074310818214684 0.6155958526211958 0.3498361914090662
-1.4954786532538549 0.7077801221200435 -0.44864789558129026
-1.330360050784975 0.5710040842430022 0.3577724306516199
1.6978988762871836 0.3949534245790751 0.13256581711097049
-1.6573357227010774 0.5743311350787099 -0.4463943631716223
-1.5389154805619967 0.475178628688095 0.36234243797583865
1.2467382795628623 0.4736948762082651 0.15250595497412966
-1.8004184462320865 0.425562247220892 -0.4456915052004309
-1.6593616296911762 0.3067843973622555 0.3614035456113367
0.8517055333689001 0.5119234279204985 0.16896875786109256
-1.7804191975000094 0.13877030603511464 0.36045273231787966
0.9641532121097214 0.15217191821658815 -0.7054847867556067
0.4692656179883272 0.5431422645695552 0.1846776812009363
-1.3754230877743794 -0.47294272730951903 -0.5018972547121496
-1.8944705700299806 -0.03531310973569646 0.3590126841001062
0.776474527717113 0.02823352415584246 -0.7011942060060949
0.09544050730289655 0.5703541695419219 0.19988068031592654
-1.5714489887397178 -0.5804987805801041 -0.49723092628197385
-1.92934369738974 -0.2770624116188447 0.3525386660031824
0.5963051237363146 -0.10111554880244356 -0.6975492627687903
-0.24645424790442405 0.5746848657728894 0.21309145378394412
0.3925210803624424 -0.21082652104919042 -0.692013183362052
-0.5722093109993267 0.5683876683887998 0.22530158447547244
-0.9876369969879022 0.6383396031984265 -0.5900077016420813
-0.9090620213473812 0.5733645544528869 0.23824366020484256
-1.2887417283112654 0.6168998047767822 -0.5762375981874914
-1.2028264391701384 0.5453886569285213 0.24845131325049685
-1.458634917381886 0.4890565784991736 -0.5732697637148352
-1.4769814366102878 0.5031024967302038 0.25740917610450076
1.198559003725805 0.5912954225954845 0.05086954521460818
-0.3745256229364031 -0.6816721803640462 -0.674111285931632
-1.7547052620335108 0.4654629198313529 0.266604980700448
0.831247513728826 0.607823981131169 0.06612547325415896
-0.5143126701550642 -0.841265682661394 -0.6740297467775793
-1.8790309312894067 0.30100317361262263 0.2658799498014002
0.47247762725089615 0.6202748792727846 0.08085878776831912
-2.0039497300891753 0.13695237122446358 0.26514347481055545
0.0987496212889738 0.6472068774296975 0.09660466598792361
-2.087603281226052 -0.06226036693485959 0.2616690008573084
-0.254726059648533 0.6606692706508674 0.11105926918311404
-2.1038154169065137 -0.31980726068614374 0.2537213175229578
-0.5842117991990818 0.6573188422824465 0.12396510528846072
-2.060747435612271 -0.6298595873663313 0.24179514335913943
-0.9131433083905165 0.6558151661453575 0.13686045097632693
-2.0720938878881157 -0.8948609647088492 0.23332508491797732
-1.2376693041928206 0.6529813103666342 0.1494880525998621
-1.1907707711642956 0.8025192247664883 -0.6772021443911047
-1.5346709332986705 0.6297223299091677 0.16031130241675662
-0.8123307336054495 0.2248694099501023 -0.7204412610598059
1.182974555013189 0.5479864210902328 -0.057076373822257054
-1.7736489360421501 0.5602220778676674 0.16727693962378787
-0.9605093407685672 0.07629887047065687 -0.7193450124330969
0.8156641673467249 0.564720404402971 -0.04130021644310666
-1.90912692793367 0.40545446713128186 0.16730841087622927
-1.136013961579991 -0.04936359745244445 -0.7159780652590246
0.4373214252646278 0.5928567629120618 -0.02473918510155393
-2.0451268141193424 0.25116979804801787 0.1673274843625574
-1.304181767907295 -0.1806829023392318 -0.7132753522463293
0.07146566640106755 0.6138485317665037 -0.008984485394522679
-2.1283370031821676 0.052152460932068934 0.1637435762815027
-1.480326401558628 -0.3048517841486067 -0.709931770093009
-0.2637381122776503 0.6263427000003947 0.005177101366951931
-2.164830636186892 -0.160239891422977 0.1578651277951746
-1.642435112693974 -0.4267940270000956 -0.707239070660636
-0.5932449258533268 0.6231309441773956 0.01852520393653201
-2.116395282437125 -0.487433821672532 0.14475162910743045
-1.8078226932445887 -0.5592279426120577 -0.7048968465395422
-0.9222027217849842 0.6217450004594465 0.03186281608863162
-2.0667298265298655 -0.8043710353907993 0.13189419197364138
1.9860143085346493 0.7403228528543941 -0.19240180564598752
-2.1739155787374216 -0.5183744286876095 -0.6852754743166418
-1.2737623147346397 0.6411849205677793 0.04678114342017459
1.6372649430083186 0.7365697272029763 -0.17743579459862424
-1.5722851982509098 0.5926978636680609 0.05716093467994021
1.2351824044631456 0.7630271025771265 -0.15920297218041135
-1.8124062844297555 0.5377115443713976 0.06490906166358279
0.8601693303309332 0.7849308194363402 -0.14234534812645627
-1.9479518028828835 0.3830858306526608 0.06494577812476443
0.48588812056763686 0.8089928733294283 -0.12549773765282346
-2.0687598007982047 0.21606312621865698 0.06391104149146365
0.13194807515016294 0.8197188713829924 -0.1100305707521887
-2.167346630579843 0.030046633729520877 0.06127270149512576
-0.23305436474414876 0.8417935688219469 -0.09375278068260862
-2.1832058368005534 -0.22715448014046302 0.05278643059058474
-0.5778646043694096 0.8503357963133702 -0.07885448051171018
-2.1511336181572176 -0.5270644139903382 0.04083832191748904
-0.7783790339620538 0.7446920912027313 -0.0740975530214758
-0.1495569037323179 0.23543264464134417 0.7267378179959803
-2.1055275656804895 -0.8407450903480438 0.027815422289803493
-1.2500833497956307 0.8606449905996953 -0.05018464637474729
-0.2513726721321774 0.046539598058844334 0.7249198763303308
-1.5157896218034637 0.8116524388922102 -0.040793815381094944
-0.350064893839658 -0.1452825086318299 0.722884973757699
-1.7427920987760643 0.7322606873323725 -0.03415242744164182
-0.45723451091248535 -0.33051339450787154 0.7212458460263758
-1.8508025593816626 0.5550306677871912 -0.03601256919579221
-0.5881716633079606 -0.4962960555700491 0.720819076769784
-1.990113172533924 0.40374945158459674 -0.035693088299796116
-2.0421600942008666 0.17893691443620163 -0.041685024029776585
-2.03815023036249 -0.09445703385056525 -0.05179921699242307
-2.0354993458440305 -0.3683299229114585 -0.06192676139549924
-1.3862751328222487 0.6967902644632495 -0.7490915448732824
-0.4136319341078263 0.6315228611136519 0.33382090019507693
-1.8757793335646227 0.5199527416636229 0.013435444109871852
-1.8607235230539487 0.1459685393523955 0.011333545916512477
-1.7422880649827732 0.6165572915990296 -0.17676250053124143
-1.813491352262531 0.5856899672469673 -0.35947696281151487
