0.03871823115005135 -0.14123198624614552 0.4735125673845779
-0.9407168189567781 -0.1748113265627964 0.39853421579156034
2.0458617691612613 0.6951856142887234 -0.08496101965155489
0.3664876006521016 0.33008487863331304 0.49954692254815214
1.8052305149875316 0.8147324217882677 -0.10612829794134981
0.31915125548219514 0.4980975442048461 0.49620477090630644
0.27042860032464233 0.6752671541104434 0.4927314890459549
-0.35309137751571384 0.7300257393184957 0.44498578439507597
-1.2740273674704508 0.9080491579937178 -0.3843055592938889
-0.007083250214352077 -0.19967028115929963 0.37688342462334745
-0.08735793126701985 -0.02813584575485173 0.37105409036431425
2.1825707670526295 0.3531747247876691 -0.16361769308295138
-1.431587897635909 -0.14095802000743873 0.2656277788713943
1.9974637152388528 0.4927766066300059 -0.1798396932050217
0.11396305652782956 0.39596127736178666 0.38776580224785917
1.9341962802635244 0.6607786500202728 -0.1847530232831467
-0.003296406874209623 0.5589853078999987 0.3788913858965408
1.3560768648020236 0.7153603357543705 -0.23767860998358614
-0.16879178291826236 0.712248389098308 0.3661760462358963
0.7388068372203058 0.7653973492791675 -0.2942825185224045
-0.9680150432406034 0.7329965459536716 0.30351964364800565
-1.34929886427277 0.6991842006365161 -0.4870596753522385
-0.26079105781933265 -0.22081257092351514 0.2635344637468826
0.11567492091191767 0.05586393154053226 0.2944296969011795
2.111374308838043 0.7275010705184233 -0.25734814275946505
-0.11559948956144872 0.38269271074182853 0.2767781389788162
1.9273568407290735 0.8684492635087935 -0.2738347875043381
-0.06728981049815985 0.5825408448869833 0.2810930384233963
1.198741114090545 0.8925753757604049 -0.3420697080060471
-0.4569303271209453 0.6882448587265504 0.2500886095598709
-1.0074431644156476 0.7627491143278036 0.20608846078667753
-0.048522088864055846 -0.3527251910651774 0.18688384424004667
-0.3477849154197852 -0.23176131617429085 0.16290799508843534
2.1341590422460417 0.5052164278111917 -0.34581764806952364
-0.9529595646937601 -0.17865390395276748 0.11369315515313261
2.0078250405289904 0.6585551024298653 -0.3569227086469162
0.18259445745492364 0.2691030766779665 0.20781413446221464
1.4736634961295376 0.7223756652456572 -0.40753801931586153
0.16716793390516393 0.4542445304110885 0.20707885156426542
0.15240869532948054 0.6393549157703919 0.20635167489800565
-0.4226079338582718 0.6839271214238458 -0.588952146665715
-0.5928150199380564 0.668440181736063 0.14543668161187284
-1.2110737095867918 0.7082226081741414 -0.6642490254804123
2.2045086956348356 0.6122194552961187 -0.4187017308637131
0.7514506192474784 0.29429559191755317 0.1627806795671951
2.0347873288229597 0.7557393104807772 -0.43424471487250216
0.692315259270579 0.4677525513036489 0.1584295404985916
1.6515601866392569 0.8534477016439546 -0.470839582578801
0.6727216584469957 0.6500100248313618 0.15735951791558378
0.8451216197168687 0.8625123558884038 -0.5490995274945725
0.6488993214667591 0.8312143604518045 0.15588704477105253
-1.0957730855200918 0.8292158207033911 -0.7379413472577561
-0.023254612219373527 -0.1166064276352703 0.7476390970781814
-0.006018018647601764 0.07712083669600744 0.7490524424150955
2.1981688811100177 0.5922287508977035 -0.5175906049176682
-0.022129384788550865 0.2629696517878166 0.7480386866167557
2.009003547044639 0.7313999740671608 -0.5353418218060959
1.455663090129148 0.7917464756394086 -0.5896898137494553
0.17841267745498435 0.8517958640938357 0.02425280938897245
-0.7322535562310915 0.8489546348846986 -0.05346306432928927
-0.06124686633267373 -0.07818344036628844 0.6520070208147537
-0.014681865975296304 0.1222300001819292 0.6556667460039627
1.3678712589157964 0.7832026651836728 0.0350631846025955
1.4129405687243626 0.8188506699729281 -0.6842666493817795
0.9792788450611223 0.8832365446247437 0.0016359461382400298
0.19116129709299656 0.9011419444360254 -0.06687792410101778
-0.7681266804359375 0.8888655394348621 -0.1504369603559006
0.4062428538442653 0.010143779998914582 0.5941285265520584
1.6129175918221694 0.44055050067957247 -0.7571640836163986
1.95476600037623 0.5384524503000687 0.004516996248103311
0.34124380110942276 0.18360897718147484 0.5895609034136307
1.5786474348377357 0.6164564857047434 -0.7593284474774826
1.8478830675022273 0.6968580918465488 -0.0042167531415451265
0.34983507028214866 0.3736620299932625 0.5904831064775955
1.5401295921223408 0.7913926152976138 -0.7619920598432053
1.5468891145851007 0.8131584495769406 -0.030344091550968955
0.14968497546894177 0.5175885576062385 0.5756749285295975
0.7494772735670345 0.824235184605806 -0.10086878408636935
-0.47904469617970413 0.5702806438236383 0.5286168230608475
0.02463954623739184 0.8562624355621669 -0.16493900884833224
-1.2759599975395979 0.7732377547536675 -0.2804728375836838
-2.2132727742429026 0.2985101140573647 -0.11795958151068575
-2.183689468989188 0.2444342928405021 -0.10623034109320528
-2.2465627146247984 0.025953625950537074 -0.02747639288153536
-2.190308553531789 0.021316739145721186 -0.03585442175116427
-2.141102144254324 -0.0011978802828398472 -0.03753002752509005
-2.1364483818333193 -0.09613665782017122 -0.009044729368351767
-2.1514373150285326 -0.22890636396886066 0.034521020753718545
-2.2025253218225878 -0.4117373207960231 0.09987012277398222
-2.1689533587247434 -0.45326606142229586 0.10657254586968534
-2.1545569253293975 -0.5219679606198948 0.12500468622002714
-2.135700819351869 -0.5825387676316627 0.14008466134820097
-2.100768618619264 -0.6254809297013004 0.1467875612810623
-2.0681670954305336 -0.6672302706732864 0.15348950753960722
-2.0283872270640515 -0.6970074131274693 0.1551655901506912
-1.9912007980428381 -0.7309220877713987 0.15851680169854276
-1.946694526372485 -0.7529485527233462 0.15684119592461698
-1.8947465038032592 -0.7631669434407389 0.15013877282891386
-1.8553585865422235 -0.7935133376337387 0.15181437860283964
-0.5447284846225493 0.3705241839038891 0.6298250330523025
-1.805971549926796 -0.8080928360950637 0.1467875612810623
-0.5178017410239377 0.31163448303335883 0.6394957674578201
-1.761680361004772 -0.8308009028258052 0.14511195550713651
-0.45584886541421454 0.30423437065536163 0.6312069071367752
-1.7200132631827563 -0.8576286098460777 0.14511195550713651
-0.42115437604460126 0.2570271701391533 0.6367329729631912
-1.657869267929283 -0.8530244584348541 0.13170663247857206
-0.3811886128871098 0.21762652268322746 0.6394957674578201
-1.6007691727857356 -0.8565854883309125 0.12165347467217558
-0.3358698586159985 0.18597361651582212 0.6394957674578201
-1.5435992626073913 -0.8604000769450035 0.11159936319146269
-0.2878906386948952 0.15808588838417137 0.6381143702105057
-1.4863614365302196 -0.8644687328388798 0.101545728547908
-0.23720761456486983 0.13393830795230066 0.6353510988787185
-1.4264298499497041 -0.8648813434597304 0.08981648813042753
-0.20618196146428325 0.08225746979226756 0.6422590387896072
-1.371684909449467 -0.8733709313499798 0.08143845926079862
-0.18103404493838937 0.022726922317833242 0.6519297731951248
-1.3195542460151177 -0.8859899828495159 0.0747360361650955
-0.21273732657593492 -0.11453229853882618 0.6892313135698807
-1.2567454287052229 -0.8832953231207696 0.06133118997368925
-0.2396026393828663 -0.24366208815409962 0.7237700594500076
-1.2099033262809513 -0.9041378891677638 0.057979978425837686
-0.1730598970372501 -0.2448815208387316 0.7127179277971756
-1.1442482952481168 -0.8981110410932338 0.04289904962334745
-1.0919905744782064 -0.9116744595068944 0.03619710336480253
-1.0397251760632287 -0.9254561155890979 0.0294942034319412
-0.9737825634251962 -0.9202796455348761 0.01441375146660917
-0.9077025462586583 -0.9154195686536326 -0.0006667004987228609
-0.8442475068474256 -0.9146932575725444 -0.01407154669012911
-0.7890070273900136 -0.9256874450494674 -0.022449575559758017
-0.7197997825604912 -0.9179347449073685 -0.03920563329901583
-0.6588353875526263 -0.921884976741568 -0.0509348737164963
-0.6034226692478271 -0.9336730302932565 -0.059312902586125205
-0.5423294985420881 -0.9381658513565228 -0.07104214300360567
-0.4840016415428767 -0.9467007154178102 -0.08109625448431856
-0.4056503854011435 -0.9292600985935469 -0.10287912954535372
-0.33566916547717085 -0.9234386632594589 -0.11963518728461153
-0.2712962936135561 -0.9254177859679942 -0.13304003347601778
-0.20393447475031934 -0.9239838763492312 -0.14812048544134981
-0.1538851397726262 -0.9451243719105467 -0.15314777960028536
-0.0892781462614689 -0.9479813581879135 -0.1665526257916916
-0.02457880731627604 -0.951144295563843 -0.17995747198309786
0.049044575278532676 -0.9435841752573246 -0.19838913549628145
0.13170881022674408 -0.92539159739691 -0.2218476163312424
0.1938219112615549 -0.9332317735185462 -0.23357685674872286
0.2500324855775844 -0.9486529303628988 -0.24195488561835177
0.3182343512464083 -0.9497783880574815 -0.2570353375836838
0.38053081742638817 -0.958487511358781 -0.26876457800116427
0.4730904490872714 -0.9313379837328846 -0.29725035299506075
0.5416925715716019 -0.9335266879657187 -0.312331281797551
0.6195365555083256 -0.9252702329999174 -0.33243855108466036
0.6883844612700347 -0.9281612742690655 -0.3475190030499924
0.7542628687343598 -0.9349622655922936 -0.36092337240424044
0.8356347166260871 -0.9242698064451087 -0.3827067243024338
0.9017267276063947 -0.9317544548349961 -0.39611204733099825
0.9989700336047136 -0.9041593267781831 -0.4262724744245041
1.0840501000730658 -0.8912143542472961 -0.44973143209662325
1.1442846490103253 -0.9068663002310888 -0.45978458990301974
1.2045389366779453 -0.9227935953949409 -0.4698387013837326
1.2900685771403388 -0.91102628959705 -0.49329718221869356
1.3631304884255364 -0.9136532928571004 -0.5100532399579514
1.4649396163118702 -0.8853785739802991 -0.5418902264996994
1.5191716334298242 -0.9096164322598135 -0.5485926495954025
1.981477564812561 -0.5803186826030071 -0.7463150845929611
2.017536369720048 -0.6270736185117389 -0.7429638730451096
2.0534087565807315 -0.6739309139991416 -0.739612661497258
2.0923456243938325 -0.7174837741207014 -0.737936578886174
2.131118387112366 -0.7611615132305154 -0.7362614499494065
2.1664525842859117 -0.8083441916514502 -0.7329102384015549
2.2015944346292784 -0.8556303383961747 -0.7295585500165451
2.236548618426877 -0.9030146295075046 -0.7262073384686936
