1.9061105382163106 -0.75774420033407 -0.43200289360227373
1.9688829935789869 -0.6883858232883604 -0.4193624173754671
2.0222025461687707 -0.6181581870173503 -0.40894877067746904
2.075750486303903 -0.5482643211109739 -0.39854084602536943
2.153659846740794 -0.4820774023037515 -0.38258206001462725
2.130425356748546 -0.4018946238837806 -0.389959684526346
2.1509039291760814 -0.32787767912077825 -0.38734232536496904
2.157172344839694 -0.25179432533197144 -0.38805948845090654
2.2070699440977535 -0.1823883234358057 -0.37878452888669756
2.2234787780414678 -0.10798458132790145 -0.37728773704709795
2.240145279024631 -0.03365347446829148 -0.3757961904162386
-1.9161276589854026 -0.05164229512574181 0.7090078676587126
-1.8648410456829083 0.03256037381236965 0.7154136980420134
-1.8867231608745385 0.12681743255374656 0.7107039774304411
-1.8348423707456192 0.21064364562896998 0.7170997942334196
-1.836503125281169 0.30213226558770856 0.7153455103283903
0.24326636220766318 -0.579449707429287 0.5719109857922575
-1.8231651282266625 0.391451790416113 0.7158085192090056
0.24862201518573102 -0.496765986333191 0.5715242708569548
-1.7850825851274834 0.47692581328913874 0.7199698770886442
0.2982510097712634 -0.4198503752416691 0.5786558473950407
-1.7955548103369665 0.5699469606413246 0.7167230928784392
0.3041684476164903 -0.33732705204650415 0.5782615030652067
1.3584485416791239 -0.02013327598636039 0.17728246101198408
1.37062840543949 0.058012301391883625 0.1776820505505583
1.3830745937932818 0.13611375165377737 0.1780778253918669
1.3958030015842553 0.2141746701290259 0.17846978553590986
1.408799828411631 0.2921882731931156 0.17885888465700361
1.4220650742754088 0.3701545608460428 0.17924416908083174
1.4356061629867298 0.4480761278263614 0.17962611564455244
1.4977193194237515 0.5172569940755167 0.18955100425539229
1.4924719362863925 0.5984615381486549 0.18610680946169111
1.468213489426688 0.683357381564651 0.1788407648449919
1.4539191759479166 0.766633529360842 0.17348254569826338
0.3899774291575113 -0.6774014178615886 0.27262891181764815
0.6544507820073449 0.6642628466616571 0.31106532462892744
-0.6451870355634668 0.38946062145216587 0.6905895555859587
0.10801827762439586 0.01691768939519278 0.57210935005007
0.11050407348055558 0.3335832615822625 0.5773960436230681
0.0902728499786889 0.642753836907545 0.5812913263684294
-0.24953473223574463 0.8568673213469182 0.5665446604138396
-1.2932951310729237 0.8673013893296364 0.5108972872143767
0.41535396589947027 -0.8358263577518876 0.4227529848462126
0.37647215121121747 -0.5312809348202379 0.4259091699963591
0.4292647666562033 -0.19860831420385594 0.4345179880505583
0.3640929558175401 0.09672482028313212 0.4359527910595915
0.4719190675440359 0.4443789478842426 0.447717317426779
-0.2077959683170718 0.5545455518787747 0.4121357286816618
