-2.1288577887392535 -0.874612203270484 0.15451288105209215
-2.0181257622366786 -0.04014932989221265 0.7701368320103441
-1.9786356190253827 -0.0008051505441706297 0.7713084209080492
-1.905591369241023 0.009921068586752568 0.7823281276341234
-1.725216659128094 -0.07183648341301918 0.825087069284514
-1.6563368455469458 -0.059063947669855565 0.8350043285008226
-1.7016222252842965 0.05260491814410173 0.810987948190764
-1.639846152665882 0.07149253136665834 0.8187108028050218
-1.5726131894483615 0.08889956956895162 0.8275270450230394
-1.5218167836304133 0.11687456792792261 0.8319592464085375
-1.474595984291426 0.14788085666240747 0.8352932918186937
-1.4182540912582624 0.16685887922128728 0.8419060695286547
-1.3781560797263381 0.20398125320581784 0.8430452334996019
-1.339769521010723 0.23894341683580933 0.8441796290989672
-1.3066276323475847 0.28237169953211705 0.8431243884678636
-1.2607366330423986 0.3177451213850482 0.8453512179966722
-1.2165898330182188 0.3509386733170743 0.8475728023167406
-1.1759068455741044 0.3872981778157438 0.8486971843357836
-1.1386591730013578 0.4268496313025807 0.8487238872166429
-1.0694671929365143 0.4359918989529028 0.8585963237400804
-1.0531719268159776 0.4954358134387924 0.8520507800694261
-0.9874725936507502 0.5074445406731236 0.8608236301060472
0.5642451867219336 0.6219096607673258 0.41458177448470934
0.6245654368442217 0.6299673431615744 0.42366266132552965
0.675314392302738 0.6486560595948561 0.4288272845860277
0.7071333615523514 0.6890295510137783 0.42616128803451403
2.242047979528735 -0.30925066239174726 -0.01927185176651136
2.202911888086689 -0.06767153102247647 -0.017079831350251595
2.159854085571638 0.17257791718844828 -0.015253068197175423
2.098460238371217 0.40748683284877174 -0.014887334096833627
2.028274512775127 0.6399179742571448 -0.015253068197175423
-1.2394184404752338 0.7853123168163876 -0.24357891200821058
2.1821451646677446 -0.1610941328365989 -0.14254522441665785
2.1531371734400437 0.08338103737892055 -0.13955307124893324
-0.2742499888645682 -0.5991664451739673 0.6821289050694261
2.0770370619438268 0.31424870933443216 -0.14030075191299574
-0.2662890899982102 -0.3353972228097497 0.6869988429661547
2.001724399415636 0.545407824165494 -0.14104890941421644
-0.276548094426289 -0.07727875268621887 0.6906509387608324
1.9031796695541345 0.7702538768706475 -0.1436672222499098
-0.36285875326909434 0.159487902920862 0.689434050333098
1.194301073300224 0.8296296476985425 -0.19378662227432386
-0.3809230135967141 0.4149174831089333 0.6924772250767504
-1.101928449027767 0.481885818605452 0.6510825145359789
2.1077354098290044 -0.37172072461230954 -0.2746930134181227
-1.6294670000192752 0.8552389527225266 -0.398003579366609
2.2599220799979065 -0.07422682528676106 -0.2570877087001051
0.17336384468399046 -0.6650779169040426 0.5817246425267015
2.106579384388226 0.13433897159201535 -0.26397705196182386
0.15223674286728794 -0.4108889975936094 0.5848560321446215
2.2369781289279445 0.42353032650830613 -0.24828481792251722
0.2857529725797292 -0.11349671663575478 0.5980052936192308
2.118831190657289 0.6421294950876195 -0.2524948131922926
0.22337911018655632 0.12794282790517642 0.5983180987950121
1.8331204162289225 0.8151498448331473 -0.2701001179103102
0.15222703273920501 0.36693901956993 0.5980052936192308
1.1532021462804067 0.88317294583333 -0.31908893703262464
-0.9278190873139067 0.5949972454338059 0.5363278377171312
-0.9501075414198539 0.8374238455162981 -0.476006509054109
0.32468120781608434 -0.9064209263086411 0.46118497730453356
-1.636462944515955 0.9203632543106721 -0.5253782284144606
2.2758865882782544 -0.08111785761141732 -0.36582994579116956
-0.2005802206253975 -0.7983107974864225 0.4306149470921312
2.067487243618743 0.6163685261388601 -0.3666110050563063
-0.046232823600277584 0.028147948409490198 0.4547495830174242
1.7288440099435718 0.7750253653749049 -0.3888726246241774
0.2431391770260376 0.3671544834916389 0.47856235386093005
0.9670913325826547 0.8211698507420913 -0.4455032360438551
-0.25748681119999617 0.7489485244483411 -0.5396275532130446
-1.0536427362361707 0.5363473024849483 0.4006886470433031
-1.0929288255368306 0.7878634003376028 -0.6021165859584059
2.215096740880284 -0.1734695205663499 -0.5067896854762282
0.4125132838730252 -0.6975512001131783 0.34520053745468005
2.166859399887443 0.06539455521411242 -0.5051889431361403
-0.3376735228507215 -0.6532991413466789 0.2982697475071703
2.022447676066207 0.7812511994543279 -0.5007877361659254
1.7082885022019667 0.9472855875581772 -0.5215945255641188
-0.12260778917112702 0.44945728583842737 0.33164977909286364
0.8986457044194509 0.9823279542964727 -0.58361387370865
-0.40466294952038595 0.6328351481087786 0.3167777049656664
-0.6911142988958545 0.8166732872024483 0.30157470585067614
-1.2238842546529582 0.9379548837848475 -0.749265671956941
-1.5998965008760564 0.8399329511979587 0.2437372195835863
0.5274089460432378 -0.740860385122474 0.2266478526707445
-0.2657884175426659 -0.7101246499263105 0.17542695881088122
1.9621699810986968 0.5135848707964499 -0.6334853184107985
0.11670599023753425 0.4381107866047138 0.22155952335555895
1.7290210707900542 0.7014803595463768 -0.6477942478541578
0.5042413971451225 0.8007265346703818 0.2534446704502855
0.3245298127907148 1.0093291086036515 0.24530362964828356
-1.1664414886042351 0.42966577637654524 -0.8828678142909254
-1.0851382305579733 0.896789715005923 0.15066528202255114
-0.721050730520048 0.8098653783701337 -0.8395323765162672
1.0721990540404107 -0.5292554618108021 0.14216995121200426
-0.992356925819422 0.9994191621791941 -0.8571114551905836
1.2912063426894775 -0.20924595097733345 0.16304492832382067
1.3292413302337138 0.05727618967748427 0.17069816471298083
1.277058617925661 0.2977639557591516 0.17174243808944567
1.2353428542262748 0.5410396793993293 0.17348146320541247
1.7192211711412 0.7378109197985268 -0.7704110157374586
1.1030581528245165 0.7594761827003111 0.16861104847152575
1.5780645501544086 0.952025836681031 -0.777090550649568
0.52829656330006 0.8595979025796687 0.13173246265609606
0.5182549294075329 0.9209899741781449 -0.8635177624110426
-0.041777645899159666 0.96478451470594 0.09520149112899645
1.8447705362752629 -0.545161512229388 0.0707650172825609
1.8718455601707689 -0.28263740636951695 0.07789707065780505
1.8328289096473895 -0.03981162376984315 0.08003663898666247
1.7754859192553312 0.19760435220016248 0.08075046421249255
1.7189772592632835 0.43518704948418474 0.08146333576400622
2.0572958483686534 0.7690336968536577 -0.8644871723536696
1.3508194744953954 0.5867355597311708 0.05899667621810778
1.9691415431275914 0.9963982416387864 -0.8666186344508375
-1.690349661652803 0.5425664424581349 -0.15176439403335706
