-0.328489246563322 -0.40072499069324863 0.6983033149669309
-0.311132544366302 -0.18716474220275003 0.7003513305614133
-0.29304165416355943 0.02633665586762035 0.7023898094127317
-0.2692307912382006 0.23933309814442794 0.7047158210704465
1.90645354824197 -0.7974710036354118 -0.10203924484752225
0.21445662868117665 -0.5166942225474251 0.6239319770763059
1.9223849130671624 -0.5917345034127877 -0.10005607910655545
0.23636278086989648 -0.3054431075780819 0.6262722938487668
0.2490819406747704 -0.09341642430548092 0.6279889076182981
0.26252825892129295 0.11857448801487536 0.6296950309703488
0.22701906857948018 0.3351524879498591 0.6283255546519895
1.857904004790555 -0.7502560932193667 -0.20947733231090115
1.9236816467052904 -0.5483713116694595 -0.2036389381458621
2.1555262255024275 -0.6268521489857335 -0.2893027336170535
2.1441668906451667 -0.6857341183533983 -0.3939007789661746
2.225033954766843 -0.4861512049558314 -0.38669338531993436
2.108094143576423 -0.8767554788202787 -0.5010603935291629
2.188313863510629 -0.6768274924911637 -0.4937280685474734
0.7818438773236522 -0.7514050004131434 0.12977227858997775
2.065399808673021 -0.6341113670481882 -0.6075181037952762
1.2205770872948989 -0.5751954284242764 0.16161784820057346
2.1861466192389827 -0.4375873090120592 -0.5967225105335574
1.3267623195704772 -0.3744508595478564 0.16992864303089572
0.17544889293462518 -0.36377036202207336 0.6174326866099973
0.19688226017312616 0.07488527755013052 0.6216064422557492
