1.927147021492786 0.09433470827919166 0.07225837029805326
1.8407871785916612 0.24240633284015445 0.07933987893452787
1.7977873959512678 0.438917687356021 0.0947865418373599
1.735999355271879 0.6130923742493231 0.1063817910133853
1.6055289748732804 0.7097736354484212 0.10448493279805326
1.4487874620030823 0.7775297364224549 0.09745349206318998
1.2420921431257668 0.79095312349612 0.08078660287251616
1.0585533918975898 0.8309833805222908 0.06862677850117826
0.8581062608061742 0.8536636552975203 0.05326022424092436
0.650685421716048 0.8700646267252914 0.036616700071002484
-0.3855523183050096 -0.23180229151767406 0.5758413247047915
0.47686250412522924 0.9236942610279293 0.02640809335103178
-0.413969775562812 -0.0151220193037922 0.591833489316608
1.9093378931211404 0.5541353997651868 -0.04829941473612642
0.2588277392420508 0.9312185643477306 0.007851021665240765
-0.4617168303554209 0.17963845096230102 0.6044219902931705
1.791885699303748 0.6649931849639117 -0.047614676576946735
0.08139998767943268 0.982996477554714 -0.0029851027549252507
-0.5563906511649819 0.32386305855227704 0.6090625695168033
1.6748384045830278 0.7762552903502993 -0.046923262697552204
1.4784788844282346 0.7996512279735661 -0.06206713400492525
0.2541843489383382 -0.542121074060514 0.5138815812050357
-1.1675373058521572 0.17291177048329587 0.5484684876381412
1.2352428860198685 0.772673650364748 -0.08644543371806002
0.20315025921742347 -0.348394700865704 0.5266231469093814
1.0818014373635734 0.8456503102251212 -0.09299336157450533
0.253722736525674 -0.04491188448799477 0.5566839150368228
0.861300094353517 0.8464315858763456 -0.11273632727274752
0.22519506748139406 0.17019027236656115 0.5729025772987857
0.2011600344649338 0.3887000223063062 0.5897053650795474
0.07647328815244236 0.49817177254046996 0.5892056397377505
1.9394522993308172 0.6379867805082533 -0.2829180785239682
-0.05123842777668841 0.6044784009138731 0.5881365708290591
1.8091053890651168 0.7339658743674065 -0.28494988165507174
-0.27089409151930255 0.6139943284781175 0.5714978150307193
1.6658232126845292 0.815696418301112 -0.2897192069114194
0.3600157607282384 -0.6241099950381077 0.42998351373067045
-0.47030186704337495 0.6461676252092765 0.558327572721149
1.4197781173885957 0.7841584696377275 -0.3157507010520444
-0.6974215642047739 0.6506970859033743 0.5405506066261783
1.1898061751639517 0.7722269894673097 -0.33834276877055025
-0.9076323588646531 0.6742120154331381 0.5256666115700259
1.0363534406756116 0.8454149176907642 -0.34514866552958345
0.3519058715718373 0.600860001694965 0.5362738541542544
0.15327954693997015 0.6301124273345096 0.5228823594032779
-0.03531275509380549 0.671159658484985 0.5112565926491275
1.800789480299457 0.6405470856244158 -0.7064281531394467
0.6173012152879096 -0.6874746921759822 0.35975970544209623
-0.22743734390959247 0.7095077017718765 0.4990524224220767
1.686924075476206 0.7554820668948139 -0.7049394675315366
0.6280337797492521 -0.42422895998377896 0.38415993966450834
-0.6702298173201484 0.4869377456427557 0.4441064766823306
1.5304166693045076 0.8230488587732516 -0.7129236289084897
-1.6282599157661437 -0.26561379595498025 0.30191458978047514
1.407264775030626 0.9278899111435308 -0.713607413393353
-0.9324599168380345 0.6982730967592019 0.44082011498799467
-1.1116586063786826 0.75496995893673 0.43099059380879545
0.6315822138184757 0.5650877044879188 0.4723218850075259
-1.3396153728740146 0.7629508549457498 0.41297091760029936
0.453504872783526 0.6148269566618119 0.46228684701314116
-0.02280257229540439 0.3462497551310726 0.3999594620644107
-0.11703276547483199 0.4890602845921599 0.4047979287086978
-0.21067023657431605 0.6320909293664343 0.40964402474751616
0.6189014439071556 -0.49559765421306423 0.292435067075397
-1.0849405795661795 -0.04337168515719014 0.27899970330586576
-1.6204289639942075 -0.35524199030572134 0.20779599465718412
-1.0468262881897559 0.7266291577087145 0.3488758973061099
-1.191273690022605 0.8192899643790668 0.3448456696449771
0.6449360767004464 0.7623773507028808 0.4078668526588931
-0.1110722721658064 0.43611773099580375 0.3163699082314029
1.0492428069380253 -0.49899144933302964 0.24264849938740873
-0.22197390298427422 0.5611295851944895 0.3182681969582095
-0.29817893455022215 0.7224277082416037 0.3262037209450259
-1.2118266520212586 0.010029834485827394 0.18702925958027983
-1.3482355228496559 0.1137931032043582 0.18473185815205717
-1.3044059233481278 0.4030600558816566 0.21379412927022123
0.9598206566365377 0.6348386285868379 0.3394783905922427
1.3549955720821956 -0.6145207525740197 0.17276944436421537
0.8561731456393531 0.763552166840956 0.34259595193257475
1.2596166170602672 -0.4718520397567403 0.17836179055562162
0.6855910141235029 0.8197779411109316 0.33348740853657866
1.2797567196541522 -0.19882881621579784 0.2056726387917056
0.05132707831712935 0.37980901224710806 0.24059190072407866
1.2486832465757942 0.014314260713263138 0.2230667046486392
-0.03942483578948952 0.5259893415985992 0.24617947854390287
1.2021769877134503 0.20876245558388007 0.2373651436745181
-0.08863323607985052 0.7156182464920171 0.25911273278584623
1.1499964181534352 0.39573352764655567 0.2504295281349673
-1.0849518620005938 -0.08975927918568516 0.10263766564717436
1.07873677059343 0.5606131718616503 0.2597798279701724
-0.5415337045541051 0.722326775498761 0.22139491357197905
0.954680731151015 0.6669945463964666 0.2592123917519107
0.8309868970634753 0.7738264511325035 0.2586525849281802
1.6513460192616307 -0.586837769454597 0.10764350213399076
0.6975255198344641 0.8701879984187748 0.2562383583961978
1.715295943187435 -0.26168423272147834 0.14417495049824858
0.6286934001550435 1.03593997117013 0.26561822213521147
1.673355221368773 -0.06056162304771817 0.15992869653096342
-0.06129193662376764 0.5405596106447845 0.16149176873555326
1.5898203267134576 0.09205730581674842 0.16750182427754545
-0.07291361514253936 0.7698226705758557 0.18143166818013334
1.513559154067508 0.2522505065024454 0.17634095467915678
-0.18603616886388608 0.8910745367586195 0.1827696732460513
1.4644849375596038 0.4421268287336346 0.19022692956318998
-0.3811799195459784 0.9268346974148507 0.16922940530171537
1.34335896325846 0.5508298624094152 0.19026316918721342
1.2192812191411733 0.6562817287779268 0.18967665948262358
1.0220047765212854 0.6816067468496634 0.17524089135518217
0.8312356215008663 0.7151910770126584 0.16207303323140287
0.6403195228323781 0.7496952174592693 0.14891185082783842
0.41881044806262935 0.7524602338788711 0.13009013451924467
0.2274895025903092 0.7888954621502293 0.11694516457905912
0.018991265642718247 0.808233592885717 0.10065879144063139
-0.1726565402017215 0.8465686712585843 0.08752908028950834
-0.8195375492911481 -0.5234217124320182 0.5671271256386294
0.4645746756732976 -0.8718116339763036 -0.23365030966410494
-0.22632653414065373 -0.549514755481816 0.6231173447548404
0.9599990753300389 -0.8606067308776808 -0.18153868399271822
0.05341562356779406 -0.43763503935626247 0.644302742856647
1.849818528695792 -0.8018392378133612 -0.09005318365702486
0.16610472116252595 -0.012214883363277806 0.6367362908302798
1.9474073234624143 -0.6150838528932105 -0.08889494619974947
0.19433453019694724 0.21404141495361628 0.6296743325172915
2.0546185466662763 -0.43293269073252105 -0.0865794249595151
0.1829603911776445 0.459478873234211 0.6180733612953677
2.1085966566928036 -0.2256670223234032 -0.09121094427714205
-1.3573309764108572 -0.536903444375163 0.40619792260518217
2.1991915076122623 -0.03562130991181078 -0.09121094427714205
-0.7906885422859204 -0.5470990794466388 0.46007336892476225
-0.06150706124210359 -0.6343061783866695 0.5324195794044986
2.064041571336432 -0.44780954517246485 -0.29799519262919283
-0.10828086591828168 0.5856228496993303 0.4754656723915591
-1.572438104406615 -0.6346689183289307 0.27798976220479155
2.117978649272189 -0.240588084752833 -0.3027659483970151
0.4075175100532604 0.582927398975901 0.5236967972694888
-1.1921280831371917 -0.5603693438420407 0.311384098905231
2.181654973821722 -0.03771554092661944 -0.30634413443217134
-0.3351434530433224 -0.7010325664742645 0.3995636872231021
0.21634089079264385 -0.7106286772123624 0.4527849129616275
-0.009632792278893021 0.3476059727388048 0.38495387353291655
-0.03847720655406306 0.602275315191612 0.3708661965309634
-1.5922173030265867 -0.721590535407735 0.16777791299214506
0.6433268490245112 0.5200651080421075 0.4392184189735904
-0.96634844136954 -0.7549155785901114 0.23037137307515287
0.6916950496637568 0.7367279962036584 0.4340008667885318
-0.3823219020554447 -0.7741380338648121 0.288190739530231
0.4639838304169501 -0.9151069467662154 0.37677659310689116
0.6518326501545744 -0.7644207991395575 0.38844670571675444
0.017247829209956933 0.0002120315256171068 0.2929648331581607
0.10864460432186718 0.197555037175853 0.2929648331581607
-1.4869775490821269 -0.5851300676166886 0.06029929437031889
0.7637427134978694 0.6075148477823795 0.3375233582436099
-0.8386260020179535 -0.6302573177970885 0.12661256112446928
-0.26845092207776844 -0.645094574782636 0.1837600640236392
0.5455619391678113 -0.7740565971590918 0.2700213364540591
0.8061301295184151 -0.6568871595922943 0.2905081681190982
1.1067376226023669 -0.32453115013260714 0.305064576047565
1.2150049906740605 -0.1394316232603714 0.3072208336769595
1.2474814427428313 0.08134753552166885 0.30021228112569
-1.427503657714439 -0.8392352312991385 -0.03445444784769869
1.289802236912017 0.29793533852310006 0.2942818573891177
-0.7247268825514084 -0.9066498874511666 0.03949965752949858
1.2881669799759905 0.5361011947120673 0.2829603127419009
-0.12763908261729284 -0.9323253412624624 0.10085334100117826
0.42320871708858476 -0.9415610557000953 0.15673007287373686
1.2719859945762622 -0.6227162722775077 0.22739686288228178
1.4017339365733221 -0.436864216890406 0.2317789963661685
1.4871001816703853 -0.2422486069573253 0.2312315873085513
-1.2141269742245129 -0.6303275886105837 -0.13369236670145845
1.5237840954706314 -0.012790501858710002 0.22410954751362944
-0.5298719199988113 -0.717014857805431 -0.05968056402811861
1.5253315067471505 0.21037866804579153 0.21370162286152983
0.09419456597061782 -0.7694573440749544 0.006540196317340374
0.694404371993194 -0.7919145527364257 0.06886567391743803
1.499622202082314 -0.6913272393381789 0.14621629037251616
1.6606826952188527 -0.5326833744185606 0.1551197937904849
1.7502120062953708 -0.341072624103127 0.1551197937904849
1.8493865332260455 -0.15403622566822506 0.156232731717731
-1.3294789572959687 -0.9035880438989601 -0.2560130187095151
1.8954000693900284 0.05833246936213854 0.15066804208150053
-0.699872407263527 -0.9390853329533577 -0.18865690909037447
1.830327454004383 0.32465038986601513 0.1311911515175357
-0.012183244198908483 -1.0048137870844585 -0.11394272528300142
0.5972456066411738 -1.040567783720995 -0.048850638491009235
-0.7136573512502196 -0.45441491210032225 0.6846975258766665
1.616350269292269 -0.8020856738033402 0.04567422189107084
1.8130843897094593 -0.660503993667831 0.05925835885396147
-0.3231337927005242 0.33069982310528445 0.6876720360695376
1.8976710304341822 -0.4673241370288359 0.05869282998433256
1.973941082952777 -0.27017768587682056 0.05699433602681303
