0.24879000316103372 0.5143734787588272 0.363407944870648
-0.8775662751263553 0.4527828402350522 0.3236125461584898
1.2122614685456128 -0.6153144472727128 0.2159808628088804
0.17842783274981855 -0.638297211401631 0.17793211860722025
0.12049695423638696 -0.27215107385497905 0.1766441814429136
-2.480248024396154 -0.891342690601773 0.07951245231693704
1.1659432169594837 0.9034537100198463 0.2177046291357847
0.2072849288197176 0.9216006250268958 0.18237624092167337
-0.9161388259986438 0.8845531349166631 0.14082178993290384
-2.0409878525034415 0.8549133501158384 0.09919390602177103
1.9703886101932113 -0.3135704272676856 0.06648716850346048
1.9088370542042057 0.04474712384821089 0.06521305961674173
1.769526681393664 0.3720812133572142 0.06082472724979837
1.2912080089831832 0.5682024364551328 0.0429910175330015
0.12726429558038888 0.5043436264992476 -0.0019814022057680347
-0.9868930202451907 0.46765392855351884 -0.04500022010737936
-2.144554782960455 0.42250515285033163 -0.08975567893916647
2.155791241338555 -0.058673656126956075 -0.10325064735347311
2.036570890978929 0.2567614114144954 -0.10687508659297507
1.8962229408070783 0.6020247858070373 -0.11127677040034811
1.3625545130925403 0.7767635188178224 -0.13207640724116843
0.23899968209353517 0.7491043476934056 -0.17726626472407858
2.3623909704817905 -0.07289308461672661 -0.27236619071895163
2.2505758329630794 0.26384788845447016 -0.27557292060786764
2.0561768971444607 0.5682058781868955 -0.28239789085322897
0.531702968257278 0.7443159024630139 -0.3453179843896059
-0.5864419783134736 0.705339364526548 -0.39220872001582663
-2.0850044488387454 0.5318591341516203 -0.45556416587764303
2.3664949706020337 0.003982830543991511 -0.44915642814570944
2.3014443117109664 0.35899901857635896 -0.45022406654292624
2.1492669165239064 0.6795521257947197 -0.45527329521113913
0.419964854901238 0.7775593989740237 -0.5298339374535708
-0.7262865617529712 0.7290905999601254 -0.5798484333031801
-1.9223340783672995 0.41301620359789304 0.8383871070868345
2.553227335937329 0.03939986233509973 -0.6001998432152895
0.7279192090365214 -0.4179560122199595 0.7390070907599302
2.3052012135461624 0.34067518648571227 -0.6096340663903383
0.6781870965920831 -0.0315280720063571 0.7375687114722105
2.1418949418317936 0.6758983769296494 -0.6151415355675844
0.5870068851249144 0.2995750366502854 0.7347601406103941
1.1851149149639966 0.6290166926008771 -0.6582728870385317
0.22919977920363266 0.5475090375703822 0.7233832828528257
0.0801838049130339 0.6084897371908093 -0.7079512126916079
-0.8009588837354329 0.5423289266046645 0.6904257289893003
-1.1505517419587719 0.5290700790532181 -0.7636257656090883
-1.9025236856892604 0.5175514434800323 0.6551517002112242
-2.167769768818964 0.5383071379336055 -0.8093105800622133
0.9204918763211509 -0.6716465291421772 0.5650838367468687
2.3414525109100737 0.2586328377288929 -0.8034078128808169
0.7647360805203931 -0.34640801306439517 0.5602196208960386
2.240124222418679 0.5990388865987848 -0.8060423381798891
0.6287068214277767 -0.013271198725141709 0.5559953205115171
2.0981059271259497 0.923484908012858 -0.810715819167438
-2.531334064769389 -0.8492352045869476 0.4491380207068296
1.1968447270429579 0.9574159753042863 -0.8525635250085024
0.6961670765115429 0.7830367344861155 0.5589736454016538
0.06113715077738391 0.9087335821107816 -0.905881548690143
0.059295429933698074 0.9253385802684209 0.5376671306616636
2.222405716919873 -0.28559429359632116 -0.9901529796593813
0.37491472534194514 -0.9876273982658876 0.3653958789831968
2.2630890235861827 0.11238175393949668 -0.9854389675133852
0.24131405083790725 -0.651297576350923 0.36129412574833353
2.215248429913416 0.4932872382706872 -0.9851557262414126
1.0865586055706302 0.45261374807437527 0.39282259864872415
1.4756444837690026 -0.7055687660584873 0.2933152668005796
1.4596250695493822 -0.5744493723078357 0.2944730274206968
1.487951915706212 -0.434801924734467 0.30084214134281595
0.8157335757860125 -0.5582939603404835 0.8032346717841001
1.2435897856598217 -0.3474150854530569 0.2747868053442808
0.8344749849025561 -0.41843706592027274 0.8077746383673521
0.8243843397861141 -0.2842704688616804 0.8092878810889097
0.8049975280168553 -0.15190645012857118 0.8097923748022886
0.8007598902547386 -0.016861903318291738 0.8118101112372251
0.787200114601383 0.11640378030025378 0.8128186218268247
0.7447006728521188 0.24462373139427918 0.8108008853918882
1.8228452770556274 -0.6413079000440423 0.20228037757938822
0.7173568658136062 0.37554156391707316 0.8102963916785093
1.8070392634558914 -0.5114020104629802 0.20347294731205423
0.8491406769195038 -0.6939179947782836 0.7363532535559507
1.355967853911487 0.6096218272791267 0.3072117321020933
0.6462913620037867 0.49928569541286194 0.8052524082190367
1.7770846865811265 -0.38430730563990156 0.20287690086430032
0.8917842629302442 -0.5492823248952785 0.7435365669257017
1.3249939887966917 0.7376439135788742 0.3060539714819761
0.5412589083010673 0.6179084090296412 0.7966774456030699
1.7573174820572106 -0.2552387867354078 0.20347294731205423
0.8519140689334463 -0.42083733298825 0.741997336579022
1.2355952505737307 0.856517570201234 0.2979472629553648
0.26460485181186044 0.7100634099324497 0.7704480640417906
1.7331265152482374 -0.1270259333468564 0.20347294731205423
0.744030468700899 -0.30497834875113483 0.7332747928625913
1.1662034746364824 0.9789664579716266 0.29215750618046243
1.7093797559741333 0.0012645669274400362 0.20347294731205423
0.8860165478044237 -0.14278827188743204 0.7507203571326109
1.6909738343966438 0.13051856411568608 0.20406947059696634
0.876906329523834 -0.008902834099349555 0.7522595874792906
1.6632385228526871 0.25809697348421246 0.20347294731205423
0.8682765492194378 0.12496217161937384 0.7537988178259702
2.216817924191254 -0.6663270394367853 0.051579808426556184
1.6261628991917263 0.3841016590378832 0.2016838542944761
0.840512878450248 0.25542909467643415 0.7532855026251646
2.220374081991473 -0.533866067305989 0.05531344337528665
1.5993166387660267 0.5119406797587072 0.2010878078467222
0.8181112505944697 0.38683594919760633 0.7532855026251646
2.190338230665617 -0.40822903273820277 0.054691170883831575
1.5729016510184337 0.6398890495442444 0.2004917613989683
0.7814472945075863 0.5158924179781721 0.7517462722784849
2.1850928832283145 -0.2777640270424522 0.05718026084965189
1.5469338779333697 0.7679439777661816 0.19989523811405618
0.7943266423386461 0.6530519025385768 0.7553380481726499
2.1803196526447266 -0.14734743475727807 0.0596698276526304
0.4577453598701098 -0.46723318946436265 0.6329601757056089
1.5116072497188284 0.8945578181476526 0.19810614509647806
0.40976744525907094 0.7272283283845713 0.7173691741949888
2.1662587049547994 -0.018798567996486604 0.06091484947269876
0.22748450689571342 -0.37265911846114275 0.6110456935889097
-0.5744121630675494 0.7114871358325416 0.616802548599896
2.1477702741420615 0.10887337726911195 0.06153664512699564
-1.9166829092207749 -0.6254880803924703 0.9632378570563169
-1.4706319762339604 0.7158905388159278 0.5254710666663023
2.1297305496240213 0.2365900055582415 0.06215939445560892
-1.9225316774504222 -0.4809453761214453 0.9650472156531187
2.102368061580009 0.36264152433337316 0.06153664512699564
-1.9033467028795172 -0.33216016992891184 0.9691174976355406
2.0754441863646917 0.4888052149075284 0.06091484947269876
-1.9130662330104542 -0.1886500319292388 0.9704743377692076
2.029383856969453 0.6117869216603387 0.05780301017826517
-1.9713749056228167 -0.053400350260178975 0.9673083774573179
2.037588685111224 0.7438736641013373 0.06153664512699564
0.43532688885844806 0.4871314899764778 0.6480916492468687
-2.029231039164017 0.08217403089437436 0.9641424171454283
1.9825961595303312 0.8655833155985695 0.05718026084965189
0.4186452644702925 0.6207410074702508 0.6486137859351011
-2.121050872071983 0.21253605752249438 0.9578102581030699
0.4024282883612642 0.7543924173592425 0.6491349689490171
-2.22229347295643 0.34191317638633034 0.9505737773901792
2.3080700064029216 -0.4615749104667799 -0.7180196292870669
1.9930728652294079 0.6918495778331595 -0.2728630550377993
0.1811312322368437 0.3915268403363834 0.551703786087689
2.3268568608246056 -0.32674206016352336 -0.711484576033893
2.3024127681455866 -0.20051885398715275 -0.711484576033893
2.302715114588196 -0.06963727546507226 -0.7078544147484926
2.279169148208638 0.0566676411869631 -0.7078544147484926
2.299875541814778 0.19098374279782604 -0.7013188846581606
2.291849964606648 0.31989188382571143 -0.6991406925194887
2.269663065417461 0.44623273848723777 -0.6991406925194887
2.2527966916046367 0.5734797160131277 -0.6984144695275454
2.231493938674248 0.6999553889924375 -0.6984144695275454
2.2106344630692902 0.826503394862681 -0.6984144695275454
0.1901080181960495 -0.43056359471884154 0.8805349819189878
