2.04649811045536 0.8606314261307269 -0.13628382285052787
1.9175241196158481 0.88441384159617 -0.6829506834309722
1.907329749475096 0.879582559761328 -0.13222593863421928
1.7977877643574232 0.8420313624620492 -0.6845709760945464
1.7801952497740388 0.8610026561176545 -0.1316174944203521
1.674974229802629 0.8095818503580778 -0.6851860960286285
1.6574331068457866 0.8285928800947495 -0.1323072393696929
1.5362615935495114 0.8299486067523612 -0.6802432020466949
1.5273847981375468 0.8204641513591762 -0.13084740240985404
1.8723167025080585 -0.36304714289865636 0.2967536966044282
1.4035018255304976 0.8317855923632216 -0.6773268659871245
1.3760853200203513 0.8844385032631799 -0.1229228456776763
1.7325023738542171 -0.35275210217490116 0.29919057290142526
1.2694787223885555 0.8388995779674078 -0.6739084203999663
1.240815723739189 0.8964667613438602 -0.11974377234393607
1.5704222463803745 -0.26535981917938134 0.30740027825420846
1.114082064025439 0.8803091413722459 -0.11915845473224174
1.4409989162077608 -0.2874395411268953 0.3073039571482514
2.1852663944909096 0.863449861271623 -0.20268530447894584
0.983243942569203 0.878982220577841 -0.11728281577044974
1.0057928800810885 0.7601640551392999 0.38778167168682565
2.045907628338611 0.8818412131288307 -0.19851846297198783
0.8471023705633911 0.897317226310216 -0.11368317206317435
1.988660278869915 0.6393616915047406 -0.21852202017718803
2.21122107463556 -0.08690285147903509 0.24006348053997506
0.7245840282887315 0.868201909951142 -0.114407726125064
1.8177014536405949 0.7993782909588232 -0.8177868803303863
1.8621610925705028 0.6157409685591846 -0.21832580168658744
2.054187722219879 -0.02078476137464058 0.247056535883603
0.5900941165099027 0.8827403689394355 -0.1112484415333892
1.678752165201658 0.8191582851976742 -0.8126322706502105
1.7356323630891808 0.5925759386524483 -0.2181353052418853
1.8569800271644965 0.17951966407127973 0.26441340844219674
0.458432690990918 0.8881831310914308 -0.10895628531390678
1.5630715898866896 0.7633348620968841 -0.815851875142398
1.642155289758378 0.46019947038795195 -0.22806686957293998
1.6555438432542928 0.39986016209000574 0.28326015870159615
0.31018605065547433 0.9566690878073896 -0.10104460318500053
1.4144501887671481 0.8174870164781769 -0.807041831807437
1.449784602923458 0.6574008147423092 -0.20765084822589408
1.477117273605458 0.5494931725895844 0.2965598622996186
1.526137889407707 -0.010211502916715354 -0.8950859983723785
1.2364379308676376 0.9319754854428899 -0.18018335898334037
1.3012756341937006 0.6951403249889445 0.3094952623087739
0.3069860823827639 -0.08993982063403294 0.8439012090403413
1.1250961373597477 0.86322328681503 -0.18440551360064994
1.1696420699301626 0.6931451330723144 0.3109427015024995
-0.056765986736394325 0.8762773547121983 -0.10329122145587455
-0.03399350764702547 0.7425270047259103 0.39684515397137154
0.16252670716157525 -0.04463746353099385 0.8473799745280122
2.157298765145498 0.8656294356144718 -0.26613421042377006
2.2813792502994232 0.46314494091606484 0.21466045777386178
0.9955691823635107 0.857063246355847 -0.18290991385394584
-0.1841155918173598 0.8696692360999876 -0.10231895049029838
0.08318365169820652 -0.25527381470441934 0.8352749864298676
2.031505071412667 0.8413819292529867 -0.2658960302632476
2.1346241661048566 0.5002717644151371 0.21959667603558053
0.8688316062052337 0.8418038879324259 -0.18229956229144584
1.9264599061400105 0.7510545138816589 -0.2719368418019439
1.9481444359578717 0.6664911951801882 0.23475127617901315
0.7126648998944347 0.9325437814425168 -0.17199749548846732
1.8209181634307612 0.6610346142824088 -0.27798790533954154
1.7952868195423548 0.7287632848541437 0.2415810147959565
0.5823556278972148 0.9327147908778928 -0.1700710733693267
-0.5735539884742167 0.9336372738499339 -0.6325194319050933
-0.4683144124672083 0.38002413152047954 0.8757174531657075
1.6379494584511889 0.8237993431768356 -0.2602824648183013
1.651708604041346 0.7630664333479746 0.24613743226116647
0.49098776842797065 0.7723350574082426 0.3244338552195405
-0.6703754060854124 0.803092207867766 -0.6444127043049956
-0.5924809319927107 0.3555116554212878 0.8747790376383637
1.5193825614932734 0.777595761564668 -0.2623080690663482
1.5185522420226647 0.7645169215320129 0.24803882042950143
0.5152798254736268 0.2991332842426466 0.8017130414683198
-0.8281914176427847 0.9294587675258796 -0.6293532331746245
-0.8216172200142466 0.8016516860925424 0.40737586419170846
-0.7144442670149971 0.32171646396360565 0.8732460061747407
1.4474271280769244 0.57426202526627 -0.27914852698260795
1.3826980712178454 0.7760348553251415 0.25069480340069283
0.36133366150778556 0.38212698672604084 0.8077683965403413
-0.9313300685521568 0.8238660605851846 -0.6387197454732085
-0.958039696147182 0.8882706319848817 -0.0922374208729888
-0.9465007013212698 0.7881212496139449 0.40723901192730416
-0.8455016523883074 0.32726241368689735 0.874065927668271
1.220000282270476 0.8966447163017097 -0.24662918646747123
1.2470495277576532 0.7880767702681339 0.2533472100931977
0.1904411446083003 0.5333781864121434 0.8180580655772065
-1.0659538923349885 0.8543820491202583 -0.6338412245076324
-1.0803406769415886 0.8655041378174886 -0.09303278525287162
-1.066969477550117 0.7555736793379006 0.4056413690287446
-0.999553432341898 0.4355164675390295 0.8810813943583344
1.0960541027418174 0.8709983847965725 -0.24687285025531303
1.117155111287758 0.7814808357347713 0.25447850625103463
0.04309342109219472 0.5983848817240265 0.8229086915690278
2.2674186778672407 0.6313167918989127 0.1629813234049653
-0.0383206870703674 0.8083279575770854 0.3323436299998139
-1.194851947243592 0.8611493582909757 -0.6315113981526519
-1.2016218710368634 0.8383106695496512 -0.09426850874835502
-1.1637056345293217 0.6163639473608251 0.3960261861521577
-1.1299699059425734 0.4421055974420538 0.8818975011545991
0.9665746039145802 0.8649446942175807 -0.24532551367694388
0.9353063349014406 0.9575361550958048 0.27003126542156686
-0.09020064263725658 0.6107742994730865 0.824430278940854
2.0928621941963996 0.8145911068496936 -0.33365149100238334
2.0910263405362883 0.7634894050915486 0.17580371300762643
-0.1737263005821319 0.8521657084476093 -0.16699618895465385
-1.321463615357274 0.8586677032467378 -0.6302039106648589
-1.3261992865428027 0.8261444160450457 -0.0942055662434722
-1.3061573673864189 0.681994778360929 0.40169864098614205
-1.2645095160074646 0.4686780419713532 0.8838921109873628
0.8398781846581898 0.849787381386407 -0.24468178351336967
0.8386688698453924 0.8369115932231708 0.2620444814402436
1.9535024913930101 0.8333421937549712 -0.3292808016102935
1.9529656289898867 0.7775468991974206 0.17894988457745065
-1.45641091346873 0.8955464370022419 -0.6248242338460113
-1.4696868926702251 0.9020542542350674 -0.08631844122821342
-1.4659225052407265 0.8310591247147121 0.41356783310955514
-1.3945721114829723 0.4762435874278541 0.8847017804819917
0.7226060494289044 0.7837977662836488 0.25936489502972115
-0.33473014873311513 0.5498270336657294 0.8220096151072358
1.8144031143591235 0.852645396846528 -0.3249134500783111
1.8136561758339838 0.7969006054275631 0.18248038689678658
-0.061413765458297576 -0.6019551803216734 -0.9276282270711089
-1.2507645686732616 -0.6677286860167886 -0.7871806104939605
-1.5960096158082564 0.9005831892190761 -0.08539266188556205
-1.5873415683642804 0.8051898498487002 0.41231542031353463
-1.4789964612514126 0.26943971417486257 0.8724873582560395
0.5904654562776983 0.7887652671108061 0.26123910348003854
-0.48302079647235985 0.6267009119546296 0.8274596254069184
1.6814054241605874 0.8534512139782011 -0.32237715323382865
1.6789943548888857 0.8025016502949951 0.18484526078289498
-0.19948667881966742 -0.5843299942562998 -0.9236294706624175
-0.5542378728764987 0.8086506163700617 0.3368428270060395
0.536987945721819 0.5828662968449017 0.7552676717478608
-1.4607757926022202 -0.2950428590676415 -0.7466713865559722
-1.7212290356258535 0.8946913948689348 -0.08490604956561576
-1.7118997400509386 0.7943950824124624 0.41215162674969186
-1.5932378390990607 0.19961640819698268 0.868544630213437
0.4454480065602411 0.8423491540811039 0.2669120351511811
-0.6086478701411266 0.6119462490363032 0.8271475354868745
1.5571955867133909 0.8261555036660102 -0.32258815367633353
1.5430595927553696 0.8133869919124601 0.1875944654185151
-0.3304135743266272 -0.5952028307699875 -0.9227911909382964
-0.6803550624735948 0.7990082649990473 0.3371182004649018
0.39662367840743684 0.6174897370841537 0.7584350625712251
-1.84340738350123 0.8746191048500949 -0.08573026259356986
-1.8324454104285195 0.7645024035351353 0.4105222741801118
-1.7168785041724846 0.17417883465702477 0.8672588388163422
-0.7388476857114057 0.617075594129668 0.8280439893442963
1.4471675097900345 0.7516063075156474 -0.327378221349063
1.4059045928791818 0.8295741617613164 0.19072776238506783
-0.8056013789289409 0.8611165749581398 -0.7625338514607574
-0.8087120040083988 0.7995338205060927 0.33813505570477
0.2604393258891662 0.6381795305391833 0.7606678525645112
-1.959733728745249 0.8256774333469865 -0.08917469580585013
-1.9698134636353473 0.8181292649318364 0.41509538094585885
-1.8386378215241024 0.13938186073726566 0.8653741399485444
-0.8666543957761661 0.6129688333710828 0.8283298532206391
1.3043655921415365 0.7872345733870709 -0.3216547449391509
1.2872856401477435 0.7841296836623846 0.1888146917063569
-0.9302270681161957 0.8475266579346634 -0.7621800382893706
-0.8808548552199227 0.579360783233918 -0.1831469019215728
-0.9380810476422283 0.8053879184601289 0.33952098290508737
0.12953361469539004 0.6400821425967367 0.7616537133890962
-2.0618274567410566 0.7038287527749514 -0.0991639574330474
-2.019825197519978 0.43199918757533773 0.3867829362589692
-1.9344875765983147 -0.02721132278082461 0.8554735700327729
0.06468227976439778 0.8087601403947247 0.2683167974192475
-0.9966090469110327 0.619051132099858 0.8292184392649506
1.1521947542835704 0.8569062283555846 -0.3127293070119048
1.1559584788273867 0.782172909669975 0.1903875390726899
-1.0515450184990982 0.8198460547932394 -0.7634107549946929
-1.0053350858437682 0.5611900024098286 -0.1835009535115386
-1.0651065395826862 0.8019905312248286 0.3401561299998139
-0.002487767674438146 0.6473025908822452 0.762946895762143
-2.181769592693854 0.6702873191150509 -0.10131806929523002
-2.1056398006208923 0.21713487732624692 0.371232561274228
-0.05805043404440369 0.7823859646956626 0.2675059358317231
-1.1253327832343416 0.6207490762763799 0.829799226923642
1.0198794787774688 0.8602158444637782 -0.31021303732806693
1.0151238679217727 0.8142526513491788 0.1946735898691987
-1.1740469345067766 0.7974412424899393 -0.7641202886860992
-1.1352784920890855 0.5677697252376657 -0.18164414961749564
-1.2007484985652184 0.8379926465488214 0.34377675454205026
-0.13679131620222051 0.6646989259625222 0.7648587743479585
-2.2506054720053186 0.3680369302747266 -0.1274702032368804
-2.2217494041990875 0.15431901930948833 0.36700063149517526
-0.18761609337450125 0.8030381792744006 -0.23430342276507865
-0.178422850502443 0.7467763663046538 0.26592641274517526
-1.252879462846181 0.618053585830376 0.8300722161967133
0.8958626600035018 0.8352881972308097 -0.3104485948842193
0.8841406643315395 0.8133070960441939 0.19623904625957955
-1.307290438043097 0.824016859465285 -0.7595674474995757
-1.2608002108290606 0.5553694267107634 -0.18156475623065482
-1.3253479615060684 0.825811328036421 0.34365682999676217
1.998021486854796 0.7960808056277662 -0.39772767622882377
1.9829459553390194 0.8078457402383084 0.11677270333355416
-2.337023103825672 0.1490921373050229 -0.14623016913348685
-2.3555807358178953 0.18502076271072898 0.36971311966961373
-1.382453611628904 0.6255601703995399 0.830949358149228
0.7519277740979362 0.8176569125386886 0.19818907181805123
-1.4609910827108763 0.8890440673288253 -0.1499914606373931
-1.4404703203579174 0.7702122475661488 0.3401649514872407
1.8528355488318482 0.8342243840698922 -0.39139408667499076
1.8436897797871694 0.8270741442860876 0.1204095403391694
-0.37618617562934276 0.584695140094067 0.7611923734385346
-0.45156559475296376 0.8075585653982165 0.2730467836100434
-1.5108432497786595 0.6286691732230292 0.8315179864603852
0.6185443570985996 0.8273101834133412 0.20052366654461373
0.6598504992488188 0.635562648402682 0.7004576245982026
-1.254223749670544 -0.6191824359517835 -0.91284150679523
-1.5925330033776532 0.911898831429478 -0.146803327397647
-1.577629597863421 0.8174210911591748 0.34452467362469186
1.7212049808365606 0.8301151910642561 -0.38925332625323783
1.7163991710658166 0.8087294656697592 0.12087445656841744
-0.5383126628559154 0.7199394267389021 0.7705779592234467
-0.5800705335772278 0.8072391432988093 0.2741234819132661
-1.6340094824380458 0.6078248376769739 0.8305595437723969
0.4944954450182024 0.8038021070769181 0.20013242165630807
0.5272678154202879 0.6407917323177053 0.7018292466837739
-1.381664564864323 -0.6408638857882067 -0.9136225660603667
-1.7105916787519675 0.8718685810176297 -0.14938921530658256
-1.7011263671300156 0.8017057038161708 0.3440158883768891
1.5925671515405782 0.8169809531429522 -0.38804859717303763
1.5804396288574054 0.8194685096603527 0.12371163765972604
-0.660142191045253 0.6908235172084707 0.7693577329356049
-0.7096276794119802 0.8122393407409136 0.2755775968272065
-1.7552141575526292 0.5776389475620602 0.8289852658945893
0.396131164474113 0.6417002883387832 0.7028782884318208
-1.5091720356827096 -0.6620826601586982 -0.9144103010457183
-1.8378467048219704 0.8761502006510327 -0.14798492987567435
-1.8256489916842469 0.79131870175536 0.3438761750895356
1.4668294097514973 0.7947814627305281 -0.3877810915272857
1.4446847165040282 0.8307262330232801 0.1265452424723481
-0.7809295707709367 0.6572681922081509 0.7678189794260835
-0.8458516082928043 0.8468550748288743 0.27932005326336373
-1.8903878160862746 0.6163635528981484 0.8316760579783296
0.2485620046071091 0.7058072049553497 0.7080669919688081
-1.9590798597140378 0.8516045868539743 -0.14925045569354545
-1.948184704460445 0.7715936090888409 0.34298210541790475
1.3269404797983952 0.8207711464767691 -0.3828577478688384
1.3133696150473781 0.8281770744306582 0.12818603913372506
-0.9085749663641707 0.6533039989468543 0.7681484739024018
-0.9382369197706595 0.7149566360170354 -0.23348159392291556
-0.9727949562696239 0.8431211001339802 0.2800033609110688
-1.966904229488506 0.36188639265720557 0.8160493890482758
0.09190175903123077 0.8516799015103471 0.2082706014353608
0.12417123497792204 0.683604061726653 0.7075157682139253
-1.776912652720668 -0.6397823112293208 -0.9091398199360992
-2.0755683470790416 0.8030557247201431 -0.15274400313312064
-2.0311175512964326 0.5517681126642824 0.326709798975644
1.2403915013742761 0.6657262787950273 -0.3956565340321685
1.1821674897429517 0.8261116894124463 0.12982230584209908
-1.0361527924941925 0.649815653844084 0.768472961588559
-1.057839933352824 0.6775719142923782 -0.2356218775075103
-1.1018650382064266 0.8495721949680979 0.28144698540752877
-0.03440776607908447 0.8397022952148809 0.20863967339581002
-0.006461920742509619 0.6860070840143617 0.7085540811259126
-1.9091090026248452 -0.635213284041714 -0.9073020895283843
-2.179012916777424 0.6864565922650163 -0.1624719579976226
-2.086995147480039 0.18525756028965912 0.2991626779276704
1.0591193373310261 0.8361370048749315 -0.3767492254536773
1.0510750337924009 0.8245416790132998 0.13145451943462838
2.230747016879718 0.881571739864083 -0.45878953535968314
-1.1680014190352779 0.6662697871329568 0.7700446168619965
-1.1819336957000104 0.6600255822247867 -0.2359609087269927
-1.2221316510538003 0.8175739600751841 0.27982764641827096
-0.1433481660795337 0.8303387618040805 -0.2955448110860015
-0.16191301502362876 0.8330109261478 0.20939402978008737
-2.039321064389327 -0.6399379382603989 -0.9065253217976714
-2.2178987242193244 0.22771306563327887 -0.20335430701190482
-2.2143871097422476 0.18115236484135444 0.29935746590679635
0.9241131264642775 0.8493755372164378 -0.37323398192340385
0.9078302219064653 0.8666127972641275 0.13665633599346627
2.1397278516667058 0.7479917592244236 -0.4693705519002105
2.088651216595281 0.8727233965584569 0.05618386666363229
-1.29642220370323 0.6685859352996788 0.770674757166562
-1.2847507126333255 0.5456386509820295 -0.24534911711627494
-1.3489213729586993 0.8152108909526294 0.28049736420696725
-2.170398561795537 -0.6392985155749971 -0.9052235563557769
-2.3389806245102562 0.16280253273644618 0.2984214345652436
0.7973959234289936 0.8343703497848693 -0.3725227793019439
0.7851874659373834 0.8372738632600232 0.1358976880747651
1.9522935277989006 0.9184886623286683 -0.44962186415606986
1.9598965593405069 0.8582387770149333 0.05709844033306588
-1.4226345020904176 0.6616183706183225 0.7706742803294038
-1.448025105001264 0.7090209830652201 -0.22896475394183646
-1.4819302674515171 0.8425520615354554 0.28345971505230416
-0.4214935576620462 0.8403872554842229 0.21244864861553658
-2.3013872826284114 -0.6381872346894211 -0.9039270361226226
0.6571419946296402 0.827579850296547 0.1367228547770356
0.6921996922372671 0.6594872014788056 0.6318359891611909
1.8444923850144335 0.8379486958469311 -0.4550015409749175
1.8400480745923176 0.815668795188901 0.05558019082134713
-1.54983685514172 0.6599944133917504 0.7709820787150239
-1.6141891993087683 0.8925964688804306 -0.21076292593890678
-1.6074339464510814 0.8362581242546705 0.2837389032084321
-0.5475671365590244 0.8302618618619491 0.21279960076397408
-2.4331630670944406 -0.6317183878324908 -0.9021059950154449
0.5295711509733962 0.8585721572076705 -0.3659767587941314
0.5252156310612719 0.8327815178229736 0.1387362996775483
0.5531051074760853 0.6886485510055582 0.6349258939463471
1.712884704778844 0.8338736228152372 -0.4528004606526519
1.6966448659129583 0.8497496315192148 0.06053262154644479
-1.6749225327798882 0.6490655907077993 0.7706590215403413
-1.7394263077725185 0.8867711311646209 -0.21020764906817924
-1.7318679706097697 0.8255250858335925 0.2836304227549409
-0.6759162680172608 0.8302891529451415 0.21392612855022897
0.39343804426867734 0.8384821810964054 0.14074545304363717
1.587158291530315 0.8112383346549414 -0.45250100691730033
1.5622891944199324 0.8557816375137071 0.0630527059275483
-1.7969898690707424 0.6239083991925796 0.7693901578623628
-1.8606217279003658 0.8618863062696143 -0.2114686449330474
-1.8552981134019007 0.8103680657808292 0.2831335584360932
-0.7536684415722164 0.6920063295801295 -0.3006844003956939
-0.8053081575853014 0.8356425200017661 0.21543937127178658
1.4571176002460362 0.8033689215239574 -0.4507839163106109
1.428096893216079 0.8623318513861458 0.0655689756113862
-1.928987293923214 0.6481059465044909 0.7712531606394624
-1.9789649995987162 0.8227796779768894 -0.2140950640004302
-1.9816855808363414 0.8103035016327631 0.2837818185526704
-0.8822822259003829 0.6927860624166975 -0.29915279944354545
-0.9356773461184247 0.8463343499004434 0.21733980576580514
-0.8499444340937572 0.42466041939630195 0.6964962999064301
1.3215089436940275 0.8150684757354423 -0.4471718748372222
1.2983160562069287 0.8550558140072999 0.0668664495188569
-1.9349687441927585 0.03637564680573391 0.7322922269541596
-2.084969327800806 0.7205559369653924 -0.222620673970523
-2.0646186875010955 0.5905933324946897 0.26716022889202584
-1.0539236546286048 0.8833700760722785 -0.27966684897357474
-1.0625651490078951 0.84292478112447 0.21806340615337838
-1.028020739053062 0.6399362191704157 0.7112722913462495
-0.002198420623273023 0.8633649635488769 0.14714961449688424
1.1707695325296754 0.8798459588463512 -0.4383379896443511
1.168609087928104 0.8482599290749206 0.06815891663616647
-1.939435767036528 -0.6051041915470794 0.6913967649180268
-2.167947416562029 0.4964489490931294 -0.24249357779437553
-2.124387617259231 0.24378094707643516 0.24053745667522897
-1.1762232627653475 0.8609464141307814 -0.2804402788441802
-1.1926384646390602 0.8545764925848571 0.2199564496714448
-0.1222725230564663 0.8275757270433557 0.1455586473185395
-0.09945350797438834 0.6927159873964435 0.6401513139445161
2.1010210226916115 0.8048685733579566 -0.5275904615681792
2.086480092355572 0.8148504110558124 -0.012551732854189979
1.031629285050201 0.9069848038221062 -0.43330545027667533
1.0389791380132039 0.841946348732983 0.0694463769633149
-2.2579857263977487 0.30185036850022495 -0.25966591437274467
-2.244124777354628 0.20063558613634136 0.23769598404949654
-1.2964403154628883 0.8292407744916108 -0.28214044173175346
-1.317180448351877 0.8423651467208382 0.21988969246929635
-0.24352741226852004 0.8419681101919982 -0.3562471349995757
-0.2521783669158566 0.830868437791195 0.14714961449688424
2.0108456880296472 0.6668892339967307 -0.5388404806416656
1.9456042370820654 0.8384100555542373 -0.008290000752749549
0.9053479811032474 0.8505016801645287 0.0719471494395112
0.9302079891897677 0.7459219978662466 0.5718966047007417
-2.376856542120251 0.22650284989047798 0.24022632042950143
-1.3925149936325454 0.6860337848981217 -0.29445023138934623
-1.4438206621578757 0.8403444864929455 0.2206013719279145
-1.4230448061452705 0.6906716159148649 0.716189197703061
1.8210286213956124 0.8475672230093005 -0.5177447279256011
1.8183084229094817 0.819687584413276 -0.007751651601138221
0.7745812682414623 0.849962783743746 0.07363229195660104
0.7923229232768989 0.7693306564059377 0.5747724096018647
-1.5704685490410952 0.9228819775102011 -0.27080339987689506
-1.5714234242507246 0.8436677480494312 0.2216995279032563
-1.5522208856066868 0.6988059560388793 0.717179826899228
-0.5115982655674145 0.8389089583028495 0.15032058159893502
1.6982266333846496 0.8150331967944409 -0.5183817823689605
1.6778816179279232 0.8443210169390767 -0.0034961183827544318
0.6227232860212979 0.9677180335856477 -0.42059893210345756
0.6439338307990283 0.8499119651853189 0.07531361977642526
-1.6854117285974866 0.8681769024633317 -0.2748240907948638
-1.6968704035085551 0.8376897652764788 0.22201042573040475
-1.673091186244136 0.6683403226955624 0.7155972043711518
-0.6434302453156135 0.8533508217653756 0.1526983300883149
1.5724457333768385 0.7924438413183523 -0.5180584867756988
1.544972075643571 0.845653705025402 -0.0013117273610259161
0.5081568013119551 0.8695864283175991 0.0786157170969819
-1.8106887784702508 0.8626061045697853 -0.27423758109027396
-1.8212637904228757 0.8272894270206139 0.2219248334605073
-1.7950887591023132 0.6431892187818473 0.7143288175303315
-0.7727720069131578 0.8585767344956636 0.15427451531475533
1.4395117380224747 0.7941571572332791 -0.5153228719990874
1.412198554435932 0.8474905334714684 0.0008678952891205682
-1.934928141332108 0.8526159436620935 -0.2741176565449859
-1.9456431516444894 0.8173283504757718 0.2218342344004487
-1.9161898524645409 0.613568466718676 0.7127328435618256
-0.9064803697477117 0.8837027658981773 0.1574440519053315
-0.8775854428876926 0.7096388035108125 0.6460257093149995
1.3038991460129523 0.8059233252438895 -0.5116249998372222
1.276751581185863 0.8593929697122453 0.003872446222958459
-2.0523635986562994 0.808881085388399 -0.2772356947224761
-2.043844548576189 0.6757868047248996 0.21114592949932565
-1.9154127620599297 -0.032381066685429616 0.6705785314280366
-1.0109413850426137 0.8327181077038865 -0.3476082762044097
-1.0332590419538406 0.8801875785651676 0.15821438233440865
-0.9983307582105425 0.6768468318108507 0.6444616834360932
1.1838053612157324 0.7656529130580845 -0.5132510145466949
1.145684418630097 0.8574613864506455 0.005630783243832482
0.108671005132976 0.9076215431036845 0.08647137085979928
-2.1480909540127158 0.6531504480682733 -0.29098791678363334
-2.0839456151731355 0.2311684568149568 0.1761067430216645
-1.8610383185436348 -0.977535515252038 0.6087289373118256
-1.145445359247745 0.8635793404375933 -0.3432111223500396
-1.1588722584931332 0.8722756498112822 0.15858035485332955
1.0621782676351188 0.7305812923595054 -0.5144001920979644
1.0188558592536765 0.8416454985513608 0.006141237421688928
2.2328668153455453 0.8986595513589295 -0.07229609091693412
-0.029035303476590002 0.9846449421512817 -0.40884632666522513
-0.021185829922458765 0.910051424096455 0.08813410203045358
0.012131435976755256 0.7615788883555892 0.5808444539744233
-2.213006203721193 0.3314159583519585 -0.32047171194964896
-2.2149227742331163 0.2466379576173674 0.17794447342937936
-1.2764047979732425 0.880368464187451 -0.3402239759724761
-1.2844409504937175 0.8648192024305956 0.15894179741924752
0.885247118609044 0.8502762095227085 0.008719734354672326
2.174184612000346 0.6787810599404551 -0.61218232710773
2.1041151378842073 0.883636405315281 -0.07128829558307181
-0.12780680686387313 0.8669744767283216 -0.41861362059527885
-0.1337314070327693 0.8453463639020802 0.0840931455332612
-2.2745666615287945 -0.01963756391090854 -0.35275811751300346
-2.3356124595563443 0.20870014122983882 0.17545705239361276
-1.4039769712314438 0.8830519394755401 -0.3386489828389312
-1.409970262568308 0.85780548072408 0.15929823319500436
-1.3962763683345116 0.7418582588835196 0.6506355325419282
0.7545049741565606 0.8498095430081714 0.010465196772274865
0.8033261242271266 0.6578283470035835 0.5035236398417329
1.9984180479203815 0.8110994320894287 -0.5955721815388824
1.9649176380402764 0.9023597196768849 -0.06733197768146049
-2.371840503593063 -0.28966122790249216 0.13601522843426217
-1.5158034584900406 0.8131969774590946 -0.344125219182315
-1.539618092489576 0.8707412679994855 0.16125111977642526
-1.523220457771643 0.7401335615462097 0.6510353604990815
0.6237006495310453 0.8917276220052326 -0.49124641020709525
0.625204558298492 0.8450286478668074 0.011791757746395959
1.854765008024927 0.8444505154357937 -0.589298911885562
1.8304214713424471 0.9073532059346663 -0.06464523871356498
-0.4087883616606973 0.9154008256262038 0.09269123475140084
-1.6546877985192907 0.8703478909650268 -0.33739060957843314
-1.6639637760814594 0.8597775205046139 0.161198906107602
-1.6439436749582512 0.7095743821848881 0.6494453469950532
0.48813279367919904 0.8695797995384833 0.015603832407650842
1.7275679934847545 0.8260635252631969 -0.5884472807210113
1.6961004331432434 0.9128544536801249 -0.06196112235003959
-0.527552420599946 0.876173000448774 0.09066944520061959
-1.7789566754128998 0.8597923803399743 -0.33723873694354545
-1.789303504295816 0.8541361733544122 0.16154246728008737
-1.7668010800263687 0.6892044194757228 0.6485114614207124
0.3629792854721785 0.8513463048849825 0.01567678849285592
1.6047083754186247 0.7938504955049295 -0.5890795667927886
1.5604968476901604 0.9236472949323273 -0.05885953505450736
-0.6580831542831902 0.8858165473804682 0.09271865288799752
-0.6448812619086226 0.8095902149218279 0.5886645833689546
-1.9032158309017149 0.8496824306930586 -0.3370913942616607
-1.9136010840465474 0.8440554107343239 0.16148000161236276
-1.8986255957003522 0.7132706251669196 0.6505520860392426
1.4660315461267004 0.8145096899881592 -0.5842949827473785
1.4308200930779122 0.9158740932831932 -0.05745143492633353
-0.7831863861529911 0.9221634062430075 -0.40460795958453666
-0.7861596276041212 0.8862426745959553 0.09394841591900338
-0.7675280927483499 0.7857003244140888 0.5877824346262788
-2.0206395845172977 0.8058493051198541 -0.34024304945880424
-2.022297558025784 0.7562182452175357 0.15499740044659127
-2.0097558479173045 0.6350806921766816 0.6456318418223237
1.3318651314889962 0.8213871450834889 -0.58099336226398
1.3068719540578826 0.8894733313831731 -0.057738490895571815
-0.9076354905329822 0.9084908610861726 -0.40439600546771537
-0.917510274900792 0.9017110815824712 0.09639912049358834
-0.8879886419070431 0.752525409239091 0.5862174550730561
-2.1478556349795355 0.8112571627352425 -0.3386949976246978
-2.118132267089649 0.6002525463725252 0.1428878823954438
-2.0438923362493995 0.16063034224309725 0.6138465921122407
1.199268897261618 0.8240058013000358 -0.5781876524251128
1.1800712027129663 0.8730758196035282 -0.05718559821063529
-1.0265379863212019 0.871007278890648 -0.4065787275593902
-1.0442141962262923 0.8982284907386138 0.09721284310406197
-0.9997077171578894 0.6808634232351753 0.5819366494852876
-2.224178431476375 0.5531699444777134 -0.3625773866933013
-2.185835675066855 0.29278820471087386 0.11832099358623971
-2.04368284026404 -0.5100000036172041 0.5687528173167085
-0.13814979412406103 0.8295940287246291 -0.48523301680499564
-0.1524451848566173 0.8408663505062579 0.02090578476971139
-0.12565406358605458 0.7155355350291215 0.5156317273814057
1.0532788609536397 0.8571460734017311 -0.056638189153018104
1.0826563142535264 0.715670009437031 0.44103222291058053
-1.1499691836419146 0.8533500138131567 -0.4068555315297271
-1.1708515455781594 0.8952164462757564 0.09802251259869088
-1.1194753456722566 0.6436249509742327 0.5800180951792573
-2.2976086286299022 0.27074723907542175 -0.3888384779256011
-2.2998920192343206 0.22047630291606346 0.11300020615643014
-0.2547152643651316 0.779819035160533 -0.4883739431660796
-0.2726152326052329 0.8056029393026503 0.019290498896298303
0.9224138681170189 0.8560410414396165 -0.05482644637042533
0.9376349823024839 0.7624641800181919 0.44588785569256295
-1.2777318647361398 0.8555752814257156 -0.4052257021229888
-1.2963338856534534 0.887795902182579 0.09841924111431588
-1.3007069496911612 0.8844658941250065 0.597417167826352
-2.432474699232259 0.2465378401236098 0.11570411126202096
0.783578156616187 0.8842149903520893 -0.050478406743350135
-1.400089301918328 0.833952980052894 -0.405991502599063
-1.4196552982810005 0.8710868694589964 0.09799342553204049
-1.421947917197997 0.8580114224138446 0.5961738149363374
-2.453740346440398 -0.339889714244932 0.06816988389080514
-0.5403692555214832 0.8476870352263406 0.025615505381283654
0.6543668189857215 0.8793240152009494 -0.049097486333193885
0.8524612042096607 0.12236549474655867 0.4014492551524018
-1.5339605432578196 0.8662953428581766 -0.4014989813130523
-1.5471691393110376 0.8743138041943261 0.09919839303081979
-1.5266157094932993 0.7539195798713845 0.589494280024228
-0.6767619654706323 0.8816099171074478 0.029815248652157678
0.5068552156600674 0.9421904667026118 -0.04178948004657279
-1.6593202821024136 0.8601829233317746 -0.40083832343036185
-1.6735480235202687 0.8731277778465998 0.09999041955059518
-1.6503611426462754 0.7380204199660536 0.5889149228770112
-0.8036907871101846 0.8772529018015414 0.030679992838559045
0.3676740368965312 0.9767999167369608 -0.037024684743228065
-1.7826195129427305 0.8447734610998978 -0.4011394460957671
-1.7978239855049765 0.8626367288766987 0.09995918671673287
-1.7731151358021435 0.7176749166645431 0.5879903356272553
-0.9276115869771644 0.910124797210278 -0.4667450865071441
-0.9406627812039403 0.9170541811703066 0.03529172341412057
-0.9076617347332245 0.7524582479246869 0.5235930005747651
-1.9128676161154203 0.8639429194582933 -0.39809317191058646
-1.921098061102299 0.8477110947200597 0.09951382081097115
-1.8790901388256174 0.6146441989772464 0.5812821904856538
-1.039872955606853 0.8436041526157032 -0.47186536391192924
-1.0617701294696076 0.8893696362336865 0.03406386773174752
-1.027147535051384 0.7149087477653673 0.5216646711069917
-2.032421854141546 0.7994201704567985 -0.40325898726398
-2.0349015144398663 0.75382474426962 0.09244447152203072
-1.9295822089801362 0.19758636906266158 0.5527325193125581
-1.160595985170545 0.8419166881212155 -0.4706046064656402
-1.1812725942857014 0.8829072689632795 0.03456097046917428
-1.1319753895295435 0.6401936071119403 0.5170107404429292
-0.0015989850962654373 0.9054440792659344 -0.03843969901019584
0.02988922710115105 0.7392553833040134 0.45289235512798776
-2.108628046973891 0.5764983738393363 -0.4241272886555816
-2.113209680170314 0.5404026670589701 0.07524519364422311
-2.0116524998109213 -0.006611014487559963 0.5389087716776704
-1.2833934140789438 0.8503715101050835 -0.46837396223956596
-1.3007300630686842 0.876859123500215 0.03505354325359811
-1.2758993231684457 0.7411378215537461 0.5248663942057465
-0.11176862312038338 0.8567081973330435 -0.041268297032656776
-1.9878785026186279 -0.6775275663769493 -0.5462014158528472
-2.1843914977505676 0.2830746435646301 0.05433612267559518
-2.130717643409895 -0.024491369953564046 0.5380030194956635
-1.4060487343091097 0.859260709016012 -0.46614713271075736
-1.4180239807655397 0.8614780802073279 0.034706882639584435
-1.401076502374309 0.7597896347785325 0.5268114129740571
-2.2932266899276215 0.21682063794332773 0.049403957529721154
-2.2498244572306305 -0.04196590052249327 0.5370922605234956
-1.5425876836470422 0.8452415660314312 -0.4660603483479644
-1.560807886593551 0.8767343616073742 0.03709130684917916
-1.5463595910839416 0.7847685827457527 0.5292616407114838
-0.3880149123267671 0.9313971946429263 -0.031773992375674354
-0.08390033503427219 -0.3933194268143465 0.892808489008603
-1.6690350194697743 0.8440272474824937 -0.46487779219562064
-1.6871618880638977 0.8755930587886533 0.03792672555035104
-1.6658947373481254 0.7494076773912735 0.5273070852000092
-0.5232322170638923 0.9598674892130354 -0.027879663304629432
-0.24735162532439858 -0.26880752855129675 0.9006996671397065
-1.7974397606844263 0.8225326425286426 -0.4657141645711089
-1.8235515219555225 0.8626739047271759 0.037795118494686974
-1.8007803027226856 0.7266264579118893 0.5262647191721772
-0.6537243782274089 0.9438213979608552 -0.027873702840151893
-0.6345220271440724 0.8160126105117111 0.46355753342693795
-0.3940041620208632 -0.23732119303569732 0.9031005422312592
-1.9188524446893638 0.7978643565252392 -0.4669801672261382
-1.9397602166209964 0.8441765328749984 0.03701119820660104
-1.9144999034804329 0.6933635152228339 0.524360469980893
-0.7793197261432709 0.9345310007114884 -0.027387328938784705
-0.7560010511827215 0.7872424648374539 0.46233778397625436
-0.5283266894783623 -0.22807860649142153 0.9041319410044526
-2.050055116232201 0.8224201508882514 -0.4633728941243316
-2.0504424350485806 0.766223438385544 0.031137756510434045
-2.037369307573755 0.6739509739394842 0.5234325448710297
-0.8925137082039072 0.8946230004360682 -0.5377842863362456
-0.9059999320596006 0.9305471529750164 -0.02648038466388236
-0.8809643798199716 0.7734772811635624 0.4621794740397309
-0.6647426167458832 -0.20860507223474922 0.9057317296702241
-2.1676518753525755 0.779097156949982 -0.46660203535968314
-2.1482365368379135 0.6201505763085473 0.01939373414104928
-2.0782784522613724 0.23393660193080557 0.49248629014080514
-1.008124854690081 0.8425385523245037 -0.5414907415669585
-1.0337227389209573 0.931875628023354 -0.025152154759707557
-1.0036980150663624 0.7504243946832378 0.4613037625986909
-0.7998116187553563 -0.1934828245467921 0.9070430318552827
-2.2816078723912767 0.6554125923841267 0.023129991694149865
-2.155890451449835 -0.029850389664280996 0.47407322327679147
-1.1349362742124924 0.8393890849770944 -0.5402438123982574
-1.1602495912694906 0.9288235813129972 -0.024253555135073768
-1.1243076781428982 0.7180762488110055 0.45970993439739694
-0.9259204076582392 -0.21682292845132967 0.906057886286435
-2.3319164652845217 0.25044643256652943 -0.01084131796771537
-2.2977822529677354 0.039836095818372996 0.4793921033579682
-1.2638245595531714 0.8464125601188419 -0.5380074461262847
-1.2888534666010685 0.9359582302804146 -0.022507615880313026
-1.2622803114427938 0.7640547783628016 0.4638119260508393
-1.0574815569618892 -0.2153404559624965 0.9065006295878266
-2.438201209753416 0.13452163856081967 -0.020117946461978065
-2.4174496965322874 -0.007650811272657876 0.476323417826352
-1.4021080939981232 0.8976535798015277 -0.5313069303792144
-1.4024655552563559 0.875417207453947 -0.026731439427676307
-1.3955977673604423 0.7910834647386107 0.46648722092693795
-1.1857522391137962 -0.22801129343238102 0.9060783902842378
-1.5190863246615436 0.8521474373254119 -0.534540839986148
-1.5341467974605507 0.8980566481558689 -0.023716159657778846
-1.5265441652074685 0.8088609802546705 0.4684463063914155
-1.3213119476847766 -0.20605842594450596 0.9076610128123139
-1.6414185457622636 0.8313740008534234 -0.5352971037190581
-1.6573636245084629 0.8821952711779169 -0.024115510777773963
-1.6459897072488587 0.7734365562338041 0.4664764920908784
-1.4484169016657518 -0.2226869002890437 0.9069424192149018
-1.7617863740142354 0.801288668333787 -0.5370542486470367
-1.7826258210390478 0.8765283581288319 -0.023666807011904822
-1.7696268373679374 0.7579671546379982 0.4659283677775239
-1.5725303375166675 -0.253511249639665 0.9053562204081391
-1.9048595441616385 0.8566723408351589 -0.024503179387393104
-1.8873365853158788 0.7136059552926053 0.463231376810727
-1.710640263163853 -0.21542541786887526 0.9077897588450288
-2.0183648748190137 0.7932704431102788 -0.02918858130389701
-1.9487159841570616 0.3859665439874771 0.4397936383921479
-2.1149701743627674 0.6422392681877804 -0.041573234395327674
-2.0343315380222293 0.1709055901377221 0.42455368439739694
-2.1786702219396403 0.3153658363595362 -0.06935925085956107
-2.1458225265918713 0.08335814528339469 0.4185972730357026
-2.286151647168154 0.2087923956407769 -0.07793254454547416
-2.278158876101557 0.10397446545046662 0.4205058137614106
-0.5636844035154382 0.7221740594612021 0.5489020864207124
-2.2957838736887055 0.6262381590942674 -0.28633637030536185
-1.4222446511189162 0.5507460107558302 0.5870867292124604
-2.3675332475844613 0.4032985179271691 -0.28308410246783744
-1.5540544633431068 0.3293652646386285 0.5922833005625581
-2.4052259570421057 0.17801081792678364 -0.2819013078969146
-1.6467829215008436 0.10564626600520377 0.5956724206644868
-2.3989310224116878 -0.050818178008790404 -0.2833797415059234
-1.690497262628611 -0.12166768641190373 0.5968022863108491
-2.4431588412600576 -0.275419801624631 -0.2819013078969146
-1.784763954917878 -0.34438639437970764 0.6001916448313569
0.9265839665988551 0.9523153935025315 -0.5952555616658355
-2.257014425762563 0.7023039869169656 -0.4025878389638091
-1.914013232517803 0.677627025800799 0.494969658060727
-2.263797019345631 0.47428310585230626 -0.4031967600148345
-2.0304594148974644 0.45667684407585707 0.4996631662089204
-2.331078034098624 0.2509638901083253 -0.40015334685260306
-2.0480529577240105 0.22861495061432535 0.4996631662089204
-2.419027676835398 0.02969710109592061 -0.39589209158832084
-2.0465301868918573 -0.0010261615334279384 0.4987242738444184
-2.418231067009401 -0.19871224450145064 -0.3971094568532134
-2.0508055302105817 -0.23030924335649505 0.4980202237803315
-2.209453132944546 -0.4458831171500064 -0.4111108263295318
-1.876793454129853 -0.47566285090861005 0.48886852662151803
0.7758875246445882 0.9012986167133406 -0.7058770139973785
-1.5436986804745345 0.8231140290506014 0.36272697846477975
-2.2880656719165557 0.6463705457973461 -0.5152103384297515
-1.9385653815702142 0.620918218403415 0.38122349183147897
-2.280988540700804 0.40594339755646214 -0.5167757948201324
-1.9514897327202476 0.3807354627417121 0.3809803048807954
-2.3078082829053272 0.19091737223936356 -0.5161492307942535
-1.9734189394086314 0.1642184173694421 0.38122349183147897
-2.381035117581561 -0.03161803849109379 -0.5127055128377105
-1.9870683767463788 -0.06445652787057643 0.3809803048807954
-2.271085053132083 -0.2696782112709437 -0.520845599965396
-1.9965296633264842 -0.29352694668240087 0.38049345414227
-1.9471150006754954 -0.5280010885684883 0.37708621422832955
0.6493648549381277 0.9204725567987806 0.13720732132976998
-1.9820546417690537 0.8638950527266998 0.26955657403057565
-2.0181610449423175 0.6371039673536973 0.27056532303875436
-2.245865567460825 0.4364851114601258 -0.6332208593648101
-2.0450886795403846 0.4097607074785534 0.27106957833355416
-2.2535825920460297 0.2083847772463301 -0.6338641126912261
-2.1872977667870686 0.19166495312705845 0.27737193505352487
-2.232271529115849 -0.022196203325806074 -0.6364385565083648
-2.250613045609896 -0.03212316891250566 0.27964072625225533
-2.2217158095033227 -0.25212875355028963 -0.6383692701619292
-2.0559767672196188 -0.2779563522456554 0.2688005487162446
-2.0662085948551407 -0.5068186709016311 0.2682965318400239
-1.935306718637122 0.6874163682980052 0.15183215539043893
-2.046703232323239 0.4661419264049158 0.1567876855570649
-2.21592200780087 0.2729694505626359 -0.7504531820576812
-2.0792086638878544 0.2393211001210389 0.15756993691509713
-2.2391344373196915 0.04597019784207923 -0.7501227339070464
-2.3165152733495518 0.02944756759463729 0.16904526154583444
-2.2183951323756332 -0.18476121480474283 -0.7527667959492828
-2.3803819788609957 -0.19377020460429062 0.17139273087566842
-2.228289731217046 -0.4130419704188455 -0.7534281690877105
-2.3107286201753823 -0.4285992424105647 0.16669803063457955
-2.018201763826511 -0.6847611009481831 0.15026741425579537
-2.0212305290504275 0.9790400280799147 0.04278545777386178
-2.1017480961926367 0.7555378091383149 0.04628949563091744
-2.088421112242159 0.5254983196617751 0.04467182557171334
-1.291625497701645 0.03689652561433476 -0.9289042433064605
-2.4144023983702425 0.321688924400096 0.06138258378094186
-1.256006662231087 -0.19835530070302543 -0.9326354940693999
-2.30806466955778 0.08483811711881284 0.0546446363169526
-1.231181334511291 -0.4330448369323916 -0.9356882055562163
-2.421487312722334 -0.1342216482125087 0.05976562897747506
-1.4356928871219168 -0.6470848644710756 -0.9231378515523101
-2.132796704972108 -0.38819057343083685 0.043054870768246545
-0.7142125483067048 0.8665170201820453 -0.14492077429706107
-2.010153211141713 0.7250369249605546 -0.07341427405292045
-2.096517968414929 0.502113313356749 -0.06951875288898002
-2.1239113672740046 0.27506628253862075 -0.06896228392535697
-2.251609547721216 0.05628248469669472 -0.06284112532550346
-2.4049098445591426 -0.1595508796178864 -0.05532855589801322
-2.3600178871202218 -0.39203779284261575 -0.058945604161563026
-2.1866956099390933 -0.6368416771681931 -0.06979698737079154
-2.015849625407256 0.9536188223200321 -0.1868552645009185
-2.1412660718880403 0.7333078438448357 -0.18054241736346732
-2.197720946913293 0.508607760292417 -0.17824668486529838
-2.409219969804454 0.2963215285771481 -0.16705579359942924
-2.347779536007266 0.06307886170878962 -0.17164654334002982
-2.416481051970237 -0.1596354963772013 -0.16877741415912162
