-0.40245071950189804 -0.5439841967988759 0.26809310727644586
0.1206269789629264 0.14287655852806047 0.3032984715037408
0.21938164282466488 0.46082190078549523 0.3111901264720025
0.4450617654480027 0.7749650888931168 0.32639550977278375
1.0101894934139697 -0.4261431924292207 0.2257547359995904
1.0513731679515281 -0.15244520413604334 0.23035144620466852
0.6182261440483412 0.7596832515511949 0.21117448621321344
0.4099011435477813 0.9596919367813435 0.2000756245188775
0.20594447790844583 -0.39660137920050786 0.557334421210772
0.16614849091344297 -0.14508146868665506 0.5566940289073052
0.18466365735318213 0.12359289585132949 0.5593070965342584
0.10844155099600883 0.3636630258182869 0.5565204601817193
-0.29294819211874135 0.5092045565866652 0.5353250484995904
0.41282883331742326 -0.005448725536988164 0.4451575260691705
0.524343478035231 -1.0377964167599796 0.3181457500987115
0.5965313417783076 -0.7512695446540949 0.32450341992903375
-0.17899413984582502 -0.7279346091933725 0.2797222118907037
-0.11171014767072052 0.6251763701958417 0.037911413245684145
0.4785293055684967 0.14620213756640155 0.30768537335920954
0.5156518438583415 0.17900984348961124 0.3093609791331353
0.5528770406255656 0.2116763409656084 0.3110365849070611
0.5936165492901804 0.24095429607294072 0.31438779645491266
0.583417552207937 0.3189555130273867 0.2926044445567193
0.5295699763739705 0.4396730829777642 0.2490391712718072
0.5609019995501558 0.47880860651915036 0.2473630886607232
0.5856489826280793 0.5244348853803675 0.24233627133894586
1.5241469092392421 -0.9081599405891598 -0.5596122760243354
0.6139436647378584 0.5667048551275808 0.2389850597910943
1.640442055303966 -0.9559889902179339 -0.5046715754933295
0.6424102356679118 0.6088974576313877 0.23563384824324274
1.59749359565002 -0.855875604713022 -0.5511598605580268
0.6943726202458151 0.6277054955819867 0.24401187711287164
1.7232998389966703 -0.9138856784866096 -0.4898800868458686
0.6998532957560428 0.6930547090893384 0.2289314251475396
1.7631382861995597 -0.8915517590655053 -0.48354101366471625
1.8095736886062301 -0.8756552496705723 -0.4729752559132514
1.8494793204217785 -0.8536906870995011 -0.46663618273209906
1.8894277004427646 -0.8318992938822287 -0.4602966327137885
1.9261769052560567 -0.8071172191934455 -0.4560709018177924
1.959758748913254 -0.7793086816922052 -0.45395755953263617
1.9934263505162537 -0.7516298289044627 -0.4518446940846381
2.0175511010564247 -0.7144817391202061 -0.4560709018177924
2.0514220326026305 -0.6870264744185111 -0.45395755953263617
2.0853779364322715 -0.6597014350127282 -0.4518446940846381
2.106715114950916 -0.6195758057903582 -0.45818329042863226
2.13138989293685 -0.5827345726283095 -0.46240997499894476
2.146757247119039 -0.5361938152247543 -0.4729752559132514
2.168626894738207 -0.49618338353448266 -0.47931432909440375
2.193800412281508 -0.45949328960232627 -0.48354101366471625
2.2160053679360594 -0.419580908769829 -0.4898800868458686
