1.9714178128177622 0.575882812003071 -0.26038061708494187
-1.0437128681172148 -0.2957549031605158 0.7367874470324898
-1.471806067144481 0.2354587618138826 0.6379596081347847
2.0575075066289017 0.8831506963962141 0.3835355129809761
-1.511979796452394 0.5476248429458597 0.5290387955279732
-1.6846982409703664 0.38134387129499636 0.5253022995562935
1.8531975724452217 0.7865341965513508 0.24672187238649368
-1.661788772487796 0.7139965479247365 0.4291011181445503
-1.8416847854353051 0.6249474873737473 0.2968469944568062
1.9251501926334278 0.790113926070978 -0.0023823890118217506
1.5627023626611845 0.7884694930535616 0.004158863124408718
-1.6362444808488519 0.85941866780745 0.1831737843127632
-1.7512267599472686 0.637203470935388 0.17638719945863723
-1.8601009346919568 0.40813201365103957 0.16920364767030716
-1.755422934362258 -0.03720734635489542 0.15017784505800247
-1.8913159435338294 0.06704853069029326 0.0362449970813179
-1.9255535190958106 -0.24030817625605927 0.02441800504640579
-1.7007275022735868 0.2000141831410467 -0.08187495798154831
-1.846534970157851 0.006049678684016513 -0.08726679414793015
-1.6702217943250055 0.4023924736672342 0.30956567197755813
-1.683650949123507 0.28787985020906426 0.31709302335695266
-1.6887335814569333 0.17813550325126748 0.3234621372790718
-1.6366900120009262 0.09774617249132689 0.3223041382403755
-1.6292962025263122 -0.005137462484972488 0.3269363728137398
-0.7781458430761781 0.41665566225720063 0.6439775314898872
-1.604539139104677 -0.09907145865399158 0.32925237089113235
-0.7742208090710605 0.30865914762057045 0.6485172596545601
-1.5934994325601401 -0.19961897125226358 0.3333054867358589
-0.7752025616172489 0.19859028042085036 0.6535614815326118
-1.56056076578 -0.289189858533911 0.3344637241931343
-1.9943316976779712 0.3446507510452186 0.25044239431337356
-1.9902058801715903 0.24023303273848384 0.25580967336610794
-1.9512180029120145 0.15413362681361242 0.25640571981386184
-1.9302201343439158 0.05887870919405991 0.2593876209826851
-1.914024043636097 -0.03861611718966529 0.26296580701784134
-0.8685368691247426 0.48554545449462516 0.5994414177508736
-1.8849020323402144 -0.1293873653012625 0.26475466161684036
-0.8731809559280457 0.37325763471386963 0.6050855007739449
-1.9889369015846476 0.6468012754790244 0.08831418424562454
-1.8694571340471207 -0.22685338974722669 0.2683328476519966
-0.8783022802288372 0.2611575295834303 0.6107295837970161
-2.1718402986398466 0.44174466096786524 0.12067569166139602
-1.8543976645548383 -0.3242791676661678 0.27191103368715286
-0.9017387088399467 0.1404467166026251 0.6184259739489937
-2.0487608575098157 0.40024016784666294 0.10947359472230911
-1.830803399276057 -0.41729955638519023 0.274296411571064
-0.8765664548751531 0.04408316485773334 0.620478519496479
-2.149850928417308 0.2406987387605959 0.1300109711261177
0.015146568672225413 -0.6302447985431314 0.6167391625018501
-2.132864265664413 0.14372181304707077 0.13374484449342727
-0.21157944878700974 -0.833747868258957 0.21865952878908157
0.2556845924391524 -0.6325707907245022 0.5945450153918648
-2.125091211977523 0.042236413403061945 0.1387237396808052
0.000923971236382215 -0.8480452515935646 0.19665659337953567
0.4691842764969536 -0.6484060171605286 0.5753773537249947
-2.1044762949135 -0.05238809984606796 0.1418353405566597
0.18174719598851752 -0.8775268551177859 0.17870701223329544
-2.1063661168160905 -0.15820161720591308 0.14805854230836868
0.5223767065498528 -0.8394956691227549 0.1404916134448433
-2.108707065062596 -0.26385517632830435 0.15428198247865677
-1.0729025520750497 0.2500279672207011 0.5801159229846382
-2.0892770732173815 -0.35830280089147415 0.15739382177309036
-1.065101910281971 0.14530089173568506 0.5842901554675484
-2.086957974872025 0.5232074422229704 -0.13358127206846238
-2.0657664697051175 -0.4505483208960097 0.15988315015748977
-1.039881720191449 0.04946052230080866 0.5863770332904243
-2.0907443850889145 0.4142132819388262 -0.1262596759228325
-2.0827287250541637 -0.5624051682373636 0.1679736462207222
-1.0239650797571151 -0.050768043813413044 0.5895079460711861
-2.086222404114821 0.31000930584646724 -0.12026917070432663
-2.0599889832865514 -0.6545464007631807 0.1704627361865425
-2.0865355966949295 0.20363816686521474 -0.11361300081296921
0.0362560081551635 -0.6165490099914805 0.5640379276843452
2.0179794668712248 -0.7714406491562222 -0.023371091785869602
-2.074088346210477 0.10424059514370221 -0.10895358652158738
-0.27361907048799594 -0.8569883937718341 0.12699736028627395
0.204015328521713 -0.6511151949218927 0.5496713009448433
2.076235628687204 -0.8617905268673383 -0.025687328281841282
-2.0840983085119227 -0.006377078483888354 -0.10096632570310593
-0.03854856597558509 -0.8611063490805275 0.1013542500110054
0.44018413403296464 -0.65677455539001 0.5276080456347847
-2.0857487319341246 -0.1122898384472073 -0.09431039423032761
-1.1161165658310956 0.3795876904064919 0.5289002743335152
0.21957459616379893 -0.8568415005704679 0.0727292385669136
-2.0701406525953097 -0.2091374108486228 -0.09031664461179734
-1.1210933200444693 0.26813994954236975 0.5347353306384468
0.43243385767031484 -0.8738527791929869 0.05006779104188919
-2.0682232537388536 -0.31257971230356496 -0.08432613939329148
-1.1176467940425923 0.1613166554756873 0.5395094242663765
0.7277053133976672 -0.8571997049839091 0.016672023829975124
-2.0667326193307503 -0.41588662449858305 -0.07833587259336472
-1.110179221318532 0.05682778995258353 0.5437530365558052
-2.0256215622777383 -0.49944028521528416 -0.07833587259336472
-1.0986796037432 -0.04537840325780529 0.5474661675067329
-2.056127542766184 -0.6177671549297177 -0.06768595308347702
-0.12338283975480735 -0.7106355382465992 0.533156045970478
-1.9487392711982778 -0.6691233158830947 -0.07767020792051316
-1.9231850953827099 0.20751312984754655 -0.47034012407346726
2.1643778393191972 -0.8215080506148009 -0.1443432483105278
-1.9503280844687367 0.08733997519771464 -0.4587224635510063
0.3346059781301918 -0.7260890945271097 0.48984874158815384
-1.9868390332963948 -0.03697714704484767 -0.44565259546323777
-1.136191105898451 0.2865243630873042 0.48623336225465774
-2.035027264229008 -0.2711256366789492 -0.4238694819836235
-1.1415470487305797 0.1752799352001304 0.49216378599123
-2.1884672524282216 -0.4513965178142527 -0.39192115396543503
-1.1340130154663193 0.07084440474680775 0.4964767780871773
-2.134156420399602 -0.5279842503008005 -0.3940993461041069
-1.1313664627656301 -0.03568279903218219 0.5013288345904732
-1.9866764773909793 -0.5593516561882925 -0.4115258368877983
-1.12022070371399 -0.13772787037855494 0.5051027622790718
-0.030337160327004398 -0.6268894652320114 0.47055042653993606
-1.9237870414117744 -0.6324384368230493 -0.4151564750103569
-1.1050091586739441 -0.23754382234555926 0.5083376255603218
1.8438570113362012 -0.8620226048562252 -0.26641832918210984
0.10093643741379665 -0.6772673328331251 0.45994151502565384
-1.8477251627122406 -0.6994213155942166 -0.4209653052715874
2.10413861209215 -0.8699091513485193 -0.2962905082134819
0.3095672981443016 -0.6944511912131617 0.4403146591754341
-1.3368261398439216 0.3952953726246129 0.4514356937976265
-1.3283311206963901 0.2911782262664797 0.4558178272815132
-1.3247040889837045 0.1849180289846224 0.4607480850787544
-1.325962349562868 0.07656613546596347 0.4662264671893501
-1.3143125105854807 -0.02500988453896369 0.47006095319704055
-1.2807667374732254 -0.11557204934101861 0.47115672498659134
-1.3101190311852449 -0.23665130038043003 0.479921468791523
0.07927952574913633 0.4335163389620593 0.718301424083271
-0.01809989617989416 -0.7040680557588388 0.4226161327929878
0.08114195889422504 -0.7687477332412485 0.4156073418231392
-1.414171646067281 0.3382098111885501 0.4131852474780464
0.27138590258479667 -0.7942607946765143 0.3978160706134224
-1.352709195546204 0.26136817214676533 0.4109593716235542
-1.3269934690814829 0.1663850828548359 0.4131852474780464
-1.3372134678433625 0.053632685831741966 0.4198631134601021
-1.3256459045817017 -0.047884597332581436 0.4237583962054634
-1.3189492380786625 -0.1515198077588682 0.4282103863330269
-0.3020466633276442 0.3412713456905543 0.7048083630175972
-1.2813883048594477 -0.23985575201485076 0.4287666168780708
-1.306826634688818 -0.3584847415797352 0.43711388975099563
-1.5405927460590263 0.5155290448562333 0.3631044712634468
-0.1426513719995519 -0.6578197445385197 0.38295997053102493
-1.5403543109928641 0.4073043511758563 0.3687645283313179
0.02479431053862413 -0.6916241348461813 0.3676213112445259
-1.5228924609273307 0.30830392822175234 0.37216080099061966
0.22870690298022822 -0.7104547480452634 0.34790051847414016
-1.5191103558752523 0.20257784457578332 0.37725485235170364
-1.502456751171568 0.10369036100047957 0.3806508865924263
-1.4995291771995447 -0.0018265496507563483 0.3857451763720894
-0.5814156500934651 0.4570868497691887 0.6743022289843941
-1.4925877235240819 -0.10500786571121168 0.39027322202638626
-0.5996799405241333 0.3374177769809634 0.6812423554034615
-1.4994450477829382 -0.21465830014533438 0.39649952321962356
-1.4799668500552379 -0.31106499793887643 0.3993295517535591
0.2937510937258665 -0.5953491820677694 0.6906839695544624
0.057152468961731984 -0.8033334085743409 0.3191403236956978
0.22448061895548577 -0.8388027984443553 0.30355919271425247
0.009518240050258697 -0.5810776960135939 0.6653789368243599
-0.07543760008785227 -0.7276340951768034 0.2742399063678169
0.26827990063605256 -0.5749038251033305 0.6415840473742866
0.1146215612834034 -0.7520889176665548 0.2555612412066841
0.5000786574965446 -0.5824202544676744 0.6207634296985054
0.3048199468472177 -0.7777330465932035 0.2368828144641304
