0.7964142677790136 -0.3533858829677481 0.11606531361843686
0.7827964586148397 0.15569259388120393 0.11286144475247006
0.5433555806591244 0.6326113231219441 0.10284404973293881
1.9405028125236612 0.39587037115101076 -0.35454625864718814
1.7415060437800918 0.8743863030701267 -0.3637840249130573
2.033882267778125 0.5091569387671733 -0.6026494004318561
0.3487525946463279 0.5641121702954432 0.3507802985122357
1.1914159304403995 -0.6923988724901751 0.2335474989822064
1.5794669381499347 -0.43550854744997025 0.2548349402358685
1.6209502167240828 -0.14323225397519224 0.2554266951491986
1.6336827554622886 0.15222596148940326 0.2542436621596966
1.5483231792362346 0.45925982804954835 0.24714784840847592
0.4201613072520729 -0.7175811075060796 0.038284113209501314
1.8008495912023506 -0.5614338226766531 0.12107305745388608
1.9262460234221521 -0.27903738074407336 0.12685661534573178
1.96332012805955 0.012556493569997329 0.12716083745266538
1.8675318332820012 0.3194379428614358 0.11924724797512631
1.0624666243754604 -0.7068796866505256 -0.0716874100754108
1.8325184772842533 -0.48972877430186834 -0.025038430888399077
2.0722542379495508 -0.21996978582356164 -0.011888215739473296
2.1838992860175637 0.06274545270830423 -0.006879518229707671
-1.1107449965377327 -0.8205838754988122 -0.3593294121811237
1.6149727545241177 -0.7917837808457868 -0.18459720392917056
-0.4580279605395958 -0.5659134057134416 0.8927701018264447
1.9529513675995531 -0.5308959372455355 -0.1646458603927936
0.010122071019836199 -0.31147090476762607 0.9149544737746869
2.0089838788585865 -0.24152817811662786 -0.16303653498385806
-0.047234882458567995 -0.0028985576485887066 0.9104168913772259
-0.10347728275435486 0.30618024979103886 0.905879308979765
-0.12387700960731252 0.6117376909164829 0.9031060240676556
-1.3924320370240508 -0.5771201325643371 -0.5322110154220905
1.2487996796216407 -0.545104715553947 -0.3583681084701862
0.14413855380054486 -0.39994029235516493 0.7717903159072552
2.108373874126727 -0.3397470204524833 -0.30317468424533267
0.523343769743235 -0.1390928992881264 0.7900469801833783
2.1799370199580324 -0.05264140020950947 -0.30053062220309634
0.6006067380391613 0.15297409117074068 0.7923944495132123
0.5449405902774771 0.4600282840881622 0.7876995108535443
0.5003093390078561 0.7664063589613637 0.7835267088821087
0.5112878406792873 1.0665604086475877 0.7822230360915814
-1.659271799399221 -0.6415331699532771 -0.7031189896652545
0.7484878111156235 -0.5817922574054037 -0.5406395890304889
-0.09956001266871795 -0.751412882443347 0.6102440855910931
2.0444450780707655 -0.42033482665978816 -0.45414180536960025
0.0798916799107161 -0.4676214761595556 0.6183298132827435
2.2000171921127674 -0.1422379601188073 -0.44566125651095767
0.6635296079766562 0.37233688500251994 0.6447432539870892
0.5789071437101398 0.6828992132618641 0.6382744810989056
1.0130546756392107 -0.5482684554127353 -0.6721169449875202
0.08141454930324699 -0.4365162345371161 0.46771745900417905
1.9617173142380864 -0.35135051499373127 -0.6077529885361042
2.1125525014304998 -0.07250900359993295 -0.5994035698959674
-0.16298142650337866 0.498118077426172 0.44851904134060483
0.2734376905830658 0.7501502217854945 0.47105627278591733
0.2843652094011304 1.051079156410033 0.4696648619582806
0.7554706245329754 -1.1040644982038277 0.359553625386015
1.5061468914609293 -0.8802534464160718 -0.7838050820419635
1.062842717979649 -0.8357436607613167 0.3756225607803021
2.017330452894882 -0.6366337955095798 -0.7492129304001178
0.10993139795819218 -0.4384009928816379 0.31880598286892514
0.1216525264777033 -0.13777845585812187 0.3176587126662884
0.12944630694322257 0.16342751139056233 0.3162239096572552
0.35652225361907597 0.43969771463943985 0.32741480092312436
0.9017540912424664 0.6770453596580648 0.35697059850002866
0.7885410266545421 0.9908394515366687 0.34836178044582944
