2.2163059523851416 0.3733783598231657 -0.17729059899496757
1.9605708425609265 0.7421296495438554 -0.13998095238852226
1.80569315244486 0.7933020133954081 -0.13248888695883476
1.6716737963742787 0.815391415639894 -0.7029687568013641
1.6527575807293715 0.8403437201837765 -0.12544266427206718
1.5305919535230998 0.8247853188381686 -0.6987415953938934
1.5203291918730457 0.8212372098344236 -0.12463442528891289
1.3939525007705669 0.82041762309753 -0.6960775061910125
1.3794125669538744 0.8312496725973446 -0.1211568518941375
1.2462362464700618 0.8547293708128532 -0.6892534896199676
1.2386974109881805 0.8418092578333063 -0.11768166268515312
1.0995650560301868 0.8481285708380888 -0.11465565407919609
1.3707629270538035 -0.5429402379357189 -0.835473696834323
0.9592461358629265 0.8597618889985981 -0.11118666375326836
2.124456943106935 0.6848214222326998 -0.2154547377889129
1.2891177371938198 -0.757218277690793 -0.8557793303792449
0.8245245936118266 0.8527527430436965 -0.10950533593344414
1.182155427509656 -0.8851467752996083 -0.8667222663228484
0.6885500249293273 0.8510452650108284 -0.10738102639364921
0.7592611080840186 0.5560265794129062 0.4054385021860627
0.5513718822062401 0.854643160938096 -0.10481421197104179
0.5973646050795622 0.645982695329792 0.41420157706094063
1.7350655634849943 0.5904754181192562 -0.21609465325522148
0.4130429181756625 0.8635689226460084 -0.10180346215414726
1.5299601137900538 0.8495665429106971 -0.8298856421773406
1.6003330511007476 0.5758420275626506 -0.21480385506796562
0.27617936886058203 0.868199121758968 -0.09924284661459648
1.386339669028473 0.8690125457140425 -0.8244110747640105
1.4302388352723767 0.6810591809834889 -0.20215908730673515
0.6139539266088292 -0.88893092981486 -0.8558403655354949
0.1394645357658817 0.8733539515244573 -0.09668556893515312
1.2540220429736877 0.8109020813980781 -0.18723932946371757
0.004152159354759988 0.8741855481571132 -0.09457794869589531
0.03717776765148528 0.703638832789796 0.4251716927225617
1.3209279487351324 0.14555664937563684 -0.8995405837361785
1.1161604880221887 0.8123736320414494 -0.18459097588705742
-0.12611468595494557 0.8562229765118854 -0.09426180566000664
-0.10108791985062737 0.7145473596950147 0.4275306061441926
0.9743446264596543 0.828727123004489 -0.18058125222372734
0.8354707611222523 0.8360459913636777 -0.17748324120688164
0.8854691887035386 0.6434578204574279 0.3371706799204377
0.7020971965824998 0.8246945222216944 -0.17620865548300468
0.7354068741071274 0.689583419591731 0.34271701132607735
1.8127561470186748 0.6985919524052981 -0.275013606197116
0.5661404014751099 0.8234409497494557 -0.1740280791585418
-0.6717122752678932 0.8907350500758469 -0.08364216530966484
1.645090962548366 0.7932479624325808 -0.26302925789999687
0.4289970411584534 0.8275013824329402 -0.17139498437094414
1.5067997606473398 0.7932395500304832 -0.260301749355075
0.2920041740132717 0.8320745142310351 -0.1687657042806121
0.45981162324524405 0.18607124792914043 0.30765064513039864
-0.9119261588424905 0.7277797375610042 0.4367211655313996
1.3559325824442539 0.836719453369664 -0.25341049874472343
0.15516007380044528 0.8371637469100044 -0.1661392852132293
-1.0738172630285732 0.8988961195641814 -0.07783571923422539
-1.0356842105912136 0.6839329702833545 0.43452747618508614
1.2194563171127726 0.8330248975898478 -0.25115172112631523
1.4322787414604363 0.08973251779883995 0.21950205122781075
0.01846819299819913 0.8427622769373162 -0.1635162040059539
0.026809964216695903 0.794088093360946 0.35962661063027657
-1.204685293836718 0.8896545325138359 -0.07710234368490898
-1.1421199117653913 0.562696886879035 0.4262839153940705
1.0803236071709676 0.8394039189961955 -0.24796978676962578
1.2960466222089906 0.07625030159199042 0.22046263968301094
-0.11929779187862266 0.8536976589246663 -0.16044060433554375
-0.08773573988108296 0.7132465764492704 0.3547364071543244
-1.3355134649450093 0.8808823364642127 -0.0763732596700164
-1.2708673806675819 0.5391100880600916 0.42558773314309395
0.93728086429158 0.8606787920591099 -0.24340120995688164
1.0126226054914156 0.5810656529428773 0.2639582947428254
-1.4641813847817673 0.8628542062518285 -0.07654396737265312
-1.4007503375730863 0.5208546582120039 0.42526539122414864
0.8039282661490006 0.8489572423937606 -0.24207941735434257
0.8109503712513089 0.8090458342312274 0.28462560927224434
-1.590266470984247 0.8861594000577409 -0.6346804305379363
-1.596009630466213 0.8598799262392003 -0.07537428582358086
-1.574527515062826 0.7077987243916244 0.4408233956034211
0.6666367454115374 0.8521126064666369 -0.23937050545859062
0.6601908346041228 0.8602460937310781 0.29071815764260567
1.8964519915312366 0.6058268467482915 -0.3524357482259246
-1.7246864796740908 0.8427798148977814 -0.07555405343222343
-1.6996348447452192 0.6710955485931667 0.43898423468423164
0.5308003326668285 0.8509842887705066 -0.23712841714071953
1.6905343488355697 0.8239056691571687 -0.32795302117514336
1.871997136775832 0.1689400042587632 0.151042302006009
-1.8483264655539813 0.8017435556514947 -0.07798306191611015
-1.8238968447000872 0.6299447003415111 0.4367609814341096
0.39378588448451524 0.8551700269420781 -0.23442618096518242
1.5594777967022253 0.7998871685831048 -0.32751194680380546
1.6955899184501533 0.28748283764138804 0.16331799780679024
-0.793761686712088 0.8676811113828844 -0.14966742242026054
-0.768212058596788 0.7413627348018021 0.36421497618508614
-1.9830939668944438 0.8148036925627213 -0.07547823632406914
-1.9433808198350704 0.5647776886418647 0.43263872420144356
0.2569168014682788 0.8598701397554009 -0.23172775948691093
0.4270489957114876 0.2033426423691722 0.24231346403909004
1.4312218392900746 0.7668007904541927 -0.3280183478658172
1.5102223164161188 0.4402394087955077 0.17841156279397286
-0.9054414589300563 0.7553038926888291 0.36664326941323555
-2.084469958026915 0.6623452085995325 -0.08824984276938164
-2.009521661304916 0.23111279815211638 0.40767439162087715
0.12020506586802071 0.8650778743899181 -0.22903124535727226
1.2832416691880724 0.8010256683818859 -0.32192484582113945
1.3414685140869835 0.5412387331258124 0.1890848473246125
-1.024781036218883 0.7117614749104586 -0.16091076577353203
-1.0335544304839743 0.7308798009284523 0.36597140585732735
-2.110992274516832 0.12412586557881866 -0.13653580392050468
-2.0596670988494026 -0.19549279684083842 0.3754862145121125
-0.013867785688631784 0.8611570595405702 -0.2272679015462371
0.0008870793239594832 0.7874869449910396 0.29353626524758614
1.1439431855146864 0.8071665681816693 -0.3186647101705047
1.2206379304638801 0.4801837407786369 0.1860776737864045
-1.150815500315602 0.6780570787917721 -0.1624323531453582
-1.1672210214381664 0.731224731976587 0.3672312096293
-2.170414013694682 -0.26276256065578707 -0.17092243874716484
-0.14785492976878345 0.8577417345775302 -0.22550694192099296
-0.15304029454837575 0.8613174210047632 0.30119641577554024
1.0034479313332412 0.8186162944198241 -0.31493536675619804
1.0146877207034208 0.7166532072772878 0.2080217198069123
-1.2769873515421466 0.6447920176411888 -0.1639591857259246
-1.2986251052849553 0.7223313969489187 0.36771257674050606
-0.05457367801605528 0.02389479932365468 0.7709360912973908
0.8631593248226466 0.8306029378322215 -0.3112088843648406
0.8402481819155696 0.8485743637118937 0.22111638342690743
-1.4553584406755675 0.8503230973081273 -0.14308897698569023
-1.4278654346699682 0.704166794454304 0.3674150303537873
-0.1997350375481517 0.054596455542224476 0.7741099194223908
0.729759053272474 0.8191523610607714 -0.3098465606038543
0.6948837915193735 0.8804263727281683 0.22575624739480293
-1.5830496824437574 0.8278497815612322 -0.14370457375693046
-1.562362871958399 0.7108275700833708 0.36905201231789864
-0.33274455434758465 0.03739381457462443 0.7740248039896516
0.5937636703287126 0.8177893742363143 -0.3075434371297332
0.5775385313250183 0.8119214635771765 0.22193225180459297
-1.7159484275886427 0.83017996066115 -0.14203802788901054
-1.6977486367200925 0.7228553044170631 0.3710733250315217
1.7110583573257259 0.8679865693205091 -0.3910571738545867
1.87503255041797 0.29541638511705237 0.09336741720986641
-0.4797476587930163 0.07887335760405634 0.7778457001383332
0.4565800466485399 0.8217352645621983 -0.30477158272909843
0.44943268170959527 0.7822821274351526 0.2213259533579377
-1.8456990765992742 0.8183655226498612 -0.14174763405966484
-1.822834638925201 0.6865821711033924 0.3692112759287385
1.591659142396594 0.8057799969278143 -0.3944298430745574
1.6888344062309528 0.4472638307028767 0.1088083580668
-0.6240555218475805 0.11121445012265596 0.7810133293802766
-0.8232565537543479 0.8770799099306288 -0.21396748269247734
-0.8021674077187555 0.7692879235877186 0.3011320427591828
0.3208311203635219 0.8213871156843648 -0.3024751349751922
0.3212387959312082 0.7531028918426372 0.2207146481211213
-1.9704692703411553 0.7826333675323234 -0.14375035012411796
-1.9460874158281172 0.6409641526164211 0.36656721388650215
1.4563066343462765 0.796431565669538 -0.39252487862753593
1.5166355012530204 0.5569825858458746 0.1205561951334504
-0.7646394267413683 0.1295405942797334 0.7832012966806916
-0.9381385988390605 0.7784904291937202 0.30324323927712715
0.1839314234829743 0.8263583028155264 -0.29970995629477226
0.17648140480235952 0.7870210813335028 0.22534163748574532
0.33452253530929 0.1432099847256989 0.7150460079844025
-2.0729097221452832 0.6350375207948957 -0.15629069054770195
-2.0891285152411285 0.6935273437627814 0.371684391849759
1.3139954273237464 0.8114514202485488 -0.3882209464375945
1.3453414174221336 0.6674556608360511 0.13230689322305
-0.9005233080137032 0.12893574086079518 0.7840815380747346
-1.0695001920597917 0.7687631056311446 0.3037675217325715
0.04468022183671394 0.8414765327032931 -0.29600111687826836
0.03833837966952558 0.7973844128205787 0.2279494599039582
0.18035432152382214 0.2061853638006621 0.7206641033823518
-2.13402855898525 0.2727619139750441 -0.1889983817403289
-2.090432503615361 0.02761090067987304 0.31968982970071114
1.1746994305690492 0.817460971707284 -0.38488165581869804
1.202744111113617 0.6829634406704539 0.13583858763528145
-1.029721270640323 0.09962770268629306 0.7829995945627717
-1.2272733482004412 0.8966121427834448 -0.2068950339620086
-1.2051975095433392 0.7789601400101134 0.3058725193674592
-0.09188101855995967 0.8474835769223255 -0.29324166024374687
-0.0959189259129829 0.7937849381035047 0.22934397017312325
-0.00039834927240178786 0.3761318792389243 0.7336116627390412
-2.2044213984384697 0.009502852102958315 -0.8522764846150848
-2.1900355984928837 -0.1286363374807138 -0.22539774621176445
1.032828733018377 0.8335684705477338 -0.3805834456746551
1.0590094891387452 0.7038230507852852 0.13977916991067207
-1.1644270048905696 0.09512478620588638 0.7835453346903352
-1.3537588860252612 0.8684752026670282 -0.20795933449911796
-1.340723771121901 0.7896546416234411 0.30797394072366036
-0.15916423339314179 0.46463943501305494 0.7408994034464387
0.8979791914484139 0.8262804832150081 -0.3786932631795379
0.9155479760568568 0.7252319153080453 0.14371689116311348
-1.280975471049672 0.008240600575051715 0.778533060901883
-1.4814019472661215 0.8456456163097155 -0.20856301034140312
-1.4781978956878987 0.8106111827266158 0.3108657196695832
0.7618664181482728 0.8242889850869641 -0.37632481301474296
0.7469129151995588 0.8383975359167994 0.1554709271128205
2.1098014309625057 0.4206807585659931 0.031841595524075395
-1.3928021683122012 -0.10266690702010273 0.7718780831034211
-1.611192001600969 0.8329984088829239 -0.2082392379109832
-1.6029125536345532 0.7735725505790114 0.30899723326516426
-0.46384086545819514 0.5999933261606234 0.7524777249033479
0.6258683941178163 0.8227963254486088 -0.37396017754721367
0.6122634246800231 0.8321821151332855 0.15693743979287422
1.8390273854996906 0.8775964802641507 -0.45972553933310234
1.9006667215480917 0.6426967025051589 0.053919632786038285
-1.5135380847873137 -0.17419285434196574 0.7678287819559602
-1.7409711873171858 0.8208187140818222 -0.2079197570149871
-1.7318949005187108 0.7564928011553214 0.3087097004587678
-0.5890670298173859 0.5594611470259601 0.7507599190409211
0.4886684208619272 0.8266226975474247 -0.37111679757284843
0.4907534047738409 0.7783753515317251 0.15428264891457832
1.7168307747677432 0.8244936307520323 -0.4621578856770965
1.7499854273759894 0.6798756929360277 0.05965455328774727
-1.6235398654730773 -0.29907371419916196 0.7601733997995881
-1.8667116612908785 0.7896034351502568 -0.20946947777914726
-1.851824218929039 0.695929381261255 0.30484660422158516
-0.7807776990021011 0.8462420484503301 0.24151833807778633
-0.7144680514472981 0.5193578440007496 0.7490359142954377
0.3529082730065909 0.8261533549153697 -0.3687593146626922
0.34965147194427004 0.7971743939439406 0.15779979979348457
1.5814555172728575 0.8146673801453232 -0.46019713128256523
1.5881875774442165 0.7558208972186389 0.06874306952309883
-1.988609354710178 0.7393087568546246 -0.21289030755209648
-1.9958798722472864 0.752995537256691 0.3105026081736115
-0.856886500556314 0.676092284271828 -0.29807583535361015
-0.9029245753339694 0.7971128026967307 0.23884876524758614
-0.8468314415096785 0.5088312676619342 0.7493100956614045
0.21726967795346752 0.8261863032512391 -0.36640516961264336
0.21007283456870596 0.811698690054568 0.1609023407633332
1.4433011487341645 0.8148866812031041 -0.4572617217366668
1.442695236318471 0.7799251330962207 0.07321818625283516
-2.1000530742612966 0.635722328935568 -0.2214514418904754
-2.0721940631600972 0.47334229694330965 0.28875954901528633
-1.0331237686609995 0.7824057091760697 0.23900469099831856
-0.983627835801272 0.518235294965514 0.7509167984659699
0.07797831436762692 0.8411729312381002 -0.3626085921590301
0.0732268073009692 0.8171120540563219 0.16317852293801582
0.148229279991412 0.48638299356345804 0.6666096047098664
1.3066869830568493 0.810856926698202 -0.4548198386495086
1.2876686799687889 0.8380588575994228 0.08062775885415352
-2.1776789168573316 0.3565969790655785 -0.24682633126425468
-2.130264866984888 0.09108349604436938 0.25865443503213204
-1.1719770071828464 0.8846797684538767 -0.27411810601401054
-1.1688134205085134 0.792461189915187 0.24118073736977852
-1.116957384201072 0.5135409565981899 0.7515176132853059
-0.049940172350673606 0.8133055522087922 -0.363150756007907
-0.0634687267952927 0.8230381171726808 0.16545112883401192
-0.0020283510626057932 0.5403960431333719 0.671742756717923
1.1715653955132126 0.8025539492829417 -0.452870051509616
1.14567749659939 0.8537715507371573 0.08425935065102852
-2.2148614939873568 -0.14241499153643034 -0.2932335540120574
-1.3010823278007138 0.7884248549560748 0.2421384648020295
-1.2448155073263933 0.4849898245813904 0.7504425839121369
-0.18160677848108264 0.8003605776784575 -0.36225334847616875
-0.20733936649560292 0.8584543414596393 0.1701954201395539
-0.14201280270282268 0.5563185645714324 0.6741326645548371
1.0296554001585605 0.8186714505743069 -0.4484769507710906
1.0341102486924143 0.7646496864531436 0.07865126883340157
-1.4304549943846894 0.8527793933271468 -0.27387634957480156
-1.4343521251248177 0.7897496914405853 0.2434981659586457
-1.3717004555733467 0.45200884033426014 0.7490287617380647
-0.319278270517799 0.81204546187573 -0.3589488669698211
-0.2926166085302384 0.6163330215143823 0.679606755131009
2.0734507213803255 0.46756429493716034 -0.03114430154013359
0.8920482210616996 0.8209736366661868 -0.44555489266562187
0.8841030175477016 0.8101187974420583 0.08479531561684883
-1.5581423272668928 0.8302225061028476 -0.2744743033711883
-1.568557925361901 0.7964258490537048 0.24525960242104805
-1.474630536518859 0.3072830112460778 0.7399106815989045
-0.4674474665797561 0.8677342920627016 -0.351307551509616
1.9013642815106948 0.5707053263049691 -0.019282500392672652
0.7559285428050799 0.8189957456032122 -0.44312636101889336
0.7372132525066917 0.8465952733976572 0.09009774481606758
-1.6858852020406374 0.8081122644989023 -0.2750765487019988
-1.6995269299819284 0.7889596229144438 0.2458015278513459
-1.5722905922330739 0.13355043897356822 0.7287720040018586
1.7069552663480465 0.7868002352489771 -0.5325242682759734
1.7373957355828793 0.6507764166612784 -0.00955931389975273
0.6185950344970763 0.8223265795546624 -0.44021097863363945
0.6052411283789922 0.8308045560859885 0.09077628409219063
-1.8147038057041414 0.7913252170779561 -0.2752086325948211
-1.8284294093946727 0.7722198452374336 0.24552925383401192
-1.6842386800013998 0.023548103445063973 0.721974451893094
1.5642865127874188 0.8008387117123519 -0.5280243560140105
1.5755651885317832 0.7267691949596493 -0.0002628966634246055
0.4840161717096976 0.8165704966089837 -0.4382797881429168
0.47459129122373156 0.8106884229946285 0.09102948462319649
0.5844836993535267 0.3901045749787979 0.5888830021555451
-1.9395569623797826 0.7554867958146154 -0.27724615777182304
-1.9394140994439795 0.6680407472763115 0.23795111929726875
-1.727114849700314 -0.4282991164681249 0.6917084053690461
-0.8700519547518581 0.825617846747102 0.1753059223825959
-0.8294183486071347 0.6049936533109737 0.6832974747355012
1.4246908502331337 0.8058877013488193 -0.5245234175984832
1.435684591034743 0.7318233146336066 0.002611000889065629
0.3469444533646424 0.8209196716972649 -0.43537155831503593
0.33876590126565986 0.8102886390791415 0.09296115195107735
0.39173411310956396 0.5965311287144441 0.605406840198758
-2.0488741481144075 0.6420027717718853 -0.28689352715658867
-2.0187014217000723 0.4029460198311128 0.21697433745217598
-0.9542553249544312 0.6599801351115833 -0.36419216836142265
-0.9990409713215342 0.8059295613010633 0.1750770405466584
-0.96367598682032 0.6046066021644343 0.684297163837674
1.2922746525708817 0.787600150502012 -0.5235144301717254
1.2833522070603323 0.7804244928908535 0.009336789005520707
0.21129550087680116 0.8209730306307339 -0.4329559012715789
0.1992450432046553 0.8248508110264421 0.09615071570229805
0.24381061894193579 0.6398749917939099 0.6100006893808869
-2.141543770494195 0.4409524545582215 -0.30510822976278984
-2.09974323582982 0.13797051853376452 0.19597800528359688
-1.1379948337319945 0.8304343454361263 0.17856367384743965
-1.09562329035046 0.5949713332031443 0.6846054390604523
1.1529304225447987 0.7936878918729118 -0.5200196906392547
1.1425750606543943 0.7913675628673644 0.012633641117337113
0.06321901654908402 0.8696762821064237 -0.42564074242758476
0.06119812963079596 0.8351174710907632 0.09891732489419258
0.10258333600862102 0.6596713075218315 0.6128383473093537
-2.168311131926629 -0.10684079341431918 -0.3571039840047332
-1.2690740762884047 0.8214235206602325 0.17915423666787422
-1.2264509909168737 0.5809548509786868 0.6845665768320588
1.015129847858347 0.7955197741485893 -0.5170261069600555
1.0088566925060007 0.778900016214406 0.013784726017239457
-0.07821619192431228 0.8948896641211874 -0.4207793875997039
-0.038389573102165286 0.6800116482283567 0.6156731442148713
-1.4033240021272064 0.8274869566816925 0.1809812382395295
-1.3562083887744336 0.5625278601380028 0.6841789082224397
0.88422771200716 0.7739366745010781 -0.516527335292575
0.8657063142575652 0.800488156045672 0.017932255619290238
2.228267645960628 0.5537325715831845 -0.09428946221518242
-0.20715095269063966 0.8723884831169393 -0.4208256408040496
-1.5251560389855996 0.8284174640110962 -0.34044615472006523
-1.536377557057392 0.8291696358477161 0.18239172255349434
-1.4902028089611008 0.5640667584016565 0.68516333853555
0.7426233745931086 0.7911546664393789 -0.512046019679782
0.7201583806188978 0.8322213588345715 0.022936661594632035
2.0260229896173456 0.7511614516926084 -0.07343594277548515
-1.657053892066486 0.8256730821373051 -0.33910481179403984
-1.667255527411882 0.8215998840411931 0.18297084128213204
-1.617875908036254 0.5368201215838511 0.6840782955820588
0.6025779751109042 0.8041288322443183 -0.5080658599202605
0.5855151358002075 0.8261032180174723 0.024506886356594926
1.8783699975300152 0.778275899796574 -0.06829039300131523
-1.7817435144656741 0.7893016505536004 -0.34115330422568046
-1.7960498115918 0.8047396225775589 0.18271787916970528
-1.7446252339118757 0.5051313967259752 0.6826442078287629
0.47055690977632025 0.7888223321178476 -0.5070802375142547
0.45355337317141675 0.810865311048012 0.025214512699368363
1.7315939837760794 0.8177146934341515 -0.6036874457662078
1.725214375958572 0.8250262758375211 -0.061400096065280074
-1.9065943363585376 0.7533574702641683 -0.3432060881917449
-1.9268718749104465 0.7980965690986483 0.18328913008523262
-1.8204279488936805 0.22467254635105327 0.6636267498667268
0.33341324721993715 0.7932205539011523 -0.5041038199727508
0.31518293072211634 0.8201678553878828 0.02806456839394844
0.37727429987126015 0.5717915435061034 0.537467558735135
1.593311715310378 0.8173514831009054 -0.6006027861897918
1.579725432534886 0.8485590170144093 -0.056694190150973434
-0.7596116025342639 0.8930870976844751 0.11419232642007149
-0.7001126127908464 0.6247827705935052 0.6178434685404328
-2.0345526299420413 0.7324725724517069 -0.3438140555684539
-2.0517425455050358 0.7626214248261416 0.18137009894204414
-1.8488772390125803 -0.30019845252100374 0.6273494557077912
0.19514948067642024 0.80294511807387 -0.5006319686238738
0.17699192181355272 0.8299935069890481 0.030911286228421098
0.23692315931344865 0.5862617724365684 0.5400408104593781
1.4523184725501466 0.827051289671223 -0.596506755000827
1.4388049981215687 0.8583513812415209 -0.0533014937703582
-0.8849820203698044 0.8584534595112103 0.11272104536843575
-0.8457759405489895 0.6724818782521691 0.622421582096341
-2.147084113376877 0.6339380108379586 -0.35217110360312187
-1.9128182720224771 -0.6638334716309107 0.6024201706583527
0.058323813294322235 0.8083773692819864 -0.49766127312826836
0.04023906277836886 0.8355183158539603 0.033326466434719926
0.1055608925217939 0.5674652710968147 0.540092070453885
1.324179649902419 0.7943494612342494 -0.5969802542989227
1.3135718151893485 0.8161302058957904 -0.054718176967379684
-1.0127346602914145 0.8339683874857844 0.1120882824595002
-0.9674719399043568 0.61867912699263 0.6195994213755158
-2.2392913329380093 0.4282842032426579 -0.3711902304952117
-2.1745553732759646 0.03753451516370632 0.1219459370310334
-0.0926519904942893 0.8270852943841884 0.03444894110513008
-0.048061020252106346 0.63611639673449 0.5466209248240022
1.197332396906802 0.7573237404088289 -0.5979663535420867
1.1728755991741053 0.8269475119443772 -0.051332633144137496
-1.1504793094719759 0.853654045356862 0.11524947439980782
-1.1137146409170384 0.6722912488454664 0.6245256260569123
-2.2030371937912605 -0.4566130596409472 -0.4575521155660125
-0.16695411245662228 0.5699872937250383 0.5430627659494904
1.0415265237724043 0.8211406844234101 -0.588297526485202
1.0420041765790558 0.8047896679658173 -0.05101076806235039
-1.2814667043391665 0.8446898290371756 0.11587484633279121
-1.248614711840645 0.6778066008985348 0.6259251431162385
0.9039265539038439 0.8233780848203107 -0.585229556209323
0.8975313105424192 0.8310239531332861 -0.04631916726278984
-1.4078221711486947 0.8655521084164093 -0.40374247277426445
-1.414561997344265 0.8459321082837015 0.11734112059426582
-1.3780296997127124 0.659463534486953 0.625557740085843
0.7691441368758376 0.8165647686296076 -0.5831810637776824
0.758730762703749 0.8386366919026553 -0.04337994301962578
-1.530198625090776 0.8185949603957159 -0.40678135598349296
-1.5464915860491004 0.8427866242943765 0.11838181769204414
-1.5085272707190427 0.6464487395517846 0.6255386665995148
0.6331207263783085 0.8150378377687311 -0.5806276007955047
0.6240781239777959 0.8323768960217599 -0.04175631249594414
0.667507677993612 0.6347442243291948 0.4722572163279084
-1.6610935028526512 0.8109995178502931 -0.4058901473348113
-1.6783472466794649 0.840119263925315 0.11941870009255684
-1.6379818038586222 0.6290181558590948 0.6251622036631135
0.498513227493504 0.8092201680464566 -0.5785862609212371
0.4882015006136555 0.8314121166662893 -0.039699236995455855
0.527004618232823 0.648080756341594 0.4749265507395295
-1.781760612981202 0.7551607841241808 -0.40992514336752617
-1.8060550347749427 0.8184203804476731 0.11876066481423653
-1.7063571754129327 0.31911158829185204 0.6035891369516877
-0.9080474112569021 0.8690829873893104 0.04842265402627266
0.3639898112700166 0.8038943304334527 -0.576548258907077
0.349855732631724 0.8405817385619034 -0.03676907265829765
-1.9057260486951293 0.7143443718859483 -0.4124900504415008
-1.9268168324630892 0.7630127054778733 0.11513694083047188
-1.769790091402811 -0.02496436421205317 0.5795200661356477
-1.030171386008277 0.8204059716691923 0.04564507757973946
-0.9959964208643726 0.6528123768281695 0.5565901592905549
0.22699902737986122 0.8086909625336229 -0.5734974547688934
0.2129719775990253 0.8454540716234487 -0.03428045952963554
-2.0052844561655974 0.5520154572493503 -0.42737642968344414
-1.8069877055124408 -0.510829875475185 0.5451751545603303
-1.1734331013278876 0.8644514261573661 0.051046212070706254
-1.1211567203524737 0.6141145550064628 0.5548017815287141
0.07623698949869606 0.8508425055658666 -0.03179470742392265
0.12311904789783057 0.6286108628908611 0.47812612807107246
-2.0609358970544918 0.1060138614170647 0.060465653293850785
-1.3043714495000671 0.8555591540489882 0.05170615469765938
-1.2475699955599993 0.5807098713351362 0.5533691242868928
-0.07026537572890845 0.8953310234133607 -0.0258051558797332
-0.02417607897369578 0.6730093668085217 0.4829953507120637
-1.413791955297384 0.7996269192785039 -0.4756976767842742
-1.4363413036005426 0.8520125172321578 0.052793343418362504
-1.3805163066828072 0.5769800036760522 0.5540998772318391
-1.5490035747880597 0.8110585838359672 -0.4727656050984832
-1.5661389241795831 0.8392031934320041 0.053014595859768754
-1.514442945103994 0.5785960755803465 0.5551892117197541
-1.6809359526513248 0.8083822372875122 -0.47133938515829765
-1.6979916394514163 0.8366143272469273 0.05409415518594063
-1.656520515164246 0.6197432272414414 0.5591691330606965
-1.7995973149897395 0.7428755013047397 -0.476429621822116
-1.827740207239131 0.8247367790678055 0.05430682455849922
-1.774851283497 0.5491340609634037 0.5548232392008332
-1.92661005961709 0.7167553481124944 -0.47751776421713554
-1.9494851274803722 0.7742843496925271 0.05106242453408516
-1.8925855074474498 0.4740279747213627 0.5501077965433625
-2.021323932365675 0.5301274670200389 -0.4951545401875945
-2.0813102634777607 0.7730826373683701 0.052129586094143754
-1.9557735794917335 0.12549907368716262 0.5250995949442414
-0.8742099934321601 0.8931325391824281 -0.015358130580660934
-0.8419897844018465 0.7088390876385038 0.493714888447049
-2.130751986933433 0.4120484864315248 -0.5057856246297332
-2.1445935788811994 0.4253652330485629 0.022523243778469926
-1.9942885331537639 -0.3600296545871604 0.48992021834206856
-0.9713996037170602 0.6890527635785855 0.49339564596963204
-2.203587575811312 0.04343361635118015 -0.01013151848959648
-2.075902558229245 -0.6400965512317853 0.4699343041117219
-1.0732162684687552 0.5481601448881079 0.4838245705301789
-1.2736210988646803 0.8938185143440656 -0.010620276576754684
-1.2052956282754508 0.538928416281168 0.4842327431376008
-1.3884312864844475 0.8330722773413477 -0.5447751685445281
-1.4001212072819982 0.8658367349325626 -0.011686007625338668
-1.3501911102242588 0.5886127719916185 0.48907860075784004
-1.5161774656647111 0.8103700290151679 -0.5453364058797332
-1.5288279664828792 0.8480284496961321 -0.011877696162936324
-1.5009618701115812 0.6681003933446039 0.49614580427956856
-1.6439894427472836 0.788117777363631 -0.5459028884236785
-1.6596392220553753 0.8404283862650335 -0.01119343484091484
-1.6334512735069637 0.6652825479324722 0.496916849964383
-1.7545300288711019 0.6835608784669258 -0.5551530524556609
-1.789387029163521 0.8284228915111278 -0.010952632076022262
-1.7526056891061614 0.5994913881908577 0.49286635672402657
-1.6150758655892332 -0.6386158414318803 -0.6920844718282195
-1.9161110820980412 0.8022396261189524 -0.012037436610934371
-1.839022814738172 0.3729102026287592 0.4765737847025422
-1.9975607996626081 0.5519266014758717 -0.0333887740437957
-1.9032698644649315 0.029182554891606927 0.45136221205544746
-2.0603125125788324 0.19915743633889882 -0.06401173318075859
-1.9262210792883252 -0.5346450146771478 0.40943010603738106
-2.052118236905301 -0.5300366239250067 -0.12859789574789726
2.143941011445392 0.5901817961062257 -0.32657639229941093
1.3107935887833264 0.8435310496497941 -0.4048358603780242
-1.0318038905838307 0.5314195658383998 0.7361317471201447
1.0847738312078121 0.8205942693424184 -0.5207859679524871
-0.3795014499354039 0.8480596494838757 -0.43030516350912773
0.8855447709994593 0.88441065810086 -0.6366340323750945
-0.15670344359349997 0.8157484639298751 0.4446559742624787
-1.1902485706720256 0.7656192686289724 0.4953268364603547
1.0922967591553459 0.6594274368670536 -0.7818462058370086
-0.058437277959569656 0.6011547655831535 0.3104959324533967
1.2306401586239275 0.710055319682942 -0.9197904273335906
0.3835025558555998 0.8367163458401343 0.1623659924204377
