-0.6906737382461614 0.7612753075345413 -0.7741392114867534
-1.084239085463949 0.7635999791067345 -0.7546713808287944
-1.1624905608337315 0.8094243948174089 0.141074373413149
1.7704263820221513 0.82475051892966 -0.08603744299310101
1.3520501752616099 0.8265217263796156 -0.06927089483636273
-2.0588220489876647 0.6310861004265789 0.17094011514288532
-2.141566082164786 0.1480883723611921 0.16353292672735797
-2.142170740539754 -0.1245768235341771 0.15756507127386676
-2.1561232393310945 -0.3888071749989557 0.1522316476593648
-0.6635372747660853 0.8269079510040473 0.010624363113466373
-2.0428605742571193 -0.7485400177625046 0.1400362989197408
-1.0777734456020909 0.8432115906333415 0.027249290634218326
2.1357216087652517 0.7895385561565895 -0.2174771288146342
-1.3365739797852 0.7622666135193565 -0.8535058954467143
-1.425834132325221 0.8160585975187526 0.0402760049591695
2.124848259253284 0.518989279139527 -0.22288780004876507
-1.9822811959919306 0.6691512714932184 0.0586783429871236
-2.0443633358166977 0.1712137976896635 0.04978914468390094
0.4179974125607515 0.5651394555133056 0.7583763143311177
-2.1336175851813266 -0.036931075844437444 0.04845352380377399
0.017933774303671157 0.5646417032055489 0.7701260587464009
-2.1189712080115584 -0.32171897883250367 0.04130954949957477
-0.3322086757018923 0.5323417068976593 0.7799026510010396
-1.1432004391274688 0.8192498008180529 -0.08199982435601605
-0.6573199778696761 0.4848742702815372 0.7886840841065084
2.2598488609813927 0.7337622471185501 -0.34016470701592816
-1.5116209207933053 0.8068569616619161 -0.06734638006585492
-0.9412394113491729 0.4104901518120929 0.7958218595276509
1.9031180863063355 0.6915997238506044 -0.32577566892999066
-1.4959995446976677 -0.016427900291063224 0.8052901765595113
0.6740286090707173 0.6640690592341532 0.6383153936157857
-2.1002408248890134 0.12801376592252645 -0.05966548712151898
-1.5640422420870266 -0.2559725798450181 0.8034929773102437
0.2549014543536572 0.660826779823827 0.6512262365112935
-2.149319526487048 -0.1094166245925674 -0.06340937406915081
-0.10958385992789488 0.6504024487751963 0.6622979184876119
-2.1672398541291784 -0.37061688749582977 -0.06901650221246136
-0.5333373399404024 0.6697627978782474 0.675625040222231
-0.8898995723540821 0.6677510526199057 -0.20759801657098187
-0.9089332098843528 0.6721710212209722 0.6871683141480123
-1.5671725069205564 0.8845099400050902 -0.1739275911559428
2.0857209761798003 0.6521635366515 -0.45068197042840374
-1.8927364678073815 0.29410698797030044 0.7108945390473043
-1.8721735665658201 0.0064143463086594465 0.7054817220459615
-2.1227669024455196 -0.08961136683894111 -0.17482332975762738
-1.8822344586521638 -0.28805313098129126 0.7008339902649556
-2.1446006236030257 -0.34788249525750103 -0.18043284208672894
-0.9806464714814922 0.5387758290570357 -0.3187313535918559
1.8322961272211415 0.6237880145649459 -0.5559490183104838
-1.9514965467475207 0.11654362985221312 0.5989551088104879
-1.8914608957888532 -0.2007500604248218 0.5914182206879293
-1.9927135638098434 -0.41559752448752363 0.5907356282959615
-1.9731229974343165 -0.6924662961078134 0.5851118108521138
-0.7342127584479812 0.7187739912574589 -0.43697957785027874
-1.1605867777451664 0.744426102495586 -0.4171493509520854
-1.8268087519468992 0.36544788395312544 0.4887139341126119
-1.7166814161312374 0.01348547337914674 0.47851867883307087
-1.8105013493301811 -0.19284306624509107 0.4777290364990865
-1.8325518074482403 -0.4520884291277927 0.47354121415716754
-0.7490741150080993 0.6727954164805094 -0.5495861032714213
-1.0813886663307386 0.6328036170583307 -0.5352642992247905
-2.013616018536311 0.19853924110547538 0.38115329949957477
-1.9370719254562232 -0.13016801637895803 0.37200899331671344
0.0942221719425902 0.8993613263430298 0.2082149526367818
-2.0959768635439815 -0.2886240415314951 0.3742749234924947
-0.3089839433691708 0.9023583031919244 0.22304911820990192
-2.042289635820012 -0.6036448673411989 0.366099311996523
-0.7533127574602076 0.9317747733104245 -0.654279516052183
-0.7608498563434836 0.9417889498814951 0.2403335115204488
-1.0687686369261797 0.8796974262440251 -0.6406119325866069
-1.0149302124970916 0.8469959362640918 0.2477025529633199
-1.3794953052358068 0.8309346511543367 0.2606160184631978
-1.9397141035407373 0.4289616252698316 0.2726399442444478
-1.991474140176095 0.19430654529472768 0.26964135377508747
-2.0078741260656443 -0.06687537595617776 0.2647819062958394
-2.025483137355266 -0.32838460236533074 0.2599141141663228
-1.962438472918251 -0.6644314121882626 0.2505604764710103
-1.2768590552246195 0.7739249245558231 0.0370571157227193
-2.244009316119616 0.45924831849591463 0.06641955583197223
1.1326007286152873 0.7079965987348942 -0.2380726793517436
-2.121394940976984 0.5651606358853041 -0.13137941152947796
1.1347328722106056 0.6266336835774791 -0.43827514440911663
-2.198874064823869 0.49239918227411295 -0.3231609323729838
-2.2217385059903023 0.9210551213976146 -0.4958699205626811
-2.132297408905984 0.5249410834816199 -0.5002248743285502
-1.9797713151597236 0.5897108075780491 -0.7195747354735698
-2.06579714636014 0.20678117633404192 -0.7174733141173686
-1.0965293822026467 0.6171787197879901 0.6190104028473531
-1.446521691672075 0.25265665585526165 0.6273312112579976
-1.4391301826157843 -0.14003777742633794 0.6262912294159566
-1.843647802043563 0.24490394020970285 0.4428948899994527
-2.080273140096608 -0.12556787798437874 0.4485830804596578
-2.0642555762607486 -0.5170762854317612 0.4471957227478658
-2.024715004451835 -0.9111293935898424 0.44511456697088825
-1.9278804777112128 0.6409031667739864 0.25157065599066364
-1.879269914317291 0.24675618232350338 0.24921150415045368
-1.9465813787599302 -0.13806373773526737 0.25024361817938434
