2.150961305764781 -0.12692879209781438 -0.2787828712673628
2.0846302884248615 -0.016185349914863423 -0.5385642318935835
1.9245254259763982 -0.1567586554915792 -0.027681377431913567
1.2125440532490899 0.6782628825883705 -0.048707511922880364
1.9439144103148465 -0.6792297131025364 -0.17689755251125927
2.0230543795720024 -0.3610567649988319 -0.16861870577053661
2.098479162319876 -0.04459016304090113 -0.1606359749050581
2.0476233868667038 0.24691349563518017 -0.16033985902981396
1.9094545217395194 0.5221095327715837 -0.1653666763515913
1.6347233972226292 0.7729423461527176 -0.1786713867397749
-0.5455012952867833 0.6838386293665017 -0.3066926269741499
1.8995124127715286 -0.7931116218524856 -0.3298096924038374
2.1935785848706075 -0.431853051928595 -0.3078952102871382
2.1511625409379036 -0.13874413206860936 -0.3069820671291792
2.1342802461051065 0.15915509794353966 -0.30454685976223583
2.123373215760651 0.4578870819502914 -0.3018074302883589
1.8092242180651255 0.7004765656271186 -0.3179393081875288
2.11145694279773 -0.07003440634574787 -0.45698168565945263
0.2866609947584493 -0.4241279916619689 0.6390170783786333
2.1438393604400545 0.23729554037818623 -0.4513464241238081
0.2737429983596513 -0.11881843465610231 0.6412076682834185
0.25699896008212875 0.1854574568559073 0.6431541175632036
1.5226305757442447 -0.6204361171582349 0.09841820905490284
1.6608339539012604 -0.2895004564886321 0.10954758832736378
1.6385417620780203 0.009192863710911325 0.11149546811862354
1.5682464767655944 0.298599085045387 0.11066052625460987
1.4842155288538095 0.5855776556472119 0.10899111936374073
1.3127663858706597 0.8569262998883449 0.10231349180026417
