-0.2784374478188454 -0.7301843639383279 0.43888023843087165
0.7997578865418724 -0.7866870105299455 0.4617922638825318
0.8964179885369141 -0.5958545959729236 0.45923403252877204
0.9937383641855142 -0.40535806908985705 0.45667389382637946
1.0917254572924726 -0.21521578273271302 0.45411184777535407
1.0618553503919728 0.04162094955993112 0.44740704049385993
0.9711767609033544 0.3315833968174857 0.4386864041260621
-0.6523350407216171 -0.8622281607832178 0.32521465768135993
1.052485156159591 -0.7473550545909617 0.35927489747323005
1.0958819550187613 -0.5301039445687792 0.35491183747567145
0.5407381536016196 0.48403869319404436 0.31812456597603767
-0.5362707558189435 -0.8709611293980686 0.21890810479439704
1.1763966320789265 0.39294996421170225 0.33389643182076423
0.5471253029250889 0.2847308933243724 0.21492246140755622
0.5502007746305182 0.5275664920113563 0.20879772652901618
-0.33236943151171516 -0.9954082096717087 0.12895658959664313
-0.7073832713842556 -0.8609731452699805 -0.0039803649016478815
-0.2120998862194412 -0.861667239060182 0.00910738457955329
0.08022891853987346 -0.06078150087771661 0.6477299069336793
0.3571987599647848 0.04105130573762139 0.6501286362580201
0.33500884459301616 -0.9159131498161841 0.5631306504181763
0.4312138346417278 -0.7234525460089856 0.5605609749726197
0.5280901601885795 -0.5313390110274341 0.5579891537598511
0.625631377428757 -0.3395541920195626 0.5554149483612916
0.6838458116358055 -0.12752869158187252 0.5516355370453736
0.7073872985306373 0.1028486421429946 0.5467784737519166
2.19634401109478 0.6505723139462738 0.04251459588326423
2.054265861139946 0.7078620154719566 0.038861307995690986
1.0987949992702681 -0.3774073570985621 0.534985575573816
1.8892375977575107 0.7395233920123019 0.032650742428674384
1.1077131320435143 -0.13988776003265002 0.545924935238733
1.7141927771210455 0.7607466955969713 0.025344405072107
1.1146456192025305 0.09344056663525535 0.556568655865564
1.562173055197679 0.8088932866580549 0.020595345394982978
1.06975715241186 0.26667042567334676 0.562481913464441
1.3735387407545474 0.8168634173251164 0.011827263729943915
0.9890884657787531 0.39894458342785555 0.5651429032257935
1.2156991329494247 0.8602101036053398 -0.5753509665557006
1.1913057977235972 0.833178684443233 0.0037901734284302435
0.8889339849271707 0.5091648357350884 0.5660298203400513
1.0032723393967693 0.84424988793673 -0.5888061190672973
0.9887281327674877 0.8282457512519805 -0.006438698870764092
0.7354828441430215 0.5606092001363479 0.562186274426355
0.7903823438988375 0.8293853660913513 -0.6022617484160522
0.8329029706584308 0.8758473403501448 -0.011553254229650811
0.5584502236139066 0.5869667258079332 0.5562730168274781
1.1201103202239153 -0.660921642312843 0.4475834702423951
0.5993450525077861 0.8398235272086723 -0.025069918734655694
0.37111064258371584 0.6031741230068839 0.5494728421143433
1.1830438459264876 -0.3588810138589409 0.4640198086670777
0.4398095213548068 0.885455357457964 -0.030549731356726006
0.169949824582023 0.6056739228833692 0.5414898728302857
1.992542260171689 0.7819961654306624 -0.03278895865164788
1.2214333421703962 -0.08772486980407024 0.47802070130623786
0.2359907135463999 0.8844717660365511 -0.040778842074499444
-0.004280817211657961 0.638361743628991 0.5358724926880738
1.8375238764301827 0.825229094854528 -0.0380253459044555
1.1491509820469403 0.05549331583966577 0.4816732739380738
1.626213108418078 0.8057775115128081 -0.049620118243322686
1.0808448668761201 0.20255942148619255 0.48563006867684333
-0.3840221879569867 0.6736461330405312 0.5219765042237183
1.4609459247164764 0.8394579617817826 -0.05597874174796136
1.1296505050032444 0.47991833496193337 0.500240120785608
1.2755668010807852 0.8516845179580805 -0.06458112250052483
1.0230785637095607 0.58223955473402 0.5005443428925416
0.9236251763133829 0.5160470014345506 -0.6966480876036742
1.0832369713678212 0.8574353869767535 -0.07393166075430901
0.8364174380812486 0.5961950700099052 0.4935438965729615
1.3184698491731943 -0.6017467298993608 0.38295653809823005
0.9107730317541574 0.8862448107772956 -0.08103820334158929
0.6461484869218239 0.6073868655361139 0.4862387513092896
1.2276361838390386 -0.47736344331774916 0.3851483200959107
0.7044275229239609 0.8791772353108414 -0.09188481817923577
0.4691187357899196 0.6342183615357087 0.4801514481476685
1.3995148263868273 -0.0516987106789486 0.4123864506653687
0.5451049831982822 0.924389873599381 -0.09749528418265374
0.28176087300385433 0.6509204505880888 0.47315076340950935
0.33475213896518596 0.9156365936227964 -0.10871597777091058
0.07034040290026766 0.643003271716502 0.4640198086670777
0.5816879984973546 -0.5291744656557356 0.3560316895417115
-0.12782761863163117 0.6507258858118234 0.45610598077095954
1.6018126767118623 0.8347490641750852 -0.12238308439932855
0.6904745234397254 -0.1788274868337396 0.37700823296822517
-0.30228581700869483 0.6848375385081198 0.45032289971627204
1.4598792767262871 0.8945701655840068 -0.12621065626822503
1.234200452999037 0.653564310853529 0.4386854504517457
-0.4803118506437727 0.7161703733451397 0.44423535813607185
1.2646135878814526 0.8957727476524937 -0.13616129408560784
0.900943087391461 0.5035527602312477 0.4177086686066529
-0.6757439065863764 0.7303570984135384 0.4366262291840455
1.4235174267067805 -0.7313321068491518 0.3057363366059205
1.0824198409379804 0.9127176592590018 -0.14458128462515862
0.7609217016494476 0.5697243045891085 0.41489103783883063
1.3678715223671745 -0.565577125430309 0.31152871598519294
0.8899128120089301 0.9195231074497556 -0.15414949904166253
0.6715405129203127 0.6917169508376766 0.41676953782357185
0.6903563706171454 0.9199595458652965 -0.16448327551566155
0.47446633900240087 0.6965093138079936 0.4086294506958863
0.5480828691816697 0.9835490060605849 -0.16831037054739983
0.256708786095718 0.6803405348830616 0.39861062516488044
0.5875214511952649 -0.7738357054215896 0.26840880860604255
0.03508558135627027 0.6616709454204894 0.38827899445809333
0.6317329711613731 -0.49376099711653154 0.2838545178345582
-0.10495585229099191 0.7313925835187156 0.38546112527169196
1.380311099836785 0.5762142440154605 0.3675206040314576
-0.2860541266702441 0.7582426311649471 0.3788864945343873
1.3648198940198029 0.7790534773524733 -0.2038743163176635
-0.45353771292091594 0.8004205898935979 0.3735642765931031
1.212567379845371 0.8287150292221632 -0.20895143995963128
1.0946907823804928 0.6979544643797517 0.3610844944886109
1.4601858391267655 -0.7561029368859238 0.23071650018013923
-0.669495316208895 0.7930058219470588 0.3638587330750367
1.030163947136078 0.8458416315305968 -0.2175438071318725
0.7440673937780531 0.5306919135051409 0.33791545380867927
1.4011298540500654 -0.5942083985215376 0.23633531083382575
-0.9066829499231162 0.7652005476296573 0.35227468957222907
0.8374491775133563 0.852825488867321 -0.22730752478323968
0.6410737596500731 0.6380187119316147 0.3385591839722535
0.6478184233089088 0.8644443410121916 -0.2366809512206176
0.5351003877655671 0.7420084284892283 0.3388810490540406
0.3684384625679904 0.7804883914815122 0.33341053475655524
0.1676538002990391 0.7832887526066763 0.3247223233155152
0.4736925774659113 -0.740265150779976 0.18874314774788825
-0.11549706777769941 0.6998592357717754 0.30831078042305915
-0.3001026855413329 0.7231027105358407 0.30123141755379645
1.362468996224468 0.7121331866036229 0.2997911309174439
-0.4780130114887271 0.7544797391240046 0.2947955464295289
1.0731942321326784 0.6096408461313558 0.28194406976021735
1.5712136903023008 -0.6932180749798889 0.16350725640572517
-0.6733413941243072 0.7687234798732341 0.28675082673348395
1.160017193618831 0.9251163934712139 -0.28708573828421624
0.8799989296802373 0.6160139453953946 0.2736816739014527
1.6030334632961214 -0.42547707271643276 0.1787712906769654
0.9643299453223335 0.9278905579495103 -0.2974891329833129
0.7672081175001821 0.7118143364383656 0.27335098733223884
1.6559136621914377 -0.13566787671998526 0.19607094277657477
0.7716865998507032 0.9353225031406467 -0.3074922228880981
0.6614849320281486 0.8153669974644799 0.2736816739014527
1.710473709250202 0.15337209991761824 0.21337059487618415
0.5990665609498258 0.9656746080411764 -0.3150944377013305
0.45110944591320745 0.8057466642342099 0.263766560452356
0.2709239960777019 0.8300691256292545 0.25682595719613044
0.5764644213938261 -0.6909531995237046 0.11941030968941657
0.008634050853991937 0.7679520983230219 0.24195364465035407
1.6263094170214423 0.7244490271089212 0.23881104935921638
-0.09683427055013638 0.8741047528525989 0.24228433121956794
1.5238920930957782 0.8287760585629691 0.23948935021676032
-0.2913290373153039 0.8866353511626279 0.2340216969422242
1.4218627116297071 0.9334361357175709 0.24016788949288337
1.870683312342429 -0.29286027601330744 0.12314823617257087
-0.4722890995112756 0.9145539875656432 0.2270813321045777
1.1529645142793932 0.8534026309139939 0.22388580788887946
1.238582050336202 0.7950973470562026 -0.36432429800711663
1.9396795518212535 0.015403528794799115 0.14263156403817145
0.8798104696469835 0.7711824736371824 0.20726493348397224
1.0494803479386547 0.8046939337019268 -0.37413593779288323
1.9062901041477183 0.20187471223432496 0.15098122109688727
0.7203524949468161 0.8155088733783202 0.2021768425873658
0.8433089742904976 0.7968238355234085 -0.38599201689444573
1.805213997792471 0.30907869878343064 0.15202501763619392
0.4728819877235608 0.7652732186344764 0.18826941003121345
1.7176851196683032 0.4316271503154816 0.15446046342171638
0.37416450540049695 0.8771389887112555 0.18928698052681892
1.6932876523071947 0.6255367216666805 0.16350606431282966
0.17359411680525483 0.8800641387484802 0.1801283692292115
1.616970154636828 0.7595074969471121 0.16698530663765876
-0.013613935681139111 0.8985334662147935 0.17232659806527106
1.5146749822036547 0.8638603693003333 0.16768101205147712
-0.20105532874316623 0.9179276468463478 0.16452482690133063
1.342754193156825 0.8906536671123675 0.1610708569458863
0.3848196319396351 -0.1636756584971124 0.6678815220765015
-0.37492737289814215 0.9526738609488135 0.1580798958710572
1.1606297710473434 0.9071673999782632 0.15341666688240974
0.30617871243560657 -0.02545582591310591 0.6706638668946168
1.086683198996905 0.8801404120420777 -0.44130918036185296
0.8909166866790734 0.8287406256593073 0.1367166375092408
0.19114285919220464 0.07234414141356993 0.6703853939942261
0.8908170010489975 0.8832464104603908 -0.4521646166869262
2.189682596981111 0.32041091458154725 0.09700373162545173
0.7147658032566291 0.8547028497809954 0.1297586296967408
0.07644158124445966 0.170559709434702 0.6701071595124146
0.7047448960267957 0.8983403882618326 -0.46176764021597894
2.1117779542258397 0.4531017076610162 0.1005699967316529
0.5079723041766009 0.8485481943271047 0.11966899384774177
-0.0989380353743563 0.20321836493032563 0.6648207043579957
1.9984979944257368 0.5445202727190512 0.10021332253731696
0.3143867646625047 0.8580635012457343 0.11097124566353767
-0.08051187617808608 0.44494907246525983 0.6753936146668336
1.88553231199716 0.6363512762226939 0.09985688676156013
0.9342852176403298 -0.4516449891799894 0.6007333134583375
0.16827857105697674 0.9194964340908918 0.10714415063179938
1.7629826954035543 0.7173509870689507 0.09843042840279548
0.8706083191601905 -0.29614671597370545 0.605037484066858
-0.029117261063198896 0.927165675911219 0.098098311322107
1.627425304990112 0.7838991364297918 0.09557727326668708
0.8010430035776039 -0.14807092991662785 0.6087680195740601
-0.21650190417733484 0.9466810743655323 0.09009650697030036
1.4920018015718135 0.8510144345950081 0.09272435654915778
0.7354941678613649 0.003822302443460046 0.6127853726319215
1.266193624459543 0.8070856008289979 -0.5094892645903686
1.1933043448610405 0.7369848460399737 0.07239702691353767
0.6906797439520069 0.17804945683689866 0.6185243462494752
1.0537802409428103 0.7907286895709831 -0.5227017069884399
1.0273837832132209 0.7725307240982033 0.06633475770272224
0.5830764492407035 0.2819012061190591 0.6188111638001343
0.8711229431722707 0.808612773637762 -0.5320784712859252
0.8916130259443129 0.8420199396901573 0.06348160256661384
0.4691145554050493 0.37873468411836697 0.6185243462494752
0.6514049967203768 0.7982053076276401 0.04957369317330329
0.30483542544939723 0.420833139872304 0.6139331196717164
0.5121346510297542 0.8655337450957212 0.046364102261438056
0.14727505049615175 0.4710180829836865 0.6099160050324341
0.33219839096513226 0.8896602380682275 0.038874897854699775
-0.044308015646009835 0.48539204268228886 0.6030290459565064
0.0770230560723526 0.834632662775757 0.02354053010262458
