-2.3018896926694836 0.34656889695754955 0.2435579968860644
-2.3210069703719576 0.04157250362595377 0.2433453275135058
-2.2964891090074673 -0.25884346676453873 0.24056107534675775
-2.2630909015033893 -0.5583937072919589 0.23721510900764642
-1.7335681406103767 -0.8133157375878639 0.20508772863655267
-2.337992952078036 0.4645315409775961 0.095060892241289
-2.4013868612648963 0.15501924553001345 0.0975952817371386
-2.3715000562283812 -0.14463028520705024 0.09452063574104486
-2.352610684161885 -0.4453362582569369 0.09205204977302728
-2.329809668791402 -0.7456184307488094 0.08930022253303704
1.2537827225360019 -1.0473882454335524 -0.12757437692375007
-2.2369215243737948 0.7033849351421892 -0.061412267548750066
-2.378859176436997 0.38495696670031165 -0.05385630593986335
-2.4028082911139954 0.07968880387758404 -0.0535892771312696
-2.2838028310937197 -0.2112471144209067 -0.0621494577953321
-2.3496132767362106 -0.5202066680696618 -0.05941288934440436
-2.4909288553928945 0.6915188975553228 -0.19671290384025397
-2.4740705220263877 0.3905992661835711 -0.1988691614696485
-2.3689273746186146 0.09872451117080061 -0.20665448175163093
-2.4087837656512363 -0.20786188528955662 -0.20533602700919928
-2.426295033124866 -0.49674451964072475 -0.2054161356517774
-2.3937404663255073 -0.7958753114939583 -0.2087735460826856
-2.3872864942405023 0.47592294544141467 -0.35518687234611335
-2.361265797571967 0.17568932807751025 -0.3579553888866407
-2.450504336575051 -0.1358948560137314 -0.35329573617667975
-2.451460219932475 -0.4382424897329429 -0.3544196413585645
-2.3392060088529227 -0.73000308060751 -0.36295073495597663
-2.3422465597763242 -1.032521322478054 -0.36404936776847663
-1.802593689925562 0.9198141708155028 -0.5441021250316602
-2.1734943855648012 0.5901755577482213 -0.5202926920482618
-2.3787833893978423 0.2500882215858553 -0.5076698587963087
-2.4528497817491797 -0.060063547825727426 -0.5037979410716993
-1.1334716781484637 0.058848262446776545 0.6333971692493456
-2.387561590346646 -0.3712134692197324 -0.509332589966963
-1.0329021262837763 -0.2537500580980563 0.6264715863636034
-2.2651500795821633 -0.6622276461021279 -0.5186785982677442
-1.2591734788021967 -0.875356599665178 -0.5870336817333204
1.6538418755335371 -0.9167571688064236 -0.7826666163036329
-1.7252193450036195 0.8982897110655621 -0.7017730997631055
-1.6529336525248404 0.646312687212653 -0.7074899004528028
-1.2824107914152663 0.3637012604778782 -0.7338537500926954
-0.9887557340358128 0.08632036403457732 -0.7549776362010938
-0.9330106962595508 0.0792933350974998 0.46945721639900384
-0.7307376281651337 -0.19634569745594987 -0.7737278269359571
-1.0524876456422447 -0.23978515819785784 0.47444684042244134
-1.17314488263996 -0.5579302943806326 0.479460306303789
-1.5861577324858658 -0.9192006662335359 -0.7176360415050489
-1.0933323716052783 -0.8878400559500612 0.47336775793342767
-1.64788788508136 0.2681298204150657 0.35733420385627923
-1.562986308615244 -0.028743007566593093 0.3511653615406054
-1.4655995212903292 -0.30952890335744243 0.34432131780891595
-1.9580392700280953 -0.6329072290940267 -0.8427008913585645
-1.3428951316284525 -0.6037369305475515 0.3359370900562304
-1.6825243267393653 -0.9120573765781543 -0.8632005976268751
2.106428026174214 0.776924675371859 0.33602196707039056
1.8653275395102504 0.7768465577860226 0.36974150671272454
1.6372911307018967 0.770607196570392 0.40105301870613275
1.3926960176420558 0.7759634919923499 0.4355755521228808
1.1442921203588199 0.7853788620080167 0.4709010793140429
0.9467615289332585 0.7652787435872277 0.4965925885608691
0.7326801803304548 0.7567343234276684 0.5254946423938769
0.5272595050133795 0.744239975296999 0.552791662352373
0.33464089681976716 0.7250695416460324 0.5776801778247851
0.22974818879828973 0.651495758478827 0.5857086850574511
0.16627157310965046 0.5518512312517885 0.5857086850574511
0.10244939087994354 0.45242556233166553 0.5857086850574511
0.02999477592033628 0.35860345197748345 0.5873146726062792
-0.8245194515012635 0.6390147175101752 0.7286167813709277
-0.8551457132541493 0.5212021617138518 0.7221937848499316
-0.8821593687651692 0.40063851378512183 0.7149677945545214
-0.872855738401924 0.2552051573553449 0.7005162908008593
-0.8642334445816076 0.10948618497493001 0.6860647870471972
-0.3954181055941035 0.7581361624944698 0.023801870482255794
-0.937743230717615 0.019240291624900152 0.6876712514331835
-0.6235013895501034 0.767876548917453 0.05969912542610345
-1.00748331970183 -0.07352686083545379 0.6884742452075976
-0.7853317618427873 0.7358755857742736 0.08123833669929681
-1.0045843928427907 -0.21672641712449803 0.6748252583911913
-1.0537916994571361 0.7752130294840285 0.12611062063484368
-1.0589589632464786 -0.3205476483219485 0.6724167539051074
-1.2274282247049548 0.7535715092304578 0.15034157766609368
-1.0895245398625626 -0.44129182174519244 0.6651912404468554
-1.3886212409614096 0.7247083655195681 0.17187983526497064
-1.0723259930494002 -0.5963545829662777 0.6483317090442675
-1.557836924950628 0.7022533395578812 0.19521386160164056
-1.1401508974424175 -0.6914464425221389 0.6483317090442675
-1.6902750979238377 0.655869351294438 0.21047026647834954
-1.7253192421554537 0.5434617939465411 0.20418793691902337
-1.785117413729779 0.4478489747105243 0.2032910062244433
-1.841212536934691 0.3496197012112674 0.20149571432380853
-1.8654464873553067 0.22897988994395035 0.19252163900642572
-1.8781471866162036 0.09977967873627946 0.18085486425666986
-1.8753868392206883 -0.040965232185740774 0.16559798254280267
-1.8892882262194668 -0.1704948297376454 0.1539312077930468
-1.8997799058715437 -0.3030382482106617 0.14136702551155267
-1.9068947500047244 -0.43862933854222064 0.12790543569832025
-1.9186056953749997 -0.5714957095506712 0.1153412534168261
-1.9269629512748736 -0.7074375720655794 0.10187918676643548
