2.296162248787738 -0.05042921669235412 -0.04459678377052878
2.20062336212289 0.09224316111693653 -0.033090703143087374
2.22885846484467 0.5222252436097428 0.019347079144510282
2.1615103729791514 0.7240183307895229 0.039326079236063016
2.0636423217537825 0.8531383903750012 0.04892338071921731
1.9364816608891502 0.914433647246149 0.0487836674318638
1.8055232919743744 0.9671054466882367 0.047350294934305204
1.6666035078845667 1.0021544014148276 0.043323881970438016
2.362474510079444 -0.2833243316431897 -0.21497070039650534
1.5154483496617956 1.010632683648975 0.03540313993552591
2.304151471413064 -0.04939653681324785 -0.1898165866269741
1.3703385943547275 1.0332387302454862 0.029438383923563016
2.363311263578126 0.4582082518401478 -0.12464343751808737
1.21686950847932 1.0384105258968113 0.020877726422342313
2.2620166818340763 0.5822678513442412 -0.11545669282814597
1.071608591176087 1.0621756365000579 0.014922983990701688
2.1201064333501876 0.6110491781858443 -0.12026654924294089
0.879883035733009 0.9878177033810616 -0.005336396349874484
2.1109912050945354 0.9446597910918726 -0.08037912095924948
0.7660778790918883 1.0800638143618784 -0.00152265275856589
1.990138682885764 1.0193991265161664 -0.07849942888161276
0.5820394326595633 1.0251024998090692 -0.01917230333229636
1.8394049273408513 1.0266154599591673 -0.08661996568581198
0.4297648655311832 1.037931399124357 -0.027057759417501437
0.3204624119424153 0.8355293270090627 0.5683869198427525
1.69258108564307 1.0434797993516938 -0.09340059007546042
0.2990853552137338 1.0959390713634463 -0.028430573595968234
2.421647928886088 -0.06675067011595104 -0.40398418153664206
1.5313581864861732 1.0293163960783858 -0.10484849656960105
0.15545761522185586 1.127715906964493 -0.03370153154274558
2.4063728349031166 0.2672212310902431 -0.3625746890439663
1.3739571819593692 1.024853248122028 -0.1149569674863491
-0.01019278013491487 1.1156490335459104 -0.045476548327413546
-0.18131066840197008 0.7940331724926395 0.5362533405886021
2.3816211685420043 0.5734847462655281 -0.3253017588987026
1.2370890612657064 1.0660287759495972 -0.11838494981667136
-0.17171551098755344 1.1131524883064685 -0.05594455446144675
-0.2706067110796866 0.9385427850557342 0.5459250286684361
2.311974682166195 0.7702261972017475 -0.3046384974851284
1.0793762160361169 1.0627982498909176 -0.12848340715309714
-0.32900536947493464 1.1201896094179418 -0.06510602678200339
-0.43975583138380614 0.9236366500036617 0.5348457172975865
2.2297282283831237 0.935187384998649 -0.28881084169289206
0.9214318101447674 1.0602170323533109 -0.1385775729550991
-0.4752217539477783 1.1499618033791528 -0.07100545610329245
2.100846081965301 0.9913801809341507 -0.28960429872414206
0.7675098608964248 1.06724280482306 -0.14733087266823386
1.9541591751720944 1.0072486473783613 -0.2966290637387905
0.6134258018433627 1.074894514139249 -0.1560794040097866
1.7549943397331873 0.9060977416915534 -0.3216706439389858
0.4656456973389709 1.0965681222125845 -0.16281902040382956
-0.3745063033631837 -0.6173514162396323 0.306080229626688
-0.9300537692084276 1.2119699675519655 -0.0932289286985073
-1.121907344869399 0.8669664322124184 0.4899948910341587
1.6239728729987064 0.9594319312648842 -0.32314025606056784
0.3069490176607559 1.0965463378723896 -0.17289315904518698
0.09190140388709978 0.6797843481986696 0.46679390226462747
-1.1319191592171478 1.1388519134052437 -0.1147438212766323
-1.2509845771680759 0.9348254091693704 0.48932588850119974
1.4931294500444636 1.0132298164097868 -0.32460319246193503
0.14584700605078638 1.0927465872423525 -0.18363105501076316
-1.2740298873982212 1.1805068618430496 -0.11931239808937644
1.2593274080811767 0.8424094004271794 -0.3607321902646694
-0.01109272953240037 1.0984986028542245 -0.19302808488747214
1.1072612290458963 0.8525513746857563 -0.369121186388937
1.7659617982629925 -0.6355254363935998 -0.8875342532529507
-0.15713250433778114 1.127050996602339 -0.1990777179135952
-0.29442126430359394 0.8764671756120386 0.46523416792014505
1.036718524377548 1.038308183762588 -0.35045348848244284
2.2291752669276264 0.8072691648033619 -0.6638785525693569
-0.46376246620445727 0.8616552235392447 0.4539975002870884
-1.9384997418017775 0.8924708939944779 0.44457138334372903
0.8892097323710999 1.0583466854648087 -0.35744153703590964
2.1037788371187034 0.8725424172805312 -0.6632038279904995
-2.0698768737674555 0.9588283589887894 0.44335592542746927
0.722505080428995 1.0387219674473265 -0.3706680461301479
1.9766500476132052 0.9337175750320981 -0.663259141100851
-0.6248007259347403 1.1588594572539108 -0.22588311876198386
-2.246797498153782 0.9431293123644089 0.43117416654685403
0.5811388230244674 1.073386072137147 -0.3755642100705776
-0.261607509848794 -0.6565511182530592 0.2328199223146763
1.8557750200173047 1.0088868929066805 -0.6610976382627163
-0.7711203707275089 1.1898079102887031 -0.23190986360451316
0.45921013498081464 1.1486987644643456 -0.3742080851926479
1.684656786218234 0.971630291763141 -0.6773382350339565
-0.9495765877367432 1.159851368255449 -0.24729406083962058
-1.0891935225019793 0.9153851967785904 0.42315090452292825
1.5355021074176634 0.9846783955099596 -0.6854749843015346
0.9855818450786913 -0.2156223009035969 0.2747172192201939
-1.1123002909103192 1.1613808804741588 -0.2579914256467495
-1.2227301438557632 0.9743449182244674 0.4213107899294224
1.4108822082326284 1.052305870003547 -0.6847673579587612
-0.16797879027566154 0.8727430421050855 0.39908445631125833
1.2637682450196408 1.0709474196910342 -0.6921549960508022
1.0581770834310689 0.96461221006588 -0.7201682254209194
-0.7575781092122398 0.3466344429254562 0.30976093565085794
-1.9072404050522636 0.9359996957666823 0.3765119389162388
-0.8997571975592393 0.39112531250065885 0.30608833585837747
0.7165317683958605 0.9214411952523953 0.38222492490867044
-2.052812862761705 0.9761543899250782 0.37177170072654153
0.6604280849743134 1.135144805035548 0.4019621685610142
-2.2176142811368464 0.9821212901961758 0.3623484448061314
1.364712752671899 -0.16928724370525217 0.2268828228578892
1.2806275627798485 -0.0013676902916834877 0.2407249287233677
-1.111664686211256 0.9368326520375092 0.35038460050681497
0.10021326179695933 0.6340530128130375 0.31618870054343606
1.2097572911897316 0.19380680550248286 0.2582386807070103
-1.2752708660953331 0.9388106251476884 0.34080112730124856
-0.04062466914067642 0.6753789545804167 0.3124522045717564
1.1215315255835776 0.3483744100219681 0.27027309690574075
-0.12190954035942525 0.8373211784471835 0.32498968397239114
0.9906253572752632 0.4084132558405358 0.2694991901979771
2.1453746632243096 -0.1681479766065337 0.1961973980532017
-0.2400073240681735 0.9239000415310059 0.32729471479514505
2.0554940483064286 -0.01127475785849441 0.2089690044985142
-0.6526714492855135 0.4258039603265793 0.25005329404929544
1.927254063963126 0.05461911773672057 0.2093833759889927
-1.9152598187636443 0.9841821570432181 0.30668009077170755
-0.8237955344915733 0.4124034888370218 0.23850000654319192
1.8368751166533528 0.20740766036821512 0.2215575054750767
-2.082238855517076 0.9852340382447693 0.2965277508364048
-0.9386111157193824 0.5101496806992145 0.2420219257936802
0.699864568056114 1.13688294404772 0.3324440792665806
0.161386993989467 0.0321321541938282 0.7733081654177036
1.7234220780382685 0.3058349520226571 0.2263192013368931
-2.2470462483793696 0.991351295044165 0.2869757488832798
-1.0256114303851689 0.6611468856938636 0.25278843198874856
0.5717148750178183 1.198390342793342 0.3317164257631626
1.6164918901102823 0.41821173644751397 0.23294533048728372
-1.003860069706235 1.0191127465847387 0.2919062450991001
-0.11322501677103958 0.13699085056693505 0.7691086605654087
1.5162239166297056 0.5444552854776781 0.24143827711203958
-1.180961990677858 0.9943218883541931 0.27857340131858255
-0.24484512869072006 0.20132809621309633 0.7683733776674595
1.4002949308695278 0.6347779396838256 0.24498976026633645
-0.37844262755188396 0.2616591327273241 0.7671040371523228
2.138068907901051 -0.12824150311422855 0.1272748783693638
1.299198103732465 0.7570417541101868 0.2528818920717564
-0.18896158615871883 0.9470533278272448 0.25980652128318216
-0.5207189790552249 0.3046860732459038 0.7636746243105259
2.155568790626134 0.2794951182407317 0.17472446714499856
1.178017087888243 0.8344996324474963 0.2545942143068638
-0.3177687186832827 1.011670944043665 0.25910557066062356
-0.6539849203575159 0.3659967566934803 0.7624186352358189
2.0263746716419533 0.3404896843382872 0.17453563963035013
1.0488049782002165 0.8943442855441397 0.25383699689963724
-1.8411856782501559 0.9990220608768396 0.2385586575136509
-0.7292942674827643 0.5191324618570157 0.18137348447898294
-0.7915555914548591 0.41892940777538357 0.7600869015322056
1.92910822256583 0.4746905464914626 0.1843899563417759
0.9176952481832998 0.9501433146715499 0.25246704374411966
0.42852592879082607 -0.06904629886424019 0.7034057453737583
-2.012786598836371 0.9910747376442899 0.22705877576926614
-0.8573355833509311 0.5900566746096985 0.18128813062766458
-0.9516414847586745 0.42811433604246574 0.7523402050600376
1.821121311840436 0.5653715607394822 0.18864906583884622
0.7741168682306281 0.9629900547391159 0.24556721006492044
0.3920401532747846 0.17894553504377697 0.7257822826967564
-2.1622863755769686 1.0395660624663527 0.22277487073996927
-0.9916099990774896 0.6647781496199485 0.18117512022117044
-1.1161435996792477 0.4457614487287458 0.7451070622072544
1.7005649830230922 0.6621430593279776 0.19283712659934427
0.6624322020468085 1.0765682984353582 0.2516077831850376
0.3139606971714315 0.37022376826059755 0.7403959110842075
-1.0186653111510253 0.9136772059931282 0.20621717725852395
-1.2631266315740177 0.466110802813553 0.7390326336489048
1.5950890918313547 0.7744798803585766 0.19958294187644388
0.531914592990681 1.1337458139818821 0.2502592877016392
0.2133485337224954 0.4957471268145497 0.7473563030824986
-1.129128825324699 1.0163351988548897 0.21043909345725442
-1.4143968370807798 0.4948556563151456 0.7334712818727818
1.4779322943043525 0.8599902945005589 0.20257271085837747
0.2931722316169001 0.9682387393246152 0.21793545042136575
0.08949418143738086 0.5723477448928271 0.7482737377748814
-1.2739512616734743 1.0535389809559632 0.2054933384523716
-1.579674926465195 0.4978538718059191 0.7246621922121372
1.3426227986815746 0.9052519809249766 0.1999229267702427
2.336133110162578 -0.11997703632884438 0.058808215008768094
0.14259389164551095 0.986625523274359 0.21101892744162942
-0.04279261652909838 0.631507916149797 0.7469972447023716
-1.4257658659089785 1.0781650024418 0.1987174824343052
1.2011983400988981 0.9374885913241187 0.19539488111594583
2.3192941129022984 0.20997334097735987 0.09615553175071145
-0.01027035815045707 1.0011614664785036 0.20348871503928567
-0.18370165081084622 0.6733323671320441 0.7435258701906529
-1.5823475286407458 1.0946735485411025 0.19072473798850442
1.0535204724657135 0.9567743734468976 0.18899000440696145
2.257896797801841 0.43008286678802676 0.11824501310447122
-0.1699012281951795 1.003001632367269 0.19410360609153177
-0.32455343671267656 0.7156743641581613 0.7400606945619908
0.9057696597262677 0.9766391148323272 0.1825894192324009
0.3523925152132392 -0.17791967012100685 0.6146544293032017
2.17235803052413 0.5909315914667168 0.13207329069236184
-0.32305577593590584 1.018793119943041 0.18658388410666849
-0.4787353180968026 0.7319209448566575 0.7332986668215122
-2.230987875139313 0.5386470752946266 0.692191012249979
0.7515742740092506 0.9836387305045058 0.17431200300315286
0.35158284491379277 0.16317205035309001 0.6485313252077427
2.0739064252648802 0.7200845972422449 0.14145649229148294
-0.4875488821991354 1.0130940798499672 0.17596853529075052
-0.6307817682173251 0.7532186869069228 0.7270926312074986
-2.0960266399750864 1.0698669773151295 0.15575874601462747
-2.349177808168882 0.6321192076622992 0.6942657307253208
0.6057690505173241 1.009167273511796 0.1685508564577427
0.3186425553889265 0.4320925347454647 0.6734846905336704
1.9642078138794545 0.8222230644050725 0.14702881132224466
-0.6410079421306634 1.030177324424912 0.1684597805605259
-0.7919742094186475 0.7574380506062894 0.7186883762941685
-2.2485381242252487 1.097777406520926 0.14901102338889505
0.45993511933937725 1.0352624032978532 0.1627959087953892
0.2528216607999525 0.6291758850806382 0.6895130947695103
1.826913599788547 0.8611835318559038 0.143693812237772
-0.8013961363569422 1.0346553104077643 0.15909469877341653
-0.951086690201862 0.76674547172016 0.7108410671816197
-2.420545151989579 1.0916959833900144 0.13737095151999856
0.30321257943346325 1.0396257002311131 0.15390527998069192
0.15335779640150804 0.7547754551783363 0.6966084316835728
1.6815949369306225 0.8825486525681079 0.1378172711000767
-0.9596993261932028 1.044206456123888 0.15035570417502786
-1.1011770717353215 0.7943396165838372 0.7052024677858677
0.1484950494932349 1.0490878195351208 0.1456478909120884
0.01951426650848731 0.8092611040671756 0.6947687939272251
1.536222125138174 0.9044776070500014 0.1319459751711216
-1.1250868294354675 1.0412385078572655 0.13976085935691263
-1.2721166222309108 0.7829444603384239 0.6946104839907017
-0.008579676467988406 1.0547394306005096 0.1367672756777134
-0.14064969858267773 0.8107947716873056 0.6862253025636997
1.3949148619275604 0.9359959072717139 0.12735403333762552
-1.2814444364469821 1.056516944410685 0.1316527203188267
-1.4410495616559302 0.7766809026470227 0.6845740154848423
-0.16805560805875075 1.0566066581109972 0.12726248060325052
-0.2921305725276184 0.8307826761157351 0.6799243763552036
1.2494727179026484 0.9590413022905189 0.12149465833762552
-1.4426039412891427 1.0636827153149824 0.12230909620383645
-1.6032302106881602 0.7842921407764365 0.6761959866152134
-0.32327459932889013 1.0679912809980152 0.1190208271608677
-0.4548837563477832 0.8291911288341254 0.6708320454225865
1.1039986575591954 0.982651220936976 0.11564052854636575
-1.758529521322835 0.805711489724235 0.6694778278932896
-0.47189532741328577 1.093278646883384 0.11267030988791849
-0.6111189056410424 0.8415777242039688 0.6634229496584263
0.9584757200648468 1.006823827871699 0.10979116712668802
-1.9376537924295647 0.7841010761902183 0.6572512463198033
-0.6341420735674674 1.0926839544475193 0.10255277906516458
-0.7629570674181707 0.8634402433847193 0.6571387127504673
0.7938438027932406 0.9912122047202203 0.09821069990256692
0.5999087696868415 0.5879485079422224 0.6311091259584751
-1.953418042235235 1.0414031672012278 0.0874809101686802
-2.1147783317770106 0.7676541197238009 0.64558113370994
-0.7966231333924867 1.0927640117812452 0.0924395397768345
-0.9308570001895404 0.8550199904721616 0.6469429806337681
0.6630422586605604 1.0479214299239352 0.09683597837546731
0.46558361774611967 0.6408273954559895 0.6292294338808384
-2.105890275232099 1.068744718665414 0.08064020429709817
-2.263420366157149 0.804175178251306 0.6405328587160435
-0.9501616263458388 1.1111204706864548 0.08484829221824075
-1.0967491764089132 0.8517366078972763 0.637310870038065
0.510926104967055 1.0604122709192367 0.08909071241477395
0.34001559615712296 0.7120947460225509 0.6296266392336216
-2.2922129171348544 1.036033965847011 0.06511390958884622
-1.1061137038353905 1.1257117978319329 0.0766319111452427
-1.255959658573957 0.8623461210341858 0.6293629482851353
0.3348578748711617 1.0244354966754479 0.07433546339133645
0.21257218685523327 0.7793171624778381 0.6294640377626743
-1.2668401747559486 1.1321900037048351 0.06716430936911966
-1.4129966615084797 0.8780040489365852 0.6219810322389927
0.18667908161945945 1.0471452909357701 0.06787622724631692
0.05914666060078133 0.793442317221924 0.6224955395326939
-1.5795445669220953 0.8767843433533109 0.6123637035951939
0.03404542343338335 1.0615483197585256 0.06014622007468606
-0.08339220787500068 0.8304590715290416 0.6183723286257115
-1.7510568842123462 0.8675424908442082 0.6016329601869908
-0.12092021733690927 1.07212984115192 0.05178344999411966
-0.2569201772676095 0.8057666737118971 0.6063035801515904
-1.9133813795743038 0.8764989065127189 0.5931462124452915
-0.29608108524040233 1.0434667955090617 0.03768337522605325
-0.41745511174026717 0.808476802526247 0.5976480320558872
-2.071101680330429 0.8948558591845739 0.5857862309084263
-0.4537230462870525 1.0509668709519673 0.02869261060813333
-0.5804448873485626 0.8074224830160723 0.5884283856020298
-2.2457834238581356 0.8834264023308442 0.5745095089540806
-0.5912143610423968 1.098852939593101 0.025451071606668485
-0.7119927470346141 0.8689671272754005 0.5871685818300572
-2.4062598179259993 0.8988048131049382 0.5665997341738072
-0.7604330927728924 1.0855574066016302 0.01327980314353372
-0.8775054991474107 0.8647621580377383 0.5773919895754185
-1.0524599306939848 0.8436424314399495 0.5653470829592075
-1.1977806163320324 0.88047141631953 0.5606955364809361
-1.380264552723915 0.8476166539808361 0.5469545200929966
-1.549182418038157 0.8418798061846822 0.5366286114321079
-1.7136629569065178 0.8456266791804055 0.527445204602274
-1.8831008005284815 0.8413332989365365 0.5171293095217075
-2.0361171213397498 0.8682796494798595 0.5107997730837193
-2.2712020772568877 -0.8198996971672052 -0.0637656375302944
-1.7511158037441632 -0.8406341863637472 -0.0070215388669643275
-1.2363267260231865 -0.8627792679664665 0.049143202649148954
-2.0782624616030674 -0.4892457608110554 0.7471751049623814
-0.7222934510733978 -0.8882629961425046 0.10530842100242044
-1.7719838921116207 -0.42072389390628473 0.77290046964744
-0.23630357542596414 -0.9050751465783584 0.15799892698386575
-1.4885883933995245 -0.34405824001682106 0.796103365765604
0.48500934490866854 -1.0298632316033007 0.2407993153200474
-1.1961539223602173 -0.2731589908487848 0.8203152493105259
0.6157456987004508 -0.8952998543899788 0.24832666669944192
-0.9764323879126096 -0.17146611804049172 0.8364566639528599
0.9097418956330685 -0.8351064022467192 0.27669847761252786
-0.7928519599156232 -0.0546302538882486 0.8485626057253208
1.0771071998838124 -0.7189415656728357 0.28885782514670755
-0.6497455088119395 0.07979169588991297 0.8561285809145298
-2.158290970701188 -0.8765929689968104 -0.23647224153420066
1.2131565011807055 -0.5891389983868613 0.2969640568361607
-0.5333884606275205 0.22597581223773489 0.8606685474977818
-1.6157294210061153 -0.9073162555470198 -0.1750479861631069
-2.2466131542839918 -0.6276228691845454 0.6433433369264927
1.3045243067765284 -0.43908605766895903 0.29928053175071145
-0.4391360626655967 0.38210131842308215 0.8626860455141392
-1.114997466349628 -0.923878458633105 -0.11899053300758933
-1.7578278062062296 -0.6364922817293603 0.6900352314577427
1.4053815798396556 -0.29363455212504164 0.3027542904482212
-0.3443679186739317 0.5378373463759516 0.8647035435304966
-0.6149862569523705 -0.9436751320069341 -0.06293355668922995
-1.246921674627771 -0.6584492367201804 0.7392925099001255
1.4977171604678077 -0.14437432649469528 0.3050702885256138
-0.1156912076772727 -0.9667169331416723 -0.0068765803708705775
-0.809592137503337 -0.65166906427417 0.7803400829897251
1.5771062894132442 0.010924430866882773 0.3056496456728306
0.3556365189609778 -0.9809021820625077 0.04560268674949075
-0.5455346706161635 -0.5709657793574792 0.8018902615175572
1.6525570654016803 0.16808093809658686 0.3056496456728306
0.7719242726969355 -0.9737649772543371 0.09092558179953958
-0.3087222568782906 -0.4796444445185024 0.8203615025148716
1.7062274459056113 0.335845390133926 0.3027542904482212
1.2193637990193906 -0.9836001934361036 0.14042270933249856
-0.12622435076818306 -0.3651101166601265 0.8326758221254673
1.8363098422049617 0.46628751761724274 0.30970276151755716
1.566815431051232 -0.9509545073367036 0.17680061613181497
0.020303626205780745 -0.23506422180351194 0.8408850506410923
1.748680522111897 0.7040974522685026 0.28827894483664895
-2.1258755269089917 -0.8489968638689618 -0.5154925509824428
1.8327829981039798 -0.8830822685204751 0.20244348798850442
0.09941993428517293 -0.0745484891821846 0.8413986042604771
-1.583655686944347 -0.8800351098356636 -0.45139180864235495
-2.099358854850699 -0.6491629051323962 0.564714320050272
1.9321173932694222 -0.7393673585559526 0.20602167402366067
0.170067944778431 0.08986925452625272 0.8408850506410923
-0.996721963082976 -0.9342870908487981 -0.3810678645505581
2.027415585031207 -0.5939846032630633 0.2090033367739048
0.20979042037784268 0.26885155056061905 0.836780913220438
-0.5471593239773966 -0.9328521833866112 -0.32941352571388816
-0.9954201713668027 -0.7273098226779702 0.6742872074709263
2.1097226384893375 -0.4426419373701229 0.21019590650657083
0.18276760221515076 0.4797571276539969 0.8249791935549107
-0.011918779226164133 -0.9723056339609606 -0.26593553270241355
-0.4948129999297919 -0.7497120148543992 0.7233342007265415
2.1567107974846493 -0.27449378798707613 0.20661819730857278
0.22396222736175986 0.6589467720790729 0.8208745792970982
0.486205424256724 -0.9991162229845685 -0.20743571962257956
-0.07218336131921887 -0.7409868234770727 0.763510592328104
2.199858450758235 -0.10426623958842285 0.20244348798850442
0.9835719799948919 -1.0291532639259877 -0.14893590654274558
0.1594139685991891 -0.649376991297629 0.7817725018129673
2.2124057479684183 0.08112044647464955 0.1940945461855259
1.3988208846503412 -1.0255457749806283 -0.10163842882057761
0.30050076857343555 -0.518063237783899 0.7895993069277134
2.1855939107320026 0.2863656489529909 0.18037832532981302
0.36506651403647083 -0.35230458453303015 0.788555987225565
2.1552277841790826 0.49426431818018557 0.16606605802634622
0.40766303922158187 -0.17631790945992165 0.784903414593729
-2.155653297027989 -0.7044626648073411 0.468004114972147
2.032502091480943 0.7492178331781787 0.13922966276267434
2.0566819361024073 -0.7582448618189446 -0.04064904893776511
0.42386740737487116 0.012236616678762857 0.7781199291811314
2.2282155564718664 -0.6491868431210222 -0.02695762361427878
0.427330185378743 0.20728340250507316 0.7697719410524693
-1.0699312736521662 -0.7728712168085217 0.5772775486574497
2.310324191352862 -0.49854773574400113 -0.025713078631368624
0.4226113378251597 0.40683377155137634 0.7603801563845005
-0.187931195974663 -0.9618600962476727 -0.7401806041135464
-0.5556431496653005 -0.8003770621957713 0.6287316158876743
2.1557752914970933 -0.23470448037418734 -0.05745183671852683
0.40077608964485023 0.6152789214030214 0.7489007786379185
0.21031230053706906 -0.9431366743022735 -0.6922570392026577
-0.10576379890646592 -0.8030107041914221 0.6727594212160435
2.190153889168542 -0.06014244535464641 -0.06305324281593894
0.7519184067225737 -0.9816808058358717 -0.6236992999448452
0.11570701753343826 -0.6968369660255185 0.6897338703737583
2.278042464497261 0.09827673853707353 -0.06180869783302878
1.2248791731727167 -0.9932921696706387 -0.5651260539426479
0.287494118299108 -0.5694750036067298 0.7008732632265415
2.3582469200898686 0.2507980970780608 -0.0611864253415737
0.36176483988128894 -0.4179526533748579 0.7014039829836216
2.256162567174904 0.5033864921923552 -0.08670198167702292
0.38445082119381624 -0.2133707993290166 0.6945074871645298
2.289526098497973 0.6704249524180526 -0.09230338777443503
2.153280514980807 -0.8587293505459783 -0.45929443086525534
0.38850335087816745 -0.038838648936756925 0.6870812252626743
-2.096882805010239 -0.5673061458663256 0.3744076565370884
2.296419364102853 0.8608701485303705 -0.10226022447487448
2.252612279169867 -0.7161952944262673 -0.45530091966530417
2.3084207397411944 -0.5627661243618931 -0.45729791368385886
-0.1248708236063294 0.5879109425670315 0.6091045216188755
-1.0561517038624189 -0.6290331701512635 0.48061598096946145
2.208216509760618 -0.3348151367391985 -0.4825907870664272
0.28078940045976 0.5844776076005651 0.648358233319315
-0.5365020817973871 -0.669962660506183 0.53399027143577
2.3308283225941437 -0.1936116552683238 -0.4759346171750698
0.48308730761741003 0.696001524169251 0.662680514203104
-0.1828636394034504 -0.6208170598478269 0.5668772533998814
2.2272628722303978 0.04752985107738539 -0.5025588199033413
0.28466323399297977 -0.6351922441116855 0.6137813404665318
2.2182850719971086 0.24386097769983195 -0.5152054950132046
-0.7416470724458861 0.026612930793532996 0.4827727154360142
-1.0771482415118427 0.5825429393587349 0.4245466068849888
-2.0548235536518575 -0.7853282139204545 0.29448879514792825
0.4097415587642672 0.08997177348603458 0.5932945088014927
-4.793001166802924e-05 0.48028619928514615 0.5350684002504673
-0.8831193567016768 -0.8912366714227851 0.4177450016603794
0.09949007785110808 0.6322682509130928 0.5377639607057896
-0.4557639252383012 -0.8811009454442313 0.46047390256980325
0.011329962915169745 0.8742222357356191 0.5178164318666783
-0.042552711767264384 -0.8676696805611215 0.5015591457949009
0.550536491840873 0.8135315851855545 0.5733465031252232
0.39286612040344693 -0.8670025439824478 0.5453838184938755
-1.0208090414420852 -0.03568860458803158 0.36570394788840677
-1.1354958993498983 0.21700062552883992 0.3426956013307896
-2.2991368879690555 -0.6498353123041021 0.16991174970725442
-1.7422173672746766 -0.6874628019208586 0.228898890362772
-0.040865679712361214 0.31177447063909725 0.4478744343386021
-0.6855809101014074 -0.74965223853334 0.3401945904360142
-0.11267055226917222 0.5445891527129731 0.4297970608339634
-0.004024587194606966 -0.854333964365356 0.4147623852358189
-0.11611179303862684 0.7461129737711119 0.419936545239481
0.4811791835102497 -0.8762820593423619 0.46540201459983255
0.5576805547809585 0.6228559703544825 0.49279440198996927
0.5399477894604487 -0.7091533589306991 0.4637321308718052
0.5592494018128704 0.8204356009442151 0.48348129545310403
-0.8294898654270995 0.1089309921619801 0.28621614729026224
0.597351960565156 1.0007981078458705 0.4785512760744419
-1.0832349400157852 0.4260637532382745 0.2455929592714634
-2.332848193752959 -0.8863822369708778 0.07350910459617044
-1.734813624388444 -0.9392425207123765 0.13860071455100442
0.0611237670608773 0.29497561715502485 0.36801851545432474
-1.2062127075620808 -0.9666066459684082 0.19520223890403177
0.10163580049751175 0.47441571134709193 0.36356628690818216
-0.7558814598609587 -0.9638067572068785 0.24218166624167825
0.13834720509593978 0.6559789863515597 0.35855806623557474
0.33553003643505264 -1.2448742695614428 0.36896932874778177
0.42202462508458893 0.7190342540132555 0.3841561153993931
0.3657093580723014 -1.0652979280949815 0.3638752773866978
0.7055653831365376 0.7803871029671292 0.40975416456321145
0.523609958895122 -0.94236602980504 0.37462986265281106
0.7123052917305657 0.9755637199830929 0.4008506611452427
0.71540085754242 1.1731635602783932 0.3913902119264927
-0.8782347374356192 0.08225932960064597 0.18105161939719583
-1.172766742987939 0.4178880803397078 0.13463867460349466
0.19338662770167048 -0.012418108709550069 0.29651916776755716
0.23276027360208928 0.16639431265296878 0.2919911221132603
0.852444986702686 0.07184397399887388 0.3604792431459751
0.9595093758480644 0.21659268363283246 0.3644417599306431
0.9595521331383736 0.41246540009978006 0.35481870924094583
0.7189797603771595 0.7255600210457018 0.31463182722190286
