-2.2196106710360226 0.705178628671554 -0.07953369489903217
-2.254157716838293 0.486425402584743 -0.06378090254063373
-2.294210592347227 0.2663296862938438 -0.047387241041610295
-2.302911390989152 0.059469308950362176 -0.03545057646031147
-2.3078119993198243 -0.14528296451969425 -0.02414715162510639
-2.285762445489908 -0.3390719277231611 -0.01665985456700092
-2.2551901543872646 -0.5292385332815712 -0.01044046751255756
-2.1882280253960573 -0.7053811817554987 -0.009308932936141545
-1.926790909233162 -0.8089342386166507 -0.03490459791416889
-2.2869692848569514 0.6858246857635635 -0.26338398329014545
-1.5771024640112472 -0.8814598179591471 -0.07257711759800678
-2.3445172533284904 0.4580734005565432 -0.24396145216221576
-1.073614815291137 -0.9000502241626904 -0.13122856489414936
-2.37079555416679 0.2437830802308767 -0.2291184651016689
-0.5463349566285984 -0.9135144350246591 -0.1930333363174892
-2.425635230238825 0.019041127233180077 -0.21034538618321186
-1.08415904918283 0.5421219499058552 0.5414093745589756
-0.027838808126901426 -0.9337691589488912 -0.2535363422989345
-2.4260077281614656 -0.18348938159297745 -0.19942200056309467
-1.0643874984310315 0.34208911362272687 0.5488313449264073
0.5378781996636945 -0.9408951676673354 -0.3203707920670009
-2.3901941490126006 -0.37152317440074256 -0.19372665754551655
-1.073184815466604 0.13145034300648462 0.5596851123214268
1.057395265130495 -0.9681081081754712 -0.38081562391514545
-2.3411926013122013 -0.554268377060346 -0.18998873106236225
-1.0364218064052722 -0.06118388468813407 0.564833523118546
1.6054752002446975 -0.9890143349110474 -0.4450465427994228
-2.2279424243864696 -0.7126193072779046 -0.1953979717850185
-0.9910836328964336 -0.25032410765491875 0.5688465846419835
-1.906278429383093 -0.793511973208723 -0.23022281996006733
-0.8580362131772858 -0.4065373808418684 0.5620230449080967
-1.5287770980404787 -0.8558085452491468 -0.27287304273838764
-0.6881837756678948 -0.5496854125990893 0.5506447566390538
-1.6253815192436178 0.7025921973850586 -0.6367150532364345
-0.9556089571743343 -0.8490667631225719 -0.34295570722813373
-0.2994704625787534 -0.6136705614731497 0.512465359056046
-0.9050703428603981 0.7816793582807122 -0.7315379368423915
-1.354202808715172 0.5998845387882952 0.4694393885970616
-0.3771070726867265 -0.8444254383384688 -0.4136611210464931
-2.225543258569118 0.054208452902052784 -0.5249453770279384
-1.2971817440563171 0.4151683769226011 0.4723075641036534
0.13205556830379805 -0.8686230308384566 -0.47453319898838764
-0.4856425310307628 0.5272749313289324 -0.7700673328995205
-1.3426434928506694 0.1907432478547051 0.4879382861495518
0.6930873942656035 -0.877973739674438 -0.5425645100235439
-2.2082910033919347 -0.34478444400205177 -0.5050240742325283
-1.3334332876940778 -0.011739728119053439 0.4966152919173741
1.282751952333058 -0.8812065370705682 -0.614482997572372
-2.15455020139278 -0.5263938142808442 -0.5018559681534267
-1.287882008403841 -0.19990949353652354 0.500659824693253
-2.096820886124931 -0.70639443937538 -0.49936115614170795
-1.2244446561402498 -0.3811582859628899 0.502394558274796
-1.7798722532684934 -0.7897410178427648 -0.534928439772079
-1.161633834784567 -0.5626118601130301 0.504136444413712
-1.4396695754053752 -0.8665095171554213 -0.5738736378311611
-0.8572166752254589 -0.6549854084333475 0.4757636798263096
-0.8248731316100759 -0.8453238426496554 -0.652895091688583
-0.3475680716457532 -0.6744112137758052 0.4219259036422276
-1.5450342221181472 0.6051624145959167 0.3922351611495518
0.20460018561341542 -0.682016115886583 0.362905861222794
-1.5849565075713912 0.3828578829310274 0.40748298295741314
-1.5888212405065048 0.17552237938833315 0.41802585252528424
-1.5888727066677717 -0.02975035734253595 0.4279841197371983
-1.5201837714994326 -0.20820762244611046 0.42912376054530377
-1.4474735712437052 -0.3851429873548682 0.42968261369471783
-1.3846763678820935 -0.5658282313219516 0.43142545350795025
-0.4918656505805785 -0.6461711291855465 0.33793580659632916
-1.894395429216317 0.31039363944418596 0.3479684604049229
0.561180798508019 -0.6811401606490506 0.22456538804774517
-1.870726903422053 0.11492433164357152 0.3550590289474034
-1.7922680845019983 -0.05896637474857869 0.3549898875594639
-1.7746611188143362 -0.25624177905977774 0.3626903308272862
-1.7021224246988282 -0.4322887316798827 0.36323297151332135
-1.6394758714228743 -0.6120911028776774 0.3649777186751866
-1.5681640861980242 -0.7886382930685727 0.36553609498744244
-2.1946529886329955 0.5884951855731444 0.2706936610579991
-2.3311785059899677 0.3293994600422252 0.299065471971085
-0.2135655218948358 -0.9087784439635982 0.22115361818080181
-2.2981443511765036 0.13895015850395254 0.30501639970546
0.604984974379704 -0.8245260113999038 0.12637126573329205
-2.288930000290634 -0.060522511731377904 0.3140019191146397
0.7551841878504177 -0.9810276027814169 0.11687934526210064
-2.2434790212579685 -0.24548677436555266 0.31814658769374127
-2.124560205426306 -0.4021449374150734 0.3126086009383702
-1.9086882831674643 -0.5224704468387529 0.2943638575912022
-1.600110900071968 -0.6092368087548508 0.2640246165633702
-2.0518205688257467 0.6135294746104947 0.15698516496424908
-1.1845299376676621 -0.6582401283457955 0.21978175767665142
-2.1375688258000594 0.3742482442685713 0.17898929246669049
-0.7081080974580516 -0.6876933552094471 0.16769397386317486
-2.150517071773365 0.16494084624254413 0.19116008409266705
-0.19861947708393757 -0.7083939839269107 0.11139810212855572
-2.1550791272680385 -0.04041767023529985 0.20210588105921978
0.38608223952238063 -0.7055975351153023 0.045448662126114314
-2.1882124563366574 -0.2562335630858854 0.2167433513045811
0.8779205450435512 -0.739865545340237 -0.008370040571639592
-2.259315386571174 -0.4857375441534941 0.23629796632533306
-2.1597264668179292 -0.6495723118758789 0.2331284297347569
-1.8934138928345021 -0.7512665817021613 0.2078622592330479
-1.5667194961944517 -0.8321864154888488 0.17463100084071392
-2.162360048104219 0.823917258111031 0.05229890474086041
-1.156118248194744 -0.8844497838399761 0.13036859163050885
-2.099877484726022 0.6437286415408465 0.05464112886195416
-0.6706406694785159 -0.912308886599682 0.07631003984217877
-2.15777791992231 0.4155434894376029 0.07322156556849713
-0.17072590724146153 -0.9383091252820037 0.020437599504044
-2.1659304244839745 0.2080574423011754 0.08493888505702252
0.39510611658840844 -0.9443716409309104 -0.04399645200962787
-2.253422458322177 -0.029845205223558935 0.10726821550135845
0.9708936928238217 -0.9508847573285095 -0.10962593427891498
-2.2494595039263032 -0.23106843768488972 0.11712062486415142
1.4488420141048408 -0.9953120513266356 -0.16234314314121967
-2.2509276282709294 -0.43384658849728197 0.1276010287642979
-2.081616847534832 -0.5713107683710987 0.11500775941615338
-1.7733422530482272 -0.6574413135830994 0.08371865876918072
-1.381372755973672 -0.714420923178281 0.041223408067276424
-0.9007210250405251 -0.7414196752731357 -0.013094066297957951
-0.3916678665460154 -0.7613850570541416 -0.07112324110264545
0.13187979115203063 -0.7796435534892368 -0.13099586836094623
0.7260310848145934 -0.7764181380259956 -0.20018398634190326
1.260020840548151 -0.7984967278908428 -0.2612429844498134
0.1898519633096356 0.4041516292475009 0.6904600871444249
1.3278373403803272 0.8652093517839603 0.46944940217738385
0.6454926041067921 0.8627185431203017 0.5193256152511143
0.07500663878695946 0.8077572493090628 0.5589817775130772
-0.3753191356235135 0.6945928252086659 0.5875991595626378
1.2922735785278832 0.48109321292557894 0.3011378062606358
0.3747405530241963 0.6012591841910435 0.37420404084925885
-0.15143686924947986 0.5260699296864573 0.4105280650496983
1.1794385896843664 0.9721682852587534 0.17194783815150494
0.5108621962568805 0.963165389740432 0.22266757615809674
