0.4340977529654424 -0.880089033025035 0.155919629692705
1.5590859838753914 -0.8183600432530831 -0.7328409370187208
-0.3316098237823155 -0.49979938632524323 0.09600694811311516
1.9632920155003433 -0.6403807963267205 -0.7007216628793165
-0.41241183751471056 -0.23156834797676318 0.08687408602205071
2.0833333553340623 -0.4150915232983614 -0.6937774833444044
-1.2485573534644772 0.1702398206529292 0.021481591820390555
2.1158762885185354 -0.1746728817133043 -0.6946448501351759
-0.20284084724609386 0.24101685886718727 0.09600694811311516
2.144362192167833 0.06655553261437497 -0.6959470924142286
-0.30044819862165184 0.5136645678882736 0.08541305696931634
0.465764766594603 0.6262471572896793 0.13911541140046868
-0.5057165249964584 -0.8130914209191715 -0.038967531562177804
0.646658105404569 -0.7512557489565523 0.04556186830964837
-0.03465325212245318 -0.38416402241059977 -0.00941984021696296
0.17482067922918532 -0.167244925886461 0.0032969299551561804
0.8218233171708675 -0.029411762058908053 0.04930217897859368
0.8704235653178074 0.21275527757878443 0.04967601931062493
0.7629849066070591 0.4837931925138772 0.03808124697175774
0.65659512007133 0.7557371799368049 0.026486474632890555
-0.40829767264177974 -0.012368198466848668 0.7150889221426562
-0.3792692812168781 0.23761974542096986 0.714123803734453
1.537873000304515 -0.6742891495806198 -0.25764743649992194
1.731529260304569 -0.4602233609359061 -0.24524347150358405
2.0092558240279885 -0.26218450021436723 -0.2260379012826368
1.9687673530466014 -0.008155145834479072 -0.23283998334440437
1.983118517070693 0.23633684478417116 -0.2352403815987989
1.964071320549877 0.4873397707112037 -0.2404421981576368
-1.6371562293314241 -0.9077230803157583 -0.634325903296797
0.7494386593503322 -1.0391372081176478 -0.43931714856657234
1.6694504573428333 -0.9426377938599888 -0.36613790357145515
1.9260942730978314 -0.7393795788794097 -0.34814969861540046
-0.32499478093619416 0.07713428360055019 0.4674421135183886
1.9967658858705164 -0.5052996354820092 -0.3456968482736036
-0.26127647639602003 0.32065264043972874 0.4687991920706347
2.063321994094494 -0.2706981758403071 -0.3436526473763868
2.042429093428211 -0.020419485992704267 -0.3489669975045606
0.8993968665587317 -0.775605259034462 -0.5546178039315626
1.7410227792063324 -0.6697120229750091 -0.48656169736417976
1.9984363453274483 -0.4675652384628357 -0.46819154584440437
0.29168130526248603 0.019862410658449292 0.3844767395254687
2.07493974618923 -0.2347256151045567 -0.4652685340646192
0.17359055174541993 0.2940658868566999 0.37299593126741204
2.0786910126626594 0.011089640313951321 -0.4686087783578321
0.05655318639718132 0.5692546856853298 0.3615151230093554
2.117629348022305 0.2506690045490334 -0.46902601087125984
1.695890493035975 -0.969562794156257 -0.6086215194466993
1.981863696851832 -0.7713163023719929 -0.5873107131722852
-0.45112190048632783 -0.3447199528701326 0.2116437736746386
2.057326458296018 -0.5382715848476849 -0.5843266662362501
-1.2290754370034733 0.04545623277582145 0.1520887199637011
2.0992340831940055 -0.29952410751162795 -0.5843266662362501
-0.841372090877897 0.23466814061455388 0.1770520988699511
2.13982243165691 -0.0728532438307461 -0.5843266662362501
-0.13646151408825347 0.35124141491354877 0.22519548571077141
0.36959266975154037 0.5125804210153557 0.2587176147696093
