0.2486775748364458 0.35576685021028354 0.7680540476309572
0.14844956759583283 0.3996527128425562 0.7702880297171388
0.03395555256098959 0.39615786118506335 0.7661352549063478
-0.06407230138056974 0.4504999674185548 0.7696490679251466
-0.16274530248418273 0.5002923147797667 0.7725334558951173
-0.264081370817582 0.5358200065864871 0.7735195551382814
-0.3682304817340949 0.5571194966261892 0.7726045046316896
0.5219149765355908 0.6779969708434628 0.709887066887549
-0.4671008710107536 0.5776897530798202 0.7717395220267091
2.123448896903213 -0.32546453994529756 0.18737892250888688
0.4312391790720689 0.7093250769610329 0.7109995279776369
-0.572128849704157 0.5948473434691941 0.7701979074942384
2.0383106579982666 -0.1307376640743776 0.21291975121372086
0.3144890583996016 0.6852678753166153 0.7041583452688966
-0.6823474328356802 0.5881392578508091 0.7654815111624513
0.20994604090121172 0.6996818945711532 0.7025785837637697
-0.7957620426925267 0.5926777040822735 0.7619948778616701
1.8589391445251202 0.24110730158156812 0.26107553582065446
0.10026169418352637 0.7154506740741873 0.7009563837515627
-0.9040293512639437 0.596472965860503 0.7585564051138673
0.8372967251241938 0.11813682989781782 0.4849296007620607
1.7732522524447631 0.36223027586394707 0.27593711953037126
-0.005150699355731092 0.7257487704370753 0.6987328920828615
-1.011257992733114 0.6054978860003821 0.7557564173208986
1.684438920547155 0.4941064568698472 0.2921967897879396
-0.11536673860963731 0.7121087719998194 0.6932516489493166
-1.1274190570540128 0.5762588042962982 0.7478709612356935
0.720367167286387 0.7102174262939833 0.5601697359549318
1.5903564355963624 0.5821298013917762 0.30199865441196305
-0.2237908676269562 0.7085996006865365 0.6890769396292482
-1.243868279478594 0.5474644886781412 0.7399864588248048
0.6100624370733954 0.6890428261512191 0.5538125429617677
1.4961369610266502 0.665548373902606 0.31109003167026383
-0.32734004142405126 0.7297618054239585 0.6881676111685548
-1.359454346138122 0.5239491870989035 0.7327394876944338
1.4003013453585744 0.7345691054505998 0.31803325753085954
-0.440925922581183 0.7027587452016668 0.6807361040579591
-1.4822804736843622 0.47195353012736163 0.7216744814383302
1.2975525446458605 0.7549781730639005 0.31779102425449235
-0.5455209456446859 0.7198283702599433 0.6791806612479006
2.146073897567934 0.5552533733495402 -0.06080099005825179
-1.5937371309749082 0.4686208289769418 0.716976681755713
0.3020628757673762 0.7595172186025927 0.5530443582999025
1.2016547707105545 0.8197461082369948 0.3240280542837892
-0.6563495454525601 0.7082006033367314 0.6737118158804689
2.073558742081545 0.8230252191976426 -0.02131076712734359
-1.7112996306848522 0.4416335619517291 0.7090974245535646
0.19686163743695673 0.7691111328023617 0.5507645998465334
1.0992448917717397 0.840833597889155 0.3237953577505861
-0.7609575777457493 0.7260341440951414 0.6721635256277834
1.9534969595619458 0.7039338281753906 -0.0433153714669432
-1.8425179960582092 0.3622303282623527 0.6942115221487795
0.08050943564609625 0.7207016826466948 0.5403538141714845
0.9906388322182629 0.8232063368857716 0.31780962090366227
-0.8655222802085625 0.7442338668509656 0.6706185732352052
1.8704400994013142 0.8742220795684581 -0.019373854590722495
-1.9756085926503637 0.2785724921991566 0.6786871347891603
-0.04854393327232387 0.6095296479177925 0.5211291704642091
0.881051810159164 0.8010929917182743 0.31110529045932633
-0.9788080116959641 0.7241337298762183 0.6638513002859865
1.767431985951223 0.8881101968616356 -0.020345648719140463
-2.1056322734194985 0.2098813459364557 0.6650724802481447
-0.1399267582108692 0.6932536620555787 0.5290260706412111
0.7745302608489801 0.7988997117271417 0.3072824869620119
-1.0845241978530886 0.7382737291296202 0.6616602335440431
1.6698845889977 0.9414855492177772 -0.015080412818261557
-2.245090175432452 0.1081682756057134 0.6469946299063478
-0.23373734084310982 0.7626847396380789 0.5348959360586916
0.6746239837835937 0.8360967098388166 0.3092251215445314
-1.1879635556998416 0.7624397391657602 0.6607799921500002
1.5671131105617029 0.9560695767182956 -0.016043147040673666
-2.3673975895683768 0.0741260912555326 0.6378403101431642
-0.33809738225406605 0.7790364347999024 0.5333104525076662
0.5808858127502141 0.9077469895590831 0.3162146006094728
-1.2913194987880985 0.786970483903513 0.659904042290381
1.4643926191806322 0.9710150626645309 -0.01700206656582015
-0.44545961820037405 0.7812110469712756 0.5296926889883791
0.4667045031129149 0.8628035728417949 0.30591968636386735
-1.4097169163436476 0.7492235614769704 0.6505313311087404
1.361001462506696 0.9814279565521069 -0.01873680014736312
-0.5642201466368135 0.7304864008958099 0.518612423943213
0.35746332412816173 0.847505100677953 0.2999482546316896
-1.5213798575404986 0.740830450035812 0.6450834665762697
1.2561379433071984 0.9824469569351102 -0.022026976538964682
-0.6687433646618608 0.7480001382275354 0.5170360002981935
0.2453376232291511 0.8180196699471161 0.2918167505728517
-1.6295976325690056 0.7472889960705267 0.6416011248099123
1.1504639692901648 0.9789578344129062 -0.02609439749843734
-0.7732223623803556 0.7658890103261236 0.5154633913504396
0.14031303883098545 0.8278371835949407 0.28945402245395524
-1.7439305632224524 0.7301096487101084 0.6348500643240724
1.0439301244688899 0.9709744438371111 -0.03093906302578109
1.9864089792515642 0.9264255710420137 -0.4807366933358397
-0.9079388120491139 0.6488038033505426 0.4948778543936525
0.030597531249313192 0.8137468385737598 0.28348926644199235
-1.856013893236483 0.7229726331025184 0.629409829186133
0.9372887079424004 0.963376206429114 -0.035781821204492026
1.884207847979571 0.9448073247818023 -0.48085399527675765
-1.0226863666783608 0.6240690406535414 0.48719600777500016
-0.07451084761703797 0.824331549728992 0.2811322603689943
-1.968233642901584 0.7162575704083984 0.6239719782339845
0.8329688163829836 0.9707759280316814 -0.0382804479134764
1.7761757541565117 0.9196158186891275 -0.48866840262539046
-1.1488339939035335 0.5515116549549823 0.4727201853262697
-0.18058820435497225 0.8304403625487744 0.27805809121005876
-2.079338010394583 0.7147590499495671 0.61919120888584
0.7253275653495592 0.9590738293296504 -0.04389854331142562
1.6733140942136338 0.9338487878091719 -0.4896354283822264
-1.198589843231069 0.8073613889131117 0.5044556055533205
-0.28372507982826534 0.8514703324418669 0.2771516237723146
-2.1931020073374903 0.7040963713313282 0.6131034288870607
0.6209289365301913 0.9672262262749278 -0.046390971137353354
1.569807429933082 0.9435661174476202 -0.4914550389779295
-1.322475240296825 0.7452143514762533 0.49134639840000016
-0.3908141485888912 0.8534906876819441 0.2733631525503908
0.5139356934989436 0.9611648611029544 -0.05122276206142562
1.464197284994551 0.9390232730898127 -0.49583860297329085
-1.4247291561792608 0.7750316403299173 0.4911542330252443
-0.4989864309088574 0.8510509767740437 0.26885465721958024
0.4085935021729732 0.965207190200605 -0.05449005026943343
1.3570551935681294 0.9251166396369364 -0.5019321050179686
-1.528047498532512 0.8003939023907769 0.4902863893973146
-0.6072491716795554 0.8490091423932462 0.2643490229117189
0.30142436374239523 0.9599185260704779 -0.05931659598476546
1.253471291683649 0.9359448982200966 -0.5037417020333494
-1.639670046946975 0.7924804342034371 0.48466114144199235
-0.7145466127497748 0.8521947144922173 0.26056913475864274
0.19597618963247498 0.9647255865570976 -0.06257768530971664
1.1499093860838592 0.947137295604005 -0.5055479611886229
-1.7657197112760201 0.7068499913242086 0.46819786171787126
-0.8360637993319777 0.7677002601914218 0.24383405785434586
0.09470357606643987 0.9640610879052893 -0.06657215018398421
1.0282533477230729 0.811947943578236 -0.5330037679208006
-0.9456721015771734 0.7873711950592828 0.24217990975253922
-0.015010965394150588 0.9754694592696715 -0.06909128089077132
0.9368958205533922 0.90171535478785 -0.5210976209176268
-1.1028908773354509 0.6001416278330716 0.20945886711948258
-0.12568408466107073 0.9824411267505262 -0.07238765616542953
0.826400757791049 0.9051702121027496 -0.5246553029549803
-2.08886071835137 0.760243751402168 0.461506882713965
-1.2117547486805051 0.5798161284417453 0.20211319069736344
-0.2271038841525126 0.9828869968486664 -0.07637306113369124
0.7201825290611232 0.9033015082966962 -0.5290207471383299
-2.2050965797672717 0.7606155883478145 0.45653251747959
-1.275868507446841 0.8187005170894217 0.23295072655551774
-0.3439821878120135 0.986894875347911 -0.08049007315761703
0.6112788491289436 0.9172774265160122 -0.5308575238717284
-2.3162636559492142 0.7600308930816233 0.4516039286124025
-1.369247894809284 0.8615400826176973 0.23501543145053727
-0.44654330302214973 0.9832647723857342 -0.08525129218227523
0.5049649127089708 0.9161827940840404 -0.5352162923348631
-1.480045765049546 0.8325967193797688 0.22623733620517594
-0.5491976195237136 0.9799886279470122 -0.09001155753261703
0.4063558039940034 0.9290724003936681 -0.5369538869393553
-1.5891293450661053 0.8341622448355217 0.22175697426669938
-0.6602247523956457 0.96372563864497 -0.09716030020839828
0.298163638617595 0.9190299862719336 -0.5430225934518065
-1.6907145262845766 0.8444131859292519 0.2187695894705568
-0.7641696658765937 0.9563720135406975 -0.10269781012661117
0.19862613902074244 0.9277659582398563 -0.5456113423836912
-1.8011404871939192 0.8419607309679229 0.21357158760898454
-0.8701238739034096 0.9650017780102793 -0.10592838187343734
0.08930291516649547 0.9136526461191004 -0.5525326337350096
-1.9154036572045072 0.8255522033290354 0.20620493035190446
-0.9783021735869681 0.9643849526784969 -0.11072202582485335
-0.013571628188191909 0.9337739261902662 -0.5534448232186522
-2.0389380283693477 0.817103440442704 0.19947914223544938
-1.0990702632103577 0.9569558867412518 -0.11716648001796859
-0.12825259223856023 0.921482871061432 -0.5604066457284178
-2.144542030893124 0.79405815359139 0.19147781472080094
-1.1937738129354116 0.9691561275368805 -0.11951728720791
-2.250380546294071 0.8123937175072236 0.18918613533847672
-1.302185967353278 0.9697302157252814 -0.12430234809047835
-2.3718810204467644 0.7738690537971955 0.17820648293369157
-1.4106800325211601 0.9707064096585292 -0.1290845479500975
-1.5192542988989217 0.9720855551801542 -0.1338634099496092
-1.6333656788302946 0.9956061617246768 -0.13559051413662093
-1.7347125878729948 1.0265063754661305 -0.13565870185024398
-0.23742205809721284 -0.5446686126563023 0.7854714785086427
-0.3430571453926099 -0.4834416627104581 0.7893662844168459
-0.43415027626248914 -0.4348445364313527 0.7921858225333009
-0.5411027605816159 -0.38267092879313935 0.7948685083853517
-0.6413863915105225 -0.3263975714825307 0.7982182894217287
-0.7516216098532809 -0.3183324854309362 0.7954450045096193
-0.8420500337920664 -0.217720513110379 0.8043232355582033
0.15023887257909863 -0.40817450770822106 0.7531128321158205
-0.9774567297178258 -0.3252688529071186 0.7868433390127931
0.07710359498416608 -0.20295906499143612 0.7757606897818361
-0.03698567437277234 -0.22183946075103123 0.7698350344168459
-0.12972615378801677 -0.12825761675853187 0.7782097254263673
-0.23237630202405768 -0.08794933179463271 0.7797527704703127
-0.3348185782790729 -0.0472955991029842 0.7813015375601564
-0.4321096500795818 0.018000204264581043 0.7859664354788576
-0.5420817137338503 0.020462539628653076 0.7825489435660158
-0.653136990947452 0.01846480884475099 0.7785120401846681
-0.7632456127247131 0.02172356457609581 0.7751012239920412
-0.8744646935853098 0.020534310205704287 0.771070042656592
-0.9922071696274166 -0.009304207976757795 0.7633047495352541
-1.1145991663052754 -0.05805047382067485 0.7530489359366213
-1.2352008373153573 -0.09663690391732516 0.7440390978323732
-1.3485864649472354 -0.12633713449823247 0.736322442101172
-1.463016962223847 -0.13503555029334535 0.7310543451773439
-1.5968102608981134 -0.1999056851466321 0.7182617578970705
-2.285905381139809 -0.8002595323245281 0.4151382837759767
-2.078320164893487 -0.8016718485917593 0.43192962746494157
-1.4105369322890127 -0.8633041359420979 0.49041084389560563
-1.2752820094758732 -0.7924205004969735 0.495043316887549
-1.1801009365001924 -0.6781147792334608 0.4927273188101564
-2.2235744275072804 -0.874910982314816 0.27506784539096696
-2.0401674662854283 -0.8512539333634344 0.28818754296176774
-0.29664394411080863 -0.7842637561635932 0.5708947573172365
-1.9215784363591766 -0.75978546458607 0.28997663597934586
-0.09272213170267918 -0.7960135948768006 0.5876865778433595
-1.7010545236299386 -0.7776086384719925 0.30965570549838883
0.1533349812568119 -0.8573583511063667 0.6120052729117189
-1.4168687589478637 -0.8657517564702246 0.34066633324497086
0.2649483880684329 -0.7664513845466061 0.6125841532217775
-1.2984445629064716 -0.776573754925181 0.342455426262549
0.3703655683251519 -0.6684210963564752 0.6120052729117189
-1.1630005103466026 -0.7061540900249064 0.34722618203037126
-0.8939120143682686 -0.7832998337597523 0.37585119347446305
-2.2970713297605236 -0.9694351395862739 0.04993824105136735
-0.6888826058931485 -0.7918969304512373 0.393145123528174
-2.096714054517257 -0.9632173986167594 0.06674150566928727
-1.8966732671419066 -0.9580244914784366 0.08354429345004899
-0.25364422321084845 -0.841930389947354 0.43250469307773454
-1.690162900523596 -0.9610837158507408 0.10159210305087907
-0.14852245245793583 -0.7421310232619049 0.4319081697928224
0.538259657420415 0.4820512420505274 0.5222568903433595
-1.504335538716969 -0.943434666223844 0.11590627770297868
0.03223560770601708 -0.7285393715762929 0.4450283442007814
0.6355135530582849 0.5945309705518973 0.5193620119559084
-1.2985101995436246 -0.9485480318675634 0.13395361046665055
0.2877310026091138 -0.8019449615834482 0.4718637857901369
-1.0930756953813692 -0.9547187606129661 0.15200142006748063
0.48393853293548617 -0.8091526986888411 0.48796562294834
-0.9315250182142272 -0.9143217989589338 0.1619592104422365
0.6538932999735465 -0.7872186960125411 0.49929622750156266
-0.7233810918885304 -0.9261276965040608 0.18062881569736344
-2.386326674349945 -0.950487446350877 -0.33960052390224593
0.002464565145050557 0.19728826191026982 0.3585572634207521
-0.5123449388705197 -0.9426909383672601 0.19992164711826188
-2.1379750729497147 -0.9939194303741239 -0.3123101796639647
-0.036242826314563104 0.4705556364552841 0.3305287752615724
-0.33152976587998495 -0.9270706659388708 0.2136130724417482
-1.9073414627127718 -1.0207218016319715 -0.28834815878994124
-0.12459572238108407 -0.9420118173372423 0.23228315453403336
-1.724812073410451 -0.9982480282498116 -0.2737049664986815
0.022838578505428586 -0.8910387043129688 0.2397513781058107
-1.4984873935200405 -1.0237264196866356 -0.2504086102975096
0.13760979293945752 -0.8033914733015592 0.24099592308872086
-1.3232715354316618 -0.9959334335087568 -0.23709674735195296
0.5651522244987497 -1.0755829357286224 0.30198482613437516
-1.1146248754233916 -1.0054221292856589 -0.2171282376778807
0.8335020955233929 0.5740657070510586 0.3877783213125978
0.6954329750898189 -1.0086500449742282 0.3063412104117189
-0.923124041869503 -0.9977172155792822 -0.20048805136806624
0.9593554976313641 0.6509166189385844 0.39016393761508805
0.8678289759297826 -0.9912113338390931 0.3187880907522951
-0.7152504327705032 -1.0092993486464579 -0.18052001853115218
0.9724986769671773 -0.8952788549813633 0.31816581826084
-0.5210846072438393 -1.007247330748207 -0.16321416754848617
1.1191407388271521 -0.8489453030697831 0.32563356499545915
-0.33386525080459606 -0.9987921944477236 -0.14723964591152328
1.1063232440354867 -0.6132560225042418 0.30198482613437516
-0.1337427703418932 -1.0060760295847544 -0.12860246558315414
-1.874219619382 -0.8921730750164905 -0.8275765981209959
1.2123458880380227 -0.5181182318249213 0.3013625536429201
0.0495765593760602 -0.9958136948041769 -0.11329360861904281
-1.7084860227492378 -0.8518217721291315 -0.8152331914437498
1.3092248135356073 -0.41187193509618325 0.29887298683994157
0.2457109003879232 -1.0013509520991448 -0.09532209296352523
-1.4922919101762062 -0.8665820389170662 -0.791997870398828
1.3718818114644975 -0.26375150628890864 0.289537945793799
0.4219363234173805 -0.9854692149762627 -0.08134408850795882
-1.3201908155286262 -0.8352313739747643 -0.778201540900537
1.4383968056475638 -0.11953178781774909 0.2808251772391115
0.6206384089974009 -0.9966606669993965 -0.06270738501674789
-1.1147809011386904 -0.8411631598672145 -0.7571448888314452
1.5274584285557111 -0.0023804333739718686 0.27646879296176774
0.7995599884892641 -0.9863227721764574 -0.048063715888329916
-0.9197616427861632 -0.8371737136065036 -0.7382664289010252
1.5641709347130472 0.1802607404765375 0.26153282265537126
0.9846587801535556 -0.9843901779584385 -0.03208967108852523
-0.6985125344641432 -0.8635205373104036 -0.7135791387093748
1.6327987467779579 0.32426177672456546 0.25282053093784196
1.1758534380091135 -0.9909371813045098 -0.01478334326870101
1.6959534877976985 0.4759524847696106 0.2428627405630861
1.344346863494394 -0.9718925689529883 -0.002137144995995932
1.5190098082214654 -0.9612570635023481 0.011840382622412271
1.6744479745543899 -0.9285831641636371 0.021824399040869302
1.8171974618291848 -0.881311225174727 0.029146233605078287
0.2825441105546318 -0.878516225916723 -0.6162819470895018
1.94113992336138 -0.8116452341379947 0.0324745569693361
0.4588737419443909 -0.8628042454550098 -0.6010341252816405
2.0496396954233624 -0.7232279350059798 0.0324745569693361
0.6608041460609186 -0.8779355689579482 -0.5799769963753905
2.1491180703658515 -0.6236203273917553 0.03047756295078141
0.8398017265007205 -0.8677813872147055 -0.5640029515755858
-1.4356168039967372 -0.25809053752782063 0.7081485186087404
2.1808564473824426 -0.4392139473334673 0.013837376640966959
1.0057354352039418 -0.8434063271306691 -0.5509328450692381
-1.2751689757587528 -0.21319151833994 0.7163658533560548
2.2320718540251825 -0.2779213702303487 0.0011907015311036773
1.2289045810142127 -0.887904492047987 -0.5247935857308592
-1.1512781370991192 -0.1283483138099939 0.7185569200979982
2.268764538060445 -0.0971626837713444 -0.01478334326870101
1.400639662149235 -0.872874017980724 -0.510271510077783
-2.239184454380947 -0.4582256509894549 0.5880222712027345
-1.000690940394506 -0.07365737811835515 0.7251305971609865
2.236123656659302 0.1734499246371719 -0.04606719870693343
1.5848116962639054 -0.8738897763466724 -0.49284501929409164
-2.0819082093863486 -0.4060219139477468 0.5958133135306154
-0.8566528853422426 -0.012196491368129614 0.7306089792715822
1.7560654373498643 -0.8605487858127816 -0.47832294364101546
-1.870518880486987 -0.4127959035022535 0.612507859276465
-0.7158141667611524 0.05238441281796824 0.7355389986502443
1.9364997282617225 -0.8595025516062229 -0.4616226758492674
-1.6224842502767522 -0.46083233263037116 0.6353230867850099
-0.5748678965041272 0.11637160549021885 0.7404694948660646
2.079173984889092 -0.8132892968445375 -0.4536356534493651
-1.3919213638607957 -0.4918959944046932 0.6553564463125978
-0.4435849400134373 0.1910314638942019 0.7437558565604006
2.187668320476373 -0.7253556257927904 -0.4536356534493651
-1.2053856558692821 -0.4764033077039045 0.6681557093130861
-0.2829408682140695 0.23125650267367703 0.751973191307715
2.2717085654477707 -0.6069263566930836 -0.45944448371059554
-1.0057801615434308 -0.47657138761857354 0.6831803713309084
-0.1578733603686331 0.31231940491415955 0.7541642580496584
2.35318809648588 -0.48483126462728166 -0.46597953696376937
-0.8231068882431103 -0.45925715880347795 0.6954226885306154
-2.4294440359060516 -0.7477165388912894 0.5132370386587892
2.241951027991668 -0.11843087974972732 -0.5182580556405272
-0.6637903688688667 -0.4168586640943097 0.7037701998221193
-2.1564436919091747 -0.8169171848682097 0.5404062662588869
2.2856765333640716 0.054545879298284916 -0.5342325772774901
-0.4913544150839364 -0.3900793468423984 0.7143431101309572
-1.938838662245665 -0.8298302159033248 0.5585184488760744
2.3880794812556587 0.15345543282804286 -0.536410769416162
-0.34202855941220633 -0.3379788092820881 0.7210207376944338
-1.7250830249570193 -0.8402513016448374 0.576065102623633
2.4000546434859125 0.3694313204761208 -0.560371836615869
-0.2351277508735592 -0.2378482487946343 0.7204642687308107
-1.518526513812212 -0.8445134487747161 0.5924797449576173
-0.12135576180651952 -0.14560087255258836 0.7210207376944338
-1.3190954579076717 -0.8425419017059106 0.6077618990408693
-0.013760339582734815 -0.04622044747937082 0.7204642687308107
-1.1401536217750383 -0.8196214929067054 0.6196484957205568
0.07806902228810841 0.07168744740113198 0.7171254549490724
-0.9246014584922619 -0.8379638037785213 0.6377611551749025
0.12540863052855755 0.24240910050239606 0.7059960756766115
-0.7395191382990873 -0.8242755250617435 0.650779286431006
0.301589618128439 0.26112468868036487 0.7171254549490724
-0.5513699683763491 -0.8151986056875273 0.6643634233938966
0.27046188661512005 0.5268296266635879 0.6920838747488771
-0.3734167075628818 -0.7959338539641791 0.6762500200735841
-0.2154379142316003 -0.7552186989420768 0.6847401056753908
-0.09031965923931651 -0.6779271208625701 0.6875706110464845
0.012124236168919111 -0.57494125310998 0.6864385996329103
0.10844121281023433 -0.46478074736801744 0.6841745768057619
0.1825050194523783 -0.3285643371822857 0.6779480371939455
0.2571866955323934 -0.192480595865419 0.6717219744192873
0.2971160938323578 -0.014878762294074477 0.6592693720328127
0.3219505355799832 0.18181241764218825 0.6439872179495607
0.28404510830224083 0.454910526706481 0.6173844728934084
