1.8133259348292512 0.850758797992631 -0.4174884826790155
1.4532101179248116 0.8362727385203508 -0.3942503006111444
1.0062772007369603 0.8722332384258182 -0.3636273414741815
0.6167935447331274 0.8794388983160744 -0.337824729169494
0.26270748845807645 0.869509218643806 -0.3149918586860956
-0.11259300848547582 0.874029197397566 -0.2903212577949823
-0.4829786626502255 0.878374267319515 -0.2660321266304315
-0.04736203810000461 0.6321253278047996 0.4132610290397345
-0.8311724063011354 0.8725594872275515 -0.24360266038287293
-0.32745861294682754 0.5850360412504223 0.4267521827567755
-1.1702347581142902 0.863858083056174 -0.22192373582232605
-0.4648701328420941 0.4569215874122312 0.4303060500968634
1.784337422629278 0.8860347743130212 -0.5170806915413202
-1.4700767710758669 0.8345296089322671 -0.20358124085772644
-0.6844993560964667 0.3773376015264214 0.4395667045463263
1.4112268594732456 0.8787282886963705 -0.49210968324053894
-1.7738847041663206 0.8095339276212652 -0.18487873383868347
-0.7794367720283617 0.22543660607294225 0.44009504011761535
0.9600550436914972 0.9171004572481714 -0.4603227646004022
-1.8844278745384173 0.6716631196007778 -0.18281641312945496
-0.8663174717237894 0.0687941256359883 0.4400139778007208
0.5620031779582462 0.9291918171605893 -0.4331001312385858
-1.96973667873975 0.5188888496083441 -0.18297949143756043
-0.9023633517259384 -0.11834911564913408 0.4363156288016974
0.18634038948765408 0.9315461488527879 -0.4077862770210565
-2.0171641397577105 0.34318597219070135 -0.18647566148150574
-0.8793718446280963 -0.34168566547832224 0.4283996551383673
-0.16270900431628377 0.9214805002419029 -0.3847593338142694
-2.1973577945419294 0.24788544629262432 -0.17852535554278504
-0.5372709325646667 0.9283604655743751 -0.35946836778033386
-2.024857235467252 -0.06292723019979096 -0.20125046082842957
-0.8852994859903163 0.9226290692099139 -0.3364638359199823
-2.057622511286027 -0.24936537145790272 -0.20624723740924011
-0.8403144132043252 0.7452621168353106 0.3692108123649298
-1.1206793658952705 0.8539761722860941 -0.3233293563972772
1.7292241231384793 0.8721833896274847 -0.6071514160286249
-0.9296685290986346 0.5913715480887749 0.36944780043255676
-1.5367953956942841 0.8923462858979097 -0.29427900620806824
1.3824441070477889 0.8508551721094779 -0.5839451820503534
-1.019561592746868 0.43779703383840296 0.36967668226849426
-1.7845635346566269 0.834575924147134 -0.28002729722369324
1.0273467915716594 0.8364581246571978 -0.5599755317817987
-0.22980516783360372 -0.23715788309363628 0.3064542739738165
-1.9035856016961503 0.7018353390437904 -0.27715769120562683
0.6291812082616275 0.8485255578049404 -0.5321368248115839
-1.9973471375746357 0.5542469596543045 -0.2765716583381952
0.22295926211631922 0.8679358309503584 -0.5035342247139276
-2.070258140812612 0.39412093603302445 -0.2778891594063104
-0.16953494501311184 0.8824946319181803 -0.47610702821124207
-2.1522890764368583 0.23937415430818643 -0.27845564195025574
-0.20075584508562372 0.7373324108167161 0.2438298194755255
-0.5440809569894896 0.8895908805424355 -0.45024385758746277
-2.12008955426451 0.014528654182727863 -0.289264109815246
-0.7754665135497163 0.8168302437540893 -0.43719282456744324
-2.1271266013556414 -0.18727720419539207 -0.2966684372078241
-1.1490875754522847 0.8280255869376649 -0.4113511116157831
-2.084243274876002 -0.4209765430568684 -0.3086284668098749
-1.0651043175267176 0.6174713417616875 0.28848228148114075
-1.5694250168885873 0.8692205378225486 -0.38125410386431824
1.441522305700346 0.8800351769867172 -0.6798719436775507
-2.055145573693025 -0.6473525249626579 -0.31945839234698425
-0.2648635194663882 -0.06003996932149658 0.22283944777142395
-1.8257626090396002 0.8167358902357522 -0.36590662309039246
1.1038725885129566 0.8555165715008091 -0.6569556266914667
-0.24545899825048423 -0.2821851416734953 0.2147894828666388
-1.9491178026700169 0.6867137154236609 -0.3625902206550897
0.7230577118756116 0.8572685390363954 -0.6300825149666132
0.7610704232124448 0.8284048963570481 0.10985335997235168
-2.025819934998779 0.5290388042703151 -0.363548663343078
0.3210894942069302 0.8735690134257945 -0.6012381584297479
-2.0860254859397855 0.3612689909116016 -0.3660649330269159
-0.05417653929463029 0.8776284019621041 -0.5747856170784296
-1.2379968919470627 -0.31600093204820556 0.26853713682782043
-2.1553933384884374 0.19879272550645144 -0.36781444856036316
-0.5024895975633825 0.9259747656169663 -0.5416020424019159
-0.17965786416030483 0.734133024147428 0.16122779539715637
-1.2331863423988096 -0.5284770279207915 0.2614084213126837
-2.0766640406779686 -0.054817621217276624 -0.3831423790108026
-0.7899937704478504 0.8852249067341873 -0.5231045753609003
-0.33826430241836647 0.6177456495800424 0.16670045546185364
-2.0543033991182114 -0.2751850271068452 -0.3934363395820917
-1.0513625734830327 0.8311692929651535 -0.5069979698311151
-0.8425215851958399 0.7023413559613267 0.1982503860343634
-2.0879591615737922 -0.4617357995524545 -0.39869633027423035
-1.4933554776881124 0.8842293666773671 -0.47424497910845886
-1.2077749549134609 0.7095869767168708 0.2193537681449591
-2.1055124405368275 -0.6589752323111209 -0.40551557847369324
-1.7583180401888256 0.8363528202144934 -0.45776167222369324
-1.301542040542003 0.5595241143748471 0.21990546873700012
1.3767184638001737 0.7666285629873819 -0.7723955185066522
-1.9030592783403222 0.7187812082525733 -0.45239105531085144
-1.374375379960398 0.39707061735035065 0.2188197105277716
1.0303381018999858 0.7477579370166509 -0.7481788665901483
-2.0438055975982934 0.599344447407061 -0.4474252731453241
-1.1480668912727197 0.055439888602077936 0.19490537336956848
0.8757674399791284 0.6238983765569168 -0.7418107063423456
0.6576166628072855 0.7381982124857052 0.01226672819744934
-2.099484952068778 0.4290990319879864 -0.4503973991524042
-1.2740047814888698 -0.07674574085991281 0.1977163284171759
0.4213647845336652 0.6698046028925573 -0.7074812919746698
0.381406963381167 0.6845390460785685 0.02698096922528137
-2.1685985369325778 0.26669878772561173 -0.4521879226814569
-1.2851951052182784 -0.27835926234902075 0.1917181938041388
-0.0019562249423046296 0.6909947629023865 -0.6763943702827753
0.0488501130075889 0.6542555824935423 0.04572639158856262
-2.145135457905951 0.037102090530438225 -0.4630955726753534
-1.4295770753931833 -0.4095977427419344 0.19550046614300598
-0.42452303741018227 0.7149474498174229 -0.6453203231941522
-0.2833065072573362 0.6260571963863368 0.06445893934857239
-2.15209520112883 -0.16457489316284946 -0.4708475143562616
-0.8158164102440821 0.7445624618799132 -0.6163100273262323
-0.42903789199897346 0.5130017350530887 0.06939372709881653
-2.1184574617938665 -0.41309287051319465 -0.4833478004585565
-1.1339900028312258 0.6830331045546965 -0.5961674720894159
-1.0586058187628282 0.6311438123093422 0.11029300383221496
-2.071547010859831 -0.6296671708422346 -0.4954914123665155
-1.5536627828782912 0.7652963572477613 -0.5631608039985956
-1.405651143211287 0.6704476195554001 0.13195571592938293
1.4012496211019823 0.9409628634789238 -0.8604396850715936
1.4549127597531424 0.9144528853888119 -0.12257948228228699
-1.8230357823833714 0.7206199959042809 -0.5459221870552362
-1.4694971487606665 0.5032815774152155 0.13016137770306457
1.2951441718497563 0.7889145966829236 -0.8584794075142206
0.9816202705544441 0.9644100713181594 -0.0919560463081659
-2.066317934418379 0.6722325711577186 -0.5307292015205682
-1.5380235004125495 0.34895256512965833 0.1290193527091681
0.6575851310787613 0.9453696085380026 -0.07272901841509949
-2.112954392057304 0.5070188378401195 -0.5341843635689081
-1.6199319422681953 0.20250068089124973 0.12887820891033996
0.23814227969864987 0.9817995010709231 -0.04593315430987488
-2.1650036976926543 0.3243035335839073 -0.5380319625984491
-1.7754738436578776 0.08002404946290564 0.1337815254081427
1.0393388394196705 0.3195871569566604 -0.8580588371406854
-0.0893590207280539 0.9589729026674689 -0.026713755811339723
-2.213559846225536 0.13903040191887683 -0.5422934562813104
-1.8802394529952835 -0.07289655601498968 0.13464936903607239
0.519487084982714 0.3927226695451411 -0.8171991378914178
-0.4208940490423885 0.930367336169903 -0.0074919731270135514
-2.181570232993863 -0.07577251941912344 -0.5534676582466425
-1.8361278314090015 -0.2967692263415307 0.12441978148114075
-0.6993485580469212 0.8813780118940322 -0.7088812858711542
-0.7778889611504667 0.9289203751556423 0.014115902696961058
-2.138229418399618 -0.3090480089969949 -0.5662597686897577
-1.873994272488389 -0.4813733051865521 0.12022981337200989
-0.17874299208185107 0.23333995215402314 0.6808806388724982
-1.1074536374329824 0.9116601853795085 -0.677999404157287
-1.0523074647705357 0.8822155071586604 0.029169651781433714
-2.150928646626298 -0.5085794045888683 -0.5737933189522089
1.654288317371666 0.7828277027922521 -0.2321838409553827
-0.1880467925185485 0.02917299462710954 0.6758976905692755
-1.5018785891848694 0.9369595578076426 -0.648371604169494
-1.3782261890512473 0.8672641716309641 0.048345658098572386
1.2374502110875767 0.8008933846905348 -0.20538606950152527
-0.211139078207097 -0.16763998413576964 0.6717315643180548
-1.7538058883110637 0.8813678536188112 -0.632415679181701
-1.6176881935802783 0.8037201690390372 0.06062516859661926
0.8474576008658374 0.8070050888214011 -0.18072023698199402
-1.9798611363433025 0.8119824678665601 -0.6189517051826776
-1.7540360326710243 0.6805294323495517 0.06463107756268371
0.4711306287112649 0.808207722455454 -0.1571258575569452
-2.0646598344904135 0.659557125494632 -0.619156745160705
-1.9035753724591729 0.5656480107088013 0.06966075590741028
0.1301187102568946 0.7921005069052818 -0.13636865922320496
-2.064600174419681 0.45602279398880263 -0.6276473075996698
-1.9849935316008924 0.4103340285389212 0.06917438200604309
-0.24078619265546308 0.79533972967526 -0.1131509811531366
-0.10103821819035375 -0.9393251367853295 -0.8269351989876093
-2.0072446697938346 0.21906694788142111 0.06386050871502746
-0.5981522313942236 0.7933990500836492 -0.09100332566607605
-1.1699714901872795 -0.5004612996634661 -0.7319702179085077
-2.0047757363623475 0.012022450071606627 0.056473824297302855
-0.9250212526533232 0.755773459850956 -0.07202091523516785
-1.4762212294346426 -0.5326397943846972 -0.7115010292183221
-1.978109788954228 -0.22116568981859608 0.046679112230652464
-0.22368230535553835 0.20565249048794065 0.591644379412049
-1.1822576298978333 0.7081394925692184 -0.7699479133735956
-1.2597030824756246 0.7557423010173245 -0.05131998368609558
1.8024053889553926 0.954121066099141 -0.32928314515460144
-1.8462114440967667 -0.5105784016556334 0.028607937609070433
-0.26757389318375147 0.021795376952939982 0.5887609451163947
-1.4950111362751244 0.6869207583617598 -0.7477444679390253
-1.5596536755669206 0.7273118200944673 -0.03379478761065613
1.424853518296331 0.9487577923982551 -0.3050774604927362
-0.273215786085359 -0.17461623293296835 0.5835920303214728
-1.7774070104038628 0.6724692278631741 -0.022302535260802614
0.9998175501039981 0.9826114346888302 -0.2765559227119745
-1.8843302824910069 0.5220235110956173 -0.021024134839660036
0.6147174004050839 0.9868543773621585 -0.25165071793902527
-1.9699255861487615 0.3793079521319722 -0.020832923139220583
0.2651038166260946 0.9843356596086359 -0.22930469819415222
-2.0605421268361113 0.22937871579962188 -0.020639327252990114
-0.11451502283706816 0.9907034115454323 -0.20478382417071472
-2.07999044349053 0.015336928606273226 -0.027141478742247926
-0.46326187002344454 0.9719235057061075 -0.1831573516975702
-1.1956557918256436 -0.7281776516505252 -0.8302263290535272
-2.0568764949857012 -0.19481952763276755 -0.03614797898638855
-0.7984602391479427 0.9581184951746327 -0.16227808305132996
-1.3578236727099267 -0.8386709203947085 -0.8232926399360956
-2.124066900700626 -0.3602369198863542 -0.03809585877764832
-1.0393310955584667 0.8998594017787642 -0.861778643811828
-1.1375379313149523 0.948828293642034 -0.14104833909381043
-0.14241838091849957 0.36592518335276925 0.5013090103019415
-1.908666876586281 -0.7029420559249 -0.06369486161578308
-1.3347706754631474 0.8670500938910308 -0.8408354789863886
-1.4416579201979403 0.9215157868611685 -0.12272301026690613
-0.22878847062882812 0.20708215393091223 0.501258465563172
-1.7024230436374665 0.8707556137034533 -0.10802545853961121
-0.3157265330385428 0.048530133127743014 0.501199814592713
-1.7956059261596806 0.7224362245372218 -0.10744562455523621
-0.5020325926488312 -0.05123564667614655 0.507850262438172
-1.906441780548306 0.5846768435112475 -0.10542669602740418
-1.996567403701718 0.42446420315058386 -0.10557546922076355
-2.0526266217484164 0.26402546930104887 -0.10792198487628113
-1.9222979276242143 -0.0208026100523222 -0.12654056855548035
-2.0355331600565023 -0.15781379539448537 -0.12455263444293152
-2.0006801766260764 0.7099536849095953 -0.18864574738848816
-2.1827092286117846 0.3472308321277371 -0.17960825272906433
-2.1714246958986507 -0.005512138150119306 -0.17938223191607605
-2.15638342554945 -0.35806866814248384 -0.17938223191607605
-2.1176253715754 -0.7097478725007815 -0.18051185914385925
-2.17562679560271 0.841282871990054 -0.35786428758013855
-2.1376673890187448 0.48971868756709735 -0.3588031799446405
-2.190751834619249 0.13383420371324828 -0.355517771924621
-2.2301064600532072 -0.22097088592305525 -0.35293665238726746
-2.1858761338234984 -0.5721584855782069 -0.3543442756782831
-2.179324619371002 0.7516466805695936 -0.5342983276497186
-2.1616379559335996 0.39910674093798537 -0.5342983276497186
-2.1451903206263268 0.04651238362250698 -0.5342983276497186
-0.22350432049216806 0.11478536651267923 0.8127869098533331
-2.1399389778757296 -0.3065474265012442 -0.5338119537483514
-2.130950295445899 -0.6594064507520372 -0.5335682899605096
1.141009553404416 -0.8999596391163065 -0.6924938232551874
-1.4807487690259649 0.8046175341196138 -0.7465147049080194
-0.3007458004047834 0.5060872929143994 -0.8052524597297968
-0.257596053330829 0.5081803351207226 0.6513498752463995
-0.3687281124331463 0.14318012040335848 -0.8009666473518671
-0.23077905826413314 0.1493967599563879 0.6509867637504279
-0.5777026083687389 -0.2250089837066156 -0.7896226913582147
-1.4716182721984268 -0.617714219862775 -0.7437418968330682
-1.4038299847482847 -0.9708117263508167 -0.7465147049080194
-0.725506387908041 0.1976832412027285 0.4717775314201056
-0.6248984852811077 -0.15633418913573838 0.468529555117005
-0.5904286690271903 -0.513509618697674 0.4677654235709845
-1.3485712808934807 0.6311874115759277 0.3166447608817755
-1.0318854273730267 0.2897682868889069 0.30465755156170715
-0.7912105461557388 -0.057039189761475484 0.29566678694378723
-1.1557552813842307 -0.4295189728777711 0.31085118940960754
-1.7511326213719371 0.2195435331921125 0.15609321287762512
-1.999821789900949 -0.14584623113383532 0.16714391401898254
-1.9403511748680842 -0.4972290276207483 0.16526755980145325
-1.8820866035849946 -0.8489787033468814 0.16339072874676575
-1.8978649258696265 0.9026747485416964 -0.016466525281554567
-2.1191297944701972 0.5372373794091096 -0.00603905030596863
-1.9874273793828507 0.18980078448877613 -0.011035826886779176
