0.5184108747592688 -0.7164963422655237 0.47178456063313945
0.45462979431427186 -0.31271793244787105 0.4687060999397801
0.18201867744289757 0.07300097561080854 0.4585151361946629
1.1491893633949744 -0.6598045441689724 0.06499716515584453
1.9506583917716185 -0.37813482868702053 -0.0225925755973293
1.9855482461109162 -0.1628171156670657 -0.022158176946206254
2.021196650228802 0.05235750976372344 -0.02172425513224141
1.949169156689507 0.2833997759460267 -0.030839474248452348
1.8829381899822835 0.5143047874694275 -0.039519817876382035
-0.25788129304986285 -0.8370354505786395 0.5744952845100926
0.017754316272849735 -0.645116256413333 0.5931963610176609
-0.06194979137515588 -0.40798504332138386 0.5849680590157078
-0.09631463442415367 -0.1762336885336886 0.5801062273506687
-0.13476523941132257 0.056547972193795815 0.574869601679282
2.106463325260002 -0.200706864651524 -0.13180926566080586
2.1173289719861543 0.017588063726076797 -0.1335830998893215
2.089545742871806 0.24172587305066884 -0.13890650992350118
2.023174698688031 0.4721065391072088 -0.14777854208902852
1.8887547174011132 0.7136996875648052 -0.16286090140299336
0.16823401453921605 -0.8328090348838035 0.49357554192586406
0.4635958319112987 -0.6451564453812377 0.5142430948738621
0.4432095000069225 -0.4173754474244262 0.5104155230049656
0.4088267419006115 -0.18733222080870426 0.505439727259116
0.3604689083237531 0.045130965346489305 0.4993161844734715
0.30309834312765105 0.2794530165747702 0.49242731804891093
0.3353665939631938 0.5012094475327267 0.49242731804891093
0.45995021393267166 0.4726400938999902 0.4010228800301121
0.5395139177925472 -0.5067305084202562 0.2945007967476414
-1.1250116649544424 -0.05645403160712803 0.15725800271077617
-1.0791008109738698 0.16822950369955691 0.15845867867513164
0.13696574493317115 0.22607165204684598 0.2544884371285008
0.4945369199104306 0.40086559234256036 0.28089663262410625
0.5617361502333296 0.6167873476538439 0.2836980509285496
-0.1621918675192262 -0.6403614669142996 0.12670513863606914
-0.024295224155110873 -0.20438873131768176 0.1332459139351414
0.4357058396425231 -0.041147069642681444 0.1688141512398289
0.48658290220798506 0.17733466311799617 0.17044922585530742
0.5924561646694642 0.387649818230031 0.1765818285469578
0.595519191921916 0.6128169514451773 0.17412850136800273
1.2605044787080502 -0.36611948884959844 0.12854334588094218
1.0156774458709918 -0.09829037452840694 0.10516163582845195
1.1650013026662904 0.10406816713494038 0.11518236870809062
1.1818524435947566 0.3249829438002205 0.11392971749349101
0.923554610205052 0.5872746953092705 0.08929630990071757
0.7599002273913271 0.8371099809591769 0.07259508843465312
1.4523195730288734 -0.6570578432890475 0.037132708979086715
1.4911858814811936 -0.4406445032463786 0.0379852938179539
1.511059673997245 -0.2216646387244161 0.037132708979086715
1.5317082991641726 -0.0027212015822932756 0.03628060097737773
1.4298659870633585 0.23411962239336148 0.02477213616414531
1.2944374656353261 0.4769172657454046 0.01028105492635234
