-1.8167236195468774 0.8420666117452811 0.22392817997623027
-1.680015939223324 0.7387173577864701 -0.06859901881527364
-1.8837881353613568 0.18979388478182813 -0.07064846492123067
-1.8042480437490696 0.902594455599484 -0.3477037284405178
-1.99669726949044 0.29700973462907143 -0.6368668410808986
1.9150024539833197 0.7522898761242587 -0.15682342982601583
0.9246037554696471 0.7534122788173079 -0.10301283335995137
-0.16494334941734223 0.8052990379697178 -0.042698178055996294
-1.2528722305314233 0.8642430529104459 0.017616954085116987
-1.7884524998729887 0.6822027370080406 0.04215690159488261
-1.8469808344563035 0.2864751191292072 0.035652365919833784
-1.9251688078836935 -0.1010709681354669 0.030329909559970503
-1.8508752317493418 -0.5599235746803615 0.01495620274234355
1.1423470181270687 0.8073141432872077 -0.31101921534847676
0.1028108852373748 0.8351346377022466 -0.2522752616436428
-0.9306836606058511 0.8676128101624627 -0.1938360068829006
-1.803350947241043 0.8352202552477053 -0.14604977107357442
-1.9385680277413115 0.47468973348566124 -0.1475708816082424
-1.9434602771111713 0.05435887590621036 -0.157920155289883
-1.9591371127472854 -0.36232661748773864 -0.16765955424618184
-1.9131589238455575 -0.8089406472410445 -0.1816609237225002
-0.07248200623513412 0.826008955505884 -0.4382651183636135
-0.9780195923262625 0.8028144613763999 -0.386919293168301
-1.8779198283903042 0.7833254161820378 -0.33588674998592793
-1.940619421884378 0.3900406056786494 -0.3424618575603908
-1.9504122998989288 -0.028314688081103156 -0.35279348826717793
-2.002671620592622 -0.4282915838507151 -0.3603074882061428
-1.86357451933101 0.39612301954517903 -0.5397408340008205
-1.8052916339048863 -0.05357325108322186 -0.5551870200664943
-1.8735069061087728 0.10349926704407153 -0.7402508590252346
-1.9614979917056559 -0.2798909828470002 -0.7455389831097072
0.7823619323260118 0.68124709342014 0.49370357060123027
-0.18402904128865316 0.6800961911356183 0.5414087440936619
-1.395282751131461 0.7952564245498053 0.6036688950030857
-1.621621592154085 0.4744190408244009 0.6077115204303318
-1.6309120263104262 0.055215272465780174 0.5988175537555271
-1.6736631696704052 -0.34988234783371297 0.591809954878574
0.4013934817316738 0.37656390777111426 0.30940362476993144
-0.46893260684169036 0.3369623074942041 0.3528086807696873
-1.7658882580175117 0.4961811059779322 0.42236777805972636
-1.8750622096354874 0.12301267433191043 0.4193074371783787
-1.9810869137642726 -0.25202435451839733 0.4159686233966404
-1.8213931017351968 -0.7510109224092218 0.39621373676944316
0.04178326230237417 0.9615121204699548 0.14538499378848613
-1.0419883836552515 1.0157953301013407 0.20363542103457988
-1.677663565955072 0.8771372267414606 0.23376533054996074
-1.7945338619170457 0.507959468058921 0.2311827805011326
-1.8400830480604924 0.1058869200879613 0.2240092422931248
-1.7829408797615116 -0.3444441025584908 0.21023532414126933
