1.025244119867203 -0.7629057503413534 0.41354229341067406
0.17806571070976673 -0.5982536507776288 0.39558126817263695
0.0768019928971313 -0.4047933563244257 0.39667453656710716
0.9961080694842579 0.5447701728464409 0.4374381531289968
0.898977898891367 0.735174138730109 0.438531421523467
0.08384171691436393 0.6649221744876641 0.4166659344247732
-0.3168614177487541 0.6392572282734363 0.4060454596094045
1.3619548902055243 0.47737202218876007 0.34028484712161156
1.1641940619370246 0.5921274886608714 0.33731665502108665
0.9425192043416715 0.6900321234081233 0.3333589066080007
0.8177130666646164 0.859886530299633 0.3333589066080007
-0.052528086431109955 -0.06643072344164125 0.8300979364923391
-0.15577571540685398 0.12462352406270583 0.8308255899957571
0.5228732832337002 -0.5066571715944903 0.7276640165857229
0.5018452333325172 -0.254353254623382 0.7311742533258352
0.48199325084770095 -0.0023454992456990453 0.7346847284845266
0.38693445596989307 0.19289605726739723 0.7357248295358572
0.24830387577033974 0.35581814871537176 0.7353346575311575
-0.05137705979835516 0.401543386850733 0.7297440994790945
-0.44853806190266 0.3786264333595568 0.7210332382730398
-0.7814982517631037 0.4046801517476908 0.7144025791696462
0.6313157576004471 -0.3965661103521825 0.6246665943674001
0.5867092761905184 -0.16266172363961573 0.6275801886133108
0.6153090774523733 0.12480777237272633 0.6329908598474416
0.5568771010437743 0.3462960215248714 0.6353494156412038
0.41475512630007216 0.5056778592979825 0.634794496398345
0.2731453135745596 0.6656086884069907 0.6342394579461965
-0.03808138264300709 0.7031382428120168 0.6278575886300954
-0.4593026296377829 0.6637406851142202 0.6177298058084402
0.8881797273397751 -0.7373834865503568 0.5176266659311208
-0.9058174806963208 0.6094616910322728 0.6067697037271413
-1.2553739571079916 0.6270957715801231 0.5991391171029958
0.4206266180322302 -0.28581810464509516 0.5146774281076345
0.8176682075629671 0.27672249394228743 0.5339946974328909
0.7115184204337837 0.461862022256156 0.5347320068887624
0.39649745409419523 0.4936138489851487 0.5278012980035696
0.048785895891128916 0.5035981866674106 0.5196911324075613
-0.34806775316771166 0.4804403389080889 0.5098113049081716
-0.7700427609493374 0.44214163179724864 0.49904670606173607
