2.1597634280486915 0.15822389912337087 -0.2698520012391281
2.0361636070602636 0.44853942154893645 -0.2827931232941818
0.819907351820639 -0.9209768464835193 0.4713012389647293
1.9139377297100815 0.7400240913857488 -0.29576500134593964
1.0287928089204712 -0.7796738522095055 0.47152106089466095
1.2029918092864946 0.07593945773108146 0.45220343394153595
1.241762944012855 0.29295344567852766 0.4471420459257889
1.136239102292695 0.5772189728598889 0.43759934229724884
0.5893669539356274 -1.0082006794133491 0.3622578792082596
1.0181200531994534 -0.9613572623550581 0.36973063273303985
2.0032885909987783 0.6033988684545974 -0.3947242088807297
1.3824401752672486 -0.8890874764200589 0.3751880340086746
1.4358198841818073 -0.6814549383682973 0.37067715449207306
1.5858036505778763 -0.5167217398423389 0.3692526034819412
1.6588147463007452 -0.31780460067439975 0.36532227320545196
1.7325369425204258 -0.11908859556633189 0.36138669772022247
1.7069671289510246 0.13704207305693927 0.35386196894519806
1.67358764959123 0.37444275265935545 0.3466688804137039
1.758587462683792 0.7766155855739356 -0.5145247765076828
1.8620889382043195 -0.4331727790012039 0.27771727366321564
1.9126734155921064 -0.22482217764314072 0.2729932479368973
1.9276965291464272 0.00015330569159033303 0.2670132331358719
1.934566385607205 0.22952945439197947 0.26070706171863556
1.824658835735594 0.514213936818031 0.25031534952991485
2.0585000424304276 -0.10714438306627727 0.15699188036792755
2.1012547500719485 0.10492315927197637 0.15185109896533966
2.0587854336385867 0.35716600765430684 0.14354459566944122
1.913440515971505 0.6589871167428001 0.13139025492542267
0.14746277452616852 -0.6992104412967635 0.8844899348723221
0.24265222700740097 -0.5054114639199341 0.8811511210905838
0.31105117784539615 -0.299887250909741 0.8771897963988113
0.27515415896790074 -0.047800975420720704 0.8708402328001785
0.2722447283232867 0.19051168456264378 0.8651982955443192
2.0579233788141345 -0.1770323567614298 0.05372063441150665
1.946144431366708 0.10614946157247829 0.042564075421028136
1.808495440786011 0.40306786633878033 0.030330579708747862
1.8305526047461953 0.6268959688913611 0.02419034762256622
2.205649097096707 0.24067514882420227 -0.060378152896232606
2.041759473406529 0.5502837213635274 -0.07416041569835663
2.1005819133610757 0.7564126207705968 -0.07895858960277558
2.0912718662513647 -0.15907161085843313 -0.1564920731080246
2.1066469928905818 0.06540969984695266 -0.16304214673168183
2.1733260545341864 -0.45984825017181663 -0.1854084320557785
2.0996242173051343 -0.31260125405493255 -0.1799286194337082
2.1845861209290938 0.04665471364521778 -0.1550865955842209
2.06815939576051 0.13372618070538778 -0.1550865955842209
2.1415350591935685 0.47178093770462937 -0.13207157330638886
2.044724377252127 0.5828036860696528 -0.12987931447155
2.0185751286543407 0.7855838159667883 -0.6899200268281174
1.9726688925019893 0.7257506290353035 -0.12476499753124237
0.6673552047063431 -0.9630700134858685 0.3265873603331375
1.8986368746169084 0.8653461941804608 -0.6907883472932053
1.8708079948569178 0.8293368691134688 -0.123303968478508
1.6963436908869554 0.8394267149483454 -0.703375179339714
1.7785656298714905 0.945053313107401 -0.12074645238048554
1.5703953764426508 0.9125199069266472 -0.7051113434327316
1.5914320519513723 0.9393506383291523 -0.1295142956269455
0.8506420050629444 0.006527758927212801 0.37862388415210724
1.3582097778345954 0.8766349409615231 -0.7190006561768723
1.314332949263875 0.8210702165746042 -0.1488762684357834
2.1265616641482623 -0.11489472513181909 -0.24042828755504608
1.216783481650296 0.9315033297276187 -0.7229071445954514
1.1602652669513596 0.8604456673272338 -0.1536253281129074
2.11716424153445 0.11605905538759487 -0.22696335988170624
1.0505112519775999 0.9558636925671138 -0.7302857227814865
0.9999197612692257 0.892709976785973 -0.15910514073497772
2.1240898448402525 0.3665698300161395 -0.21162803845531464
0.817566174354841 0.8985325661295036 -0.1671422310364914
0.6778869849513605 0.7370932257123997 0.40612022204273224
2.051013851655224 0.5094330916775931 -0.20639188962108612
0.6286502875994877 0.8974949682315767 -0.17591007428295136
0.5135071692902535 0.7674521848481461 0.40138952059619903
1.9937785332826046 0.6721996990313954 -0.19928534703380585
0.8356555830608237 -0.8286467090775105 0.26343838496082306
1.9575461155462435 0.6841257070404723 -0.7799561806214523
0.44887998775420357 0.9089540828255949 -0.18358166890270233
0.12136228257735127 0.5204983631376692 0.3753713778960037
1.9130239908313627 0.8033725039389523 -0.19517119603282929
0.8868542297482556 -0.5155425726463676 0.28048316759937286
0.3037571950566935 0.963598429073862 -0.18723519520885468
-0.06642672063013322 0.5261979209547718 0.36857120318286896
1.8084175894012269 0.9032056198284621 -0.19404895978099823
0.918486241992408 -0.230805889593249 0.2953974418150711
1.7141662428983508 0.8405904481127138 -0.7821741886628342
-0.14608973438459927 0.663362562890704 0.37182347102039337
1.538331250876606 0.7912817322355039 -0.21312435345775604
0.908734712985737 -0.001734271476813376 0.3060506991850662
1.5728768266700826 0.894022039744911 -0.7861665077698898
-0.22832153102449837 0.7968600116579125 0.37478033823841095
1.3257840071987275 0.7552711452404992 -0.22509296612865448
0.8693714015430736 0.1877920830560882 0.3136598281370926
1.3853677694844926 0.8893937279545838 -0.796812851001091
-0.40964358358647246 0.8121790606755042 0.36857120318286896
1.103375723717459 0.7086281690023526 -0.23818381505138397
0.9023706755063223 0.46709447973430684 0.32826964182727814
1.2161110107413435 0.9090732804318122 -0.8047977276337814
1.4253474356163949 -0.7313456951570316 0.21510044855945587
-0.5944110475307411 0.8245704188769807 0.36206690592639923
1.026616156311249 0.8462098417267399 -0.23369582371837616
0.8248138011671493 0.605420875796618 0.3319222144591141
1.3242668993617173 -0.6177341168557291 0.21697894854419708
-0.8086060996927849 0.8036956339119214 0.35290114207141876
0.9254924177710286 0.9528561946581746 -0.23219950871593475
0.747901533319407 0.7438832620898026 0.3355745486723709
2.094155015120471 0.6274688362268677 -0.269708473254509
1.2448310105260383 -0.47603796198517756 0.22104899210803985
-0.9646909726776869 0.8520248243972333 0.34905759615772247
0.7463085817716575 0.9629829534818981 -0.24005397038585663
0.6464945875432875 0.8514741114537614 0.3367921523558426
-0.40834803993838165 -0.4493956889576509 0.8451615981566238
2.0070568981315446 0.7504620429671078 -0.2662638016236496
1.2359185107641615 -0.2431367211493125 0.23231999201648712
-1.1632661911235225 0.8520077653514377 0.3413702659117508
0.557418224528984 0.9623779710846421 -0.24903066830760956
0.5297338008565333 0.9400494750429544 0.336487930248909
-0.47594352958432395 -0.29137460705450025 0.8489164523588943
1.899183656115376 0.8460393601190219 -0.2654984779847336
1.228315234090271 -0.010586295731023654 0.24359099192493439
-1.2801435377022052 0.9470009584478802 0.34107462687366485
0.39036679836823396 0.9896515833526536 -0.25538881497509003
0.4100992635738798 1.0251844106596337 0.3358790091978836
-0.5491095782895599 -0.14100782914660925 0.8522016219603348
1.8222808167109612 0.9813242891699758 -0.2609058208955002
1.169925019932741 0.1546546833057647 0.24953953547351837
1.6730877013814052 0.8365211843339893 -0.8573585339081955
0.026479782430193666 0.791761892356341 0.31000749392383575
-0.6024524659503001 0.03253298937101334 0.856894891689949
-0.038277419494836096 0.7600575582552693 -0.8855334110749435
1.5769145012889503 0.9009130852503375 -0.27736290173656464
1.1369986288428358 0.35131558453387157 0.25799266619556427
1.5809378503411473 0.952796008074408 -0.8541923351777267
-0.12569681536439958 0.8403763960562785 0.3063549212919998
-0.6965129934472891 0.15617883679469458 0.8585373572813797
1.7318714624089857 -0.8417649394311866 0.14638678355091095
1.4603881512763977 0.9861890362593186 -0.27774580197460175
1.0649306216994532 0.49687868483790254 0.2623757533537674
1.4244613751494448 0.9872786783835465 -0.8605244942200851
-0.3131758224817247 0.8476280214224019 0.29935447497241974
-0.7643424563124874 0.31066714113246974 0.8620573691832352
1.6540608085812813 -0.6970765266780035 0.15089194102161407
1.2634934779554463 0.9704081629655121 -0.28807910161144257
0.9842462301734258 0.6308247140086962 0.26581970972888946
0.05951293888045228 -0.532234806322073 0.7800258807646561
1.227599805989172 0.9718101142249935 -0.8727362938416672
-0.5041649408488738 0.8519796185156565 0.29204932970874786
-0.8959618330078314 0.38897023013060306 0.8608841113554764
1.6517956930431552 -0.45246409226164275 0.16344181818836212
1.000755784419674 0.8738814596452116 -0.30645020680553436
0.8761068454601464 0.7298779500034982 0.26644603533618927
-0.027703622973074715 -0.39875752856720936 0.7824596576201248
-0.6760308117639262 0.880057983756565 0.28657070917957306
-1.0079318962405175 0.49059579779076046 0.8611187152373123
1.6058097969374465 -0.26797688540151654 0.17116467280261993
0.8371556152032582 0.9029832447185413 -0.3125737495911789
0.8153360742840725 0.8875458073741029 0.27176849169605255
-0.07982959794938793 -0.22232865431218585 0.787570636700325
-0.8740319340718585 0.8786518929297245 0.278657119702034
-1.1683262108705712 0.5357500005541453 0.8578335456358719
2.1292141786673255 0.6634309410847621 -0.3309119530213547
1.5819543002753598 -0.05579058074249588 0.1811401061522293
0.6451652086148911 0.898004931836411 -0.3221417255891037
0.7081441965418875 0.9871385744797365 0.27239434046619415
-0.08067322714533276 0.01607374717435306 0.796575706432991
-1.062599083067596 0.8895471294938275 0.2716564349638748
-1.3712047223307167 0.5325011206200472 0.8514975718962479
2.0301068226037877 0.7704788662178714 -0.3289590664399338
1.5380256468181486 0.12843769894669066 0.18886319918506622
0.47806764209315844 0.9248423705307118 -0.32864816861278534
-0.0991585667595487 0.2308796426948021 0.8041202239500809
-1.571168605638377 0.5340365966914931 0.8453964404570389
1.9070700216793206 0.8462474889258118 -0.33013113217479706
1.4981168983769564 0.3165084881973712 0.19690815729969025
0.355207752418103 1.006321383294427 -0.32979639248973847
0.28545609727817833 0.9331994996819191 0.25298349184864044
-0.09741996977432166 0.4685317987386668 0.8131252936827469
-1.738545080073287 0.57412523254429 0.8416418246733475
1.7811987966947704 0.9185446999400497 -0.3316932507050705
1.413267992251395 0.44536719717965667 0.20012585444324493
0.0797225104514041 0.9155330319578283 0.24390403551929474
-0.21874059286064806 0.5558780169003583 0.8126384429442215
-2.0018454481480674 0.5063989244595177 0.8310820273863602
1.609423515201204 0.9324577011324777 -0.33911379056102753
1.3259290360514804 0.5704829916953784 0.2030219249235916
-0.18726544697899072 0.8261545639769281 0.22887603564136505
-0.3525845001613561 0.6283472229700422 0.8111783675658035
1.3973008900719286 0.8962953688469355 -0.35161145405895233
1.2515096064619904 0.7114773996463555 0.20720545573108673
0.2753966345040766 -0.5137387214416336 0.711647670696907
1.7781400596071073 -0.6029949710491493 0.08625761790149689
-0.28810274854091134 0.9367741368058091 0.23012844843738556
-0.5505829718800967 0.624932752613752 0.804850500057869
1.2404373745944746 0.931474091379819 -0.35707934575206757
1.1187878295310938 0.7783640972744124 0.20527450365894317
0.30305766548339363 -0.23626459282329648 0.7234958819853592
1.7999367722988104 -0.32676072480608553 0.10179082674854278
-0.5595123014495869 0.8459549264573809 0.21478740496509552
-0.7263238186690728 0.6491720935966185 0.8002263717161942
0.9869538149399162 0.846696971090033 -0.37465437131053925
0.9425732854750706 0.7912375094420199 0.1988386325346756
0.3011235750745165 0.0016191382608354843 0.7328235320555496
1.7452750301658924 -0.154675194431924 0.10873166842334747
-0.6504539020314901 0.96916681525353 0.21697894854419708
-0.9022392585744221 0.6742359459277267 0.7956022433745193
0.8889692715188069 0.957351863025778 -0.37270148472911835
0.772394097514649 0.8127130006484293 0.19304649157398224
0.25664620930572823 0.18468305490641512 0.7386218718992996
1.7397741997099487 0.08095145892835376 0.12095991892688751
-0.8612380768877728 0.9526139971037679 0.20758644862049103
-1.0880835048219488 0.6887677929599434 0.7902478389250565
0.7191810577556055 0.9792776942983394 -0.379731494952507
0.6838078961637528 0.93570154765073 0.1956209353911209
0.2225558444292517 0.3792706216301198 0.7451759986388016
2.027923378564431 0.6984303488437433 -0.4131170101655197
1.7022727881549216 0.27261497264846213 0.12955300135486603
-0.9875483847470967 1.0352225492518485 0.20633403582447052
-1.2970494074635788 0.6777711515508287 0.7831896953093338
0.5271443753080227 0.9749815388918464 -0.3894954510224533
0.42206382837009215 0.8464502909220215 0.1804966144072342
0.16420905469735203 0.542770079687493 0.7497138194548416
1.9350673894601655 0.8136853752085003 -0.41031606869823456
1.659709394532161 0.45622534612151355 0.1374849490629959
-1.5162775640305668 0.6565455471898218 0.7754017524229813
0.3632739394275113 1.0062631389577916 -0.39574440198070526
0.24818144698326705 0.866484443664298 0.17438260836475372
0.04635449371135891 0.633040669810633 0.7494618110167313
1.8090994582135984 0.8858735780524754 -0.41191657261974335
1.5783607923035277 0.5884894976945247 0.14112035555713653
-1.7030511522469922 0.6739744318115299 0.7700473479735184
0.051821160443914493 0.8604523961744448 0.1660160235869217
-0.1413412778958154 0.6391748226752156 0.7436634711729813
1.6741249990555929 0.9467635582820932 -0.4147175140870285
1.5222003532759807 0.7523637402211136 0.1474000625120926
1.9556906975147044 -0.6846353998548054 0.014674346874885558
-1.8966595630533263 0.6848309188965587 0.7642063312041092
-0.1193239887782589 0.8860313895418486 0.16022388262622833
-0.32292061158018015 0.6538863965787414 0.7383696250426102
1.5207729258173543 0.9847039801086481 -0.4199190922272873
1.4144170210814302 0.8495873356540358 0.14806095881336212
0.2787846371404541 -0.5687051383802313 0.6338705234038162
1.98821386071916 -0.39237602209321665 0.03197376055591583
-0.2617106443800843 0.9467744458617062 0.15732757372730255
-0.49829426211370276 0.6771113694391104 0.7335797957884598
1.2435191570812023 0.8670958297120563 -0.441125709582634
1.2450059218433793 0.868970540000241 0.14211193842761993
0.3247038334077281 -0.26766134803489905 0.6476933173643875
1.9926248416057142 -0.14073107622175485 0.045881431530647276
-0.5072062162659812 0.8862856218139044 0.14413420481555939
-0.6899838522494761 0.68211197105839 0.7275296859251785
1.1392967247661119 0.9691350366160663 -0.4399252720368576
1.0785364494553384 0.8930435636923306 0.1364933661925125
0.31629321432495416 -0.03756254929893288 0.6568218879210281
1.9774966160204173 0.08256032960603932 0.05741421503894806
-0.6789735010465243 0.9144224854567469 0.13834206385486603
-0.8916926408845072 0.676659924165854 0.720723073910408
0.923021408055174 0.93168587648195 -0.45312960820323944
0.8556364886479493 0.8478993380907838 0.124926011990242
0.31228521332961634 0.19606409949852832 0.6662108115660477
1.948557570169509 0.2856686723084749 0.06725136561267853
-1.093784967864945 0.6722123639247073 0.7139164618956375
0.728133340728867 0.9224639564544148 -0.463532764483757
0.7294611772799513 0.9241036574314165 0.12360398096912384
0.26871014046786357 0.3788891081446195 0.672209423016243
1.9177017909730658 0.4846007248215969 0.07674900812976837
2.148086403710831 0.6205030946284609 -0.4845887012971115
-1.2766368007292996 0.6914337957309797 0.7086226157652664
0.5328593063015674 0.914209213635715 -0.4739359207642746
0.5530300297087365 0.9389342170584385 0.11699406428211212
0.23871460780859977 0.5770786537617312 0.6792513541685867
1.8332116970700056 0.6121574989319996 0.0801412276732254
2.0306407819870884 0.7037454832057364 -0.4849975891602707
-1.49906964967753 0.6663648534633566 0.7003034762846756
0.4258011057451654 1.0147425459596207 -0.47313578801280975
0.37321696853566877 0.950743025323149 0.11005346102588653
0.14000884896954702 0.6902268310680242 0.6805555037962723
1.7890006214869025 0.7911725773545655 0.08794299883716583
1.9377965319682815 0.8189831202258162 -0.48213585095531464
-1.7220228518752911 0.642448521588129 0.6919843368040848
0.19316244012980022 0.9634140461061023 0.10311285776966095
-0.009186785545356457 0.742129764291839 0.6776863746153641
1.6567736317210873 0.856024123983687 0.0859078578459549
1.8026843627865645 0.8793543991024961 -0.4849975891602707
-1.892565646331942 0.6795573899466518 0.6876987628447342
1.9666144266649148 -0.6181434747701076 -0.055386621524162294
0.012876463183019382 0.9769528921200603 0.09617249293201446
-0.19352933866108302 0.7524940305743115 0.6719485930907059
1.503117572227346 0.8939307781777757 0.08149782938831329
0.5458376737033461 -0.5318865668065627 0.5686113051878738
1.6462097587749653 0.9127843459404801 -0.4907210655701828
2.0262504258867367 -0.29000720874592645 -0.03451188283092499
-0.16764092243494488 0.9913526864373026 0.08923212809436798
-0.39739104258511304 0.740808847217977 0.6646460704314041
1.3556143148418371 0.9403473506718214 0.07776681704395294
0.566271537637153 -0.26247627978595034 0.5807398967253494
1.4064400682169378 0.8411887789602233 -0.50748260693676
2.043067542048668 -0.022623111033830412 -0.018855888415641786
-0.34516951022410325 1.0104269677187503 0.08262221140735626
1.186354075441816 0.960079784191656 0.07166115565174103
0.5882655245280297 0.00637515759667906 0.5928682498442459
1.2649299364968307 0.8958268258707918 -0.5111621208680344
2.022434512470845 0.19243933573671512 -0.007722694445915224
-0.5293604744570537 1.0227484000468934 0.07535116000049591
0.991949577198838 0.9494802103176738 0.06284181399219513
0.5464307312099486 0.19269697524887874 0.5993370227324295
1.058189801942401 0.8692814005970533 -0.523427087832756
2.018067119793308 0.42710288092391124 0.005150001476936339
0.8222368979759089 0.9708782608073463 0.05673591418140411
0.4961921940320799 0.3672230904191238 0.6049968413817215
0.9040451311930617 0.9098003939285491 -0.528741676379509
1.9484009214361535 0.5742010806145501 0.01036874575489044
-1.161442004310615 0.7685820047836032 0.6398693732725906
1.9829940690021992 0.6787731042350913 -0.5614605732453537
0.6586547294890792 1.0007987966536405 0.051308553646736144
0.4594087744420179 0.5572230557487998 0.6117350272642899
0.7090894169371502 0.9006582270620953 -0.5393710918915939
1.8794558083931427 0.7213833417204185 0.01558725161426544
-1.3605441599059027 0.7693932334679445 0.633088272045784
1.935714545775415 0.8533475863289013 -0.5522750206483078
0.45068613021658877 0.9774639660566322 0.041132610272102355
0.34792865135784723 0.6541821375223122 0.6120044402586746
0.5200532135485894 0.900207928699011 -0.5491827316773605
1.7837299234657245 0.8331717763562025 0.01767484469287872
1.7854305100939527 0.8940656521903847 -0.5572853870881271
0.2708234015600226 0.9898099627851522 0.03400913996570587
1.6608423537155232 0.9098442881089923 0.016631286572151183
0.44043554025538967 -0.6406264224589506 0.4848229102598953
1.6228426478440952 0.9197384298724387 -0.5639656372559738
0.07795849365730945 0.9876679045256154 0.025529067944221495
2.185059819114162 -0.5554306575552204 -0.11668832974559784
1.464170864511722 0.8928873920516338 0.007237356136970519
0.5284537699357941 -0.2846024574516335 0.5034648589598465
-1.9631790953023618 0.7740612574792323 0.612484138439827
1.444709942328899 0.9265832072797195 -0.5727334805024338
-0.11524102134871228 0.9864851215506221 0.01704899592273712
-0.2047955754106141 0.6825755591530722 0.594216030071907
2.181950254144411 -0.3117967659180323 -0.10278018193370819
1.3383149503985692 0.966832300394195 0.005845706890754698
0.5132125763387307 -0.06263000502246996 0.5126465968596268
1.2601176018100695 0.926470260889019 -0.5823367424500656
-0.2701891620551571 1.0320054993244625 0.012638967465095519
2.1980824498289735 -0.044529847721548776 -0.08673270421154022
1.1753347664723144 0.994477077157299 0.0002793483244705186
0.4960775939722559 0.15513216895277537 0.5215501002775955
1.0565485983229124 0.9038997029895626 -0.5944448299897385
2.1978408846265793 0.19824409820365219 -0.07282455639965058
0.927864648955044 0.9178845182155158 -0.014680940676994325
0.899377541588045 0.9405703085244568 -0.6002898998749924
2.1659763699552634 0.3967954973055683 -0.06283934788829804
0.761141703150976 0.9434306939338057 -0.020595390368766786
0.47481396872996484 0.6014158533720035 0.5401920489775467
0.7170438046991343 0.9469839196013723 -0.6094754524720383
2.153171589679527 0.6069433106129267 -0.6300063915742111
2.0387188642010514 0.46804410416906705 -0.06426556782848358
0.5753668023546403 0.9465489753262872 -0.02859743313915253
0.38557867689159764 0.7254068184462881 0.5424179248320389
0.5092226370686106 0.9234034240602824 -0.622001010943718
2.084076717862633 0.7534951789333206 -0.6236129589570236
1.9631429617287033 0.6071313309403052 -0.0596295185578537
0.39245750344093366 0.9544219683109816 -0.03625162320262909
0.2335116354024933 0.7724613712591548 0.5390793494688797
0.310410520532141 0.9124196262580853 -0.6332741566193771
-1.362919051475135 0.7106572567187186 0.5548655204283524
1.9853136374591074 0.8606535475469812 -0.621482212115593
1.9004016492668256 0.7621479929031238 -0.05356724934703827
0.7021701139034384 -0.7939135697241468 0.4114057235228348
0.23153365024732508 0.9900860603544857 -0.04147036748058319
-1.5690448484729949 0.7048894385406257 0.5473188571440506
1.7984726967139508 0.8539310467658225 -0.6317113228333664
1.7925955571572416 0.8580962724245822 -0.052853662539787294
0.035425741454290005 0.984321040186714 -0.050515968371696474
-0.198424103782326 0.7151422534266203 0.5212721042143631
-1.7788612067886937 0.6964138998776619 0.5395027808653641
1.6511387549528678 0.8991559428335165 -0.6363995857728195
1.6175942334955131 0.8679248468660958 -0.05998619275218964
-0.12899776303300214 1.0177445783333852 -0.056082565356559755
-0.35742644376220767 0.7569868261699995 0.5173765830504227
1.4268144318005191 0.8471220683685843 -0.6517434902680588
1.4516115257643918 0.8903427683285798 -0.06604870038158417
-0.4842419510756244 0.8376779541424355 0.5162638835417557
1.2884418239688138 0.9056006832141961 -0.6551528759492111
1.2792808392390036 0.9057057460711562 -0.07282455639965058
1.0786966718020317 0.8750797665901899 -0.6683657951844406
1.0849650160574953 0.8945930154339479 -0.08209641652233124
0.8715482787744655 0.8495140855819585 -0.6811521835816574
0.9215099141786247 0.9233094626295824 -0.08780248837596893
0.6602684368599512 0.598363163294735 0.4728128127562332
0.6325591129844454 0.7862732371785341 -0.6982007809174728
0.7516610639624233 0.9450183118513209 -0.0942214317811203
0.552063428679439 0.6985158352375933 0.4733869246947098
-1.326536991055253 0.7772150468367656 0.4831535033690262
0.5627315243745592 0.9443281958287386 -0.10278018193370819
0.1508353517727734 0.43925240410084143 0.44727436823719025
-1.4502555049053782 0.8652702581679321 0.4823187999235916
0.3924737100204254 0.9676859856842128 -0.10919936375743866
0.004113130865857073 0.4948478991785308 0.44440500063770294
-1.659537538781933 0.8564259217172676 0.47424999995105743
-0.13618801865392882 0.5587604558850998 0.442109268139534
-0.18051749112802185 0.7383054471464519 0.44842211527698517
-0.9528325525540708 0.7505443889489882 0.4203013591276932
-1.1646293767147 0.7351984603720041 0.41169277949207306
-1.3604993873758886 0.7397714537339724 0.40451900286548614
