-1.4476898176732078 -0.6871130567463606 0.004286553168736162
-0.9745692291987922 -0.7030087698590339 0.05209520032449788
-0.5865106601549002 -0.69245015344144 0.09050824811502522
0.826284409733347 -0.6260895024298083 0.2289302604441268
-1.2474108366410945 -0.7612133697610481 -0.1140248520131486
-0.8451638045285677 -0.7532973129004379 -0.07271740267232829
-0.382319012229857 -0.7693826476572063 -0.02442190477804118
0.3489315774237127 0.26772478529756505 0.15081050565286702
0.01903446233569639 -0.7669708014350842 0.016859795356236162
0.5135539961744939 0.34851265554870814 0.16413238217874593
0.761669293809959 -0.889499984429035 0.09743621518655843
0.9372976242162139 -0.8123539905020714 0.11284616162820882
1.0570056702567854 -0.7157714472358911 0.12178828885599202
1.0764625793404292 0.7011669561238438 0.20641257932230062
-0.2661907978534117 0.06384094145204244 0.6222465293650252
1.0117088401714511 0.8717665707625617 0.1936691062693221
-0.2087927456025369 0.1884359576665755 0.6234796302561385
-0.15562973064612606 0.3145831010967708 0.6242516296152694
1.4605519025569862 -0.0260055174408258 0.13816764524026937
1.5082930094288969 0.09606670690256536 0.13845613172098226
0.8597806334371398 -0.7541013607394085 -0.09781381914571696
-0.14411073668424024 -0.38657430336226994 0.5774634139780623
1.5195034157710268 0.23268081063538482 0.1344349639658553
1.1988931230276307 -0.7376876003561605 -0.061929915642298994
1.5220181171664109 0.37308081107694946 0.12933280637308187
1.4862939739703052 -0.6905622221149628 -0.032798026299037275
1.5140736893326334 0.539411439991305 0.12211444547220296
1.6434864015406276 -0.6243369246577952 -0.018410418724574384
1.519501294166517 0.6581106875697369 0.11803844144388265
1.7774266474562097 -0.5363193878150927 -0.007383559441127119
1.846590491389577 -0.4242323299870918 -0.004263137077845869
1.9114718945362767 -0.31067411912226284 -0.001711581444300947
1.96284691868739 -0.1919845224416008 -0.0008589966054337594
0.3020844810483396 0.4603285813523801 0.5908253448252303
2.005372461121169 -0.06984599813326575 -0.0011398536916154
2.0298808942188202 0.05952489000113559 -0.0036823494191544626
2.054867497890328 0.18888865058245408 -0.006229136681117353
2.07113031339037 0.3219835828284676 -0.009909365868129072
2.13846048578462 0.43436918738342634 -0.007390711998500166
2.132725777504035 0.5769199293743483 -0.013900492882289228
0.48922598206624457 0.04252029960790438 0.5525663154368026
0.5000527755279194 0.18230838579531294 0.5490958945994002
0.5209453246745568 0.3329356006622497 0.5461232917551619
0.5094316296520418 0.46762729404015424 0.5407245414499862
0.4789508018228332 -0.5599166182429016 0.5027816550974471
0.5201775403848359 -0.4326825968739314 0.5026295440439803
0.5711811537438507 -0.30904900327058904 0.503433968329869
0.617949873948973 -0.18384952912029462 0.5037520187143905
0.6605031654081586 -0.05704417195696543 0.5035836951975448
-1.1043623563497675 -0.712327532367933 0.29165389707132405
0.6802688995632451 0.07854282305324567 0.5010054366831405
0.686626585746609 0.21955748952867893 0.4969795005564315
0.6842671640818878 0.36433499959921356 0.49198749234720296
0.7102499213083888 0.4982909018085948 0.4898755805735213
0.48442743576015346 -0.6953914925583611 0.44004228284402913
0.6720276631308906 0.6581365564212849 0.48102786710306233
0.5766084869885617 -0.5869325298058996 0.4452741401438338
0.645753750105186 -0.4703590826418971 0.4480502860788924
0.7059512004806834 -0.3506329934996124 0.44984128644510335
-1.5609843924165716 -0.531151969428187 0.17249562909647054
0.7758687826414814 -0.23467179553619744 0.45260646512552327
-1.0358266065469337 -0.565877470888422 0.2237293975596053
0.7531180948927272 -0.08365807200172526 0.445572640204869
0.730982260995475 0.06766980123606636 0.43853547742410726
0.6630847550888035 0.23733635070847114 0.4265983360056502
0.6885955896431994 0.3712897924074756 0.42444732358499593
0.5807500584452328 -0.5657024850171286 0.3776724593882186
0.7146100188001299 0.5052390142934566 0.4222920196299178
0.7059886437334058 -0.4698233235749001 0.38647248914285726
-1.5581874037975467 -0.7159532489668958 0.1003916518931014
-1.0847802174535843 -0.7307515783876131 0.14702060391946858
0.4265766708449661 0.3523328335972291 0.3327205436472518
0.43396736763351385 0.4943894481388771 0.32853534390970296
0.16441837359063527 0.7467188002951346 0.2944557922129256
0.7357318482204391 -0.6560931010988895 0.3215368049387557
0.8561113084613794 0.7606530895461141 0.3587816016916854
0.2990228226515086 0.22210776124941134 0.24999215772195882
0.3569156325073237 0.34464388849363203 0.25131204297586507
0.10488470646343728 0.5885642486395977 0.21860959699197835
0.19641449945390832 0.6988890566364603 0.22347524335428304
0.8702985057747981 0.5759662682657769 0.2922995345835311
