0.25156669394336006 -0.6524094730673475 0.11490687320163495
-0.29525008224986493 -0.6664393470191392 0.06973704287936933
-0.426147129359137 -0.4337139785244766 0.07200106570651776
-0.8877851016826241 -0.3926176305950513 0.03665694186618573
0.33270828321472834 0.618174148329512 0.19183119723727948
-0.5026823229334525 0.44451063812545755 0.11401232669284589
-1.2491021728591818 0.3276655855157884 0.04649504611423261
-1.2853342301930013 0.614760068896139 0.0590673346274162
0.9631124394698958 -0.5642508808414703 0.03162154147556073
1.251744913892324 -0.08692856574998231 0.08269843051364667
-0.04309875507398431 -0.5464956086950465 -0.0506280999428963
-0.2208417778864913 -0.34226426735088467 -0.05384293606350177
0.8889585213424738 0.6088499659096236 0.09189280459811933
0.6374411674314757 0.7654826686459621 0.07970484683444745
-0.6397310435297214 0.6440601727238828 -0.0337213616616463
1.6315223858701984 -0.4049966426185101 -0.03560010006496661
-1.0697287687577415 0.7074560075522172 -0.06624260952541583
1.6552093341544918 -0.08707604784245504 -0.01512566616604083
-1.630496858763749 0.7008094197706392 -0.1136631112344002
1.5904711427866118 0.17691775665361575 -0.0053018670327400486
1.4496166588987762 0.3954955313821529 -0.0045961480385994236
1.3095177040546133 0.6146064537478217 -0.003880892301294736
0.9419940208998412 0.7021639843896423 -0.030014429593775205
0.5225339793001638 0.7621097075520993 -0.06220475246975177
0.01624979259767656 0.7752928890662645 -0.10450116207668536
1.7837158107464859 -0.7069235071396456 -0.17208138516018145
-0.48206516605193883 0.7964481257701941 -0.1457523446328377
1.9038038494529417 -0.3297218412776033 -0.13942471554348224
-1.0287622111593464 0.793893438754008 -0.19254342129299395
1.940404475070963 -0.004944591994572534 -0.11709061672756427
-1.5762767653498173 0.7947055831519343 -0.2393020730263924
1.8545170032962233 0.2454126671993535 -0.10971489956447833
1.628230603200251 0.41256329921155555 -0.11934987118313067
1.5268188789632404 0.6536348140607267 -0.11401883175441974
1.1725225914222648 0.7477038863735253 -0.13909283688137286
0.649983332356598 0.747031263546198 -0.18424359371731036
0.19144540495115336 0.7865484434154126 -0.2216352563149666
-0.3498356936324285 0.7822492775866046 -0.2687868218667244
1.7548318923184496 -0.5087244146708407 -0.29427186062404864
-0.8919332027744247 0.781278812019714 -0.315905008817408
1.9100479137528765 -0.1115957327623569 -0.2568964104897713
-1.4739533192177845 0.7618597777231955 -0.3676256280190682
1.9177240363182193 0.1949063012860357 -0.2378849129922127
1.892511365232707 0.48064060672903963 -0.2230676751382088
1.5468090672728465 0.5774744825220388 -0.24757042934963458
1.5062064034459866 0.8537666277649478 -0.2348331551797127
1.0575497916295546 0.8938066154360733 -0.2718795876748299
0.5911423387760237 0.9266597802087553 -0.31099453976223224
2.115071803943465 -0.5767555108136513 -0.3981889825112557
2.048210259004051 -0.31376931568188837 -0.3879703622109627
2.1145449563815504 0.028523371141872644 -0.36121312191555255
2.067168049376761 0.30119791657447337 -0.34885350277492755
1.905343769955067 0.5054726515260732 -0.35088387539455645
-0.020895408671051996 -0.3322236503052274 0.4986430067770744
-0.03871391503972177 -0.03540603367348538 0.5129271406882072
1.930832103713513 -0.034153871736503305 -0.5122188668496346
1.9387722324875796 0.27213900339415886 -0.49263516476223224
1.9352326318900168 0.5703373177400266 -0.47467557003566974
0.11911339562796286 -0.20182851158351411 0.3828702826254631
0.10175700263239662 0.0944208170569425 0.3973852057211662
0.05980511169978797 0.3754215445469242 0.4090734381430412
-0.09768895593721538 0.5895693346116211 0.40802535006931073
-0.5532766076153308 0.6349844669560092 0.3744398016684318
-1.0744324867122685 0.6465393697893838 0.33380755374362714
2.083700414933759 0.2704570291994237 -0.6101135354287361
0.30854945602011696 -0.7805183162179894 0.23273524234225995
0.023020128171282295 -0.6410617604548676 0.21764906833102948
-0.24087861424737866 -0.48750752540661324 0.20498427340915448
0.3041991799141073 0.1380036379651628 0.2827287573569084
0.1243934869687564 0.33875006271263786 0.2792096991293693
-0.2837131694732591 0.4092153873680253 0.25023421237399823
-1.2742704367859403 0.45962645867345486 0.17314394900729901
1.993289866129487 0.5134498422478551 -0.2507890801675057
0.14883569235477978 0.1113399020393544 0.6472645659201408
0.08929894612269607 0.10534283509705489 0.48276814410617597
0.2515315405489389 0.43494079482929493 0.49057921359470136
-0.2474547947684158 0.4206906153750971 0.25588187167575605
-0.049893021619070055 0.7447393228172956 0.26668604800632245
0.6968231751786647 0.9620938826667036 0.32230338046481855
1.4279754890787757 0.11126598578596969 0.21699866244724042
0.7822018646809283 0.5886103005924852 0.15771922061374433
1.7758784076227272 0.45509418950715386 0.06462534854343183
1.6798634428466102 0.8282438727153512 0.05084761569431073
1.5150231854606773 0.41679401482229395 -0.13197842648098224
