1.1799709167274877 0.7047929831327338 -0.1684609493300382
0.907554970126828 0.7602895048578375 -0.14298401680440342
0.6965647075359449 0.7449400637327344 -0.12850867119283116
0.4667827028070093 0.753498469990916 -0.11055861320943272
0.25010571930432945 0.7478941667565522 -0.09492550697774327
0.014859250474508201 0.7663777287127971 -0.07581768837422764
-0.18848946974298997 0.7475469151019851 -0.06250058021993077
-0.08525616178455664 0.6075180167702072 0.6551073947861727
-0.4103497589261913 0.7528458839252608 -0.04570875969380772
-0.2294912013899406 0.5159790340354888 0.6571248928025302
-0.6255692738470628 0.7514835680324694 -0.030075176624960065
-0.3646443786740683 0.41335723406381675 0.6576293865159091
-0.8311372868557285 0.7395254005464835 -0.016178711323446393
-0.5032450750440063 0.31510795739429653 0.6586383739426669
-1.0580078515971998 0.7557889906079893 0.0017708698227938413
-0.6514289719533615 0.22906427430659448 0.661159888835245
0.6702063016432511 0.7879929698593813 -0.2958441814467374
-1.2475526576392966 0.7263445244213145 0.012772456736856341
-0.7936925031285362 0.13577094728545092 0.6626738468125399
0.4374154687430405 0.8003929705922914 -0.27676068153829014
-1.4552793665046622 0.7212424957873722 0.027247802348428607
-0.9270546935088433 0.031244300373856504 0.6626738468125399
0.23674368265071521 0.7757093647186295 -0.26364098396748936
0.42139662726470206 0.5391229431660634 0.5308164516404208
-1.6748556296405575 0.7328297989775123 0.044039622874551654
-1.0668743140262542 -0.06495776828021604 0.6636823574021395
0.011074769183014865 0.7826505242473374 -0.24575053062886631
0.2357714229507657 0.4956979577644063 0.5395392337754306
-1.836429336450049 0.6707320748717649 0.0498298564866122
-1.188798586779697 -0.18429716371166904 0.6616643825486239
-0.20162198896103334 0.7753323094364504 -0.2302452167555753
-0.003205063666101182 0.5186297980686234 0.5569843212082919
-1.9437870186684414 0.5382719585054829 0.04519738349466884
-1.2840123221208906 -0.338827538920107 0.6551073947861727
-0.41711221516764496 0.7728903926298685 -0.21414385643453038
-0.2197332398289582 0.5157088974274302 0.5708378711655673
-2.0577230142312146 0.4140201616235615 0.041723624797159076
-1.4671295571367047 -0.37823396765626427 0.6631778636887606
-0.6353593222732279 0.7753687791668042 -0.19744597282857335
-0.4234423906406839 0.49833211511862885 0.5826391139939364
-2.1213727057107548 0.22267371789613577 0.028406039805703998
-1.5454254841304405 -0.5558977330993287 0.6535943904831942
-0.837729872856773 0.7595101266950834 -0.18372975197286046
-0.6455167262595154 0.5052440767929767 0.5975188175156649
-2.177086009547679 0.01937841650245531 0.013351813884073138
-1.06143105906094 0.7718420390396048 -0.1658388217970792
-0.8486337632610521 0.48985131152341665 0.6093200603440341
-2.1746551837646635 -0.26373848351080653 -0.013283356098837018
-1.192572287905712 0.6682480718710408 -0.1658388217970792
-1.0576419282115133 0.48323425745780213 0.6221474567368563
-2.144386293339519 -0.5873116817220705 -0.04570875969380772
0.5297626840905671 0.6211045415435663 0.44381608161478603
-1.4769055485886682 0.7606966589426989 -0.1360212406203214
-1.2693958878486562 0.4815388092990105 0.6354879299119052
0.3189208382889106 0.6078064335802154 0.4568604389145907
-1.6658962836604374 0.733071929260241 -0.12469111290425694
-1.4564102504186422 0.4494126779952268 0.6447237888291415
0.11782587665543787 0.5839860300209097 0.46833981666117275
-1.8395793029546184 0.686649212907561 -0.11634217110127842
-1.6038448915538837 0.36690067025850226 0.6472891727402743
-0.25137826769736904 0.7812052617346978 -0.48284445610494053
-0.0924707742456583 0.5726739739362543 0.48138417396097744
-1.98910627357467 0.6094342089505034 -0.11276350822896397
-1.7333765071240244 0.2612509252260935 0.6467760959580477
-0.4729607713716817 0.7866438467102554 -0.46479664650411046
-0.29621865135739256 0.554641585075828 0.4933852115586337
-2.0787850332611946 0.4537237201718085 -0.12111245003194249
-1.8121735149079257 0.08868488911000583 0.6375402370408114
-0.687923013382914 0.7854407231437577 -0.44799338188619053
-0.5028281470026386 0.541442702683284 0.505907432170206
-2.0616332620851523 0.15545458854513328 -0.1509300312087003
-1.822989718577798 -0.17515333841751612 0.6165036121323642
-0.8932414224070264 0.7736378935504078 -0.43305741157979405
-0.7060597119481287 0.5253391549881172 0.517907992930704
-2.126516017305029 -0.036067579184845044 -0.1646467289015714
-1.8233816430251046 -0.4553085465960791 0.5934142032578524
-1.0459326944721994 0.6966854238104716 -0.4287010273024503
-0.9121205332732849 0.5140939179402011 0.5304311672165927
0.83477515739796 0.6286259690451814 0.337152377696329
-2.1183832392635473 -0.327231274162358 -0.193271263508505
-1.3030219570241712 0.7529602126426269 -0.4031849941298429
-1.1608984030714993 0.5585699035169824 0.5502585330918368
0.648981574012744 0.5833146632929456 0.3461703220322665
-2.114881772983839 -0.614920553291185 -0.22129975166768467
-1.489162390551943 0.7206115626800127 -0.39198313560933506
-1.3784161190462463 0.5651079274033748 0.5648678699448642
-1.7237803181180134 0.7518563712815904 -0.3708234867140714
-1.586392076847492 0.5609095537749553 0.5779122272446688
-1.915479470742401 0.7292275357793514 -0.3583766063734952
-1.7485726051066948 0.4985666104677833 0.5831297794297274
-0.0306013926584221 0.6025871550541666 0.39391078147440517
-2.058802937851649 0.6443800563016566 -0.3558875164076749
-1.8655802714241858 0.3776124935445466 0.5805214801743563
-0.13729226897381963 0.4645020774184303 0.38966740760355556
-2.163409801518057 0.5086830078062334 -0.3614884456679288
-1.865943321986073 0.10243712493821988 0.5575632015183505
-0.31939077075915634 0.41964329813843904 0.398154632182413
-2.23281411585781 0.3256899008014571 -0.37455759849996006
-1.888805596135068 -0.14537410315853094 0.5382574954941806
-2.2526707572147586 0.07516259727793084 -0.39820633736104405
-1.835681036880544 -0.4970801007264569 0.5053857723191317
-0.8224838204287472 0.507618155957438 0.43899954947977626
-2.265062028497816 -0.18764422638942335 -0.42372237053365147
-1.2270495821879415 0.7490521004914896 -0.8332439502760831
-1.0714696210615884 0.5515883098002305 0.45915688666849697
0.7771432735157227 0.4951020176097103 0.24328889045267665
-2.2524668503445078 -0.4867818060607405 -0.4548393329665128
-1.3521630093388701 0.638228331844914 -0.8345757564589444
-1.3167223505290728 0.5929219510908368 0.4787835041001376
-1.4776892980392837 0.5278203915790272 -0.8359066089674894
-1.5613174519127355 0.6354997733957148 0.4984101215317782
-1.6990032561494282 0.54152718063105 0.49947108420878017
-0.0701442262773071 0.44753033534818343 0.2977408328965243
-1.3976744018214156 -0.4049288793236485 0.3997458377793368
-0.2024238289584872 0.3404780934973104 0.2977408328965243
-1.5658606570067626 -0.46368127448473473 0.40558089408426845
-0.33507458453277295 0.2338839900368228 0.2977408328965243
-1.7340978342057767 -0.5217377324475194 0.4114159503892001
-0.6320455236042797 0.33398450235451094 0.3263148227646884
1.065308166753752 0.6719426816697691 0.15082492026835048
-0.92486442322015 0.43178715971855297 0.3543495098069247
0.8282198777307173 0.6864265597021202 0.16890229377298915
-1.1583759131054343 0.45683385697404333 0.3721412578537997
-1.415764769663891 0.5144310161323986 0.39424504432230556
-1.6784647473301142 0.5812277521519107 0.4174279132798251
-1.8102664090782916 0.47978664708408303 0.4174279132798251
-0.07426182516341484 0.7062493735140194 0.23409070167093837
-0.06780094371665157 0.4294444869955498 0.2099875369980868
-1.292616006253784 -0.7567042170423974 0.2767146984055575
-0.2500463888538107 0.3842855744812965 0.21875228080301845
-1.8766152634404243 -0.26309859590609364 0.3575843730881747
1.1027815254107445 0.5860525136378669 0.053717033000284076
-1.9549452212826068 -0.43957549090045944 0.34734095725565517
0.7216196362053822 0.7716132995138807 0.09712208900003994
-1.9898116265020072 -0.6759367985557532 0.32901038322001064
0.6796101688318004 0.5549685852289699 0.08154095801859462
-1.1042681662800895 0.6438413068280298 0.2998274723008212
-1.1193907997270358 0.3917270506008492 0.27901066932230556
-1.5996886427933248 0.7355571576776754 0.34146060142069423
0.30160387956381385 0.20424618737536804 0.07820166739969814
-1.7066550056874696 0.6023757962146661 0.3370784679368075
-0.22904155701472462 0.5860099313824918 0.1488746562912997
-0.22682475099169963 0.313100366201418 0.12494601401835048
1.506671065739969 0.7097105730182776 -0.061407192616171
-1.4015893078672796 -0.34729978990002053 0.23354329261332119
-0.39991024213670556 0.25704304569431 0.1321801105454501
1.2494832343044173 0.7444905587094297 -0.039332493214315534
-1.8632081082104115 -0.017490710287233924 0.2932537952378329
-0.881959866568117 0.5909073890895158 0.1950620571091708
0.8644238713496399 0.9321697475786337 0.005382911296182513
-1.8986849740430145 -0.249479561226579 0.27517642173319423
-1.0414155210493696 0.5218092855453094 0.20007075461893642
0.7850242138785433 0.7610427377684061 -0.00367365684956944
-1.9057445139825475 -0.5215524524006909 0.25162066611795986
-1.2775393627779295 0.5511871680181386 0.21899069938212
0.5486890683360066 0.7767803785328127 0.015005008311563373
-1.48871426531095 0.5503719353766598 0.23345889243631923
0.32554411879432976 0.7784151966531141 0.03141965064554775
-1.738981246821659 0.6017118507728298 0.25516165885477626
0.09962945355558617 0.7849894837726197 0.04839982184916103
-1.8827973536092877 0.5162666766691757 0.25738753470926845
-0.11956272431366344 0.7849862496546578 0.0642484584763583
-2.002792829559599 0.39971120310254804 0.25516165885477626
-0.3321167552373261 0.7783545656251079 0.07896508368998134
-2.123253136453414 0.2835411684698812 0.2529357830002841
-0.5536944214501105 0.7843377973928796 0.09537924918680751
-2.1160507126125196 -0.0032400731153074958 0.22678126487284267
-0.762436934491113 0.7759031392944991 0.10952986869364345
-2.1312648406362023 -0.2626241618655101 0.2045225063279208
-0.9801468884174689 0.7801329876000409 0.1253780284836825
-2.1390834000062284 -0.5343570085485183 0.18059386405497158
-1.1759101630265754 0.7581341600842322 0.13726462516337
-0.14453971941682298 -0.5480754172880609 0.6546386638596591
-1.3867849922420383 0.7565859770283225 0.15198125037699306
-0.3416815898560053 -0.5765564569686532 0.6645530620530185
-1.5820540028448278 0.7364536762236682 0.16386737021952236
-1.7315379866599763 0.6582569655346617 0.167263404460245
-1.8963370888873392 0.60036589315893 0.17348946723490322
-1.9799075409243052 0.4364499452122388 0.16443337592630947
-2.019330681106272 0.21322379314647577 0.14688719901590908
-2.0420653173557497 -0.03402803169123558 0.12594451102762783
-2.0394607336146215 -0.31743330858491703 0.09990777167826259
