-1.7895694940329019 0.871068920222374 -0.46580966714164873
-2.212423202715909 0.6318464908189938 -0.41670879128715654
-1.715449571927481 0.7012687996140095 0.20107332464912275
-2.2050505413014925 0.46773857824265264 -0.41617521050712725
-2.1295929703975265 0.31490028465698217 -0.4233706832244124
-2.022947016014827 -0.013892536336044259 0.23486915823676924
-2.1961121685599228 -0.19048622026400963 -0.41231426003715654
-1.98343956813504 -0.17310656960518145 0.2317639946625505
-2.1523371085884087 -0.3484373718667335 -0.4161718726470198
-1.944480952762646 -0.3325101809340758 0.22866407629707197
-2.104191627516668 -0.5058967477907963 -0.4205783248259749
-1.8666693747607788 -0.48637605489270186 0.22170320746162275
-1.4719786839000157 0.9346215976194543 -0.5854857802703108
-1.7840928877395648 0.8731997655875787 0.11538997885444502
-1.5663849350679655 0.7502773364655653 -0.5731747985198226
-1.9720655097779325 0.6740508991742971 0.1353136658356462
-2.0731273788579134 0.4978438419123776 -0.5137246489836897
-2.008719723544907 0.5017388056478396 0.14001957174995283
-1.9828774900590247 0.34695092856564 -0.5226953864409651
-2.1147565686819547 0.3185361857751374 0.15161958929756025
0.6598999688111036 -0.8155026857716514 -0.023837888272019825
-1.9421676815256266 0.18767559421128155 -0.5260508895232405
-2.0691983320232925 0.1605299692524511 0.14798513647773603
-1.9314708430648793 0.023590733126987118 -0.5260337233855452
-2.1323277459658225 -0.01461130984373682 0.1551810860321794
-0.13305298983965308 0.16194877608955593 0.6402985214875017
-1.9802912185637886 -0.14949009421241044 -0.5192678809478011
-2.117431584230216 -0.17720312242275682 0.1545125603363786
-2.1231013520272324 -0.3360832329231407 -0.5018165946318831
-2.098168749676187 -0.3390730636737054 0.15335766073921064
-2.1142495287490455 -0.49937522502636256 -0.5017712951018538
-1.985934421778893 -0.4873691445907653 0.14284816977241377
-1.240575720032405 0.940963928344587 -0.6959179282500472
-1.933490396051523 0.8136183214758184 0.04784122702339033
-1.9682516818248086 -0.6430602707571111 -0.517462575466844
-1.8741744093412436 -0.6363663630780643 0.1323382019684587
-1.197839234610461 0.7792255855777057 -0.6993444800688948
-1.9990472553521261 0.6359861411526673 0.05565181967475752
-1.6504518204445748 -0.7637980502260824 -0.5528415084197249
-2.0554676534260494 0.46054277338754446 0.062474882571486035
-0.5574207807041276 -0.7887255446483756 0.0018312096283708001
-0.6061909362151638 0.5579873735059451 0.5946818947479997
-2.0045143215720707 0.3031818743115764 0.05829826590278486
0.8952383106505639 -0.767326369913178 -0.14290937188408037
-0.6876610073410809 0.3742951055523349 0.6024452805207048
-1.9688447796536312 0.143206605738893 0.055627024142530956
-0.6517181153948908 0.20971747970023458 0.5998713135407243
-1.8649027627384935 -0.006211621276879242 0.04594913717964033
-0.616333825439078 0.04498512158544088 0.5973021149323259
-2.0762057507021403 -0.20413863872274973 0.06833664175727705
-0.6307920754980127 -0.12725416447132432 0.5990549683258806
-2.0176879888615282 -0.3603092862196817 0.06318060156562666
-0.5226407056060758 -0.28136612143864426 0.5900198578522478
-2.028614109518468 -0.5267900342855398 0.06504694220283369
-1.7358764638301523 0.9216376077723716 -0.7223280310942854
-1.7932131265147095 0.8878901375274424 -0.049856984646531544
-0.4001874245895909 -0.4340535552089868 0.579689180819777
-1.9810342681264999 -0.6847544014107498 0.060903227298048535
-1.6589455563276037 0.767527958184683 -0.7298115134551253
-2.06929556805461 0.6735997708406778 -0.020012223751756153
-0.18447048069711336 -0.5745309770648142 0.5611454605744157
-1.3402363926769514 -0.7544113322360992 -0.6717160582854476
-1.5629342002646638 0.6162696298217334 -0.7396057486846175
-2.0912194019697257 0.5040594711952942 -0.01660474541923662
-1.4625029903022053 0.4652463257088222 -0.7499779105498519
-2.04994356350033 0.34523411307986507 -0.019806706936570606
0.891218836868866 -0.802973043954573 -0.22965034249565264
-2.0927083247667344 0.17283000401045712 -0.014346921475144825
-0.9757549953583364 0.33640900668048346 0.5519930481598649
-2.0525765715272115 0.013905010289835928 -0.01753696206352373
-0.9793068853252915 0.1666837370378289 0.5529266953156267
-1.9429227687603294 -0.14274614916694617 -0.027940595181199512
-0.9920598226045065 -0.01268147366983996 0.5546614288971696
-2.0723306093015808 -0.31922305465297285 -0.013707482845994434
-0.9685257347911396 -0.16947641351796605 0.5530583023712907
-2.0535819565859956 -0.48124529699958174 -0.01484044793388506
-0.8851798330540372 -0.325992020568048 0.5461007713959489
-1.9664542775341918 -0.6334871319050137 -0.023110234768601856
-0.7974159719821401 -0.4823038287891954 0.5387050270722185
-1.7672472524715452 0.7751842951458876 -0.13479312661430498
-0.18721682064515832 -0.566670226738001 0.48467079397895674
-2.1762130230005 0.5392159660057736 -0.0904243827178206
-0.8879008334506846 -0.8085369219328591 -0.1334994674040999
-2.1361349537954464 0.38875379967552703 -0.09356817010185381
-2.2377605898822264 0.2220692749062536 -0.7398360610320296
-2.1296351407113043 0.22449262880318344 -0.09316524270317217
-1.0667754806667151 0.38085618967553003 0.4675304054901872
-2.155739254689971 0.053757781123092485 -0.7481234908415999
-2.1113601838376557 0.04572259154291203 -0.09395774606010576
-1.2496019961328422 0.16629363240222972 0.4849511742279802
-2.0925646540885374 -0.1081418816873807 -0.09501298669120928
-1.2254772002600163 0.010347722397209935 0.4833490013764177
-2.0829059725908152 -0.2715982290801904 -0.0951088309600081
-1.2006418500496903 -0.15388812810653363 0.48166767355659346
-2.044311377831807 -0.43069547692183363 -0.09830936196586748
-1.1763845920136902 -0.3182158961491304 0.4799920677826677
-1.1132587230429376 -0.47697460383628965 0.47472730871894697
-1.0457443495324519 -0.635404344692514 0.46901623007514814
-0.6530927497716981 -0.7498940701964862 0.43362919089057783
-0.8010259865095062 -0.9234959865726573 -0.22635539773246904
0.4501859906914092 -0.7728248376199041 0.33344284292915205
-2.215517414627957 0.35889665730572773 -0.167296731503221
-1.345240445146942 0.495423225790784 0.40870014425971846
-2.194396956940622 0.19729038273986887 -0.16843494179985186
-1.2843101818534226 0.3371382836636414 0.40380398031928877
-2.164006613372351 0.03718588105802212 -0.1706221938445296
-1.3468681811765784 0.15915230336993957 0.4103433251068864
-2.198064393484687 -0.13289174360330946 -0.1659525275542464
-1.3412012028899554 -0.007696112025488588 0.4104897141144548
-2.114740044294061 -0.28487753405169514 -0.17392524483940264
-1.3607381780224888 -0.17819683840091827 0.4129311203644548
-1.3168619529383943 -0.3390737924270013 0.40943018194892744
-1.194673568773558 -0.4888725583591871 0.3986045479462419
-0.6045113167338592 -0.5740037434038676 0.3442498802826677
-1.4689824300104686 0.432886439492556 0.337067282168654
0.7070635536423353 -0.5736752023482232 0.22285238501289228
-1.3997403636394434 0.28475885692723324 0.3312679886505876
1.4006093173114067 -0.6487998895028113 -0.5464995742156233
-1.472310281770218 0.10569354998991898 0.33890215155341963
-1.4644019567168556 -0.04361581892207056 0.3387905716584001
-2.1270816893866638 -0.2952131915631533 -0.25478299859306475
-1.4459003998197595 -0.199591037816095 0.33766857382514814
-2.143848347392847 -0.4540598678581844 -0.2520559668853011
-1.4229921712645321 -0.35488986158410896 0.33608499762275557
-1.3342063337299717 -0.5174542741743728 0.32827345129707197
-1.9493238016333674 0.9430738185111025 -0.3657410979582991
-1.0449796424404774 -0.6441689579938483 0.3014036774323259
-2.215111004216041 0.7304922019734867 -0.3348348975493636
-1.5092487460931387 0.8371943180845456 0.2552944779084001
-0.7511246129963656 -0.7721474298422635 0.27405468222358564
-2.1926787881334366 0.5688399503079822 -0.3359712004973616
-1.7318321764972815 0.631617053145991 0.277769243685988
-0.7523734112258431 -0.9343802990304191 -0.40033372643730303
0.57381416090141 -0.7655382985218715 0.14903894659736494
-1.852151919669362 0.4447570657111726 0.29030815359809736
1.356832705081315 -0.8485957226422798 -0.6292599082305159
-1.8195871698902142 0.27538427546589617 0.2880703568146501
-1.6955030888789064 0.12875983134447466 0.2769028305695329
-2.204397563061759 -0.10965464649282453 -0.32973798516533037
-1.6690102159679512 -0.04198015924714227 0.2751475929901872
-2.13577177637889 -0.26382638370117206 -0.3362854361846175
-1.6394425692775378 -0.2039383519660909 0.27300611731269697
-1.595656862922242 -0.3638377963320565 0.26944462057807783
-1.537646677510267 -0.5218376808168124 0.2644616722748552
1.3120636717454026 -0.6168955929721527 -0.7135527968718733
2.284993431391701 0.992247180163023 0.09414926764228682
2.189109993172684 0.9664016961989219 0.08008161780097822
2.0859169099779873 0.9228383785857197 0.061324274508741894
2.0142349807096345 0.961195158412 0.06366935965278486
1.9480870851314336 1.0133498594411847 0.06953064200141768
1.8388887561765177 0.957385585063097 0.0472566246674333
1.7637813412668297 0.9875534874219447 0.0472566246674333
1.6630787066713193 0.9549756736368096 0.030843889682081738
1.5842619638414082 0.9767717613629898 0.028499758212355175
1.5073565732897567 1.0033385896648674 0.02732721564033369
1.4098185863102692 0.9808932617499515 0.013259565799025097
1.3025194011970243 0.9364919504936147 -0.0066703200652327155
1.2388273434410024 0.9953384107849352 0.0003639816925797845
0.9436649248728095 0.9328013102190589 -0.0418394446685042
0.8585960286858167 0.9438915105797854 -0.047701203854295215
0.7734903822190571 0.9553149952388047 -0.05356248620292803
0.6903543838781161 0.9714945570289224 -0.05825217965385576
0.6132814095707229 1.0012520184492715 -0.059424245388719044
0.5057216568647451 0.9650951702038704 -0.07818158868095537
0.4286000895583868 0.9955130287063376 -0.07935365441581865
0.3122534501444143 0.9426398766258863 -0.10280021432182451
0.24544471903370102 0.9957027081391985 -0.09811099770805498
0.1389857594909305 0.9656738620292984 -0.11569579842826982
0.03219482611598323 0.9361320014091241 -0.13328012231132647
-0.05149547904539453 0.9551309929545759 -0.1379698157622542
-0.14376030334548773 0.9570081088192204 -0.14734824898979326
-0.24046479013577837 0.9505545182781141 -0.1590712905242171
-0.3286360856434083 0.9619030901602237 -0.1661055922820296
-0.5286026673818593 0.7523268676278967 -0.23292764428398272
-0.5801427510384034 0.8384031089108355 -0.2200320601775374
-0.6578705333584995 0.8726935655891062 -0.22120412591240068
-0.7377296500776183 0.9029465253309965 -0.22354873421928545
-0.8332712521890411 0.9033389884521839 -0.234099710018846
-0.9266814889717807 0.908435774203781 -0.24347862008354326
-2.1286102201242887 -0.7585267563349838 -0.734679544003221
-2.198650660475014 -0.7039053541521625 -0.731162869961473
-2.2684677660423205 -0.649072877123821 -0.7276457190825667
1.5881663418724052 -0.4947246018590832 0.5198165535614763
1.5541527467888105 -0.3450584367355418 0.54626766440132
1.5425681151437942 -0.1407624413178965 0.5849272370026384
1.5033914481366644 -0.009460418139461524 0.6073090195343767
1.4504341292735052 0.08549033974911069 0.6215516686127458
1.4017084435524598 0.18960987776609528 0.6378294586823259
1.348037697867257 0.2802046775079923 0.6510550141022478
1.2799242182803194 0.33471172682609307 0.6561419129059587
1.2177386749286576 0.40297240906821585 0.6642805695221696
1.15211279202801 0.4623788700499567 0.670385038821486
1.0772002981337376 0.4994481191424427 0.6714021324799333
1.004368016908428 0.5412734361459144 0.673436796633986
0.9278157984795872 0.5743581386602798 0.673436796633986
0.8494128413542548 0.6032256174667907 0.6724197029755388
0.7671350091287383 0.6234180388074684 0.6693674683258806
0.6868769064677345 0.648391227304284 0.6673328041718278
0.6006422989635016 0.6602677415240521 0.6622459053681169
0.5103173221849353 0.6635697698518257 0.6551243424103532
0.41376586447355734 0.6538892053068075 0.6449510216400896
0.3232006876270379 0.6579407333709391 0.6378294586823259
0.22217281912928932 0.6401878908779786 0.6256209969208513
0.11881168265440678 0.6184508722271644 0.6123959183380876
-0.012190877091409646 0.5397058848390195 0.5859443306610856
-0.07390141072131051 0.6072274617740341 0.5930658936188493
-0.3296012752183053 0.27404923461168806 0.5076080918000017
