1.6338753253520792 0.032965817296000566 0.3556774768541482
1.5900876855300794 0.2875811661333465 0.3501981410692361
1.4977569121951149 0.5490174849924134 0.3410648021410134
1.441005727041329 0.8066000403706841 0.3344887408922341
-0.3732154190380612 -0.8325843832068855 0.0892909679124978
1.2995355836635412 -0.7620322761939189 0.2134665164659646
1.8324832030324387 -0.5731817872468872 0.2516173038194802
1.8855560960075337 -0.33150144048557095 0.2534874591539529
1.9691464121685698 -0.0936856849210983 0.25760208699208764
1.9941719410725511 0.15104238858075014 0.25722729298574
1.9187272900882988 0.22248164293934636 -0.7402125683118674
2.0151078025341604 0.39633206083286865 0.2564791354845193
1.977593185929095 0.6493932904814113 0.25124298665029077
1.6988921889232103 0.9355727753695717 0.22767960164052514
1.7497569761365241 -0.5006419300787464 0.12092148396474389
1.911979808131008 -0.27158949813223643 0.13125502202016381
1.8763828224126513 0.7259921672185179 0.11900793644887475
1.6968069939433974 0.9993450845938039 0.1025503787706521
1.8746047595697775 -0.2784798147954355 0.017072072954001705
1.9682647775204174 -0.04186879144257638 0.022149911851706783
1.7395844993051384 -0.5841702109900808 -0.12705911067026587
1.8569671482698595 -0.34969304227907116 -0.11985648539560767
1.9800534730633785 -0.11653816903460879 -0.11225474741953345
2.0940382253102854 0.11708163093321744 -0.10545218852060767
2.095085566197241 0.3645462447079044 -0.1078530636121604
2.141488952329553 0.6062707729635761 -0.10665238764780494
1.8312374751875922 -0.8412159166567967 -0.24126399424570533
1.9625951041113296 -0.6084333485237847 -0.23267806437509986
1.9610692378053045 -0.36081302300249085 -0.23513186839121314
1.9901161826857106 -0.11667531992853952 -0.23513186839121314
2.015067952114464 0.12797837828242642 -0.23554051783579322
2.105134578343211 0.3643485245422511 -0.23063481715219947
2.069149797535971 -0.08803387302044996 -0.35256350901621314
-0.23058686683013718 0.3825312718316436 0.47192846867543725
2.198027743552501 0.14339080860236209 -0.34421313670176
-0.22862664512122421 0.6381036174802688 0.46984087559682397
2.031162219361647 0.4120734591785329 -0.36091388133066626
2.161698147016537 0.6429350778329788 -0.35256350901621314
0.06128696727193983 -0.9106327632533295 0.37578379246694116
0.757672584731111 -0.7334300671112643 0.42392670247060327
0.948959672490858 -0.503637345741053 0.4356950435350564
0.9676005914349162 -0.25480486506713085 0.4349816951463845
1.953625180085794 -0.13489309166731722 -0.4855209675123069
0.9524617165220235 -0.0018219371488878977 0.4317721042345193
2.0625538380006105 0.09947682871781183 -0.4787021961500022
0.933279267332253 0.2519774044435703 0.4282063159654763
2.0586174850263887 0.3476675017813591 -0.48168528941172095
0.8605756250409939 0.5129609212605235 0.42071711155873803
1.9057628353073426 0.6031854710567686 -0.4974557247449729
