-0.013519847411870956 0.3421900875514172 0.1767522426582122
-0.8269232974889817 -0.6805664522407007 0.20635667762525323
-0.25939970567184645 -0.6548805279710095 0.27004877052076104
-0.030081159792651135 -0.5510558004209436 0.2932097049690032
0.11745721020616173 -0.4285140355534214 0.3065277667976165
-0.13457199261880248 -0.20688168742229607 0.271785888288095
-1.1461548629060303 0.20963895282013034 0.14555946311719659
-1.0924322630267156 0.35967583499956923 0.14729705772168877
-0.15405736428792238 0.27854271118158813 0.2555734249091888
-1.2088574799229264 -0.760168081104112 0.004911574933602836
-0.13853853569627717 0.4351970452525382 0.2526785465217376
-0.3465829377197096 -0.8004435706779027 0.10688796958692315
-0.12245298702363527 0.5918773227022154 0.24978319129712823
0.5148630638824869 -0.846612675845341 0.20886436424024346
-0.2735048633830104 0.7942729987457025 0.22662225684888604
0.6276510741544428 -0.717363490626342 0.2184063526130462
0.39374831991765546 -0.5033450753693121 0.18501010856397393
0.5605773071104281 -0.38745062941924857 0.20111194572217705
0.6362663794867345 -0.24941181745886531 0.20588270148999932
0.8229816550870126 -0.14021979491471726 0.22436967811353448
-1.7068151158094835 -0.7750574867672562 -0.2960918811821198
0.4335381612762319 0.11824887268874917 0.17129436454541924
-1.0088937083979772 -0.7730208290033076 -0.21083148994676826
0.29013478493941136 0.31477232240346353 0.14863315543897393
-0.15216154294864737 -0.8133113279256978 -0.1050341991447663
0.7612845705986828 0.34766072197063025 0.20230451545484307
0.46251220777212865 -0.8016720869229523 -0.03035387077562568
0.7291997989779162 0.5143162498804923 0.19335952720411065
0.975504317778956 -0.7695894800142078 0.0312577815986419
0.7838964010609075 0.6575626192696884 0.19514862022168877
1.3340656593831284 -0.7029073335178531 0.07295433006055596
0.6813095995760179 0.8447045225428038 0.17725769004590752
1.5193334697942689 -0.5951853968219751 0.0922466846442962
1.5846442049792273 -0.4580632218540721 0.09598031959302666
1.6311955883359985 -0.31631579610406746 0.09722534141309502
1.649433784312329 -0.16722700532315926 0.09473625144727471
1.668206513779964 -0.018132745903248093 0.0922466846442962
1.6539918864769874 0.139986260529815 0.08540073356397393
-0.9902454307511945 -0.5093503557469123 0.6295887561774993
1.6499436552683449 0.29572682587289734 0.07980028114087823
-0.68285258883094 -0.4215974639675135 0.6592942806220794
1.6321400272517579 0.455600126502544 0.07233205756910088
-0.5830063470847264 -0.2848677573911047 0.666190299604013
-0.5599182572860641 -0.12946574764608876 0.664598617169931
1.8975051880558382 -0.589867360534214 -0.23710092582933662
-0.5362731117823927 0.02590632548926486 0.6630074115730071
1.9771849808475324 -0.4578212828268864 -0.23110994377367255
-0.5457833293027576 0.18989561852591486 0.6577030750251556
2.0141253519563307 -0.3149629400328493 -0.23110994377367255
2.03239712127602 -0.1671706962866626 -0.2337726024650788
2.0416282039097027 -0.016815148536947433 -0.23776659050218818
1.9796822780418282 0.15309782004761985 -0.2517441181205964
-1.0073880150019647 -0.3825557214179174 0.5449449153877044
-0.39075608872131085 -0.3710452510432365 0.6096402736640716
-0.19912130799122707 -0.2582649085755282 0.6268922420478606
-0.11327270797588085 -0.11996405683829003 0.6322833629585052
-0.05106077938128095 0.024030178996719442 0.6349794002509856
-0.06535419522065666 0.18770298333715196 0.6290489765144134
-0.08383423760722053 0.3528719863019756 0.6225792499519134
-0.13250037415637195 0.5184830458971152 0.6128746601081634
-1.3377363989182456 -0.6282395080785736 0.43602100333936455
-0.6098721697633209 -0.6378899448155178 0.5143572422004485
-0.11937680562270003 -0.5954418869508622 0.565850886914804
0.04743576259045312 -0.4771549149258014 0.5806414218879485
0.08432270622065374 -0.3275601946870612 0.5806414218879485
0.11690782582766701 -0.17688163932332834 0.5800935359931731
0.11150723246869632 -0.016449422661935387 0.575163516614511
0.1259417523385835 0.139162507319039 0.5724240871406341
-1.6717786189450976 -0.5244808551129214 0.31669774970777276
0.11211038297100373 0.3023968116023408 0.5663982959724212
-1.3014948551101924 -0.4482168439754197 0.3550950618720794
0.09409590061122941 0.4671431129088557 0.5598250957465911
-0.3950931112264584 -0.5038991213908268 0.45526090583570245
0.07671093577869925 0.6321542336024351 0.5532509418464446
0.1435975749605518 -0.47583657761033926 0.5131346317268157
0.0647611235532537 -0.29777213397858127 0.4997793765998626
0.13117718767638564 -0.15554326773911775 0.5031177135444427
-0.9908191615105437 0.29113171762451273 0.36900678596265557
0.2942717269937489 0.12041008175439138 0.5131346317268157
0.18910450403321732 0.30716285859219106 0.4964405628181243
-1.6197664644514802 -0.7403585824335082 0.2390352817512298
0.09431883411541264 0.49221885526085885 0.4808584781623626
-1.2789963432679343 -0.6560316625251961 0.2746941181159759
0.12020431136607357 0.645543849157125 0.47918954810865166
-0.37259864579356616 -0.70795494942071 0.3765775295234466
0.16579696458309456 0.7935602720904118 0.4797460170722747
-0.26889850835488716 -0.5731614164699117 0.3845016094184661
-0.16478477277467363 -0.43896831506443057 0.39242568931348565
-1.3572477778434973 0.1804956166130509 0.24356332740552666
-1.0003816541545163 0.25384405377024244 0.2809201808906341
0.2557382726261892 0.0917927647924941 0.424122485730722
-0.051322919974566616 0.3315928606709342 0.3833695980048919
-0.27562759956870053 0.5519157935798198 0.3522388072944427
-0.18719434781640132 0.6896680715963672 0.3578988643623138
0.43349219934282246 0.6811658005484968 0.4263865085578704
