-1.739501384772062 -0.8206433930224506 -0.17657155820705972
-1.126008054849148 -0.8756962642161241 -0.15485019513943277
-0.7078997519322705 -0.8432149919052918 -0.14240927526333413
-0.11427239586429394 -0.8969482030007754 -0.12143964597561441
0.3522091435511392 -0.894049281880875 -0.10650844404079995
-0.5159303684773455 -0.46269976118480116 0.676692296773409
0.7955817754447558 -0.8832263772335125 -0.09262127706387124
-0.40834130158693327 -0.2856872361002374 0.6738784807028524
1.2204126739943888 -0.8664166077272171 -0.07956356832363687
-0.42591193401961647 -0.047703267367950275 0.6669009225668661
1.4923616684178462 -0.7772355416119154 -0.07390279600002847
-0.36177020317647646 0.1509581490199352 0.6625912683310262
1.674829770810657 -0.6452088226118988 -0.07260055372097574
-0.35059291904212486 0.3761860132573318 0.6564851301016561
-1.866105423240377 -0.8553274676343392 -0.2846469385323771
1.7682793949521525 -0.469385726265763 -0.07567448446133218
-1.2569484213167073 -0.9070695798152144 -0.2621585828957804
1.8623357733823553 -0.29390384540908343 -0.07874936887600503
-0.7618735022719534 -0.9097179235249655 -0.24525422880032144
-1.164854944911049 -0.682516315411462 0.5659974115195028
1.894689255077033 -0.08701257554960762 -0.08490319082119546
-0.23588184191441997 -0.9304705777509241 -0.22671575376370035
-1.0308575730889729 -0.5159358123532911 0.5641291635336629
1.8479072629077784 0.16109423444563475 -0.09502954313137613
0.2847963692071289 -0.9524342748349497 -0.20834894010403238
-0.37791774351978447 -0.5980156845921414 0.5802982347311727
0.6966861683632182 -0.925670541913739 -0.19537110158779702
0.04876023413093833 -0.5757080182303156 0.5886834161581747
0.8655510995013067 -0.7835217285604514 -0.19461698362209878
0.1559335954735097 -0.4007056812023606 0.5859368341269247
1.5011419401906316 -0.8710382180587359 -0.1702045900521525
0.07529539939018193 -0.1335795782320659 0.5765693681540243
1.5759110879681515 -0.6857388133791034 -0.17418284246304117
0.17499931937788205 0.04564472895372518 0.5734971063437215
-1.7402946054136663 -0.8563512848052497 -0.3852610094247111
1.8435092032265956 -0.5965860458486603 -0.16836161443569742
0.08758476323059128 0.3183501204562731 0.5637789266409627
-1.2309767335545665 -0.8625542014007976 -0.36691398450710855
-1.5724186624037522 -0.6766660638402939 0.45247011354586997
1.8925096687178318 -0.398893799123762 -0.17370242902615152
0.18882723894089182 0.49746078835546825 0.560694982320284
-0.6817017866166921 -0.8911211127641963 -0.3464014036355265
-1.483553879509909 -0.4872641048918922 0.44901662042758383
1.9511850532177135 -0.20576140690056377 -0.17859191724636636
-0.21451430367025637 -0.8846854133930719 -0.33006233999111734
-1.3940312940296806 -0.29816990457111814 0.4455619352164022
2.0194763964241353 -0.017286804375252984 -0.18302936384060464
0.2745897276402971 -0.8919676904229021 -0.31249923536160074
-0.8036259206286331 -0.34910260750366007 0.4604852693381063
0.7495014436402556 -0.8958492074222306 -0.29559297391750894
-0.1872446401462291 -0.4168989354289323 0.47646694353244223
1.1563886762480848 -0.8699148875082798 -0.2821766836343058
1.5628233151349917 -0.8465120796495427 -0.2687203390298136
1.7629679222031953 -0.7235432752104458 -0.26610178777554117
-1.6814994095877438 -0.8957461662547885 -0.4866306287942179
-1.798330004135103 -0.8263831438298297 0.35715942552707114
1.927616800922607 -0.5837927677216186 -0.26536364385464273
-0.36944640285705077 0.5925219814089928 0.4425132768454305
-1.258337446074954 -0.8619915052224982 -0.47208995649197183
-1.488040638117301 -0.7396040628195095 0.36215357950351157
1.914272926146019 -0.35486067735814686 -0.27409834691860757
-0.7000025035899107 -0.8946045311336874 -0.4502047998605021
-1.4988784773259631 -0.5037159758467169 0.35490374735019126
1.98201884429659 -0.16631937252756757 -0.2785748941598185
2.0593505833946573 0.017498780557261284 -0.28258056470730386
0.3193540474285186 -0.9253200961442474 -0.4113823873696574
-0.5260191715735729 -0.5055124818664893 0.37851123979709067
0.7266940687999544 -0.8966945017850492 -0.39738936254360757
-0.14409484989074883 -0.461038083890692 0.38639407327792563
1.218892190910509 -0.9121564132227888 -0.37870902845242105
1.5848503965668037 -0.8690697825184159 -0.36683459112026773
-0.5292333534867097 0.1853044086147122 0.3576570051016561
1.6775407687802755 -0.6929233192870257 -0.3698806268868693
-0.4463158826935292 0.3755063386823849 0.35388021639010825
1.8780369300658961 -0.5707275247723658 -0.36703581640102945
-0.3627233415049602 0.5654437542912873 0.3501015203299276
-1.5657385623738094 -0.7772089061374743 -0.5912794573006876
-1.5702996137021827 -0.7483214608839077 0.24528770616671958
1.96728958373048 -0.3933860228242736 -0.3703214628396281
-1.264667021197802 -0.687486007549488 -0.5828818781075724
-1.1786203052157092 -0.7011663251008784 0.25405459573886313
2.017106261658977 -0.1959718295536632 -0.37582249471523843
0.46555185165679447 0.6089872167041364 0.36849932840487876
-2.1417753945195486 -0.042175050958988436 -0.6403271658120402
-1.171119547179245 -0.4746365386903051 0.24733357599399008
1.9566110388355398 0.05840958494039228 -0.3874871236977824
-0.29311962009576575 -0.6898139398360428 -0.5452913744149455
-0.30610828065814744 -0.6571911134296826 0.27535872629306235
0.2771274557019723 -0.7367679534137253 -0.5216159326730021
-0.2801752267038111 -0.44183278365517964 0.269402314931368
0.7880070630970941 -0.7590145293628936 -0.5011717779336222
-0.2533978305338884 -0.2263361250316933 0.2634366052450887
1.275662564059143 -0.7735232266616663 -0.4819423658547648
1.6551546879290058 -0.7379894924526198 -0.46875424215176187
1.860004474397165 -0.6178434098882661 -0.46543927022793374
0.13160138200168703 0.27128081078208766 0.2578380601706258
-1.6935885367165184 -1.00676133330456 -0.6927508814034709
-1.7674941394617782 -0.9575890948466181 0.14164333513400473
1.9624789482983402 -0.4471749775131002 -0.46796126195767007
-1.6284674450069012 -0.8064626119925649 -0.6975028021035441
-1.276191353002698 -0.9546002443925659 0.15516143015048423
2.0566240096628974 -0.27239209810777254 -0.47099156209805093
-1.5626122147241723 -0.6063167162796077 -0.7022590143380412
-0.7493243280012472 -0.971664033521904 0.17025690248629965
2.146921846162801 -0.0956780114012048 -0.47427697011807046
0.7079411819667847 0.6679307183758141 0.26005463770053305
-1.4915037245122669 -0.40845189303221474 -0.7067584497628459
-0.34070985266047416 -0.9366250792188069 0.18043403795382895
2.055935423530631 0.17467613005344163 -0.4880289537606486
0.6284089515804254 0.9388740165662881 0.24943809679171958
-1.3520581679688561 -0.24297454211176017 -0.7073416216073283
0.33810889125596333 -1.0330962361156537 0.20214467218539633
0.6285752198904397 -0.9627252786416278 -0.6009301645455607
0.6013433594766084 -0.9348079894789407 0.20627932718417563
1.039965455592906 -0.937871620359914 -0.5854110223946818
0.7792119355831701 -0.7966053930075887 0.20678382089755454
1.5002350509517655 -0.9397190100906414 -0.5669674379525431
0.8676611025175305 -0.6154073843197807 0.2034504907431356
1.6688056154588828 -0.8008372290401837 -0.5655366880593546
0.9567320926201148 -0.4345179100974974 0.20011620691440024
1.8958318641383265 -0.6917575991634877 -0.5606810552773722
0.9480518135817917 -0.20494207901814576 0.19253473451754965
-0.6174204858939909 -1.0264046794114279 -0.7516965372262248
-1.1895678678204575 -0.7433925046959473 0.04689507654330649
1.9222053156241756 -0.48311175020104 -0.5676443082986125
0.9492785441552805 0.020527034035595193 0.1853261487784139
-0.7148137085268935 -0.7529280054598431 -0.7661523325143107
-0.7305308331604117 -0.730394401226917 0.059864331990694186
1.8781604758780759 -0.2382417899554099 -0.5788297159371623
1.0049205482528016 0.21919242844050046 0.1804280774893514
-0.5810898255485206 -0.5880318718080773 -0.7668604356942423
-0.25403223749335524 -0.7289029452244336 0.07368164232394614
1.8974359264246239 -0.024555845772063378 -0.5863430006203898
0.9056228614683839 0.4973912563042546 0.16873889139316
-0.2938953157593396 -0.49733782802501025 -0.7583727342782267
0.18130043196610401 -0.7109207109146141 0.08574133089206137
-0.12349393970527345 -0.3516598084223901 -0.7568974001107462
0.6116126655645466 -0.6934831369097907 0.09764366319796958
1.1638193124556402 -0.7534968071616248 -0.6879567606148966
1.009999707889758 -0.6633547355847185 0.10818033388278403
1.489702160762068 -0.6908511739225816 -0.6768991453347453
1.273590342982228 -0.5692982652098735 0.11271171739718833
1.8153939757475257 -0.630168821133104 -0.6658117277322062
1.3583530137507225 -0.387597340258516 0.10919456651828208
-1.8470176372759575 -0.8878753994328363 -0.07278103658535562
1.9624552070600316 -0.4817673830817384 -0.6655654413399943
1.4303829801768764 -0.19945466049951932 0.10506920984408774
2.038670700481731 -0.29795105521669285 -0.669665764063383
1.4585299121288848 0.011106083798132715 0.09891801050326743
-0.5391309433082156 -1.037407358811393 -0.027585933893705228
1.3896885033047894 0.2718475005845846 0.08829956224582114
-0.1127924582751696 -1.0117771671569074 -0.015320251673246243
1.3176061430362758 0.5356688966637719 0.07745700052401938
0.3175832837328585 -0.9909638881740008 -0.0028037531075724154
0.7114391529627362 -0.9555224474510808 0.008080770284151217
1.188391029173573 -0.9889128090796788 -0.7781385881600626
1.1408573647238143 -0.9399706934029197 0.02068023851535239
1.1013451231398506 -0.7235689717161549 -0.792351196497465
1.3723630427759375 -0.8303908296890512 0.02408628633639731
1.465169377456796 -0.6534887779678229 0.020993520528291842
1.5541160322108034 -0.47469218811752967 0.017689992696260592
1.6436866011869071 -0.296207323251366 0.014385511189912936
1.6269727561715221 -0.06378266439745772 0.006014634877657077
1.5801272815898955 0.18499861448942312 -0.0038506490884073763
2.0451699764423346 -0.4354423823644282 -0.19957275220730386
2.127740197290919 -0.05499778309368253 -0.1678876383004435
1.6492046621486018 -0.5403185582669536 -0.8009170992074259
2.0890487753028353 0.13749956906366378 -0.15573472806789956
1.5318882813870829 -0.4624757735569176 -0.8009170992074259
1.9464735950500582 0.17234892798549595 -0.1600748998818644
1.459196171847406 -0.3181448071950257 -0.792846630304838
1.8871746661679332 0.3318545193105251 -0.15139431783535562
1.3983884394881585 -0.15722786034871206 -0.7827586633858927
1.87896275549339 0.5656358212489181 -0.13490052053310952
1.310419123029238 -0.037403195579940984 -0.7777142030892619
1.768306721019055 0.6467822019796401 -0.13446683713772378
0.8507121848508064 -0.6994036408047535 0.29080085924289145
1.237084598120898 0.10312704249147941 -0.7701482279000529
1.669232586908933 0.7447325111322556 -0.13229651281216226
0.7695467121433843 -0.5653318834867989 0.2955501573385946
1.1418266955506198 0.21104483181667888 -0.766617725580717
1.5337253030338651 0.7897238154964796 -0.13576884099819742
0.8507562587013027 -0.19736967430326047 0.32112245729586997
1.402535929562518 0.829393437287294 -0.7000345689950236
1.4324446488811695 0.8843043832875637 -0.13403267690517984
0.9057369807143587 0.12870337503119345 0.3430417077841512
2.109270037874836 -0.10645639566072873 -0.24928850957729898
1.2757081611385281 0.8877254599996149 -0.702556799143339
1.18555258672653 0.7713039440728053 -0.15443248578884683
0.8165495909559226 0.24586313504961055 0.34632973840854087
2.069425552350804 0.0847174000687616 -0.794280956476713
2.0483826997920787 0.05287702636742608 -0.24041623899319253
1.1145479783951053 0.897819636041163 -0.7111317617593058
1.2080282419362938 1.0418693102583987 -0.13403267690517984
0.8114242351761192 0.4812956329529996 0.36021189859530844
1.9625553330635412 0.1735046068201811 -0.7927417261300334
2.0104219520755393 0.24538689872331787 -0.22799534627773843
0.9227721240567526 0.8778678356306173 -0.1600748998818644
0.7439883571948585 0.627029331540804 0.36605720689914145
1.8477288920215145 0.2502483974146017 -0.7927417261300334
1.965214721295716 0.4253550063914773 -0.21690530607082925
0.6132958793901793 0.683714410104038 0.3638651864828817
1.7498799801371057 0.3521123060163518 -0.789663265436674
1.9377294931196154 0.6299893132536809 -0.20315379926540933
-0.3414405918755925 -0.3984810347568626 0.25865273645541587
0.9501341821982656 -0.6401630002958001 0.22694497278354087
1.6496765478786024 0.4501502966378155 -0.787097404688383
1.7964610563410517 0.6656563385282439 -0.2075895769295939
-0.33785015372282956 -0.14845485561500738 0.2736309068503133
0.9930761015848191 -0.3254088591044706 0.24826436212680258
1.5808409072775653 0.5935937388683357 -0.778888176172758
1.6889822811530273 0.7511826804292454 -0.2067026598153361
-0.17642493788153502 0.31419085738349395 0.3079710500540487
1.003948488360237 -0.0606124338621683 0.2650952832998983
1.49293499738992 0.7084850630336632 -0.7742700082955607
1.576170380754501 0.8288750728904972 -0.2067026598153361
-0.2759268071365284 0.4184446158794586 0.30979757478854575
2.152916462279528 -0.2406528592332151 -0.32713599035122476
0.9566192971130398 0.11772891781755845 0.2740719812216512
1.4169300313001827 0.8399162130392597 -0.7676000101266154
1.4380134557008226 0.8701845512811985 -0.21069474050381265
-0.297546907850915 0.6269764967673837 0.32112245729586997
2.1295882544410105 -0.023070603608402962 -0.3117582304177531
0.9388609126928991 0.33683391407670626 0.28678875139377036
1.3330029848943994 0.9592727314558473 -0.7624692423043498
1.2483762866765389 0.8386812328812994 -0.22267241308071695
-1.206819634131957 -0.34941902689197946 0.22394733598849692
2.0992683610044196 0.18181077002591906 -0.2977373106179484
0.8706026319469906 0.48232621742281623 0.2927732961477987
1.0697560101586703 0.8243846262518204 -0.2328750593362101
-1.2392721311158752 -0.15021926101809413 0.23417620828769126
2.0728772659143466 0.3906422009906265 -0.28326387235500894
0.7944113841132356 0.6157048271187691 0.29763536623141684
2.193967623391366 0.8169643791706278 -0.7928542596993693
2.03657114811838 0.5827291052143977 -0.27059931585171304
0.7508115308336407 0.7938119329768085 0.30661206415316977
1.289156709877787 -0.32750286868441947 0.1898541944327108
2.1176255613163626 0.9464254590619632 -0.7860712511239298
1.9036263903000759 0.6303451441373582 -0.2737652761636027
0.6527414565349545 0.8949972570377085 0.30848221948764243
1.2623907440166775 -0.11655453512467773 0.20210128000399985
1.790393333018919 0.7072883095206492 -0.2737652761636027
0.14470792447573189 0.4318166645430068 0.2579889791311971
1.228358106453726 0.08184108268343948 0.2132003801169149
1.6774289597835441 0.784628777304448 -0.2737652761636027
-0.1518273017835483 0.26546963739495055 0.23479943445346274
1.1557399919106288 0.2226561334163435 0.21894149950168051
1.5193765745271435 0.7968567130835353 -0.2810022337136515
-0.18641641875412063 0.4579361360420222 0.24489789178988852
2.1659754327677803 -0.2950676125585687 -0.4006936056313761
1.1208705952210067 0.41675421078655006 0.22965769937655844
1.4323722743765401 0.9119033745720841 -0.27693123647549234
-0.19914008655337412 0.6782599160791705 0.25761490038058676
2.1668536290996663 -0.03997754534554332 -0.3808712465462931
1.0784886702810716 0.5984520068355863 0.23922591379306235
1.1626468731281747 0.7664192983199811 -0.30180759260037027
-0.27335886741742144 0.8144398197797571 0.26247720888278403
2.0265872024957794 -0.001336824769985867 -0.3850197298226603
0.9709025922884251 0.6864177062122963 0.23999123743197837
1.0959301931857262 0.9109721388968026 -0.29457111188747964
2.0545660673875936 0.29072123646860604 -0.3610488874612101
1.5473764883019854 -0.4588208474809363 0.1288648145498983
0.8231683973893666 0.7178927078685362 0.23539858034274497
1.9983659623243923 0.4539818384859444 -0.35136813947537027
1.521972903737339 -0.24400813105064145 0.14175324609897055
0.7480256185033909 0.851265210071297 0.24037389925143637
-0.07451604210615415 -0.2828370887778604 0.7089853780569784
1.94025331690235 0.6131109856998336 -0.34214825460293374
1.5145347802587992 -0.004650154381408811 0.15698485544345298
0.6443331646512718 0.9443620144159866 0.2415221231283895
-0.1148992196034726 -0.09384074470550985 0.7171254651846639
1.8297611770818882 0.6940420925085746 -0.3416876299081095
1.4636076623768695 0.16842207952571187 0.16596775224826255
0.4060180753857736 0.8524024491215343 0.22506480386874594
-0.15720153424808103 0.09099245512857124 0.7249525087179891
1.713939102569526 0.7671413409314383 -0.34214825460293374
1.4051586604400512 0.3291152662771495 0.17377882173678794
0.2080631005851572 0.8179949836542377 0.2139657037558309
-0.22802441091817016 0.23548465934879204 0.7296488778891317
1.5983503633238811 0.8406500719508188 -0.34260935613491617
1.3390556438756391 0.47751270477526475 0.18041806390902915
0.06586848200431206 0.860760781118266 0.21013860872409262
-0.27143412687206236 0.4161827344419251 0.7371626394095174
1.420434784239795 0.8246727975205701 -0.35321206876614175
1.2965035841105532 0.6586976282082233 0.19018201997897544
-0.1060803293594681 0.8641353266729084 0.20248418024203696
-0.3734805286197691 0.5167334752991906 0.7384150522055379
1.2278444266523252 0.7891644224285841 -0.36611957380154214
1.1719211781840677 0.7214396691820966 0.188619901448702
2.058456064647526 -0.026537730337949483 -0.45513958761074624
-0.5140458155782142 0.5656982414154257 0.7355974214377157
1.089318107203816 0.8318726163510135 -0.37026829549648843
1.0216119393235594 0.74801948233047 0.18354277780673423
0.18990873808783704 -0.4288419728456532 0.6392493741812459
2.031030320731734 0.18257796403376148 -0.44010991880276285
1.612615460775217 -0.4349767455049758 0.05552702119967856
-0.6906599696376574 0.5674643927118694 0.7290225522818319
0.8683182250711425 0.7711917473129404 0.178074886113619
0.22636326356992242 -0.13048099367701127 0.656304170400118
2.026942088401679 0.42458412473239093 -0.4213230116067179
1.6120770579418533 -0.18304201415252663 0.0723326700033895
-0.8524468347947476 0.5899277302205164 0.724013377934908
0.729435165426608 0.8152932673190136 0.17455964258334555
0.2006350368874621 0.07801407186823184 0.6662798421683065
1.9686295563868974 0.5836563830727002 -0.41192955800869546
1.610242946743 0.06435595649158188 0.08873753717563071
-1.041693826067867 0.5774816632502606 0.7161863344015829
0.6110198344993805 0.888257323951585 0.17377882173678794
0.1468523831898203 0.24583966767603727 0.6730373399557821
1.863623736513862 0.6727305077487173 -0.4105202657876261
1.553846623097062 0.22890414418436222 0.09714012315890708
0.3842917403157138 0.8125371832036308 0.1585469739737264
0.08220437650416912 0.397500854291998 0.6785078542532674
1.75053938894359 0.7498156065431729 -0.4105202657876261
1.4842565392208904 0.3728793493071265 0.10354237726352133
0.22453933741187626 0.8304627685422545 0.15229802301547446
-0.011182018664889881 0.5089724663436712 0.680760432988619
1.6433770891219055 0.8354923528631915 -0.40958113500454507
1.4352003758855858 0.5456578507109526 0.11274509599826255
0.06463074453414919 0.8491138067781137 0.1460493104758016
-0.17522398040556553 0.5243683319680841 0.6752899186911336
1.4882669269166158 0.852013482514721 -0.41662640401699624
1.3614855474294423 0.6815420473957303 0.11834674051425376
-0.3513583996557017 0.5245047787608001 0.668532182485079
1.3501267221060012 0.8937010787771982 -0.42085332700588785
1.262721574345914 0.7807936926376797 0.12034754923007407
2.116690583044061 -0.17592911159657376 -0.5338925821480998
1.890486983719601 -0.521746969119512 -0.008551071375394681
-1.3297355895067895 -0.5445918737696829 0.5755346315207235
1.1374339109308202 0.8301716173411293 -0.4372918111977824
1.1155505823155139 0.8110962015816057 0.1155460374655477
0.1894851425979276 -0.5022059984387965 0.5633464353384725
2.0170764764076203 -0.07478881117435776 -0.5310224992928751
1.9322925402994606 -0.20342176147833158 0.015160848409151217
-1.2817076918399053 -0.23732648449740168 0.5932331579031698
1.0018451428914865 0.8773193156975765 -0.441049288004423
0.9307987421077328 0.7892165795585271 0.10554270914218344
0.24855869486127347 -0.17116660913875847 0.5835068719687215
1.9647140441352597 0.09712607619065494 -0.5200201971230753
1.9236688384073304 0.035323387116164895 0.031104852467989108
-0.875463909914501 0.5378630801992301 0.6489029424490682
0.7804137733360541 0.8168653417740543 0.10034136942050376
0.21963989925214733 0.03327500472366296 0.5934219854178182
2.054444178101729 0.4799519751454824 -0.48462147542812906
1.8610125458236624 0.19089083872238888 0.038872768193697116
-1.031480038330514 0.5690515069282043 0.6443980233969442
0.6416098751528985 0.8613471349978568 0.09674029520175376
0.1947802485205976 0.24155826257599244 0.6036673085989706
1.9657242335198681 0.5935104709957884 -0.48031635114529214
1.7908186323433135 0.33409629523070095 0.04541378191134848
-1.2180552038485573 0.5614295097594635 0.6366749303641073
0.48232598437795815 0.8781681558119132 0.0903380410971395
0.13297203214313313 0.39713308139246095 0.6096163289847127
1.8691436955743193 0.6949422735785191 -0.47744602987148843
1.7437588961690231 0.5103702409373057 0.055225660115694186
0.3317131119215979 0.9077861294696135 0.08513670137545981
0.10436304745864078 0.5970308965066735 0.6192009942831747
1.7420806373628146 0.751469010804314 -0.4798378450570353
1.675139513735516 0.653664655007212 0.06176667383334555
0.16031677846811476 0.9099697507461144 0.07713394334933676
1.6320947736089373 0.833075143341695 -0.47935957738735757
1.556331254435971 0.7232058625948667 0.060949136525606296
0.03321950175025279 0.9729928525655822 0.07513361147067465
-0.3480403201226778 0.45942653578290304 0.5940828817190877
0.36699380143385696 -0.5721028714329464 0.4943488138022176
1.4741343865346899 0.84556633832279 -0.48701352903225503
1.3950899142932691 0.7317884726545714 0.05399899652621665
-0.3991111411207342 0.6281389237225881 0.6010232465567342
1.8897296580062566 -0.22805050680534578 -0.05857987233975015
0.3500352968719902 -0.34699475078931385 0.506221105367159
1.2760357943513299 0.8016839356829806 -0.5013639433083781
1.2536384527478077 0.7696833124627886 0.049910833150362155
-1.5089210206584411 -0.6098995239680676 0.4912975328268758
1.9861013921949535 0.16870634547989027 -0.5827848417458781
1.9031560958481784 0.04395573235985495 -0.03895659276821695
0.40648260348957166 -0.02043142938629927 0.5265734689535848
1.137588972272816 0.8442082007828375 -0.5056695444283732
1.1093024341848654 0.8040946996208476 0.04541378191134848
-1.6596343051491615 -0.5647556244749907 0.4876618879141561
1.9820408290054097 0.41073292092259095 -0.5633029443917521
1.8488840026294326 0.21197138194231968 -0.02977127858975015
0.3895523185333367 0.1997761613452056 0.5381064908804647
0.9418478966563129 0.8066245947529325 0.03764634302279868
-1.8133721020674294 -0.5229303483376029 0.4836962716879598
1.9292891854977796 0.5781475816679915 -0.5525876981911906
1.7983076132831464 0.38409788750107765 -0.020168255060697415
-0.17670129873238238 -0.34567666606869096 0.4855294721426717
0.7741349439743459 0.8099315304580301 0.02987842729709067
-1.4071544224258226 0.24697530879442553 0.5405421750845663
1.8466576851661571 0.7002665303204054 -0.5472301943001994
1.7430547146809303 0.5479313946934994 -0.011400411814237454
0.29796216002733544 0.5544914458583463 0.5540493028464071
0.6032476116574728 0.8099675720023569 0.021701862126802585
-1.2679709719678485 0.6627201347611233 0.5679734247030965
1.728039844446286 0.7691970783052966 -0.5482046110329875
1.6210867709163068 0.6131075803230104 -0.012652824610257962
0.18447152698997726 0.6370400071392126 0.5540493028464071
0.5111509238026493 0.9196801295465491 0.02456383875033774
-1.4271336529197995 0.6917573835676194 0.5630159871878377
1.649219367294716 0.8958981284322789 -0.5423597795663126
1.5644098795750097 0.773045446712544 -0.004302452295804837
0.4773280776792035 -0.61245799461161 0.42445521524569907
1.4573561363651173 0.8593429396110324 -0.5559970838723429
1.4061526042692378 0.7857251852096283 -0.010982702463651517
-0.3682613893415585 0.362391805049711 0.5167365567984334
0.44838931447141306 -0.4038173955533111 0.43524055650851645
1.3135142371530542 0.8930143204122274 -0.5613545877633341
1.270593745478056 0.8317625013405916 -0.014322946756864408
-0.44363343649419207 0.49924573193020905 0.5211463468374959
2.1522530976316183 -0.14298534744995095 -0.11032147237637124
0.5613912640105312 0.004399838620102514 0.46307354143283286
1.1323206344958052 0.8744462259121732 -0.5730440122781046
1.1436971632253368 0.8905613945672215 -0.01641077825405679
-1.405527249767804 -0.5441299281308005 0.4251506822409383
2.1157834639411846 0.053749218461170756 -0.09796113798000894
0.5181581474700394 0.1877164981510404 0.47177128961703696
0.9564999164467523 0.8648692638919897 -0.583758781641508
0.9389706269460447 0.8402221849345892 -0.02977127858975015
-1.3963731980378675 -0.2885839520446609 0.4393973844351522
1.421199538504613 -0.7558546473083041 -0.7603215677438029
2.0528736308376097 0.20882667045964354 -0.08986301252224527
0.475929392703506 0.37093428868946177 0.48046927621982016
0.806162037804107 0.892181729313009 -0.0326938135323771
-1.3948166485433937 -0.045412991382406176 0.4526265161337606
1.4386074632672496 -0.4745297441291427 -0.7360305292306193
2.0184734318095714 0.40534741612532343 -0.07750315496304117
-0.3700047098773709 -0.5629482030805661 0.39314298799655356
0.6297011047495538 0.8840757020788672 -0.0418791277108439
-1.4921586510937104 0.06678424885642897 0.45466189554355063
2.0107758344449422 0.6274738208869763 -0.6130892736611613
1.88496639601426 0.45297236189148293 -0.08048648664333902
0.38271427177662787 0.7208844779124348 0.49647312334201255
-1.3661833271202823 0.4672739099737626 0.48145919016024985
1.9031205474884807 0.7122812870538553 -0.6120976907906779
1.8046893332225373 0.5794462487759802 -0.0753719312844523
-0.4720125413116065 -0.21156576551143047 0.40879898241183676
1.7312018621116927 0.7029720868480354 -0.6225082380471476
1.6997142901744162 0.6690718995017306 -0.07409329244473062
0.7488501228307811 -0.7085595212738625 0.3578670518698446
-0.24211129028372724 0.3435847134209098 0.44950490167758383
1.6154010509001644 0.7764216439805054 -0.6230039102730998
1.600752434145999 0.7672406066364061 -0.07196206876614175
0.7130361269822956 -0.5084967452862017 0.36820893457553305
-0.3593047337468569 0.4240166138551871 0.44915704897067465
1.4856595706230316 0.8298463219471586 -0.6259784204659709
1.4510635161439431 0.7920388420204603 -0.07750315496304117
0.8091952558643314 -0.12016312712356836 0.39495520761630454
-0.4792184453942987 0.5008674914870852 0.4484611051382772
1.2790490629756448 0.7736897124706985 -0.6423372728524455
1.2755833034881299 0.7807523275307915 -0.08687944242336831
0.773403314335507 0.07502244417132431 0.4049404161276571
-1.3547984081808373 -0.4260845584710111 0.36009125879428305
1.1577222063651007 0.8406087505562709 -0.643824527948881
1.1227072314949886 0.8028767675695434 -0.09284658262112222
0.7559309730311448 0.29451217471603286 0.41706543138644614
-1.4144437000131092 -0.26224384444809345 0.366701652318453
0.9841247897397345 0.8459837534426029 -0.09668273755886636
-0.0023937775119087235 -0.5313188164411216 0.33753972223422446
-1.3612418599253004 0.048275697555446584 0.38618474176547446
0.9325083809166088 1.0112348132378486 -0.0877322656808146
0.6405807518615632 0.6150053261776307 0.4309733407797567
-1.485609082617291 0.12476077355083959 0.3851409452261678
-0.2745641606456992 -0.41630134088235593 0.3329036729635946
-0.3416269658837692 -0.2631338754005199 0.3389664190115682
-0.10467843790237552 0.3047231332219553 0.38176040819308676
-0.23678809399486767 0.3645865676529638 0.37962060144565024
-0.2736637181511625 0.5531303332968562 0.3888924615683309
-1.2172737714251731 -0.47280385770272204 0.2897530095877401
-1.232339822157691 -0.24949760856583936 0.30187802484652915
-1.237113719074987 -0.014580487292754185 0.3150728242697469
