-1.874069094862378 0.4000448883668568 0.7482938824135328
-1.8675803180364596 -0.20459423430872192 0.741857534452107
-2.069439428611375 0.822299125953954 0.4724645672279859
-1.8978695522981326 0.7219241065416995 0.17968798260274177
-2.081386166692141 0.16472918591150432 0.1798744259315992
-2.0539019104529217 0.8817294389931902 -0.09950160403666253
-2.2031963952850617 0.26604335387671085 -0.3868484439414477
-2.1156993701657996 0.8335130016638459 -0.6699008883994555
-1.6021806364356337 0.7513012552004952 0.08288670162739997
-2.073375945846749 0.524086270551436 0.10387850384297614
-2.0957282147162033 0.1189716874855975 0.09619141201558357
-2.1011858303922253 -0.29400401524392805 0.08732128719868903
-2.0805590304606625 -0.7188163838016024 0.07667780499043708
-1.0296683795397712 0.6702112541142995 -0.14475774188456292
-2.039374414086467 0.6541207333192602 -0.0878405513328051
-2.107565098281242 0.26760176543670866 -0.09271048922953362
-2.126316055541267 -0.13954675792306404 -0.10092877765116448
-2.123578483267096 -0.5564963865729169 -0.11066817660746331
-2.0642171368951807 0.16617915280066597 -0.2904796542685961
-2.0695024941457945 -0.2468209429309809 -0.2998719157737231
-1.9134185893644684 0.1459671522220134 -0.49304675479349847
-1.9835095298365104 -0.24127144757498797 -0.4981956424277758
-0.7828442335837593 0.19384472711982426 0.8053979931313062
-1.8769961010024616 0.21320646134749666 0.8588638363319898
-1.9375293363884794 -0.17786717978641775 0.8541698513466383
-1.9302018946029733 -0.5973482431199955 0.8455629406410718
0.35035908620182 0.6918731909728706 0.563362604184773
-0.5264189835657191 0.6142366349996777 0.6059465465981031
-1.8481821285943028 0.7184779631079223 0.6744060574013258
-1.8511584391798834 0.305438112755418 0.6663203297096754
-1.8511585751733435 -0.10994115591869047 0.657964712186482
-1.8435489430760015 -0.529577068418682 0.6490707455116773
-0.8792303672105106 0.2924230358410611 0.4225993214088941
-1.9915980422846928 0.3189591419738491 0.4807505665260816
-1.977700010479012 -0.10158414750942768 0.4712905941444898
-1.9134166240993267 -0.9615512836625157 0.4498663006264234
1.7156621252710806 0.9674813098256934 0.1028046665627027
-0.2901088666137497 0.8959059840723214 0.2089757976967359
-1.551689834706508 0.9718506626897252 0.2781310139137769
-1.9156711533000816 0.7015225477402538 0.2919044552284742
-1.965112511003099 0.3072204376426768 0.2861657200294996
-1.9836633123281757 -0.10032339830476644 0.2784180698830152
-1.902129290393205 -0.5497106345080738 0.26435757259907966
