-1.765815871629293 0.8469588661804863 0.16471319135442553
-2.0324404504854314 0.5860497015372346 0.17928771909490404
-2.0816005171553016 0.3040960087766962 0.17856912549749193
-2.1302038642644483 0.03657631655398319 0.17796688016668138
-2.002561930564358 0.6834975602424294 0.03528003629461107
-2.0861131053354782 0.405002126905714 0.03708915647283373
-2.1309485008591125 0.12274376640507256 0.03605632718816576
-2.1321431965200084 -0.1642233806285418 0.03182153638616381
0.9351029178440058 0.9106512980368251 -0.3168546682952327
-1.9370918889407918 0.8923597272607466 -0.10978765550836744
-2.049706650820873 0.6164670839372803 -0.10570116106256666
-2.0987511415305278 0.33455885795100926 -0.10635156694635572
-2.1041721354576275 0.048084152699090055 -0.11027975145563307
-2.1403406517035286 -0.23514177698307748 -0.11200447145685377
-2.0639213507436978 0.9333320547035342 -0.24332304064020338
-2.0622823827571963 0.6464129602199193 -0.247688484823553
-2.1211576324067494 0.36556188842500603 -0.24755640093073072
-0.9592337956655541 0.22181500743095484 0.8261597627045232
-2.180995739784187 0.08502553531415202 -0.24741144243463697
-2.093154447733724 -0.21167267915082277 -0.25848693910822096
-2.1054541486366496 -0.49776943388289396 -0.2620679861663264
-2.079153898669791 -0.7885572955513709 -0.26863594118341627
1.4520985803839217 0.6830105714544814 -0.6564270979522151
-1.9865338580487233 0.7105973209605452 -0.39582796159967604
-0.534081781222639 0.5429614255130559 0.6592534058929997
-2.031793848984478 0.4137086464504094 -0.39690132204279127
-1.5776457114337603 0.343903910289761 0.7208889001251775
-2.0800434482515264 0.14596953073134955 -0.39737005296930494
-1.6326059699037607 0.060960276707078265 0.7203395837189275
-2.1158656689051902 -0.1373634225626077 -0.39908142153009596
-1.6820069283786587 -0.20798722248829193 0.7195928567291814
-2.146109631493207 -0.4069315046913644 -0.40106172624811354
-1.7124573617203147 -0.47896359701069 0.7176030152679997
-2.104656533517801 -0.6992571588804211 -0.4088856703399104
-2.2406964847116235 -0.9563579243048181 -0.4027959829924983
1.614274365109651 0.7723817691335668 -0.8172018057464046
-1.5348777104043272 0.7811679365514692 -0.573257160818426
-1.3502910328198752 0.47374696081528356 -0.5922243124602717
-1.9650049175316404 0.24872647399286762 -0.54813880983576
-1.665804875590414 0.4539315715580088 0.5839841836334783
-2.0004787536976174 -0.03501838530166168 -0.5498497015593928
-1.7203765606879244 0.17125864972551597 0.5834768288971501
-2.0072164386596434 -0.3219496245883633 -0.5538999563811702
-1.6866607217549365 -0.12088528195040027 0.5771835320831853
-1.9506023169648152 -0.6163933117895581 -0.5630366331695003
-1.619263431846914 -0.41726574573045383 0.5686405175568181
-2.018778797430503 -0.8965935986275397 -0.5623652464507503
-1.409507739214277 0.6966294794594816 -0.7288314825652522
-1.8930577311639567 0.146326614441044 0.4505193704010564
-1.6628813046145474 -0.14386777844500642 -0.7219831472991389
-1.3316596877387 -0.7605734701199083 -0.7582261091826838
-2.0961664538559432 0.4548204180528188 0.3249705308319646
-2.120974868151986 0.17049683722614617 0.3225267403961736
-2.156703535689932 -0.11266937607381777 0.32077150281682787
1.48583800505617 0.3446283611440677 0.2859690659882146
1.2808523295704113 0.3708648675531734 0.30629997190252123
0.7261586574945049 0.9077484139521061 0.4173930161835271
0.707904041092327 0.6674391440802196 0.38980131086126146
2.245825871138525 0.8647179823740743 -0.4162837988494319
2.034691644337663 0.8943479657460287 -0.39219780031427565
1.841356016497162 0.9009729107289743 -0.37292976442560377
1.6455138280075339 0.9125324493370215 -0.35285825792535963
-0.0505358576870627 0.7181174573019788 0.45805482801214037
1.4728818467099458 0.8927915064312444 -0.3392102247832698
-0.218816319324727 0.7019881356106907 0.4696720116974431
1.2408342644388668 0.9586251239871046 -0.30870218340143385
1.0857775459016743 0.9163559645514425 -0.29987068239435377
0.8801708601898319 0.9477685008001941 -0.2765876776336116
0.7197986552983942 0.9151113571568388 -0.2661501890777034
-0.9193816528256562 0.6907423959499539 0.5241296761871892
0.47608801028472314 1.0054429499750626 -0.23162813249811354
-1.1341625270721458 0.7536622355785667 0.5488174432159978
0.30246157783824046 0.9948764927599427 -0.21717662874445143
0.13180714335119958 0.9809956769727677 -0.20352811876520338
-0.0496006553012549 0.9842943979185037 -0.1866681105254573
-1.6754251703376752 0.7888434667874833 0.5952876084686833
-0.26065234150525285 1.0336985425451886 -0.16097707811578932
-1.8077539013566444 0.7248821295408518 0.5974658006073552
-0.3762558131230449 0.9397685656908692 -0.1633851057647151
-1.9248365650581718 0.6360357517885618 0.5952876084686833
-0.5865399496879462 0.9909193762579207 -0.13769407335504713
-1.980962523854231 0.4459118438659502 0.5756824487091619
-0.7130937786158746 0.9146397649587641 -0.13689155641779127
-2.035611405516768 0.25150001136753986 0.5553520196320134
-0.8052466366819893 0.7848231008100868 -0.1465255743621272
-2.091354089580591 0.05703259414672601 0.5350211137177068
-1.0332356264471017 0.8675030631895311 -0.115214062368719
-2.0904516238189608 -0.23553115697504268 0.4979899400116521
-1.1522639020219536 0.7802957871430962 -0.11682052675470533
-2.0838453077710284 -0.5413538056518803 0.4587805741669255
-1.4342002569926073 0.9527136891275987 -0.06864852968439283
-1.633818953990346 0.9967611884883425 -0.04536600176080885
-1.7939693295868935 0.978787306775935 -0.03412599626764479
-1.9333485837799493 0.9278301685284944 -0.029308987295476818
-2.006166636595168 0.7677677452476246 -0.04536600176080885
-2.0670955884452873 0.5866541844174478 -0.06543703142389479
-2.0834127029120957 0.32930104782852965 -0.09996004167780104
-2.121415300022999 0.10557348793760468 -0.1280600554107112
-2.115644018815555 -0.19486514189045323 -0.17061109606012526
-2.0743653734059713 -0.5597057119890323 -0.22520513597711744
