-0.6795045103657174 0.8501142045338659 -0.6841131454432876
-1.0772450299737812 0.8521491522863238 -0.6652313476527603
-1.490735840742829 0.8678669828479446 -0.6452575927699478
-2.0731803109342906 0.7255695526313124 0.2590969795261948
-2.089615088875604 0.468058319683454 0.2539700264011948
-2.1560451786968287 0.24500589793959193 0.2513259643589585
-2.016421572675341 -0.1265977053273062 0.23807132187238622
-0.22708194248876623 0.8963853540613238 0.08436334076276708
-2.1338036758655363 -0.31519745823312917 0.23789679947248388
-0.6546078923611702 0.9153217244524603 0.10076081695905614
-2.0136436633966355 -0.6769669144932084 0.22545301857343603
-1.0772457392066315 0.9339842945908323 0.11692130508771825
-1.370424602614321 0.8772459551241685 -0.761748433681813
-1.429205715159327 0.9069331618432468 0.1293777221714585
-2.025362213686549 0.7843560352772077 0.14860355797162939
-2.09864004259704 0.5671361977708678 0.14627826156965185
-0.1650403190216707 -1.0654951180182834 -0.8802720313990982
-2.0262285749240476 0.24580632977336947 0.13614356460920263
0.40242347401922984 0.678199480949849 0.8516124481236069
-2.10571463715479 0.031131506841310497 0.13401067200056005
0.018959237636053672 0.6634224679769742 0.8618587249790757
-2.0928810752797915 -0.2506452591514776 0.12688577118268896
-0.32264398212271317 0.6227469731437214 0.8705276245152085
-1.191656659258058 0.9435044772057619 0.010232328799876456
-0.6597572955953694 0.5811889523449993 0.8790224784885972
-1.5393163854068632 0.9141985865211479 0.022938131717356924
-0.8772911359103119 0.45912881100492164 0.8829852336918442
-2.0165936022082462 0.709483243209676 0.03635156097761083
-2.13503450685063 0.523920375823562 0.03638827743879247
-1.3760132236834437 -0.010224781831126961 0.8888686889683335
0.6828228940218111 0.7625332981011832 0.7312597030674546
-2.097789856130234 0.21384877916416478 0.02742373886457372
-1.5116334668284281 -0.2013908868913763 0.8893731826817124
0.2512544388508786 0.7643234361189464 0.743739962009105
-2.0921983246583977 -0.06177723574113614 0.020452379611644034
-1.6414507442094362 -0.3829913253233084 0.8898400062595933
-0.10071486953678743 0.742658588389487 0.753507971194896
-2.16160287211747 -0.31193976368115983 0.016891598132762198
-0.7950415267200697 0.9131432594139195 -0.11758911666521144
-0.5518135369706272 0.7365045869928686 0.7663315528904526
-0.8361180482494461 0.7114562732387917 -0.12087023315080714
-0.8818474282640523 0.7319384631555215 0.7756787532841294
-1.5461585761275103 0.9307377001236912 -0.08708417472490382
-2.024858046689829 0.7673696220060675 -0.07209360656389308
-2.0963852611555325 0.5354034245880763 -0.07509028968462061
-1.8874726078094568 0.36321004567189163 0.7979201072727768
-2.095672496502516 0.2513570654424395 -0.08231318053850245
-1.846675990741943 0.04928020164172331 0.7913581127201645
-2.098019633890928 -0.01837449620669318 -0.08910286483415675
-1.8676154704122467 -0.19494218026574117 0.7876943344151108
-2.0919281430747674 -0.30921334537472056 -0.0968176132167251
-1.7957703886095686 -0.548481257363516 0.7794898742710679
-0.4443704034419369 0.7810529354278177 -0.24732697066911769
-0.7146912104329033 0.7214417020619734 -0.237594962688771
-0.9522529427356687 0.613629946229409 -0.23049557265886378
-1.6493731182946618 0.826059977689579 -0.1962128883326919
-2.090148822633097 0.5966955702626437 -0.18404352721818995
-2.1397554317158978 0.36221612077597776 -0.18817675170549464
-2.0033738592562287 0.24062032212034978 0.6884518856083481
-2.1578843916793318 0.10440720124273462 -0.19426262435564112
-1.8675159310764826 -0.12830424674315566 0.6776777500187485
-2.2832827180438073 -0.10448445856332711 -0.19473564681657862
-1.987349514862558 -0.32935080012095597 0.6774634117161362
-0.38304642295184976 0.8191260049631728 -0.361430526348439
-1.9478121879725308 -0.6326509261543638 0.6706441635166733
-0.7173712592020536 0.7893336314339345 -0.3478118186915786
-1.1357874260993839 0.8059629517569764 -0.3294025665248306
-1.5162206226078894 0.8261805619029685 -0.3125740295375259
-2.0922576842573903 0.4214316124457138 -0.29900515136369776
-1.817054257288973 0.45907864405484666 0.5762575859104722
-2.232644482011807 0.22397432033099918 -0.2984877830470474
-1.7308434056675992 0.11345346922011679 0.5669535392796128
0.17582925941034944 0.684548385476961 -0.5025588279689224
-2.354488567914345 0.05388369556200523 -0.29805433807024073
-1.7863704690519313 -0.11966492921704486 0.5641554588352768
-0.2855195996539521 0.7241959814005163 -0.48088944015153956
-1.7942179379281384 -0.38785672648440794 0.5591653579746811
-0.721206589638669 0.7497270684793707 -0.4608021980250747
-1.086172895941246 0.7296897141037322 -0.4451605087245376
-1.5080411339348956 0.7516188449625938 -0.42589342651018214
-2.2173069422900227 0.42755725933113276 -0.4038273101771743
-1.9579878237795185 0.23227944946315837 0.46555173340192724
-2.2392765429764125 0.17296838698175065 -0.4101244216884048
-1.8993383278616705 -0.08145168900966482 0.4572619194065659
0.13405439828375165 0.9558004517748744 -0.6065627342189224
0.1415251469846055 0.9536751393356493 0.2979112857853501
-2.247815900618022 -0.07879235146668506 -0.4169760948146255
-2.0627698205886986 -0.22348370422326092 0.4595988983189194
-0.2131170932134836 0.9313026342263475 -0.5911995178187759
-0.25969945735852207 0.9654844408817667 0.3120309108769028
-2.030878686982547 -0.5205115562978673 0.45242893638959814
-0.6776668105523669 0.9751513862873784 -0.5685602432216079
-0.6541226088305763 0.9619066544841672 0.3255630725895493
-1.0464598545847252 0.9569835969708818 -0.5521293884242446
-1.0644121548731533 0.9719101293841836 0.3398724788700669
-1.4723081508191456 0.9806114984099823 -0.5319515472377212
-1.4081556265133628 0.938997660829032 0.35097396316877294
-1.9898571610853395 0.5346591672983196 -0.5212823158229263
-1.9386103849743392 0.5009482908721257 0.35987198295942235
-2.017011847345529 0.2973183317404562 -0.527009606930104
-1.9943735974701866 0.2835924854620533 0.35714280548444677
-2.008663552971882 0.02235402912951656 0.3520368331944077
-2.0119782307729395 -0.24798875762388306 0.34632193985334325
-1.9583864556856696 -0.5746956586161946 0.3374327415501206
-1.336101846160986 0.7853147371595632 0.6523660415684311
-1.5830174393668557 0.4114629864494166 0.658086656955394
-1.8262133395894296 0.03886309219547357 0.6636770957981675
-1.9600870802429426 0.3987555023559164 0.47344410362592626
-1.9641048597129043 0.009295811924461717 0.4727505439793198
-1.929616913565937 -0.3834271214275802 0.4709469074284165
-1.9413444740529258 -0.772763520046567 0.47039210739484716
-1.9033494962677509 0.7833344000794407 0.27815782966962743
-1.7564612924536362 0.3828563615895888 0.2729965442692368
