2.1717669852344272 -0.1388301315021998 -0.6047865527408387
1.945775155753708 -0.17513769380307664 -0.3541762011783387
1.799559419541012 0.322605205048351 -0.358125366522577
1.2982670933554203 0.7031246012085184 -0.3733421939151551
1.9758759330430138 -0.7027890203155565 -0.22970405991246956
2.0607625044696363 -0.3792775893906075 -0.2205387728946473
2.1420300201203872 -0.05767127116380166 -0.21166912491491097
2.0295013937323745 0.220432838459228 -0.21462503845861214
-0.6040868769568419 0.5793398736415334 -0.3627521174686219
1.9346410343169822 -0.8178499315584915 -0.3825990336673524
2.213714583060039 -0.44971828666374236 -0.36098925049474495
2.1583237140575733 -0.15900511555288688 -0.36038032944371956
2.1331875875052333 0.1383114468222999 -0.3579451220767762
2.0923763763907886 -0.09685338582817593 -0.5119454043643739
0.22934527400651916 -0.5122824164188131 0.5819681507808898
2.1405763026102136 0.21668690407677715 -0.5047446864383485
0.22253069786442836 -0.20398626703597245 0.584888778374884
0.21684803268456676 0.10412905341282652 0.5878094059688781
1.5628588615170855 -0.6534942306915816 0.046132884667608565
1.662618540981029 -0.32549377508053823 0.05559285704920036
1.6369166551520777 -0.026415747481937757 0.05781873290369255
1.5781414409381114 0.26518769888323845 0.058097205804083174
1.4617887440037975 0.5444563579469808 0.055036388085577315
1.2144624381381988 0.7966159265323576 0.044463477776739424
-0.01483954263152043 0.847483651405458 -0.022035278631951982
