0.04923092342534119 0.6281219845398347 -0.29022889278822905
-0.12821032751099892 0.6838351015691231 -0.29585747860365874
-0.308326927956152 0.7361101335345186 -0.30206589840346343
-0.5650105904602896 0.673104827224769 -0.32478718899184233
0.0937791984650076 0.6828827508093873 -0.37238030575209624
-0.11864103148392502 0.684339399499768 -0.3858819498866177
-0.5635731338723957 0.6611413562467572 -0.41704230450087554
0.26451224138514107 0.6862609123588985 -0.4514613642542935
0.22904879990247906 0.6290133703936487 0.26309866763657563
0.057772089438081764 0.6953142707278683 -0.4639573588221646
-0.30428602829810814 0.13278102348789034 0.18693108417099946
-0.16818443564628893 0.6761692785936777 -0.4806948199122525
-0.3343356469291834 0.41882375371642233 0.21143002368515962
-0.6160495664322383 0.6493288186240438 -0.5129166140406705
0.06878659582189073 0.6135544330061506 0.1620969281346225
-0.19801120187155163 0.5315804879003938 0.13885207034653657
-0.5564956425108463 0.6413661313144772 0.1279472813755893
0.002971928974943694 0.7447652456181171 0.08018202640122407
-0.22032661586937508 0.7299204623909681 0.0654615864903354
-0.6545183558571708 0.7240484378887437 0.0388354764134311
0.3488704165588601 0.6406858395736688 0.0006312832981967276
0.13405021466949307 0.6366964884224817 -0.012654353603658741
-0.0784317656264335 0.63785184930423 -0.025362063869772022
-0.51803775745514 0.622294663172342 -0.05356459759169585
0.15368202089870664 0.7189761136598669 -0.09382205151015288
-0.0720833802620291 0.6992822981967759 -0.10959391735487944
-0.27927957873455256 0.7097434392115503 -0.12134175442152983
-0.7192159599834298 0.6961934646292907 -0.14995865963393218
0.3618698672071261 0.615710664083899 -0.1815023913233853
0.1550774228662064 0.6242194941337615 -0.19346003673964507
-0.043889603873154215 0.6461560988535382 -0.20366101406508452
-0.5023872408690337 0.6013328649719796 -0.23682122372084624
0.17743078794146783 -0.3610238352047457 -0.28240161083632476
0.9598590771549311 -0.34564254473101563 -0.19439082287245757
0.39195099969995084 -0.19053678835394727 0.6378221020848178
0.9963193936770551 -0.14322458302059715 -0.19612746380263335
0.5541557703893076 -0.018465820559141477 0.6494230733067416
2.071262786666537 -0.21251721205569218 -0.07279639385634429
0.6829460422273783 0.3751796906968696 0.6519455418736362
2.1410575183517793 0.18596828505104668 -0.07684950970107085
0.6835109736676301 0.5890698519797688 0.6463970647007846
2.1123406423851137 0.40276633564274356 -0.08669285915785796
2.00308738919567 0.6424625902199921 -0.10637908123427398
0.2229762558546824 -0.38203624004263226 -0.48699145458632476
-0.07541084239056062 -0.29656763094243566 0.48916144229477876
0.9569541512862756 -0.35438037858652294 -0.4023094668238736
0.6311952093117981 -0.2609630453139484 0.5589422688633823
1.0703003768175137 -0.17179437565727262 -0.394556571468649
1.043564277899108 -0.1543136286140374 0.5974244580418491
1.3308805840279234 -0.017624745795639996 0.622566174045267
1.4069429405871006 0.17339167733929273 0.6251315579563999
1.3827903480778687 0.39120882266165147 0.6169223294407749
2.1233291601187716 0.39041601510315616 -0.2895985140650845
2.0236580213765833 0.6273789665793679 -0.3086815371363736
0.3746928939094758 -0.36555226661495155 0.43134684421128267
0.9603546872773236 -0.30122698365715905 0.4892634854466342
1.6083465162699468 -0.2570064939013399 0.5539640889317416
1.6835802034360015 -0.06688628774769789 0.5565723881871127
1.6249105844311487 0.1587046540200756 0.5445718274266147
1.5575345808924652 0.38747179551390154 0.53152747012681
1.6637281819340686 0.5696372979874003 0.537267159000101
0.2737650684291495 -0.4246079830170455 0.31780619479722017
0.9171442869176687 -0.3738185620388599 0.38305182315415376
0.9920049482329318 -0.18117004946673632 0.38570446826523774
1.0675122569665305 0.011135442425272757 0.3883566365391635
1.1196403607439365 0.2094504241046682 0.3883566365391635
0.9467758499483168 0.46816536162806166 0.36342520572251313
1.6481262897034128 0.4906141519930678 0.43503661014145845
0.207055600396842 -0.24624410881327918 0.20126051761216157
0.9516729372293824 -0.2226687421549105 0.27889485217637056
1.0895797516998655 -0.04646650539504549 0.28859944202012056
1.1751521753869696 0.14290023907243032 0.2923731312901401
1.2613479421220362 0.3318432498793715 0.2961468205601596
0.9787774756080623 0.6205801001682634 0.2584080205113315
0.3150146237035045 -0.47541406813423137 0.11389870502060884
0.9195536718458186 -0.4145507991212689 0.1768965230137729
1.3023635436182275 -0.3009244386898722 0.21469492770737642
1.2331588588885012 -0.0721341175152741 0.20100016452378267
1.2129167322773995 0.14462625072919266 0.1927828297764682
0.9678491007072196 0.42212306843518377 0.15881867267197602
1.784032498432353 0.4137626625409858 0.24592013217514985
-0.26378671814335775 -0.29777897602560266 -0.05862002514296538
0.4808812908733415 -0.2705525404120426 0.021512936130227978
0.8640904836554313 -0.15555190290227472 0.05990929462021821
1.30509064000735 -0.05810165063691386 0.10498471118515962
1.3233518741364847 0.14828006562386697 0.10108942843979829
1.2895679213340614 0.3688753825306481 0.09107251025742524
1.0984105230932855 0.6329326288797734 0.06269211627549165
1.909548946869954 0.6224190562406573 0.15061564303940767
0.35360356062589915 -0.5041580062447526 -0.10119681499892241
0.900062103155058 -0.42858797515001257 -0.04289679668837554
0.9987788990400261 -0.24201057363239897 -0.037236739620504444
1.6798953783597383 -0.20714236668447228 0.03691143848008149
1.707232686930503 -0.004631523866462928 0.034081409946145946
1.7305107372232413 0.19915321925732066 0.03068537570542329
1.9846706723727081 0.34055741541873275 0.05445809222764009
