-0.100931423619528 0.6144389848201062 0.6082427515200137
-1.0004668096772917 0.7522673705183434 0.6050188554934024
-1.7975285894115984 0.8299097060458149 0.601670266549921
-1.8041748312565602 0.3919489741082951 0.596826197069025
-1.8128121317700447 -0.04666672450438769 0.5919600738695621
-1.66935500589247 0.6150819429791587 0.41502380506310454
-1.8395563158950523 0.28404339419735836 0.4104198230913638
-1.8861416892004854 -0.12967418901006145 0.40529382364068023
1.1078318497229986 0.6483333106502989 0.23695635930809966
-1.1360864183982073 0.755411554848493 0.23311936990532867
-1.7656650867760106 0.7242458255693944 0.23123920099053374
-1.864550564005782 0.34671136732613306 0.2261346592119693
-1.9108981485766066 -0.06686791737485542 0.22068035737786285
-1.8645243701390797 0.7025374178782693 0.0461276783159732
-1.9301804629490675 0.30320620896556116 0.040530563752984916
-1.989248012983552 -0.10191273852708393 0.034848095338678275
0.9549944302737003 0.569773698705387 -0.12323188646521577
0.1413717184384211 0.6436778995211916 -0.12176310880866059
-1.7882723148824766 0.5654700184280737 -0.12206351621832856
-1.9920257452680659 0.2569371721528113 -0.12652897699561128
-2.072102450583486 -0.1341923547219932 -0.13227426870551118
0.8676181051262972 0.5380583711148574 -0.33129429681983
0.10881071799286701 0.5774978634236421 -0.3290908323117734
-0.5940731730795363 0.5861456707860353 -0.3275022493192197
-1.2330168838226285 0.5579656427956228 -0.3266396509000302
-1.9837964279970208 0.6077811190706837 -0.3243368850537778
-2.079082442523429 0.22804777188868552 -0.3301475034543515
-2.138555159401875 -0.1767381807417001 -0.33644080026831635
1.8214899755149219 0.8319661787734458 -0.5186353908368588
1.0992330607094374 0.8400753707241484 -0.5158931003400327
0.2348820901257085 0.9440534484391803 -0.5110725150891782
-0.5267094337465466 0.9883935896271989 -0.5076256976911069
-1.240751557313672 1.0074192999049574 -0.5047866092511655
-1.7777667324390052 0.9158127126420395 -0.5044318424054623
-1.8801075293334009 0.5412613137278894 -0.5103403316327573
1.5051732575857102 0.4947244899020018 -0.7128254161664487
0.7831061752337973 0.5061243653944705 -0.708978532392645
-0.047008411338282485 0.5922696752980197 -0.7032967792340756
-0.8628233631606719 0.675332188054433 -0.6977616535016538
-1.54310430130829 0.6757520804439281 -0.6943780170270444
-1.8842153296845936 0.4572128792492238 -0.6965614543744565
-2.021736215641468 0.10477430594440706 -0.7021390186139584
-1.9256110763139134 0.6266335351184242 0.47580635682854644
-1.9328650497319728 0.3949379355052902 0.4761518253496646
-1.9609053022639245 0.16234319176283352 0.47684300081048003
-2.0725387094901606 -0.062315346370819924 -0.4424749599286557
-1.9597984781296987 -0.06861979888368364 0.47701585428032867
-2.1625822938224672 -0.5269196910373943 -0.439038871366644
-1.9849769312113068 -0.5314373615991452 0.47779333726677886
-1.4217461698174532 -0.7419790925193177 0.46820402280602447
-1.9567143315506996 0.33480919064792314 0.36123657361779204
-1.9799702453270527 0.1025802450081863 0.3619024767092227
-1.9740785613724086 -0.1280851849253981 0.3619974865129947
-1.9796966057735546 -0.5899924919214072 0.3624731315783023
-2.1449873716054384 -0.6884167228720077 -0.5544480071851254
-1.866308498747557 -0.8167559748985473 0.3604756607225894
0.08505410350909415 -0.9864174461622004 0.323475719850397
-2.0375685064454103 0.5834860332077043 0.24724316732201568
-1.9900532696983788 0.3550901463741125 0.246516229074335
-2.028222743703026 0.12222527341992029 0.24755466119561187
-2.0172629043103427 -0.10804318858798334 0.24755466119561187
-2.022739024777678 -0.5696576799932371 0.24807393686089507
-1.6295204448452125 -0.7863564196200521 0.24007809297356597
0.5317044534418471 -0.9494883429333432 0.1953229917696475
-2.0217769286806373 0.5255519802879927 0.13167965547356597
-2.0193908947566968 0.2947420646386729 0.13190472261223785
-2.052773627423079 0.06226348054406339 0.13291788236412994
-2.0420242823616235 -0.167919581066184 0.13291788236412994
-2.0229422374141848 -0.628391165679846 0.13291788236412994
-1.6299343591337987 -0.8454241909094153 0.12425029413018218
0.3661860996830626 -1.0155389004295365 0.07944953576836578
-2.0252397333365337 0.2587324952336254 0.01679611341271392
-2.0637297021731627 0.026059662862289112 0.018008829515314018
-2.058107315744479 -0.20430414935286034 0.018130303781366264
-2.044277557290002 -0.6648533734952959 0.01825153962883941
-1.9661228087449558 -0.8926894426359744 0.01655340329918853
-2.085996413550589 0.31219970722108936 -0.09699010713782319
-0.8577741589321306 0.024042706880476494 0.8096992386988162
-2.084357879209591 0.08164681288929732 -0.09673023088660249
-2.0885192165983852 -0.14910220665763596 -0.09634017809119233
-2.0934965248865325 -0.3797875096046206 -0.09595000608649262
-2.0693065707721274 -0.6092503535281706 -0.09634017809119233
0.649452652103875 -0.9849362695822004 -0.16667711599555024
-1.641773130119816 0.450479418309353 0.7029452337435245
-2.1113032384367045 0.05621051647314079 -0.2111343131848813
-1.7145561108853542 0.21456939875958314 0.7041171802690982
-2.0806076834626452 -0.1728699736181576 -0.21168911321845063
-2.0656842813790632 -0.40274990243713216 -0.2118279920407773
-2.0865377269699366 -0.6340221838659374 -0.21099543436255463
-1.5033107553626337 -0.4724326400230212 0.7016353620699405
-2.0532429782235795 -0.8632210151285906 -0.21168911321845063
-1.810761710810695 0.3939442113250591 0.5896823419741153
-1.873753169233396 0.15918546802036504 0.5908472551516055
-2.0712598699596185 0.28775899190939747 -0.3278049217053891
-1.897630251130181 -0.07324441483147082 0.5913908495119571
-2.094676774221867 0.055946795319695486 -0.3267726884671689
-2.113978304134676 -0.40581762463443116 -0.32559299333777436
-1.8692263989692606 -0.7655170460524579 0.5913908495119571
-2.1048675490278157 -0.6357845900312347 -0.32559299333777436
