-1.8420620943842039 0.6026513807107587 0.2726764495887153
-2.0273592729891163 0.3099697398638188 0.2790543849982612
-2.101348396398066 -0.006327189426812652 0.28182528572457954
-2.0935023081576105 -0.34087874738108326 0.28193281250375435
-1.9747924278722735 -0.701186807698825 0.27845070915597603
-2.0404391152261496 0.559412530018772 0.11663101272958443
-2.103786383182495 0.24103602745165276 0.11909339981454536
-2.143844695494437 -0.08253933866385132 0.1207155998267524
-2.1460272445487476 -0.41480579051650324 0.1210071857489936
-2.0861029709436707 -0.7617509339471411 0.11915085869210884
-2.057564831860816 0.5772182721773991 -0.04529334945303276
-2.0768792424267986 0.2493591197577576 -0.0443992797814019
-2.0339322698571323 -0.0925699200144674 -0.0457718555412896
-2.148316228058434 -0.40006858849012517 -0.04161884231191948
-2.0512285338050162 0.32442639697183573 -0.20796586913687065
-2.139779180243778 0.011442599403252984 -0.20462324065786675
-2.161137031136917 -0.3164092861083212 -0.20384456557852104
-2.159301549824818 -0.6498762331494561 -0.2039895240746148
-2.129487940303676 -0.990350149183314 -0.20523645324331596
-1.9827434193551028 0.7223292649825428 -0.3732586090050347
-2.0650237699231297 0.4079777023356126 -0.3700494949303277
-2.0454887328138227 -0.5947194501588662 -0.3711962882958062
-1.4194974159082676 0.567355090481545 -0.5589080039940484
-1.7562786943026651 0.30578823896481744 -0.5452828590355523
-2.093773057788212 0.046339285965128596 -0.5316910926781304
-1.8932066860495524 -0.999476910414641 -0.5408568565331109
-2.1619879236695 -0.4876579999431687 0.5096761997260444
