1.763752436145829 1.054761837512343 -0.19741362878353375
1.1572039692673428 1.0026888236319955 -0.19298834153682964
0.5557369611472751 0.9519056911747033 -0.188604062285731
-0.09331118974011332 0.9311721384898526 -0.18327469178707378
-0.702081392257746 0.8926577404851965 -0.17864221879513043
-1.2358453814141512 0.816551853520556 -0.175373500075648
-1.6775767397977148 0.6922590888272779 -0.17381090470821636
1.7669269561991428 0.9599486904356844 -0.36588830300838726
1.059058470839659 0.9628118688808236 -0.35848588296444195
0.44888218601990104 0.9175056501670671 -0.3530311042931773
-0.17813156514690576 0.8855491440325416 -0.3471705372002818
-0.8131047687200734 0.8622465038138856 -0.3410849029687144
-1.3380645468066845 0.7819805510965594 -0.3372413570550181
-1.866936679653513 0.7072550268805582 -0.3332724029687144
1.6837337721943655 1.0435541215008808 -0.5299872810509898
0.9848544562211572 1.0417623496541175 -0.5216905529168345
0.33972329028778603 1.0156408860920774 -0.5145384723809459
-0.2738935390598698 0.9766828368177549 -0.5080403740075328
-0.812349661226655 0.9003446197336089 -0.5031992847588755
-1.4595419423358962 0.8880440476956917 -0.4958195144799449
-1.887854625352574 0.7573154413423282 -0.4934122020867564
-0.2715722237863858 0.8834336229476456 -0.6736139709618785
-0.862666187092934 0.8364695650303844 -0.6667069847253062
-1.5010907771214406 0.8198619574850738 -0.6585621292260386
-1.9338730020274468 0.6919588766519151 -0.655501788344691
0.07781004348089482 0.5237289455656207 0.30126100233524067
-0.47922905305266994 0.4567976038130386 0.30252199820010883
-1.070625696153499 0.4127363707573206 0.3042727058264516
-1.5655489087048977 0.3181742486616823 0.30481248548953754
-1.6430018358974365 -0.01095181590664751 0.2999041622015737
0.7968358874569006 0.8838611712605449 0.1386237686011098
-0.9697512691447017 0.7305706565281689 0.14616876295535786
-1.5820088147296971 0.7004331494490135 0.14913325956790668
0.26365831133711026 0.7247410405523027 -0.02555913278133648
-0.3764668514000391 0.7018993587519944 -0.02132624932796734
-0.9720751356655555 0.6586995070601329 -0.017788356032679253
-1.5189973055960095 0.5921792882014358 -0.015025799956629449
-1.930477932208042 0.45264958426201396 -0.014532511916468316
-2.136291671263592 -0.5337079197049928 -0.10190767594845074
-2.0328001799032975 -0.6920084883038911 -0.10484499284298199
0.10442592104747206 -0.95761543887728 -0.19657821008236187
-0.9926995519197845 0.3504912447531723 0.47639756849735004
-0.9494012531659877 0.17359543367189367 0.47639756849735004
-0.9844831038343145 -0.022047246906407025 0.47903590849368793
-2.1027169159400856 -0.4539343759584309 -0.1931797916558482
-0.947351907329562 -0.2001152556965824 0.4792008941504262
-2.076816316237256 -0.6303401849653767 -0.19247574159176128
-0.8524218146394347 -0.3647499842702224 0.477386886391332
-1.58837623041493 0.1654465328907797 0.4069343154761098
-1.70296502548144 -0.23184904072080492 0.4140528982016347
-2.1255346247434304 -0.5060262885948426 -0.28049892732174175
-1.5643979199903342 -0.3834204856140193 0.41058045080631
-2.06575913160453 -0.6744605222182578 -0.28147215196163433
-1.8275596166345096 0.3085941596338433 0.3330960815283559
-0.11431009890218036 -0.978814470057392 -0.3710352832940318
-1.8668835269347213 0.11430686982799543 0.3361812179419301
-1.821414022081619 -0.24281060150875788 0.33763294867007954
-2.1121302268333224 -0.49485486452899075 -0.3702263290551402
-2.1058354119230387 -0.6757199855781391 -0.3684615547326304
-1.7444245873913573 -0.5920765905202554 0.3378145044180654
-1.7681925107100298 -0.010131112917767027 0.23515289476840717
-2.1346408878908107 -0.6379564086957146 -0.4563648159173228
-2.012038609244321 -0.7919360593915954 -0.46079868623287457
-1.6669889283018335 -0.7222091888568762 0.23763673952548725
-1.885002975773446 -0.3519656895040466 0.15321689299075825
-2.1879673400482673 -0.6059463096016682 -0.5428599769738414
-1.810094098594142 -0.5177977887371377 0.15181832960574848
-2.0896087668121197 -0.7652581227847559 -0.5460941249993541
0.5583298576240026 -0.7314448122448862 0.061314398560216254
-1.9115838442809405 -0.5608767406523789 0.06694536856143696
-1.9977527545595422 -0.7635089613267798 -0.6400582248833873
-1.8763330007895505 -0.735675736592718 0.06715398481815082
0.14394419364254674 -1.0313201582178717 -0.012495701995203667
-2.029877936199121 -0.5986543619217208 -0.01690286942989605
0.2202352603436779 -0.8359950194205865 -0.11009282418758648
