1.9921024428212775 -0.9825172416021668 -0.6148984148270857
2.196426832116739 -0.673164569559825 -0.5923564150101912
1.910850312008721 -0.7886933169060719 0.14251592614581465
2.1822046168239204 -0.471452915052029 -0.588874550080992
1.9952059723361995 -0.5384430262100661 0.15198066689898848
2.2677822297274037 -0.2227167460452697 -0.5768062784440291
2.0041443990250176 -0.3255503386654697 0.15602090814044356
2.3319798505030214 0.014487615084366912 -0.5666691972977889
1.9823811173239445 -0.1279255454528907 0.15783002831866622
2.3250074361457767 0.21712803218991095 -0.562758655763365
1.9162110592765043 0.048422870553084696 0.15644147851397872
2.246511450819092 0.385959335145563 -0.5650860979325545
1.8325798181561872 0.21656106185900859 0.15377405145099043
2.1504919124776283 0.5467333462783897 -0.5689732744462264
1.731383567184567 0.37666796192392793 0.14982536294391036
1.8735490724506292 0.6252190285552599 -0.5884959413773787
1.635251494382576 0.5392745961721102 0.1461990163557756
1.5011638435450045 0.6622964974944172 -0.6162483408219588
1.4031987730158555 0.640735215895591 0.13292863824298262
1.7612863239654235 -0.9586603837188865 -0.7271935655839217
2.129162631687329 -0.7564133112174094 0.062402992033265825
0.9935895516445417 0.6641584589969511 0.10709884622027754
1.5305661288349892 -0.859361529404981 -0.7427212908036482
2.244983330700199 -0.4915454237671293 0.07449510552813887
0.6407752782713008 0.6822171456331287 -0.681889744020201
0.7105967854506527 0.7359892064488722 0.09005144097735762
2.2585177063659714 -0.27726659920619623 0.0790465162031877
0.19036314654396946 0.7033887949677866 -0.7161080553300154
0.20508156004014566 0.7328116108105722 0.05760982491900801
2.237405975321881 -0.0698689388164695 0.08118989922931075
-0.19727428339268727 0.7445219422143188 -0.7451441004044783
-0.21488683787451812 0.7599357561383013 0.031052379392884966
2.207006186218482 0.11198516182544971 0.08225944497516036
-0.8690977081029949 0.6658592391070477 -0.7985231592423689
-0.694856549549888 0.7640939142030652 0.00027301766803145
0.2608550157507441 -0.6109335602673869 -0.8356764032609236
2.1326433459870646 0.2833093392707946 0.08025386788775801
-1.2119432127837015 0.7324229087896041 -0.8236996843583357
-1.1478651697000508 0.7830740155717275 -0.0286042406327498
1.9988315773012992 0.40460206176155866 -0.6775676920182478
1.9999825664180637 0.4277280601315683 0.0739653394453752
0.2685587951898132 -0.3576710563402976 0.724379091047548
-1.619757781668909 0.7971907453305902 -0.05880472204754472
1.8983312225828222 0.5642134568886075 -0.681896896577574
1.8677382108520533 0.5727955703629779 0.06767585732867598
0.2561500820641722 -0.15060460741906745 0.7258692071669328
2.030894357057834 -0.962160139454181 -0.04232904455731035
1.6621445407986517 0.6625539913839482 -0.6982180788285506
1.6222692994455041 0.667089901320967 0.05312993981768965
0.1945317280906238 0.03363788928237943 0.7245042608015764
1.743013460793403 -0.9151985862325733 -0.8229691698319685
2.217521946650736 -0.6615712451345299 -0.024476261354185347
1.2759952058691812 0.6949312881549234 -0.7277505113847029
1.2084285537406618 0.6873132288540655 0.02634742715289473
0.0059883968619036665 0.16085707649908 0.7158456132643449
1.570782899376626 -0.7875783334143152 -0.8334939195878279
2.2932755787532457 -0.41665754024971857 -0.015029163575865034
0.7895669815588082 0.7081311536738686 -0.0007941438920271437
-0.14120170273622712 0.3073494183314782 0.7095279977553117
2.4376884933109313 -0.14034688446995158 -0.0004989816910994094
0.37939297055567955 0.7356267292357122 -0.027302952028013472
-0.38854753810810116 0.4103746519029441 0.697462587141298
2.357919663627438 0.028073995798660434 -0.0028350069291365187
-0.08607124361184582 0.7418022433966875 -0.057811947084165816
-0.8051751491613786 0.4410793509237627 0.6757154748671281
2.2787411576712078 0.19677017737301705 -0.005168171144224409
-0.5383600012367804 0.7568926443768267 -0.08736011526653886
2.200150507790452 0.36574472164243943 -0.007497997499204878
-0.9682125838368165 0.7846840775859785 -0.11528274557659746
1.9589892671968592 0.4599477354459669 -0.02200958273480058
0.47988575571395664 -0.20769071246799253 0.6405341909163225
-1.462812609219183 0.7879755952578669 -0.14787838003704667
1.7271702809757006 0.5371703803068435 -0.7901913835770857
1.9221733992999877 0.6486537647561801 -0.02129241964886308
0.449850364646041 -0.009693963630345248 0.6410920903914201
2.762582735142665 -0.6371218775211935 -0.8199784471757185
2.130143460944259 -0.9349174359526344 -0.1298782541520369
1.6270997875897244 0.6978329548756994 -0.794570179200865
1.676938116593675 0.742913302282223 -0.036158294893003706
0.4160363997938852 0.18617681948526155 0.6413886831038225
2.5959709545714187 -0.5112066160222373 -0.8301984979874861
2.3571712270629863 -0.6149578955205524 -0.10838720343182207
1.2541575497812723 0.759174806562279 -0.06426260016033769
0.3738619247126902 0.3779330158887553 0.6411543176405656
2.3251889772728855 -0.42243650573857927 -0.10693571112225175
0.7579357304693168 0.745789046301526 -0.09782621405193925
0.1908902353633568 0.507027717811614 0.6325671956770647
2.2894562843559783 -0.23212684303449072 -0.10582229635784746
0.3386753862461642 0.7696847919555561 -0.12565347693035722
-0.206690928533666 0.542853295039516 0.6112888143294084
2.3175814254421105 -0.011984488169613172 -0.09985038778851152
-0.12218888965009356 0.7783459046141874 -0.15656682989666582
-0.6641589671925701 0.5553202855580026 0.5864720628493059
2.2653727795106526 0.1695641940755035 -0.10010501883099199
-0.5698638046711295 0.7958736946440617 -0.18649408361981035
-1.154248481959879 0.5568946397472101 0.5597312734358537
2.2132254717681406 0.3406442995537744 -0.10058519384930253
-0.9545373987763277 0.8327007388692829 -0.2119080736405623
2.062024835101539 0.4658934054134001 -0.1086976244218123
-1.5776949040413992 0.7818788038804145 -0.254829139924742
1.9305908630035944 0.6213374450463762 -0.11496231100628496
1.5360164552649298 0.658295502620128 -0.14138910315106035
2.1011227324677044 -0.7921557358497622 -0.22370788595745683
1.1494740709022793 0.6912496129683516 -0.16737815878460527
0.5193565165506122 0.43209755913506154 0.5536356256239641
2.292645362921485 -0.5008723699508932 -0.2046758844620955
0.6804918421410928 0.6902311638782401 -0.19965860388348222
2.3375898697573234 -0.27163251046208714 -0.1970908357865584
0.22459949611854668 0.6982398465332258 -0.23092767736981035
2.36102224798573 -0.05367981309038905 -0.19126626989910722
0.8257532662136775 -0.74805858544857 0.460300950788759
-0.22725199764914095 0.7111592616116962 -0.2618801309830916
-0.7377016528177993 0.5122954910102528 0.4840586469404924
2.3176669343443557 0.13199032764956442 -0.1907593919999373
-0.6796281533755284 0.726965303325219 -0.29286453268597246
-1.1728412615942538 0.5377599055512787 0.4598789499037492
2.261468880740054 0.31136906451027313 -0.19131204626629472
-1.1875512867036466 0.722160521024036 -0.32806703589031816
-1.5900660352693112 0.5738239609622124 0.4367864415877092
2.1606405482275903 0.46995436361523746 -0.19541761419842363
-1.696127711935075 0.7206383803850738 -0.3633062555558455
1.9877649633729604 0.595771281486126 -0.20521804831097246
1.8787771243914015 0.7513517172852939 -0.21003744146893144
2.1317007510939927 -0.8509891901749711 -0.31735298178265214
1.424504615215172 0.7521545768335289 -0.24194690725872636
2.33221525767849 -0.5445304346234972 -0.29683229467938066
1.056221411176793 0.7943739031494004 -0.2671115114457381
0.6302390924164278 0.6381988911295591 0.46647265412738204
2.349965808820299 -0.3282446847338387 -0.29118749640057207
0.6054911536960184 0.8026998256158664 -0.29872533819744707
2.3055807928444256 -0.14236593064784886 -0.29062244436810136
0.16793040830669703 0.8198921717558303 -0.32929918310711503
2.3160336614377908 0.06906182827841034 -0.2856828882462752
-0.2701018840254328 0.8398790813526626 -0.3599030687577498
2.273154519051886 0.25480206740265476 -0.2851021005875838
-0.7682167923980323 0.8371324463440821 -0.39518568060467363
-1.0972033500860352 0.7302534570163419 0.3677761838667619
2.212881484686978 0.43218668070185684 -0.2859723284013045
-1.2945095690181088 0.8259169329010705 -0.43265077612469316
-1.5692478943788721 0.7435994799940144 0.3405788228743303
2.166854982930115 0.6159538398281432 -0.285743446565367
-1.734127024164847 0.8548081271845513 -0.46335241339275957
1.939916650115192 0.7172262319187399 -0.3001033975846541
2.0991769924026293 -0.8253173833375693 -0.4137961580521834
1.6585447585946174 0.7952458002696661 -0.3188554956681502
2.2549632738971805 -0.5406484160183629 -0.3964450075394881
1.1767311788247934 0.7855589358502884 -0.3536965563065779
0.9056142993618188 0.49990354232168865 0.3852761075728166
2.41663433065221 -0.2552074296009481 -0.37869617483685136
0.77181143911411 0.8132452258300442 -0.38235971472332597
2.3500010253815304 -0.08028083198649316 -0.3799187853104842
1.236395862860352 -0.5859653059931373 0.2945478246443498
0.30253621477570825 0.815493839309033 -0.41617080710003496
2.324591244669868 0.11394033335369258 -0.3777835085160506
1.326704067546558 -0.3326575546832067 0.30367639520099043
-0.14903534727233136 0.8286893996336859 -0.44855091116497636
2.2909110184072574 0.30384321955878635 -0.3763849451310408
-0.6377721833039249 0.8290302852703477 -0.4838921739823592
-0.8301073092107565 0.5779947486165957 0.28338602044513106
2.199132352570933 0.46650948343382925 -0.3798300935990584
-1.1775957963095696 0.8110483425151771 -0.52329942724774
-1.3340178077141154 0.5749282523105861 0.2533896253340471
2.0308383029026853 0.5942523108807101 -0.38962099096844316
-1.594075094641651 0.848844000751138 -0.5528475954301131
1.92640570555292 0.7517428097145515 -0.3941867067582381
2.3185199913573857 -0.9173259777083791 -0.494270057893492
1.5768955743047783 0.799292244925979 -0.4189393236405623
2.4287560287199614 -0.6544962074613339 -0.48027107260296464
1.190691061633137 0.8327878583984734 -0.4467065050370467
0.8257196602374197 0.6930558047432909 0.28762891747882247
2.513301476564381 -0.40574592167555545 -0.46853563330242753
1.6984097806013487 -0.7869762108300593 0.22424581506183028
0.7493917820998881 0.8445683638830834 -0.47899076483318925
0.7534270187766641 0.8691006391357572 0.2855742261641252
2.3696720741107793 -0.2677285630176627 -0.47621271154949785
1.6793943826021192 -0.5858067137998297 0.22622278191974043
0.2892922226406771 0.8511774580406122 -0.5128047182328475
0.6726055820295525 1.0413854308551447 0.28291395165850997
2.438110218528525 -0.02848814383010856 -0.46597454092571855
1.6837318556847443 -0.37409861404458544 0.22976758935382247
-0.18508049654575665 0.8547948686870335 -0.54777452490399
-0.34213170957152705 0.8098977441412822 0.2180226133101213
2.3632668002748414 0.142069282410632 -0.46792528173992753
1.6483014514876633 -0.181819519364129 0.23051765420367598
-0.7058612687075634 0.8418144396909952 -0.5865280344254744
-0.7718504043011265 0.8367186777464803 0.19212224938800215
2.289024792133862 0.31287351342028824 -0.4698726846940291
1.5819543623708938 -0.004325637158574924 0.22909048058917403
-1.1768692874687083 0.853638289112469 -0.621192665315367
-1.188199206824713 0.872125192188008 0.16710975625445723
2.1791790924846506 0.4671899813622895 -0.47487089178631425
1.520788581721476 0.17544213454760316 0.22798040368487715
-1.5832857769248037 0.9065931955672819 -0.6503817751176131
-1.6777659571185009 0.8903174369783184 0.13736179330279708
1.9927519910105573 0.5867211217950157 -0.486366005159117
1.4058067333809685 0.33044116872658336 0.22312572457721114
1.521186086853394 0.5881791608885836 -0.5216891481644881
1.2556104132098618 0.4801686203325852 0.2159645841353166
1.1483808421284731 0.6270452064186807 -0.5488960459000838
1.0414225057461 0.5913923716057772 0.20422342278888106
0.6522582150561362 0.6135177748138405 -0.5864631845719588
0.8274087091067415 0.7038384517622287 0.19247367837359786
0.1273850042512663 0.5802976007559488 -0.6266281320817244
0.1973063887314428 0.6236268019533178 0.15200403191974043
-0.3205887037292534 0.5842566924193155 -0.6603157236344588
-0.2692417234399951 0.6192561202688465 0.12277582147052168
-0.750073175477139 0.6098267460604405 -0.692237587190367
-0.7173390224130305 0.6366157547544731 0.09496334054400801
-1.313585161980658 0.5701238124769983 -0.7355758859879744
-1.1804047349323046 0.6399337935150182 0.0659854696028459
2.6483553047919326 0.6321985912051198 -0.8368837549454939
2.631279682702516 0.5821789472782046 -0.8335325433976424
0.8289503297757452 0.7650962391486886 -0.19009658835003496
0.5938580258336152 0.7572507367108292 -0.10799142859051347
0.32169790772670837 0.7572323015330116 -0.012481422639585737
0.026475875113886715 0.7630492636060495 0.0914066121809709
-0.16180763585392022 0.7523003943644047 0.15675523736407637
-0.32218798643255653 0.7378914854174567 0.21205070474078536
-0.4037252941485061 0.7102770847413056 0.23886039712359786
-0.5362650729136345 0.6926362910919113 0.28410222985675215
-0.6410076235075035 0.6706538196069349 0.31928995110919356
-0.7920229244669343 0.658272924985186 0.3712337301008928
-0.9383616366888923 0.6460140065562108 0.4215023801558244
-1.0661654088176284 0.6310620721172353 0.46506836869647383
-1.212404805388143 0.6207275151248499 0.5153367803328264
-1.3124466791063458 0.6018463001174887 0.5488491342299211
-1.4401466007361616 0.5894560660544483 0.5924151227705705
-1.5447669922519633 0.5729998156703444 0.6276028440230119
-1.7184157660423711 0.5722814899612647 0.6879251287214982
-1.7309589395891507 0.5371026068653766 0.689600734495424
-1.7390250760137924 0.5009487334047233 0.689600734495424
-1.603867659535668 0.7886163400208144 -0.514411659455992
-1.756401954752782 0.46692287931531595 0.6929517076246965
-1.773889899765864 0.4329916926447517 0.6963031575911272
-1.8098274549681719 0.40348330830371415 0.7063567922346818
-2.162905905371801 0.7892942344923357 -0.25872728369305253
-1.8275214096305774 0.36980198613009074 0.7097080037825334
-2.2055729226093383 0.7620697088081196 -0.24182292959759355
-1.8361708460558024 0.3339866071173936 0.7097080037825334
-2.2527402062695128 0.736061102187004 -0.2228047563798201
-1.8586658737220763 0.3015921623167528 0.7147348211043107
-2.2911122236019867 0.7084388515355506 -0.20801326773235917
-1.8721216121437063 0.26703181685392385 0.7164106652968156
-2.3162778507728934 0.6781365126323387 -0.19956132910320878
-1.8902607978790247 0.23369719173568715 0.7197618768446672
-2.3415371160188947 0.6479831443551216 -0.191108436799742
-1.903945414384431 0.1992794489306542 0.7214372442000139
-2.34921224321962 0.6139600849774358 -0.191108436799742
-1.913188401448398 0.1637316167127989 0.7214372442000139
-2.3614219646180725 0.5809841588846929 -0.18899557135174394
-1.9316630038560376 0.13063583164088577 0.7247884557478654
-2.373742148297474 0.54806639990526 -0.1868822290665877
-1.945695311610466 0.0964107904398186 0.7264642999403703
-2.38176631593457 0.5141560783823551 -0.1868822290665877
-1.9552971987461536 0.061009489184354226 0.7264642999403703
-2.3722919533631064 0.4760070045709508 -0.19533464453289628
-1.9650248087585744 0.025641428006374145 0.7264642999403703
-2.376165910521113 0.44100932007782534 -0.19744798681805253
-1.9794099401569074 -0.00841955815184292 0.7281399057142961
-2.384563356727604 0.40710856951466035 -0.19744798681805253
-1.9893784240086454 -0.04370311087871004 0.7281399057142961
-2.3930796270711454 0.37323637034734336 -0.19744798681805253
-1.9994704348306804 -0.07895135641852846 0.7281399057142961
-2.397324183903839 0.33826631023351483 -0.19956132910320878
-2.0096857723518973 -0.11416472751274309 0.7281399057142961
-2.406080155479433 0.3044397552334477 -0.19956132910320878
-2.020023306419862 -0.14934112485257156 0.7281399057142961
-2.4061926274430263 0.2683261299045787 -0.20378705999920488
-2.02145880676834 -0.18718725131864122 0.7247884557478654
-2.4195693136908147 0.23570441219436278 -0.20167419455120683
-2.0275431053794275 -0.22369179101893222 0.7231128499739397
-2.419939043882332 0.19957786480959427 -0.20589992544720292
-2.0382627653247702 -0.25880544044830645 0.7231128499739397
-2.429179035129428 0.16583100364690262 -0.20589992544720292
-2.049105487299748 -0.2938825166655201 0.7231128499739397
-2.438536888433031 0.13211629168428285 -0.20589992544720292
-2.0600697084104826 -0.3289207200906801 0.7231128499739397
-2.434931040029678 0.09472908734558372 -0.21223947546551347
-2.06218072554298 -0.36678313282919195 0.7197618768446672
-2.44453746063712 0.06103489931908035 -0.21223947546551347
-2.073400201454316 -0.4017750088277201 0.7197618768446672
-2.4586121633592146 0.028640788826425734 -0.21012661001751542
-2.071307749828316 -0.44111574889858884 0.7147348211043107
-2.472795468599612 -0.0036900904524701517 -0.20801326773235917
-2.0783125340068427 -0.47755343611877965 0.713059215330385
-2.4784016004626945 -0.03854732977819131 -0.21012661001751542
-2.067579542003214 -0.5199570942027143 0.7046814248793352
-2.4797979815399653 -0.07471027648755824 -0.21435281775066972
-2.088257238947973 -0.5519119107666204 0.7080323980086076
-2.494327537572765 -0.10692082176099982 -0.21223947546551347
-2.0778370114384828 -0.5944356200527285 0.6996543691389787
-2.495979885729433 -0.14308926244748799 -0.21646568319866777
-2.4891211181779216 -0.18199327931650666 -0.22491809866497636
-2.4996922803727166 -0.21549660418815142 -0.22491809866497636
-2.497437718203921 -0.25312246506006986 -0.2312576486832869
-2.4910207435709264 -0.2922015181654105 -0.2397095873124373
-2.5019765714853204 -0.3256979148768031 -0.2397095873124373
-2.487251560034565 -0.36774471539190934 -0.2523882105119002
-2.498471873984549 -0.40125317575212005 -0.2523882105119002
-2.505520083190685 -0.4361835460609531 -0.25450107595989824
-2.516979550986015 -0.46962824443592144 -0.25450107595989824
-2.528554491736113 -0.5030323319772578 -0.25450107595989824
-2.4376730894737957 -0.5725485823904868 -0.3052155687577498
-2.381311202032906 -0.6305694784643241 -0.3390252306229842
-2.410502655164505 -0.658301408534391 -0.3305728151566756
-2.422736926518674 -0.6920757846439165 -0.3305728151566756
-2.4308380193476804 -0.7273741537954974 -0.33268568060467363
-2.400843653707639 -0.7768844896753171 -0.3538167192704451
-2.3753205452295294 -0.8250519890644337 -0.37283441565106035
