-0.9009695491622125 -0.6498252240943252 0.5138880873914449
-0.8812285918411931 -0.5478770014552161 0.5106947089429585
-0.8610878774856872 -0.4459159914204278 0.5074975157972066
-0.8584836964924563 -0.3354817880843406 0.5016486312146871
-1.2295409146963578 -0.9434617194381474 0.028850283741542526
-1.0032298396310608 -0.9335109944217734 0.05927344810921831
0.5053348227554295 -0.5524371733571591 0.6786915923352925
-0.8042335471924673 -0.9128006207479871 0.0852577353711812
0.516785222392329 -0.45045288628956826 0.6741401816602437
-0.5738976903388391 -0.90767173680943 0.11640664589364214
0.5463978703169659 -0.35724116746747114 0.6722309256787984
-0.3348623813125755 -0.9081320520048592 0.14902707588631792
0.571923318361371 -0.26186060889532214 0.6696560050245015
-0.13652814261699575 -0.8913917340655502 0.1749932433362691
0.5845488045561069 -0.159789736297828 0.6650921965833394
0.05265457090433756 -0.8717024196517542 0.19947644722420854
0.6019983289290849 -0.05990563169149965 0.6611845160718648
0.21930382185065866 -0.842629391863241 0.22026082527596635
0.6418760675292106 0.028645711358304737 0.660581793903896
0.7340665728511766 -0.9804672126746965 0.2986509467359273
0.7885011109522537 -0.9010735067466662 0.300957884907314
0.8253859526518994 -0.8132946843485733 0.30030700218636674
-0.8353225562028257 -0.7757138081536255 -0.4938896034960063
0.8536981848232585 -0.721273479859331 0.29817410957772417
-0.7398071479833845 -0.7091707904527063 -0.4837692116503032
0.8823564567424711 -0.6293092778299361 0.29603787910897417
-0.4339677252181815 -0.7406892184480327 -0.43448093879263716
-0.16884582099601175 -0.7553713400321662 -0.39270094382803755
1.024665318479876 -0.48772427567409693 0.30578300011117143
0.011158099544687161 -0.7317303738302527 -0.36676195609610396
1.115962893723463 -0.4275079222963676 0.3139726783033101
0.23107514702932974 -0.7283026764866207 -0.33332708823721724
1.158947713113534 -0.34303161437732754 0.3140337134595601
0.44182264024179574 -0.7219802885848878 -0.3015649651293071
1.1846437198210396 -0.24963620143811838 0.3111364508863179
0.6345648099264167 -0.708369150413791 -0.2731421326402934
1.223861165129847 -0.16311733032882714 0.31045123588998
1.2327330792412141 -0.06064277616736646 0.3045913840528218
1.2726240591921822 0.025735287443637844 0.3038971091504781
1.3564663913374915 0.08873139016925435 0.3105833197828023
1.4252778981478542 0.16483282325878434 0.31431266319710893
1.4790189439624157 0.24351300094420836 0.3158204222913472
1.5115433696162626 0.3445316423045597 0.31289502632577104
1.5266572061255346 0.4336513970383109 0.30848475944955034
1.5596798192163135 0.5239038046724218 0.30628701698739214
1.5562095630951802 0.6292812793332132 0.2981774474378316
1.3631476030765128 0.786098772328117 0.19318028938729448
1.857547218874302 -0.41011305138147947 0.06028100502450151
1.9165965725143081 -0.0978367677273333 0.06789037239510698
1.991470828871769 0.2169420745841748 0.07641288292367143
1.9405835206261912 0.5042183316056992 0.07702132713753862
1.8711516857880213 0.7875849563929229 0.07641288292367143
1.8892573290783758 -0.3271217070027781 -0.08340290534537154
1.9681169907330371 -0.010832690134193967 -0.07432344901602583
2.0237915176235646 0.2994819095258734 -0.06680944907706099
1.8950517781107123 0.5702316938104381 -0.07119253623526411
1.7183340405239704 0.8315897758759014 -0.07870653617422896
0.9848882718692806 0.9810006995223013 -0.12191179740469771
2.16746091416843 -0.2944192058134405 -0.21212938773672896
2.2171558812161294 0.014582213640366604 -0.20472792136710005
2.106996457341424 0.2885745817166878 -0.20794609534781294
2.0839823788512035 -0.10279357322975713 -0.3610499237779887
2.041708616058699 0.18629604781557063 -0.35972813117544966
1.9955924474283648 0.4744321397605056 -0.35873678672354536
-0.20730667011405046 0.650162945129086 0.6996433402295796
2.0256108146388954 0.09445944999625056 -0.5084326599840434
0.35577622731354097 -0.22074494684229862 0.5699894095655171
0.29848568719290824 0.07122071944832342 0.5702588225599019
0.23243859098663222 0.36132483762749246 0.5699894095655171
-0.44309175185260585 -0.3611289345919815 0.3756796981092183
-0.4959862761304237 -0.06534117924005756 0.37623569023568315
-0.14863875680455862 0.6185840074145439 0.4029466773267476
0.1563590306407434 -0.8419917872446021 0.2528459693189351
-0.4005041735567545 -0.6581501740485187 0.22386380684334917
-0.4446741411383215 -0.3603744875322157 0.2250115538831441
0.38149163882725645 0.1213726682182319 0.27723618996102495
0.4329301923096409 0.43558240458193964 0.2838365699048726
0.5295461460709419 0.758201173676909 0.293018546223232
