0.25198571848490303 -0.22908118648424036 0.5138664904167101
0.20907959739844273 0.205314838084373 0.5104380312492296
0.1478043639662303 0.637479530606722 0.506387299590294
-2.002087190607 -0.668297360809115 -0.556631499237831
-1.2786261929662572 -0.557891353401823 0.4300876322318956
0.9965086079758905 -0.7343404154993873 -0.29837744802933486
-0.06475283558657452 -0.541505610879609 0.517399376921837
1.9089402063476655 -0.6743879111646116 -0.22111838430863173
0.422748801515354 -0.3989761152068496 0.5506439867546007
2.052564873578106 -0.4754852609366953 -0.2120031651924208
2.074533666968847 -0.2538949641142434 -0.21373980612259658
0.321965754505257 0.7816815262757686 0.5268984499504015
-1.661167691583671 -0.7504931050521986 -0.6559399899910048
-0.340783995717473 -0.7471760241238812 -0.5401596364448622
-0.22268929281159444 -0.5933559264382335 0.3913894358207628
1.0180164647611676 -0.7600433942617766 -0.42083018393021376
0.7256198196495092 -0.5345569706577074 0.4605842295219347
1.944959083749822 -0.7025522982346359 -0.34053795904618056
2.0591101318306215 -0.4981944583766609 -0.33388417334061415
2.1739234171370327 -0.29449865825535326 -0.32722991079788954
-1.4807539927547566 -0.7333741766318216 -0.7581066426704481
-1.0787614188865433 -0.6149183109385756 0.2116561594535753
-0.08222705155004917 -0.7455453751061878 -0.6328210172126845
0.6644494647094987 -0.694841090995773 0.34446198373336046
1.1733196816726945 -0.7414690488224576 -0.5206517514656142
0.9699447799701204 -0.5211331989695793 0.3651290598442003
1.9531938346377729 -0.6578359807850429 -0.45235531897049697
2.0919479582407945 -0.45818904257951765 -0.4433097180793837
0.9903079502675425 -0.775729320196703 -0.6499327954719618
1.8729122709502732 -0.7096431894790491 -0.570643835968788
2.006591830427844 -0.5086916753510611 -0.561885291046913
-0.2811104667314339 -0.8477667056851139 -0.8803500470588759
-0.436827372993136 -0.5865433857872109 -0.8991364774177626
-0.3124304286925508 -0.3753067201068454 -0.8911523160408095
0.6939873858470946 -0.5484846835969055 0.11704785256880967
1.9117267611351991 -0.5575661646365315 -0.6816782292793349
1.3525154258306529 -0.44152728875452496 0.16746336846846788
2.0801121874987984 -0.3635055301863659 -0.6694664296577528
1.4969843060689811 -0.24088860366041231 0.17586666970748155
2.1904378274237217 -0.15907475823948758 -0.6628908452461317
1.5491200500904796 -0.023034769129429478 0.1766663256217882
1.5628998225146091 0.20235407839256148 0.17426545053023546
1.2024428552240423 -0.8689595241700836 -0.8553585347602919
0.7657265428187756 -0.7903159143495486 0.012523716979210064
-0.9530773226130833 -0.07950495316292105 0.7972999277641222
1.516740264725449 -0.6985260792937478 -0.8285703000495985
1.6001775056397562 -0.7138493889225508 0.07875353723067491
-0.8807407351234104 0.1432208650642277 0.7993350687553331
1.7290392861512487 -0.5109580660650881 0.08611208825606553
1.7704525131745896 -0.29200918189523506 0.08611208825606553
-1.8098225766153604 -0.5283592099791541 -0.31749718756180556
-0.08175285125533094 -0.6017086524604682 -0.17387002081375869
-0.7824917018122477 -0.29864298247042065 0.6951299372245714
1.974159567368062 -0.7476261284277399 -0.8963846501777724
1.262771386005781 -0.6165661494486034 -0.06280940145951064
-0.17647580828337084 -0.17632850247602683 0.735139912657921
1.5780425539908407 -0.4474993291629197 -0.03942864508133681
-0.16328956126969274 0.05487855255946528 0.7330527964164659
1.8398839348683822 -0.27017706928954155 -0.02064030737381728
-0.1737498033371594 0.2908828023219616 0.7292257013847276
1.9750539083247176 -0.06974630118397762 -0.012707167572791889
-0.2322844356194338 0.5368001584776998 0.7219191256095812
-0.18232164204758305 0.7616066451212227 0.7222672167350694
-1.9681576675930046 -0.7980130857856143 -0.4451426801155165
1.1093973806969046 -0.8728650034451597 -0.18472474188309462
-0.10666590415178234 -0.6426776172936126 0.6307593050529405
1.7551610386649088 -0.7740888790899803 -0.13187354177933486
0.03034256393688395 -0.4465696887585544 0.6378913584281847
1.7907537473344135 -0.5543117860217723 -0.13229983419876845
0.17983415207952191 -0.24184894445335736 0.6457367601921007
1.9543624653488294 -0.3588694903385985 -0.12164443106156142
0.19770113171577464 -0.012823873787448647 0.6439543428947374
0.21638498765774727 0.2162232409038065 0.6421709719230577
0.1478103185828985 0.4627073848789074 0.6339684191276476
0.14863280728690142 0.6960337425034524 0.6307593050529405
