1.9156109056950044 -0.35543392132200324 0.1635475233630892
1.95727659644281 -0.06634765329727799 0.17169190202519857
1.9850975826800976 0.2212535242869791 0.17838383470342123
1.8600914969590008 0.4976940733027746 0.169988639696097
2.01778540684883 -0.37364521710046006 0.015323646409964198
1.99490487780497 -0.0899287751547817 0.017132766588186854
1.968046689826906 0.19349257083565874 0.018455512865042323
1.922349235386136 0.47561161557298703 0.01780224595830404
1.381341648786119 0.7243821760851858 -0.032476417676949865
1.991727177271784 -0.6024270804906706 -0.13427066053583658
1.9482215214867296 -0.32022164186545865 -0.13449095930292643
1.3721309207031283 0.783189719202106 -0.17717742170527018
2.1532687555681207 -0.3871931468730736 -0.25820826734736
2.1005853913021895 -0.10627125946295024 -0.2594880982799772
2.19268600161719 0.1857178328119673 -0.24585055555536783
-0.10568298555324418 0.020565582849371822 0.707835204942679
0.0496158258585524 -0.05338081740730871 0.5592126921252962
0.3329183393335029 -0.6126420634058078 0.4308385923938509
-0.10261597130059386 -0.3558004180312935 0.3943328932361361
1.1406993066450042 0.07671460734697888 0.36976052079961264
1.1243722845256912 0.36382331006081614 0.3720769957141634
1.099119866669298 0.6502974221801452 0.3734645918445345
1.35963122477186 -0.8403558438606566 0.23275280748174154
1.6475324762105288 -0.5283178862159161 0.264771468980765
1.7084462136243133 -0.23659162009213475 0.2747345045642611
1.6463610460404539 0.04515840864924314 0.2727212980823275
1.5455525004280588 0.3243748803446991 0.26688671861455404
