-2.401398720661568 -0.2870773502426722 0.8755717501321056
-2.347566838399409 -0.2905202488948433 0.8807454332986095
-2.2862079473232413 -0.31214629334535005 0.8903186545052746
-2.2345131621695202 -0.31156130248371383 0.894390128580592
-2.535801252037288 -0.5919925788540432 0.30397727343227654
-2.169760293921385 -0.34270223337049543 0.9061627611794689
-2.127586419756504 -0.32002630484662475 0.9047293886819103
-2.0650543189092616 -0.34716683172445784 0.915400289026759
-2.26582602875191 -0.852005825231462 0.3973405584969738
-2.015556520208044 -0.34293363872009053 0.9183664545693615
-2.206185865299652 -0.8733108685823012 0.40882136675503045
-1.9679056270864308 -0.3343641772531498 0.9202294573464611
-2.1544325006037823 -0.8771725454689054 0.41506221148159295
-1.9184595566464964 -0.3305024252907707 0.9231920466103771
-2.100864971764551 -0.8856835188093122 0.4226114973702648
-1.8708267177227142 -0.32229890844248743 0.9250512346902111
-2.0493113481045597 -0.8899788243443965 0.4288499579110363
-1.826727557499467 -0.30517546140771756 0.9247064814248303
-1.997847071817688 -0.8944892265714302 0.4350874647774914
-1.7790703358207125 -0.2973119482717017 0.9265620932259777
-1.9520475498855916 -0.8858451275338588 0.4373920187630871
-1.7279553025775343 -0.29874547497423265 0.9306183085122326
-1.902564885596803 -0.886295347065932 0.44231583925869256
-1.6786245509111737 -0.29581868297391267 0.9335715994515636
-1.856798536414928 -0.8780092889973012 0.44461753222133904
-1.6327303206394106 -0.2839370881928218 0.9343204722085217
-1.8110372625071136 -0.8698986439618146 0.4469168409981945
-1.586811958269287 -0.27221922485119165 0.9350667223611095
-1.7563016093355799 -0.8843536128369962 0.4557688460030773
-1.5408692063677094 -0.2606719651722855 0.9358108267464855
-1.7070638848000712 -0.885585364991293 0.46068694445278435
-1.488291042810637 -0.26764352322919294 0.9409611448922375
-1.6649490137061917 -0.8690502718154853 0.460359834162257
-1.4390940784884805 -0.26563914866346394 0.9439060911813
-1.6210286544178913 -0.8571589769760344 0.46134164187099724
-1.3931780635101418 -0.2546217355353164 0.9446449503579357
-1.57188475749944 -0.858938440751011 0.46625544878628045
-1.3472379164334285 -0.24376805384662248 0.9453814253487804
-1.5279582265937037 -0.8473814793196333 0.46723248812343865
-1.3012756131707732 -0.23308188323547796 0.9461157545724133
-1.4772040221088147 -0.8540492125997723 0.4734547362008312
-1.2537206082844108 -0.2271814136465693 0.947950862375758
-1.4248689680865354 -0.8654406247059327 0.480987332788966
-1.204622296196753 -0.22607643600747096 0.9508872255959728
-1.3776760283003853 -0.8634695002067119 0.48458411547329217
-1.160189325361614 -0.2112787310018014 0.9505129084267834
-1.33383010220777 -0.8526153911328471 0.48555543276455193
-1.1157018983829232 -0.19663462213448923 0.9501362070718029
-1.2866843370514616 -0.8509959502454656 0.4891484007516125
-1.069658536429145 -0.18678394405824505 0.9508605227151135
-1.236340099395285 -0.8586467371917621 0.4953644499459484
-1.0221052839044376 -0.18174112657840524 0.9526860937752941
-1.1860994684249277 -0.8664993912496257 0.5015800223031261
-0.978992476542139 -0.16293257346559642 0.9511993155160168
-1.1630046830459975 -0.7971205145809677 0.48548247667934685
-0.9314243764510621 -0.15822958751126848 0.9530210718789318
-1.0812185001246561 -0.8964939241919687 0.5179445967354992
-0.8867556408901436 -0.14438386523906033 0.9526334032693127
-1.051610799495947 -0.8456141027466302 0.5070927366891125
-0.8420355417708478 -0.13069397245072523 0.9522435888924816
-1.0047292285157141 -0.8450818353832723 0.5106771216073254
-0.7972724976090362 -0.11716128325208786 0.9518513903298595
-0.9548398052556877 -0.8538751095427024 0.5168860182442883
-0.747429867189858 -0.11246732216201138 0.9536454901375988
-0.9074835116728934 -0.8484357574953663 0.5191371664681652
-0.7048437218428347 -0.09992088024862511 0.9532687887826183
-0.8664754282913023 -0.8452304797456058 0.5214402899422863
-0.6586115191364854 -0.09155014079049906 0.953974507776759
-0.829499371012723 -0.8079876570643805 0.5144942030587414
-0.6123666954328044 -0.0833467402231669 0.9546783194222668
-0.7695612537514549 -0.8496825682283742 0.5298922285714367
-0.5647806958489383 -0.07999775274608822 0.9564848169961193
-0.7273218685995673 -0.8364148736920072 0.5295274481454113
-0.5198405591392969 -0.06743353724501588 0.9560799822488049
-0.6793119421921574 -0.8417259223524844 0.5344159826913097
-0.47485438480195086 -0.055024291988132745 0.9556725248971203
-1.0714179602780192 0.5871494607940981 0.13066937777187615
-0.42854782344100073 -0.047479767309361876 0.9563684687295178
-0.5863433485076683 -0.8436725877616027 0.5415613875069836
-0.3834956886355201 -0.03538991078904985 0.9559569582619885
-0.5427018988932915 -0.8356694080604399 0.542503617731593
-0.3396485859631042 -0.018744931499618644 0.9544375166573742
-0.49494678841307405 -0.8416961875088376 0.5473869070687511
-0.2957270975302393 -0.0022485667913834106 0.9529154524483898
-0.4513333561108581 -0.8340190931925235 0.5483262762704113
-0.2541612036670031 0.02354324741580882 0.9491794333138683
-0.4090396390263962 -0.8218626376674969 0.5479486212411144
-0.20886066280903037 0.03502198246048138 0.9487581476845959
-0.36538489999703216 -0.8144968562512886 0.548884175745509
-0.16824828211181142 0.06526823145528482 0.9439096674599865
-0.33084167860251057 -0.7747713493131272 0.5406129583993176
-0.12280317899084991 0.07644905028464422 0.9434833750405529
-0.2677669768068469 -0.8374247456614938 0.5612695440926769
-0.07731822341255423 0.0874704321788009 0.9430549368539074
-0.2242182618543751 -0.8305637240469821 0.5622003302254894
-0.0306681084879159 0.09358792809041816 0.9437308535256603
-0.18066165002866796 -0.823856983929641 0.5631296858468273
0.009297249020079335 0.1280205833064123 0.9377641901650646
-0.13833464052481048 -0.8126458026309855 0.5627410635628918
0.054960434148348725 0.13858014535904317 0.937328361002467
-0.0959682934297561 -0.8015803138209954 0.5623510107674816
0.09632812371660293 0.16799551359087062 0.9324617609658459
-0.41319417697207683 -0.9556900570739906 -0.2614104523978016
-0.052360502091232775 -0.7953353884628314 0.5632741675057629
0.13999779062123707 0.18776615424416931 0.9298062548318127
-0.3687408080804815 -0.9527988054725895 -0.25856421140048713
-0.007558427586140226 -0.7939239100692532 0.5655114874520519
0.18167085349350742 0.21691504020216001 0.9249332174935558
-0.3243087496880719 -0.9500735169620391 -0.2557194009146473
0.039560920076809225 -0.8020284776781423 0.5703799948373058
0.22144498450550998 0.2554632996126003 0.917841695276759
-0.2798971425551855 -0.9475088656116455 -0.25287649777744026
0.26348235029283984 0.2843553220375874 0.9129607901253918
-0.23425078782710784 -0.949670799932786 -0.24842426923129768
-0.024910266605509435 -0.16729387671951557 0.3971293196358898
0.3076906046141019 0.3035691200896906 0.9102933630624035
-0.19114765240868792 -0.9428704077733805 -0.24719450620029182
0.01295700734110028 -0.12848989470698768 0.3888080343880871
0.3480633761029708 0.3417380093967175 0.9031899199166515
-0.14557870941519013 -0.9453682184069478 -0.24274513867709846
0.06102524576535018 -0.13205076486091727 0.3923332914986828
-0.10127785725973837 -0.9434646695141673 -0.23990795758578987
0.11884929705892944 -0.17807680368347434 0.40770890566494256
-0.05820463490194072 -0.9371375998267553 -0.23868343976352424
0.1150705477743017 0.04368055446914809 0.34801461550380974
-0.011578004132339004 -0.9447227802301157 -0.23262665418002815
0.16147108915021846 0.04914021777744537 0.3488958105721691
0.03262893685385393 -0.9433081855337448 -0.22979376462314338
0.20787780892004548 0.054434947727205696 0.3497746214547375
0.07680589139192051 -0.9420540558107753 -0.22696182874057502
0.11982058834679776 -0.9363691920846158 -0.22574398663852424
0.16060449725897996 -0.9216398914309814 -0.227750517400243
0.5237640343061756 -0.7708327095402261 0.5869786963143566
0.21137413057006427 -0.9484756805487642 -0.21525213864658088
0.5701782115603393 -0.7809710803700725 0.5918333754220226
0.24997389087385358 -0.9248447150578833 -0.22048638013217658
0.6107320339809661 -0.7629259277523417 0.5887782797494152
0.2983367997723718 -0.9428289975895083 -0.2112133279166004
0.6513787976731251 -0.7450159896427806 0.5857203230538586
0.33810876383252975 -0.9240921254594774 -0.21483967450473518
0.6884161680714911 -0.7083076557783095 0.5773861632027844
0.3862783776868355 -0.9424277421470713 -0.20556900647495002
0.7011027536167944 -0.5438317104496022 0.5334437117257336
0.4271375011050722 -0.9286040303668877 -0.20758650449130744
0.7452927650079388 -0.5404389485714027 0.5343282446542004
0.47409270796564584 -0.9426712669966832 -0.19992897656772346
0.7894811380837083 -0.5372002960036077 0.5352113470711926
0.5159738759605901 -0.9337748009981652 -0.20033714917514533
0.8216084219039104 -0.4676884597276967 0.5176251158395031
0.5588545879727675 -0.9296571400809874 -0.19913456586215705
0.8592641174347904 -0.42674102602482833 0.5079481825509289
0.6007765478286871 -0.9210582425360379 -0.19954655316684455
0.8938626917004768 -0.3668998667044079 0.49298837038662224
0.6483772727852326 -0.9404305097936749 -0.19028017667148323
0.9320959881950444 -0.32616583831999435 0.48330237719204217
0.6902664912048948 -0.9321446402399474 -0.19069502499911994
0.9642295656814497 -0.24749506045460024 0.46305253359463006
0.7339976008457967 -0.9332899258418905 -0.18788454678867073
1.0023336748173861 -0.2022100756655547 0.45203616472866326
0.7776945147806344 -0.9345963634701491 -0.18507549908969612
1.0353955957815444 -0.12370409624247358 0.43177344652797967
0.8196015830231929 -0.9267587347216981 -0.18549559262607307
1.072702729230663 -0.06909915614206952 0.4181058630624035
0.8623925694064312 -0.923722241121407 -0.18430349973056526
1.1009004703293854 0.047372386631561625 0.3872649893441418
0.9051808008015385 -0.9208383105389366 -0.18311283734653205
1.1327292392652168 0.14472236696973084 0.3616979345956066
0.9471332077600607 -0.9134478928634415 -0.18353865292880744
1.1679945509336704 0.22291385450764878 0.3414051756539562
0.9899221143492838 -0.9108646216256027 -0.18235180524203987
1.2119226547697508 0.24372751494690448 0.3369581923165539
1.034296404859056 -0.9177612879945549 -0.17793581631992073
1.2632517422108904 0.21184921717968663 0.34704139086391717
1.0770408014778994 -0.9154877799759973 -0.17675182965610237
1.3194992816154567 0.1415457746482396 0.3676960692086437
1.1205375125688235 -0.9180351594534066 -0.17395422604892463
1.363293872481563 0.16185364555349224 0.36324479433681756
1.1625000260284821 -0.9113950160336479 -0.17438814786288948
1.4059830149951864 0.1915763206488812 0.35614707323696404
1.2044828067020887 -0.90490022072904 -0.17482397702548713
1.4488604506664657 0.2211620593685275 0.3490455374398449
1.2472032981615655 -0.9032321537172372 -0.1736461892447254
1.4930801562541802 0.24103112246963576 0.34458424898769646
1.2843289805778326 -0.8642743762737339 -0.18539736417148323
1.5385428280473263 0.25117767254359435 0.34276463839199334
1.2650871328313613 -0.43681336929163805 -0.33129189160678596
1.5824185871815146 0.2755367097501349 0.3369753584542492
1.3120520035608578 -0.4541062512727372 -0.3236706033072254
1.626978105659468 0.2949547702813824 0.3325050100960949
1.673188263919016 0.29984404752866567 0.332000516382716
1.4422765742295525 -0.7611767115501316 -0.21466229108188362
1.7179338354326745 0.3189588642198018 0.32752444597866326
1.4897177017780052 -0.7931900645786705 -0.20218060162875862
1.7632703051825516 0.33312446129477635 0.324368737665675
1.5333146017718775 -0.7972249385621559 -0.1994001641592762
1.8059183082183594 0.375929082653375 0.31326987597133904
1.578029400622917 -0.810809140802796 -0.19338677075717658
1.8510735315277316 0.39459392481284894 0.30878426882412224
1.6192276922313695 -0.7963734720249107 -0.19707749036166877
1.896345748043018 0.4131032784737343 0.3042958006539562
1.6610593224170955 -0.7867763819320359 -0.19915316251132698
1.9400823579302582 0.45067346346805337 0.2945077643075207
1.7007986806426914 -0.7585204626965947 -0.2077023759207508
1.9856474904684305 0.46888145887259114 0.2900121435799816
1.7318946131524626 -0.65045375232582 -0.2437584176382801
2.0290571840630136 0.5157722675959135 0.27756717058803826
1.7587017583586118 -0.4954185590150253 -0.2960054650625965
2.0742269355088894 0.5432914401753877 0.2704150900521496
1.8361640248342823 -0.8204197766077073 -0.18320486691806526
2.119921353736842 0.5658488539994657 0.2645843252816418
1.8850404265761256 -0.8821841996533095 -0.16101334241245002
2.1644476579421053 0.6074925116442671 0.2534497008004406
1.9271230111203934 -0.8782123695292476 -0.16147825864169807
1.9683414423435934 -0.86496439176425 -0.16518232968661994
2.010483631692999 -0.8612836022440007 -0.16565106061313362
2.0518292732812995 -0.8483225444594353 -0.16935990002963752
2.094032184108599 -0.8449343418355753 -0.16983244565341682
2.1354997101313202 -0.8322593447917619 -0.17354557660434455
2.17775269057514 -0.8291620105849553 -0.17402241376254768
2.2183260091365113 -0.8026212572632048 -0.1826007142386219
2.2597153635972447 -0.7856549037006353 -0.1879417672476551
2.2996828506416094 -0.7452307096883537 -0.20138714459750862
2.3387657749901862 -0.6860542727487058 -0.22131893781039924
2.3790364747342707 -0.6032740652264366 -0.24938509610507698
2.4153151088937435 -0.5161257194443678 -0.27903101590488166
2.453380500991976 -0.4100864188929272 -0.31519339230869026
2.3889501330672545 -0.8980781385471488 -0.7009541764578602
2.5527438911696763 -0.6174226538525645 -0.6796862855276844
1.7971899925883577 -0.8675234577610667 0.11270596834804802
2.4195219717858123 -0.435728211756814 -0.685763098271825
1.762557045075198 -0.6506518678080049 0.11526324602749138
2.4764436937681396 -0.1920461118512442 -0.6744777932486317
1.9327465154410248 -0.36781505495063627 0.1335289702096203
2.429971354672084 0.017658920798897526 -0.6727416291556141
1.9711840275317414 -0.12889414380160602 0.14156606051113396
2.41749275460365 0.2379495813045125 -0.6679670586905262
1.9725256068404846 0.09752082367251091 0.14668061587002068
2.3773167134019673 0.44921126193494487 -0.6657969727835438
1.9318897911684232 0.31034440489885995 0.14850737902309685
2.323622339993328 0.6561264650185734 -0.6649286523184559
1.8586567706980617 0.5129485913560998 0.14777686449672967
2.2706559977140444 0.8631933430803791 -0.6640608086905262
1.7908969360925795 0.7172914005588389 0.14741160723354607
-1.0891516003874955 -0.14677932533919247 0.8335328325906017
2.2661344397329657 1.0847413002569795 -0.6588523164114735
1.4468357740642332 0.8387004008520442 0.12585761400844842
-1.1400898491102964 0.07361217713420842 0.8344197497048595
2.1831522009820006 -0.8181081002058441 0.032382272211573415
2.1386959906690777 -0.7760693386848061 -0.8377368226370594
1.0828648016946474 0.9563514407055109 -0.7608515992483875
0.7825900307239735 0.8673179555363362 0.07982709261562615
-1.285947201910659 0.26577281781985107 0.8293936476388195
2.3002513227986796 -0.5527543068658289 0.04696919771816521
2.0901341219842706 -0.5650476782472893 -0.8359625115713856
-0.006603789216562461 0.8639371280782626 0.024297975031397634
-1.5174545239100325 0.433495515683596 0.8190453276314953
2.3378703227730213 -0.3146221212181963 0.05519749972011834
2.0375896629964174 -0.35545046824488935 -0.8346316590628406
-1.1927122203979437 0.7513825070264915 -0.9561702981314442
-0.8971471224448919 0.8367795772947879 -0.03890249875400276
2.3716889939831134 -0.07851210402006004 0.06305196139004021
0.14108310434953353 -0.7823807586202172 0.7803919539132336
-1.6093234904048828 0.8667540779272862 -0.9882890954336903
-1.7742218023551573 0.8197320592614687 -0.10100672391269416
2.3779255721740427 0.14808993544436433 0.06866242739345818
0.11640309294348583 -0.5570204939300147 0.7831313833871105
2.3279320329966353 0.35654608424401957 0.06978442522671013
0.04491850323227453 -0.34662723942456 0.7828269228615978
1.998554785175024 0.3097273622783234 -0.8199927583060047
2.2643919873603906 0.5607012850348809 0.06978442522671013
0.06000047237020567 -0.10944251762496648 0.788001321283839
1.8872591907507612 0.5003627071728438 -0.8244287743887684
2.1538789332671726 0.7505136511220165 0.06604459139492302
0.042577569398297044 0.11720599669385479 0.7910449728646496
1.7813515774651307 0.6930045227219459 -0.8284213319144031
1.8959962947408542 0.8962411683931002 0.05070903154995232
-0.0026717035513144083 0.33510179925655237 0.7922623381295422
1.7046775202478983 0.8947635646341787 -0.8297517075857899
2.253981427871146 -0.7367374033512988 -0.06882069257114143
2.020480052368427 -0.7686000119940211 -0.9563495889029285
1.2800328784123636 0.9368086008472254 0.007322572199366384
-0.17150932509817096 0.5160735066348892 0.7855661139168957
2.4092986087520885 -0.45938247526741804 -0.05083248761508674
1.5459579242823622 -0.696374000881022 -0.9952471032461903
0.4675187634490072 0.9237978151969877 -0.051398970159032054
-0.8377961802064959 0.55166798538583 0.747215531794093
2.395082732325136 -0.2386148136856292 -0.04662249234531135
-0.42241974867388876 0.8940044029328043 -0.11610529569003791
-1.6962981305165243 0.536085911030959 0.6966893896737316
2.438674659138343 0.00023819997502982915 -0.03781960156772346
0.5153167115417503 -0.6032982994403326 0.6946733221688488
2.426182057190289 0.22053521783775665 -0.03360960629794807
0.5293310364932324 -0.3672610226934303 0.699995540110133
2.38120279426996 0.43029035791551706 -0.032078482182957835
0.5633149482372986 -0.12561338289082613 0.7065701708474377
2.3083874556906565 0.6313257732476849 -0.032844282659032054
0.5457881235465791 0.09940023611860482 0.7097010836281994
2.1361247468570994 0.8021518260144767 -0.04164669659946174
0.4861352226828046 0.3112303406679402 0.7100141272225597
1.920640955494754 0.7814304155144178 -0.9224273934683582
2.37475648108056 -0.933462251755607 -0.16209767011020393
1.9118119057559042 0.9581658750301436 -0.05465958264682502
0.42723097131232635 0.5232552425070729 0.7103274092354992
1.8204286623995145 0.9755618990080457 -0.9260461106619617
2.3161718498549817 -0.7263236779320685 -0.1613166108450672
1.2625469983311746 0.9892545936418102 -0.10173485425327033
2.2535871059358357 -0.5205657434849833 -0.16092608121249885
0.3974898467730483 0.9615605061459078 -0.16603253033969612
2.3197713463124074 -0.27314020428231345 -0.14999029782626838
0.5390888293586045 -0.8498416088890579 0.5804503187813976
2.5009076648500255 0.01005215130348347 -0.12968132642123908
0.5521354698529208 -0.6135785412359525 0.5859210714974621
-1.7571585006541142 0.8032126383572269 -0.328308321507909
2.445658610830499 0.21661160775181543 -0.12890026715610237
0.6326960751084627 -0.35658969013613984 0.5958965048470715
2.3863883142755284 0.4218457469833794 -0.128509737523534
0.6524065523841642 -0.11973501971219136 0.6016886458077648
2.308789168728339 0.6213933477665883 -0.12968132642123908
0.5919854100072612 0.09174497631785172 0.6020105108895519
2.079276361883707 0.774762661826589 -0.14335081723544807
0.5227514048059945 0.30050736465506134 0.6016886458077648
0.511592251348894 0.5267833262690331 0.6052282080331066
2.2410292885388756 -0.8181803402133987 -0.2882992997488758
1.004950308973001 0.9025408347762287 -0.22107145932529182
2.1781231935236534 -0.6121533457734643 -0.2878997102103016
2.1775587580655227 -0.38590082989042784 -0.2822978272757313
-1.9132634892606788 0.5109654844675688 0.45495202395107537
2.3391986519545966 -0.10806183552286797 -0.2630917802176258
0.5978874833752883 -0.6673155791278127 0.47693803164150506
-1.785096081866854 0.7845405788430213 -0.4335343613943836
2.2787901609966426 0.09756904773348651 -0.2626917138418934
0.01244935490306176 -0.6215893666564156 0.44091346117641717
2.209586500097494 0.30040569741458967 -0.2630917802176258
2.3458106066018374 0.5668967641718368 -0.24628660825107307
2.1924454177304042 0.7432930204340096 -0.2538888230643055
0.6583032890748157 0.27410164885052524 0.49941184374477654
2.087316730548018 0.9349539682272159 -0.2574898972830555
0.5276217495241085 0.46389592314612926 0.4947850927987316
2.425973828795115 -0.9820290270392711 -0.38650868085239143
2.0066967220771588 1.134253946575427 -0.2590906396231434
0.23020340749868495 0.6044770472137273 0.4785907492318371
2.485425145454684 -0.7357249354640807 -0.3754703774771473
1.0374725370269573 1.0720763406488985 -0.3351142182669422
0.13882157646653326 0.8074982439735443 0.4766075834908703
0.6882072381536304 -0.9384477516040945 0.36634137484218865
2.526944951023367 -0.49630264787336387 -0.36606762555453987
0.09582215638640434 1.0248001973350647 -0.4087373986563465
0.7056207014829425 -0.7010121154917179 0.37244727465297967
2.5457356139227656 -0.26510703623320353 -0.35870859769199104
-0.8037575909910686 0.9962575698970966 -0.4787595048270008
-0.12212103652628059 -0.7333929987058454 0.3181741461434582
2.5511879728085063 -0.03885252756905189 -0.35257647183749885
-1.675484807249461 0.9819307188724906 -0.5463807359061024
2.5147681579970254 0.17357367109592303 -0.350123621495702
2.4743630882230434 0.3845334989332265 -0.3480794205984852
2.368078529542082 0.5749150587139802 -0.3517586961111805
2.3052997476199977 0.7789283178543087 -0.3517586961111805
2.346307398301427 -0.7469097383731054 -0.49474070218417854
0.4662212516175188 0.6071764604086134 0.3833015188851574
1.937926976682462 0.8909559619122227 -0.37792370465610237
0.6932653380744114 -1.12149432886169 0.25191333147671013
2.4209250066474226 -0.4961889667963 -0.48221514371249885
0.6571150918463502 0.8927687178536026 0.4012797102608898
0.9880224127412305 0.8315878028388752 -0.4539649262747547
0.5866286063996498 -0.9239725257129585 0.2491300329842785
2.4539329293922734 -0.2600574415004786 -0.4734470620474598
0.6385588833928253 1.1153308878679873 0.4043324217477062
-0.039491899095281724 0.7561172018452176 -0.5365469231924793
0.23847241449379197 -0.8038127299261326 0.22860314699795037
2.378754050708828 -0.05937842766832446 -0.47428200391147346
-0.9342561560603357 0.7265490475988301 -0.6076819672903797
-0.10958361330785493 -0.6814655127564855 0.20807578417446404
2.2995094364607382 0.14008900585161754 -0.47553465512607307
-1.8203773950449715 0.7057587688507461 -0.6779997124991199
2.4064036222193934 0.3979155571302506 -0.46050379422519416
2.352525241686763 0.604740226168726 -0.4596688523611805
2.261258470769093 0.8000829229645241 -0.4621741547903797
0.7482641482155685 0.5099029195101679 0.28983571383144646
2.184954586604256 1.000156539836933 -0.4634263291678211
2.359655348361599 -1.0248045254413505 -0.6093847527823231
0.709166836682769 0.7267078557787272 0.29157521578457146
1.5649282292044475 1.0385050972503862 -0.5122763886770985
2.423635870601508 -0.7766600646068831 -0.5974504723868153
0.6564951052605608 0.939335201377979 0.2922709211983898
0.7341243250775733 1.0191607527377755 -0.5794975533804676
2.5454132833989007 -0.5105063610157003 -0.5804021134695789
1.1375490981180931 -0.9625397757673646 0.17473485323574334
0.5902076404453211 1.1479268691584927 0.29192283007290154
-0.23151407230293586 0.9665413925903827 -0.6584088578543446
2.4883204976300135 -0.3040196762706131 -0.5795495286307117
1.3824299627893524 -0.6524246397038063 0.19827105852749138
-0.980685760256641 0.9244014010176826 0.18233086916591912
-1.164708794340001 0.9300487876262338 -0.7343971505484364
2.431956344797065 -0.09736911839339868 -0.5786974206290028
1.4483211279686614 -0.4022345693031717 0.20825650545742302
-1.9108038963180078 0.8939043351910101 0.11935880037929802
-1.8831222652202158 0.9608150448890704 -0.7915975823721668
2.5187657424240797 0.15470035269089166 -0.5650584473929188
1.434422355028218 -0.1784005389773391 0.21217944475796013
2.5020494888570255 0.37311180427105484 -0.5607964768728992
1.435642796249489 0.049778530413085775 0.21717192980434685
2.419534745239531 0.5707611528574184 -0.5625011697134754
1.3758034493877105 0.25853075003498205 0.2175286039986828
2.3138711040441393 0.7614687743054134 -0.5663368478140614
1.307150895328057 0.46454629158681016 0.21717192980434685
1.7844289687645016 0.8243554114666836 -0.6081058755240223
1.0816799347487631 0.6232130611384079 0.2050469145455578
0.9444334600092859 0.7980744510618116 -0.677579618962743
0.7084438572547924 0.7390268418719366 0.18186690661098748
-0.020689277358677316 0.7408185599983064 -0.7581341042837879
-0.22444039147792694 0.6923241776723756 0.11696269365932732
-1.0873865505501783 0.6608468524887918 -0.8476397767386219
-1.1296251700343731 0.6602772894447071 0.05419804903652459
-1.5520572590388468 0.7613992159815908 -0.8834416642508289
