1.9485565940298528 0.788258568008867 -0.37395753768430406
1.7682839982871457 0.7031065878600735 -0.36835756209836656
1.466779222955651 0.7377752865208826 -0.3503307333324974
1.1599310308384503 0.7672979664516455 -0.33232202437864
0.9020853704969909 0.7553249022745683 -0.31906976607785875
0.5978645939099749 0.7747779887713371 -0.3018192282055443
0.3224656500637195 0.7825028853404943 -0.28675355819211656
0.04758853402820762 0.791723412740637 -0.2716945638989037
-0.18273301583913337 0.7619191977266637 -0.26102723983274156
-0.00973702823536371 0.6010806679929175 0.4289260873462135
2.0296348996973848 0.7407684387241682 -0.48203315642820055
-0.46401096004683495 0.7807576850518685 -0.24524869826780016
1.7554032890340636 0.7374097422328241 -0.4669074049328392
-0.6863616941465409 0.7466986760649732 -0.23532619384275133
1.4442433191258885 0.7685266316416932 -0.44803848174558336
-0.8721630575476809 0.6796193052501618 -0.2290667524670189
1.156143068167566 0.7815264351866658 -0.4314259519909447
-0.9638142454345058 0.5224730615035602 0.4659381875659401
0.8983444947128447 0.769525694887796 -0.4178194036816185
-1.1319720798831696 0.43963182532991585 0.46945962997927015
0.5964739521068765 0.7989430109671618 -0.3997196188305443
-1.2354570185315055 0.2953388645088584 0.46762905212892836
0.3322154535910329 0.7965516996527122 -0.3853758802746361
-1.274893176087133 0.0889145904647286 0.46044311615480726
0.04631487143424806 0.8157467440477038 -0.368788146052224
-1.286713322973597 -0.145517892387792 0.45087156387819594
-0.18393809334445166 0.7858972722742221 -0.3578337660168236
-0.4688135577765138 0.8080567709405058 -0.34125842956052477
-0.7056783183800377 0.7875672806694203 -0.32956638244138414
1.648101929766753 0.5861331330575696 0.17355737778200453
-2.0582769703676576 -0.12426429081906676 -0.21034946349607164
1.4518320338878965 0.7121239901192 -0.5427445402477806
-0.8913473020362375 0.7205380455744121 -0.323133849177224
1.3615120317227252 0.6086346387911545 0.18775329681886976
-2.1931426963367073 -0.22420056297429714 -0.2088946333263939
1.1994854057411857 0.7054607493213272 -0.5287984838818138
-1.0251245376579163 0.6758921419729758 0.38692722412599867
-1.1664544051968733 0.7630059516987906 -0.3061675062511986
0.876022037318009 0.7988461817782997 0.2182613382007057
-2.148291100937058 -0.5173511836059541 -0.22686471847043688
0.8969301076805749 0.7332692843967932 -0.510267638239724
-1.1493983202738605 0.5519435614827799 0.3868990907336647
0.7372371852042647 0.6815211654893032 0.21955595108522719
0.6135678125349955 0.7460808603696778 -0.49366083053098375
-1.2668870042924425 0.4215419892585608 0.38625106903566664
0.4650160022419243 0.6854059606481364 0.23214969727052992
0.3307516266512778 0.7604467296969273 -0.47706022170530016
-1.384836115856885 0.29153589492365484 0.38559446426882094
0.19832203645535174 0.6740826585940258 0.24378070923342054
0.046177357148152964 0.7664299930801128 -0.4608654013012474
-1.4796682218095611 0.11457367946899044 0.3818360337878639
-0.10232507115632927 0.7079443853819347 0.25887498947634047
-0.22082256917732934 0.7704204044513969 -0.4458126058910912
-0.3656570024730996 0.7095823181267358 0.27082214447511976
-0.49100628621025066 0.7792359847983228 -0.43038263228879625
1.788845891551503 0.7164064681785742 0.09004650208010023
-0.6467763113981562 0.7296502727572358 0.2843342790271217
-0.7205847928966449 0.752093507629894 -0.41918125060544664
1.4736812510909374 0.7507752526722409 0.10652933212770765
-2.147080305492551 -0.012645034492074103 -0.29633321670041735
-0.8327147523115741 0.6624339046839447 0.2896696099902565
-1.0406997617228058 0.8115130734907599 -0.3983887663219994
1.2077436887414308 0.7438599689342222 0.11882124039186781
-2.1220454868529544 -0.28414919975855213 -0.3124979963635033
-1.033184652270151 0.6098152922143703 0.29625520798219984
-1.178960489274445 0.7013514394210096 -0.39679756072507555
0.8975982099062634 0.7782776174979995 0.13496933075441664
-1.2841487137183663 0.6063508140807565 0.3072339067126686
0.6771645902174726 0.7343291609728437 0.1433850297595436
-1.4950867686057876 0.5662241469582643 0.31474886032594984
0.3718730850080476 0.7685787770697439 0.15919838043703383
-1.6125325737079947 0.43701809533264147 0.3140831956530983
0.10045197536402384 0.7742406827301682 0.17210826965822523
-1.7304428968390368 0.30820003644267846 0.31340894791139906
-0.15944603022511217 0.7712550268914131 0.18404588791384047
-0.3822945721311868 0.7357728011984079 0.19275722595705336
-0.6208996264283968 0.7301210787836618 -0.5145849218700951
-0.6523649950318458 0.7456423841739808 0.20564851852907484
1.6877384533835453 0.6338537600817977 -0.009599589381081408
-2.1097769041457326 -0.10013131908890749 -0.3908823957775658
-0.8794611229670863 0.7309756360560291 -0.4999865522717064
-0.8819144546571636 0.7194210913866348 0.21499023529543226
1.3615253488529504 0.6789553141704259 0.008370018925803357
-2.0831722981922667 -0.3265211197119564 0.2996169099475319
-1.9055002149609095 -0.5517530916886306 -0.42701187041745836
-1.1448182934604745 0.7400639309960866 -0.4846085539196556
-1.1148107170246817 0.6978049378140074 0.22464857193483656
1.0658897299218921 0.6993546889112334 0.023681736912863904
-2.0490951640715593 -0.6095475161387274 0.28505573364748304
-1.3401874074376678 0.6705106006435395 0.2336555490161354
0.8042774231069245 0.6913607942916142 0.03600368591799086
-1.5473021729225138 0.6270989604606587 0.24104509445680922
0.5171874717995024 0.7082157729808731 0.05064067932619398
-1.754273703660516 0.584724960974512 0.2484284410144264
0.24911906895962943 0.7098525441008166 0.06361303421511
0.0072623884869358335 0.6893284642546069 0.07425794693483656
-0.25993024558943034 0.6937702369264169 0.0872179040576393
1.9866907239198497 0.8565600928447545 -0.10618247893796617
-0.5193152281664055 0.6928546459573415 0.09950838181032484
1.8441149753284662 0.7383672388846749 -0.10438432601438219
-0.76734690806461 0.6830946150014299 0.11079750153078383
-1.5103977752193458 -0.873070001595182 -0.5554980268810814
-2.0423241525480336 -0.35622166738128946 0.21721420380129164
-1.0186114644659767 0.6780699311773688 0.12241230103029554
1.121049396333845 0.8907086341183805 -0.06101598647580797
-2.0013001902065355 -0.6464154388702275 0.20165548416628187
-1.2477591284598049 0.6537578589156645 0.13203058334841078
0.8485135572737192 0.8919969786517163 -0.047334097895485705
-1.5054769049718288 0.6582125732147652 0.14429674240602797
0.6024377454737362 0.8714223138214172 -0.03604020980344469
-1.6800779401638266 0.5844350538956204 0.1489258775378639
0.29750134449146515 0.905695612359203 -0.019309424433571643
0.0536586005102464 0.8746427997310846 -0.00872411635862047
-0.21699289104944341 0.8817912906624841 0.004932023015158826
1.8859778785467967 0.6519528221738184 -0.2024401655529564
-0.006097889507003629 0.27352650811928836 0.684589482274192
-0.4688087360028703 0.8734810033208102 0.01688013168825453
1.615529496364985 0.6463030969656671 -0.18874111083493883
-0.1938097947282813 0.20396849324857147 0.6891404161120827
-0.7056256253793975 0.8529225821234596 0.02746067139162367
-2.112647850499812 -0.21294958183274915 0.1304632196093971
1.3612938824925465 0.652391205496663 -0.1753696432446068
-0.37294869628155425 0.15169193586798446 0.6939884194995338
-0.9579836579198826 0.8604400339861296 0.040092564549582654
-2.17739055553767 -0.3833757316274342 0.12510356995119398
1.0359021724262476 0.6993729206386625 -0.156449221644265
-0.5099504866744837 0.03575848716772789 0.6947346696521217
-1.2026215921748928 0.8624185640022386 0.052038765874045545
-2.1158139431802 -0.6947374191303277 0.10709533783449476
0.7817894402018055 0.6848602531309487 -0.1441639891003197
-0.6436882867515692 -0.08309596599869629 0.695202446904319
0.45778594772333747 0.7353000968474275 -0.12525548842893297
-0.7058094075035228 -0.2706320104343156 0.6902452478076393
0.21201827240069804 0.7169968919488836 -0.11368026641355211
-0.7723775186854311 -0.454693882079674 0.6855488786364967
-0.07249135026327735 0.723809953325941 -0.09898652938352281
-0.3101573143629679 0.7014914793712244 -0.08812322524533922
2.051707443639117 0.8218851943971957 -0.2950886717175072
-0.19801402718064764 0.38970387288508235 0.6069985398913795
-0.5741558272465994 0.6810840014231188 -0.07590141204343492
1.8616839274139778 0.7326504861179597 -0.2892650595043724
-1.9592122603984592 0.11326498481114378 0.05158910843386
-0.4496278499667028 0.4054989407995242 0.617605782475608
-0.8040191570327835 0.6908523996110647 -0.06395616439328844
1.5037664125091084 0.8160877795009789 -0.2662638655041283
-2.004801670980143 -0.07485622536465097 0.04441318604006117
-0.669307915660724 0.36855738235342983 0.6248217591906959
-1.0720800970538846 0.6898702729186947 -0.05068435576902086
1.185679788800016 0.8550920020727744 -0.24757089522824938
-1.5750361204333814 -0.7482029970909556 -0.7235769262646263
-2.02211178714154 -0.3044999771417194 0.03380117508425062
-0.8200132013692212 0.2674204988109352 0.6267214784289772
-1.3155633749809823 0.6795395757422904 -0.039147757563454455
0.9204653732065964 0.8494359657470354 -0.23389043715940172
-1.8271950463890079 -0.746482800447251 -0.7092098226879662
-2.037076027849807 -0.5379763658607883 0.022837735142844373
-0.9384893614052743 0.1358594153093513 0.6260977754260475
0.6593931110839293 0.8418682102660293 -0.22057332900510485
-1.0009521020426604 -0.03738157999819247 0.6215697297717506
0.3825207742526402 0.8624147911261413 -0.20510377791867906
-1.065757787572693 -0.23377181160600724 0.6161576280261452
0.1223618795805379 0.8576781487753666 -0.19180002120481188
-1.099365781247613 -0.46154870718086016 0.6082182893420631
-0.14702926167251462 0.8511882090740501 -0.17815961745725328
-0.4209769858890411 0.8628422718669908 -0.16343774703489
-0.18518253320672784 0.6313873077190326 0.5268279084826881
-0.6578504420779012 0.8420309241260844 -0.152298831019265
-0.4010384837872749 0.5894475695805355 0.5340057382251198
-2.190353210399792 -0.17489053515497854 -0.03962125686155016
-0.9526748149990141 0.8769779535232995 -0.13544263747678453
-0.6604553463193668 0.5895408932623418 0.5446344384814674
-2.162722027175107 -0.45026701935038016 -0.05504789260373766
-1.1851127496687894 0.8554107252388001 -0.12467422393308336
-0.883097246030573 0.556770524586419 0.552375412907737
-2.1471035566479344 -0.7156221859333254 -0.06943740752683336
-0.9643615806533603 0.39107469319092036 0.548870659794944
-1.0355102236350149 0.21517333013912943 0.5444918641711647
-1.0894674502084172 0.022021087320044153 0.5386625299121315
-1.072663709287724 -0.2406671083453018 0.527057743992942
-2.0868784397625006 -0.2176342388778867 -0.1347216596935814
-2.059289898829846 -0.49321682417684265 -0.15052118209348375
