1.9472819878870382 0.3670018044067189 -0.5913255568690596
1.797411696835134 0.6745818269364288 -0.5982067938990889
1.0831414844791993 0.8341498035648545 -0.6333859320826827
0.05336768655853774 0.014834978654138853 0.03924676216170209
-0.002328841512287738 0.3760177215053877 0.036757672195881774
0.16680144030938493 -0.7092957781456197 -0.13721255027726276
0.2088357174801061 -0.3175636183114894 -0.1351764556117354
0.24761355370954874 0.07205645399000371 -0.13332298957779987
-0.16665836373511667 0.3070073262102653 -0.15173891746476276
1.6199691182289655 -0.5527570631125074 -0.4303677436061202
1.7626410169080629 -0.13484258869267385 -0.42290190422013385
1.6585501615133538 0.2061679083193353 -0.42740133964493854
1.550869543263886 0.5461071712521768 -0.43211582862809284
0.960689562572739 0.74309550822625 -0.4601753112025557
-0.3579327041328 0.7306890449372558 -0.5234535094447432
2.0842298976518094 0.03724992510826031 -0.5851676818080245
-0.4032387134510671 -0.8385866660266232 0.29543801582381146
-0.08719484963776836 0.1767415747097203 0.32786341941878216
-0.06485266814340207 0.32190504180023294 0.32960006034895795
-0.04200108118556756 0.4669392748982111 0.33133717811629193
0.33828545558315426 0.5904227837818972 0.37476369178816693
0.1874867432894547 0.15694130810064455 0.21288367546126263
1.773073634288373 -0.7304300352341278 0.19513531959578412
1.8467851029867788 -0.5932222756694907 0.20384808815047162
1.7821408764105655 -0.45151486779276206 0.19513531959578412
1.8221089498779648 -0.31345301479648713 0.19949170387312787
1.8228985782671927 -0.17394611118605807 0.198869908218831
1.8192169166682106 -0.03419636273910576 0.19762488639876263
1.8110738852182209 0.10585064682000622 0.1957580689243974
1.788560652329089 0.24676971102333156 0.19202395713850873
1.756638116136024 0.3884362457228703 0.1870453003697099
1.9902825994316657 -0.7842581017451753 -0.12988928520157916
1.7846426258079475 0.5267515153512441 0.18953486717268841
2.1528808738509753 -0.6505159448160185 -0.10858992301896198
1.7388586800544985 0.6696606539038703 0.18268891609236615
2.2317358600789845 -0.5149632700419127 -0.09860590660050494
0.015933371123594497 0.40222954919350706 0.6778800133518876
-0.0552072738304048 0.5524617624381267 0.6692540291599931
0.5222439243704144 0.08197785263721014 0.508712494736165
0.06301076323838117 0.24971039467456158 0.4555074814610185
0.28403322924334873 0.3834640080226761 0.4798462036900224
0.5005186402639197 0.5159826671296608 0.5036189202122392
