0.214785314638398 0.6045377311909306 0.0677495429405699
-2.0353687125352806 0.45907041802398396 0.19204382394642927
-2.0004437495735488 0.10099233427379772 0.18589596246571638
-2.046222144627187 -0.24922572396727816 0.18429998849721052
-2.0882605897595212 -0.5997817477786072 0.18243269418568708
-2.0590472563172995 0.3731750157434277 0.015536350954485911
-2.0889946920757865 0.02163138036844714 0.013072533358050364
-2.130095088578422 -0.3288033317922867 0.011206669558001536
-2.2021963100186497 -0.6758565518831574 0.011109394777728099
-2.008251270948925 0.38640104933988084 -0.16419597173838518
-2.1707525461336203 0.1724155327607093 -0.3338651230445375
-1.1356170204923615 0.8389227291507098 -0.5676502754798403
-1.9868168710916478 0.5802292024222098 -0.5171966126075258
-0.9494104948062798 -0.3183100923379314 0.479784054506732
-1.0860027721779844 -0.6626451300848046 0.4829392859825621
1.2580021641009438 0.5103953235516911 0.07787422632069685
1.777494034350802 0.6121477600281935 -0.1652507355323305
-0.7592074949635688 0.42031414151192337 0.24926428293080427
1.572466283278331 0.5207161871439183 -0.15332408453135393
-1.074237104286091 0.43912043285099855 0.278215450991107
1.1620462289388058 0.6026555304533048 -0.10919375921397112
-1.288709757157278 0.37025154913774827 0.2915330359825621
-1.381417549201032 0.19269321931517425 0.28574280237050154
-1.3755690381101715 -0.07479579138921366 0.26431898568959333
0.20505809256313512 0.6334561043872426 -0.019144492398785573
-1.4077531523005504 -0.30925949148230814 0.24868540262074568
-0.03632863803399289 0.5812806057938431 -0.0012540390601625262
-1.5762598140431336 -0.41950941392078533 0.2544756362328062
-0.35247354944085174 0.5955180391713526 0.028563542116595286
-1.5119358283204036 -0.7451264692340018 0.2232084700951109
-0.6343886350358261 0.5820667546337646 0.05301432107777693
1.7187861095376604 0.6070755474256515 -0.4666237404456606
-0.9196002744707599 0.5734127204959805 0.07806066964955427
1.4262414810153885 0.58899674709766 -0.439863162290143
-1.1895159091082306 0.5531136193458437 0.10072235559315779
1.077164369553394 0.6204024032451088 -0.40376754308848284
-1.4627603516093117 0.5375605077909071 0.12398008798451521
-1.7024104116369756 0.493550377706093 0.14187054132313826
-1.941867472634435 0.45076622839396663 0.1597614714989195
0.10977927745573623 0.6618713679658299 -0.30792708898692034
-2.023541912431888 0.26520861887943425 0.1520090529808531
-0.17639916365445885 0.6489999836619305 -0.28178926016001604
-2.102355242630402 0.07640479839186298 0.14365963434071638
-0.4808451183758038 0.653967955868886 -0.25253911520151995
-2.098248488057962 -0.18990397985717067 0.12159494851918318
-0.7735509143591699 0.6507988432027716 -0.2251562645545473
-2.0773601292273156 -0.4736283740075251 0.09654812311024763
-0.9393495023665892 0.5375399840081556 -0.2189330628028383
-2.0688089113359354 -0.7477642550375307 0.073289913881732
-1.3055793241639009 0.6030685992846543 -0.17910333181528948
-1.6117185069463176 0.6177305059716289 -0.1492313912024965
-1.8656853589170055 0.5875512922443349 -0.12807174230723284
-2.078971839708082 0.5219952873236906 -0.11375804449229143
-2.197052973627734 0.37039838189409124 -0.11562533880381487
-2.180711677023673 0.09478739294404193 -0.140518622647809
-2.198533227698256 -0.15101408727944943 -0.15981097723154924
-2.2030795035129103 -0.41069266718482567 -0.181592898618268
-2.1402987274278615 -0.7353969617753009 -0.21519895101694964
0.3062175592703298 0.3713678271848124 0.5129180381187926
0.007695861970184126 0.3680767034201793 0.5375695655235777
-0.2603792572403023 0.3402450171300657 0.5578380057701597
-0.5094745926136923 0.2974198404390265 0.5753679702171812
-0.6356122758612486 0.1470978725516474 0.574820561159564
-0.7585764856159614 -0.006102904805580067 0.5737247893700133
-0.7490350230777452 -0.27850326286482385 0.5529079863914976
-0.19901451293730332 0.2459344999484685 0.4461970755943785
-0.47819273955909836 0.2292186477605398 0.46845631097645857
-0.7681141976212373 0.22388536108388735 0.4923849532494078
-1.0056769483456875 0.17377210180102054 0.5085230300316343
-1.176598996430421 0.065044423094335 0.5146441886314879
-1.0900101864718224 -0.276507284084623 0.4818115661034117
-1.1814950860249027 -0.4583399458820594 0.4756904075035582
-1.0907993408461323 -0.8081016746645915 0.4417453238853941
-0.09225314488810454 0.47803758871263113 0.3446684310326109
-0.2850947054863937 0.38510792650090764 0.35429100488515
-0.6048988477660515 0.4046181067308794 0.38315777276845076
-0.9463630242647341 0.4456704538374865 0.4154205748924742
-1.1201858549540447 0.33984632437056206 0.4222126433739195
-1.1538015505548955 0.10864538329229845 0.40749649499745466
-1.0337815418990743 -0.2627412408133054 0.3690071532616148
-1.0517378414191967 -0.5116419682869164 0.3514604995140562
-1.1295021960740357 -0.707139900517582 0.3429704139122496
