1.7340814058319864 0.639776136736181 -0.3116141959997156
1.0305642631051057 0.6727186255667803 -0.2556225463720301
-0.737402952097284 0.6231393154226268 -0.12063566893062383
-1.5382285076337894 0.7260248276042205 -0.05466143339595586
-2.091048026157438 0.7032989010031798 -0.012993972000692189
-2.1776134638789273 0.43488194054560836 -0.017334143814657033
-2.0679313960910264 0.060183529792560364 -0.04120651930293828
1.7030493146062469 0.6866210789024976 -0.4676343604894617
1.084056965123409 0.6765590406508295 -0.4188377067419031
-0.7192227625079681 0.64424071051954 -0.27732865065059453
-1.5023541748477243 0.7374966653127828 -0.21167532652339727
-2.0683350826839444 0.7214555069376587 -0.16775862425288945
-2.0406337971790833 0.3919290062608667 -0.1837283775182703
-2.0100081200421016 0.0593927034686601 -0.20014158934078008
1.2812775853939087 0.5105164330595926 -0.586428324875448
-0.9864904499728624 0.7189882442097257 -0.39465586393794805
-1.6280273344766272 0.7393343314313228 -0.3421894714208582
-1.667261811544563 0.5076263565832235 0.7750151947168371
-2.2025644963631663 0.7286738310817071 -0.2965079948278406
0.5319598579952327 0.6501687527060014 0.5010588958887121
0.290564107282421 0.45328776413757055 0.5108226135400793
-0.8578614480175162 0.7458025429065671 -0.5456306144567469
-1.3716772823145789 0.6979887667563105 -0.5055252715917566
0.4108428497011829 -0.2544282369392832 0.4768436744836828
-1.9553342871887622 0.6905881535774441 -0.45804373472652227
-1.8812215544984383 0.635584370596618 0.6682165458826086
-2.0199950248601795 0.4100161018857875 -0.4649583503576258
1.6982223378213774 0.4746731477233439 0.25316985398807734
-0.837685303717322 0.5117695928423558 -0.699331443008993
-1.3649534521973266 0.47175542176101715 -0.6570612594457605
-1.9970493427456972 0.47538099052489 0.5164521530298254
-1.2074435837916582 -0.24886990883820204 -0.7021490737768152
1.7062807900440902 0.7935014072925739 0.11865504533329219
-1.548714747149404 0.8673132628940436 -0.7649985954137781
-1.5906264626751039 0.5739814661069005 -0.7745658561559656
-1.9652425188464662 0.7719841572432742 0.38561661988773555
-1.5239196592946342 0.2219728075827092 -0.7960917159887293
-2.0427139644297654 0.49850663076491486 0.3807109192041418
1.5763658072397106 0.48535437142520976 -0.028765361008260548
-1.607902892489875 0.5345226188570891 0.2100566223291418
-1.9983227793504454 0.42633773844723777 0.23469002992191523
-2.2262987012741746 0.23304622071454872 0.24387534410038203
1.8968825360398824 0.7278390539484576 -0.18949810713252813
1.0952563944766354 0.8086278387608488 -0.12513987272701055
-1.4386833646337323 0.8387604972169243 0.06878836900272578
-1.8946805743946413 0.7637202641466985 0.10032828599491328
-2.0689189985744747 0.5415374017441863 0.10459025651493281
