1.908891499718706 0.7576536198670473 -0.10688490520254135
1.7859052125990473 0.7536836476140335 -0.10352463374868393
1.6526111506701398 0.7781520852014866 -0.09698624263540268
1.5299640022930134 0.7751709750717665 -0.09362835536733627
1.1777881302481035 0.7269497342513577 -0.08834118495718002
1.0571385026630225 0.7211280724869819 -0.08552260051504135
2.00784697449663 0.8404931313133549 -0.2191523994042015
0.9349459780216591 0.7204575193902264 -0.08217568050161361
1.902730270027945 0.7896640584488736 -0.2211193526817894
0.8080081624499655 0.7343740810995482 -0.07723755489126205
0.8648217502621236 0.5399054046854243 0.404508403436985
1.7903843981251981 0.7577929018734916 -0.22090143810049057
0.6861287135535719 0.7346635090017631 -0.07389349590078353
0.7406263441704226 0.5447617601258253 0.4077058350013161
0.562780547261255 0.7401449292137682 -0.07001967082754135
0.44275430399757454 0.7366689652795867 -0.06721014629140853
0.4927368170389599 0.5559165966563242 0.41409592975839615
0.3212760597198212 0.7383689006927173 -0.06387085567251205
0.3674834927975894 0.5669405316940872 0.41774540294870377
1.2625284397158936 0.8494496654119174 -0.19487232814565658
0.21226875499866082 0.7027100136704981 -0.06478590617910385
0.25940209933392566 0.5263658584721881 0.41636805881723404
1.1589193313858743 0.7964710649514389 -0.19740576396718978
0.08025627291901571 0.7384409558080506 -0.0577291930748558
0.15116134285855765 0.48617181025023126 0.4149866615699196
1.0385179002178546 0.7907055686685905 -0.1944636787010765
-0.03930976131358932 0.7367948689527043 -0.054926821096096035
0.0291838226367247 0.4890549098669227 0.417715362207737
0.9198463795325722 0.780707518767855 -0.19207186351552963
1.0022474466691875 0.5138881633344613 0.3405075584815407
-0.15876553189498566 0.735601503316687 -0.05212635646596908
-0.1075746595799103 0.5399238170927178 0.425016215936985
0.8061125815997343 0.757059196780644 -0.19132704387441635
0.8436827815186945 0.617046016560254 0.35354643215402604
-0.28106138917439694 0.7443606436230491 -0.048263498647365566
-0.2261490364708152 0.534290170152385 0.4268291508124733
0.6730540964633178 0.790277627197833 -0.18400425563589096
1.0865418042412784 -0.4525099310128225 0.25079541553720475
-0.39150743409885536 0.7155606592069789 -0.04865975032583236
-0.20016123781185513 0.05768761230955527 0.38333635677560807
0.5642269964094311 0.7533980226096241 -0.1849097693993187
1.0450114942665323 -0.7031587964844209 0.2289209877417946
-0.5135720895090543 0.7252236706639886 -0.04480070720449447
-0.13121215103866746 -0.5719989607288135 0.32516484607919693
0.4426757683518474 0.7546206639815639 -0.18142933498159408
-0.6311811366634288 0.7210729009449651 -0.042540022237453456
-0.5927841914810301 0.5582074875081862 0.43591695179208756
0.31813931796385475 0.7657544664589658 -0.1768536056114769
0.3770375159397332 0.5544783721287071 0.3582706962989235
-0.7360176027813452 0.6744258711702876 -0.045075842244777675
-0.6982042615922381 0.5113928025661294 0.4336000000403786
0.1907253387818031 0.7868272010728893 -0.17118067394033432
0.30439870003603176 0.40498276406758993 0.34617572178110123
-0.8675231733720494 0.71884232769625 -0.037492224080715175
-0.8233395706961346 0.5318683780808307 0.4376931702063942
1.4996478603591186 -0.26082091994595413 0.19837766041025162
0.02392771286750417 0.9314259277485918 -0.15123266826406478
0.20794834594164513 0.32671485498598285 0.3410563980506325
1.0992572477702112 0.5164961182806013 0.27981524814828873
-0.11608858046052717 0.9962812888269129 -0.1406144584251976
0.03860620284000049 0.47649489005473866 0.35829215397104264
-1.1007275010516082 0.7088293281365315 -0.03351778636709213
-1.0578832273817653 0.5215917541692028 0.4408343349860573
0.9452264958096066 0.6050570743689685 0.2916937385962868
-0.0743169930455565 0.45131493930985833 0.35829310764535904
-1.211175738579243 0.6829224456117037 -0.03393311153188705
-1.170344986097433 0.5003245188213172 0.44079666485055924
-0.2984747022305072 0.8192133573161658 -0.15508789668813705
-0.2242103473454904 0.5454232311459773 0.3699441467688942
-1.325674203512122 0.6717866438806227 -0.03275246272817611
-1.2748876047631086 0.45065420891310837 0.43800359119638443
-0.40720039647079886 0.7857269068573244 -0.15601439128652572
-0.3353660585817977 0.516414165613298 0.36947565426095963
-1.4440678712950898 0.6754563592088186 -0.029972502095851894
-1.322067754005161 0.18990659808611843 0.41501360286935807
1.811328948286274 0.06442897773397255 0.16060262073740006
-0.49439703955216885 0.6812505850185976 -0.16519016872182846
-0.4682561106191372 0.5592785734167558 0.376000217096653
-1.5545849350705367 0.6507674317564146 -0.030396887166652675
-1.4019774124751763 0.04454579887089871 0.4030230556891823
0.46874198465800987 0.5693320523531844 0.29942374576791764
-0.6349728605420069 0.7532144079002902 -0.1540288413597679
-0.582181281705644 0.5406832960174816 0.3764601265357399
-1.6779202288133916 0.6745251770884185 -0.02548594127431869
-1.4674933706683504 -0.15841457393563987 0.3855112110541725
0.7698706600012315 -0.7154180978637232 0.17332558979257584
-0.7551953093355053 0.7590373055534682 -0.1505646194054222
-0.7017593673101175 0.541585501228254 0.37878375400766373
-1.7858829904993883 0.6410354821371335 -0.026983686788234706
0.2540073559337088 0.48314118651538174 0.29616098751291275
1.241967066761589 0.5991877047127567 0.22533135761484147
-0.8418457021615353 0.6507889427730348 -0.16030687938467025
-1.8939792144241636 0.6079171466823979 -0.02848429332509994
0.12734158169438103 0.499850500866604 0.3004537140296364
1.1108641533273982 0.621316022986128 0.23069815983041764
0.022012699816315262 0.450617651142487 0.2981019531653786
0.9948517638579375 0.6016920147773976 0.23172526706918717
-1.1013485557863447 0.7314304402176569 -0.14568657527700424
-1.067932056636053 0.5757571396850959 0.3885479484961891
-0.1327079212061193 0.558515364515605 0.3114104782508278
0.8788380973956293 0.5824853436538286 0.23274951328500748
-1.2090328678008433 0.6959612412239241 -0.14718479762807846
-1.1815505021127564 0.559319696062423 0.38899641384347916
-1.999856297602662 -0.37754391394725606 -0.13138050685659408
-0.23941056414736295 0.5149158492221332 0.30952864040597916
0.7660493349923598 0.5542919460650028 0.23280625690683365
-1.3168544891618268 0.6608557886236643 -0.1486877883507347
-1.2911894120151857 0.5288904404997063 0.3880401169227028
1.9512853922016404 0.11180099071750282 0.10143189777597428
-2.0575437551307374 -0.6321943873582927 -0.15752405772939682
-0.4166554866821457 0.7401825974971191 -0.33370251308218
0.6531943814392775 0.5265009026921096 0.2328591858313942
-1.4444516475164448 0.6980579881179029 -0.14193052898183822
-1.3629498968631992 0.35952321124271236 0.37352042545541764
1.776064873682131 0.2431320415481344 0.11866479267343522
-0.5227716612200908 0.6976036992112177 -0.3357867683006859
-1.5613440667251695 0.6973679472623305 -0.13958162914052963
-1.4500062586635494 0.24318247706158225 0.3641334091590309
1.5779157055130781 0.44070499705519284 0.14276652683481217
-0.6375982518545413 0.6839424145691649 -0.3344182456566429
-0.6090060140627997 0.5485061824137116 0.3200166737006569
0.8006684630366436 -0.6574827494769901 0.11756759037240982
-1.666655442368949 0.653866276086513 -0.14219517360464096
-1.52373462979358 0.07411582500789055 0.3495905910895729
-0.7369498641834298 0.6182861396084456 -0.3393902267052269
-0.6764903912571327 0.3728112019952883 0.30481033672555924
0.7099650188325057 -0.7657970371619623 0.10936789859994889
-1.7759513456170168 0.6251560058570548 -0.14315886150136947
-1.5972769140951328 -0.0996322942793619 0.33456759800180436
0.18585697915764854 0.46676978443375394 0.23787026752695084
-1.8704322578039694 0.5390595213012481 -0.150744863851223
-1.6893336344144245 -0.20574888207233108 0.3260865723060036
1.1440958204570961 0.6125282290106295 0.1704822098182106
0.04563393195749654 0.5264234935915107 0.2466059242652321
-1.9788979756421412 0.5062464098264529 -0.15226883540884018
-1.7893770440386874 -0.2826617773177179 0.32040672649606705
0.9571652266903357 0.7947220687958255 0.19264703144296647
-1.1116130173353724 0.6860925165678714 -0.32263130794301986
-1.0972389532550295 0.5935561871310399 0.3333516632483864
-0.05215683154867179 0.4537376597017402 0.24180989612802506
0.03207737959159829 0.13484018295209438 0.6789551292823219
0.8352795784292226 0.7944507574930989 0.1956754242347145
2.0530980875887934 0.49155181265520753 0.0752506767676735
-1.2248043735496452 0.6697966905941296 -0.32185120235219955
-1.2067570268558967 0.5628364980789001 0.33239846576913834
-0.2169138026881825 0.595233197763553 0.2587652717994118
-0.07610560738939398 0.09064881311792294 0.6771832024024391
-2.063922611171904 -0.09394828211713907 -0.21659702907339096
0.7555370704573505 0.672248483959193 0.18593602527841568
1.886847275269588 0.5987829163287891 0.09031873096689225
-1.326106669571402 0.6108183882364618 -0.3262652839256859
-1.3031542514533356 0.4845035126157097 0.32667999614938736
-0.33813620518746745 0.5995047002676955 0.2617011581824684
-0.19032329961473238 0.06588025488460042 0.6770630394385719
0.6846610529222374 0.5219481003788129 0.17323975910409928
1.7389427068732175 0.6601889734588066 0.10040526737436295
-1.4564302302308363 0.6576155513193084 -0.31799168239370346
-1.4208925570312516 0.48332725746892813 0.328575900690403
-0.47141297943505833 0.6703777503052661 -0.629438825948391
-0.44474354186760934 0.5566082162056959 0.25979857792123795
-0.3031480602215737 0.03675697878077172 0.676525643961277
0.5922955684357163 0.4331082199034689 0.16692071308359147
1.6088975540390607 0.6755744512554002 0.10550504078134537
-1.5721473505594048 0.6521665935982623 -0.3160643066002464
-1.5282158524209848 0.44412418964031297 0.3266585384772682
-0.5777853992087927 0.6280028854727636 -0.6316132033897972
-0.41319573174597224 -0.001524308205576974 0.6751556908057594
0.4446196376398035 0.5098851478160509 0.17779546131357193
-1.6127948797649196 0.31864503004350386 0.3161578689978981
-0.6801092788066683 0.5717160246140978 -0.6356496299339867
-0.6401356241883889 0.40985633577793545 0.24968629230722428
-0.5262231260927877 -0.029857073102756482 0.6746109043525124
0.2976071220760872 0.5872978405461122 0.18867259372934342
1.3597367041428186 0.6798521552473028 0.11270814289316178
-1.7044331138683049 0.2174644513613717 0.30803184856637955
-0.8342698104557655 0.6920130490698048 -0.6167702163292503
0.18499886073945504 0.5611827041569347 0.18873458255990982
1.23203336977285 0.6920873869022314 0.11730628360971451
-1.8065889925788667 0.15511374139263973 0.30371265758737565
0.05109157550326415 0.6018411823251204 0.19567971576913834
0.11519466451264293 0.3699502683777798 0.6384487663672829
1.0729390251199646 0.7939436173590385 0.1313896690772438
-1.9054053740060368 0.07860914493681026 0.2979562794135475
-1.085321661274989 0.743734221335243 -0.603785463674221
-1.0445672747440824 0.5726014141350109 0.2729902779029274
-0.08090330263408418 0.6383029522043341 0.20213370670541764
-0.007126230991815419 0.37300115055739835 0.6408954178260231
0.9657575932868667 0.7509625988441732 0.12999444355234147
-1.1969750266757018 0.722568834762349 -0.6034936393334007
-1.168970548771611 0.5944197139186801 0.2773685966895485
-0.19026935493950248 0.6040410196913144 0.20120578159555436
-0.1278227148425657 0.37176957331050187 0.6429176842139626
1.8677848075535763 0.5978263754762904 0.03169637073740006
0.8584113800463484 0.7083439176593959 0.1285949264930153
-1.3086709582729839 0.7017995983657 -0.603203245504055
-1.279817566898501 0.5687487518020607 0.2768984352515602
-0.312955918520359 0.6129612773261476 0.20470385898813248
-0.24693686188730624 0.36622901244478334 0.644515088693943
1.7303932641045066 0.6313363677095072 0.03892951359018326
0.752515399478213 0.6613893485810338 0.12669139255746842
-1.3802319916990484 0.5050592946383803 0.2725458656714821
-0.43256358043086607 0.6128290530615491 0.20721679081186295
-0.3616162075027205 0.34682593032086473 0.6448419605658913
1.6020084238861614 0.6420905669221436 0.043624929087009434
0.6512171013346091 0.6006600673438665 0.12328391422494889
-1.5004246093953952 0.5137705803187969 0.275463632242527
-0.5592228359977724 0.6369915626039347 0.21219020237192154
-0.4705780837215059 0.3087528878489034 0.6434741531775856
0.4926868163498881 0.7101082670349003 0.1378713165686989
-1.6102227803931015 0.4844635331767708 0.2744985138343239
-0.6756757132190643 0.6282482796730795 0.21371465076669693
-0.5768529812560814 0.26150238109812796 0.6412547146247292
0.3710468568034031 0.7116357013461118 0.14096026767953873
0.4205982619000679 0.5317701838465221 0.5880649601386452
-1.7163270543296392 0.44109493480732653 0.2720733200477028
-0.790676081948277 0.6151660473849379 0.21474414219125748
-0.6777389083988652 0.19548031323623416 0.6373379742072487
1.2181670091192558 0.6774207282736292 0.05770545353158951
0.24799846126624914 0.7183571604498714 0.14454751362070084
0.2969030817252758 0.538357826108168 0.5910215889380837
-1.8201445902028013 0.38844147291784037 0.2686725174353981
-0.9111887812024406 0.6216287654711632 0.21774249424203873
-0.7817405907177033 0.13935317677181436 0.6342623745368385
1.0989662909304627 0.666772609738763 0.05985694278940201
2.32481440928062 0.4710632350724443 -0.05973143230215072
0.12818792017461078 0.7160872603366689 0.14713292469247818
0.17950984169671358 0.5264675737863939 0.5922530208991432
0.9535166223097065 0.7317052463036554 0.07013659824594498
2.155629258928883 0.5815127180579875 -0.043566652639064785
0.00696745291661216 0.7190197837630931 0.150217107431736
0.059126123166635125 0.5245083415279398 0.594344190256443
-1.1490470170962368 0.6263421112803512 0.22274976124032975
0.8363318285241945 0.7173413984040754 0.07177691807016373
1.9873584827199835 0.6927655097619944 -0.027397104604396816
-0.10811300732171958 0.703430087417798 0.15129666675790787
-0.0626484482159384 0.5277514516967995 0.5968645130561256
-1.2597821956089348 0.6005974306981321 0.22229009021982193
-1.0153715273643655 -0.31507349566883275 0.5995688949988747
0.7288532631381486 0.6751757072546668 0.07036452640756607
1.869364623812686 0.6745537493559931 -0.025691458089504238
-0.2261443092581601 0.6977628501641123 0.1533751999305153
-0.17982698957429477 0.5171901018262339 0.5980892692969704
-1.3653238507324374 0.5560499764275849 0.21985249866708756
0.6228020100029283 0.6286665962208989 0.06843953479990006
1.7234475947191186 0.7313103514986082 -0.015719362600002285
-0.3323717207950523 0.6545023508926002 0.15144400943979264
-0.302828615099628 0.5261185658294376 0.6010380302832985
-1.4827682557956763 0.5550921999713415 0.22185426105722428
0.48971734592757343 0.6627259048481264 0.07515769352182389
0.5432364135804448 0.4727146384609161 0.5223119770453835
-0.44602287112887495 0.6353977859059009 0.15201430668100357
-0.41694405345498353 0.5069160293295324 0.6013956581519508
-1.5937005986944115 0.5305271099760072 0.2213850532935524
0.3663770568794007 0.6689832080008924 0.0788226639197731
0.42077416246388566 0.4741013728377347 0.5249064480231667
-0.5826201553712878 0.6929555212260757 0.16060166706308365
-0.5282151316389161 0.4785864766665011 0.600886634485569
-1.709770227738474 0.5256098990691809 0.22288804401620865
0.24165973212150504 0.6804626314265244 0.08299641956552506
0.29535432330249023 0.48543882401110583 0.52837925304636
1.3381813707288472 0.7697784668537383 -0.000793882711086269
-0.7031195449606571 0.6986010671678134 0.163675359384861
-0.638149874726551 0.4458696401255662 0.5999422584937477
-1.8157700619810555 0.48258036767991985 0.22043567051156998
0.12938265117095682 0.6545414009060196 0.0830951248572731
0.16861160690923782 0.5019958763007084 0.5322895561622047
1.2309510714180192 0.7258912758894281 -0.002201506002101894
-0.8164712235094527 0.6808456436726223 0.1642399345801735
-0.7425963526331003 0.39440752332890283 0.5972660099433327
-1.9343045201606799 0.48812752976770757 0.22292237629159928
0.0049439404133977405 0.666950434030615 0.08726506580575943
0.06330114944655918 0.45261035895342194 0.5300429378913307
1.1102365041968625 0.7198692354006314 0.0005264793799781842
-0.12227528016862266 0.6893277416108167 0.09245305408700943
-0.06020420385002012 0.4605987263946285 0.5330708538459206
0.9797230441923404 0.742464258935713 0.006358197824802403
-1.058227415396928 0.6991788996182341 0.17088036884531022
-0.2388601663862886 0.6789652849639555 0.09407334675058365
-0.1850033910294968 0.4738187785822262 0.53653674473032
0.8641910055527688 0.7233066570185503 0.007529309885349278
-1.1646762537174453 0.658748347072737 0.16892772068246842
-0.9791177277851517 -0.03607246705156997 0.5641241585181618
-0.3553951514703044 0.6690344437397914 0.09569125522836686
-0.3037336893859788 0.46847800317563115 0.538241199152317
0.7454277428730904 0.7139819159477682 0.009734204904880528
0.7918070262880548 0.5673554390858855 0.4669461761878395
-1.275296749010053 0.6330603997582239 0.16847806324228287
-1.0375235261959403 -0.25924377090453427 0.5458453213141823
-0.47188329688437136 0.6595329421186497 0.09730725635751725
-0.4281748267336809 0.48264868974649 0.5417051826880837
0.6331262398711175 0.6862648135732862 0.009863904611911778
0.6757767453603378 0.548906444345543 0.4678266560004616
-1.3846755712439602 0.6029718380968915 0.1675220047400856
-0.5954712337299242 0.6742950984727855 0.10147099842294693
-0.5452483954409644 0.473448752701326 0.5429659401343727
0.5017691340214583 0.715538442480765 0.016209176676120762
0.5423199361444233 0.5828269534505992 0.47363071789011
-1.4993529082180572 0.5924730943052956 0.1685724769996071
-0.7146013676122749 0.6752213388733409 0.10410313953622818
-0.6608519536303135 0.4598991106197884 0.5437837158606911
0.38014423845650924 0.7170200359488715 0.019444039957370762
0.43587835211523895 0.536926044711105 0.47181873668893815
-1.6101537704025617 0.5679677179290492 0.16811280597909928
-0.8294180485198268 0.6622756557667896 0.10520272602304459
-0.7764392056743503 0.4467751232581916 0.5445986305640602
0.2555547651629837 0.7284233839768947 0.02371459354623795
0.3276998330905627 0.4961175600010833 0.4704506908820534
-1.7184883782589822 0.5342301208558394 0.16664414753183365
-0.9497371710295539 0.6688680144632109 0.10834174503549576
-0.8920002626502992 0.4340698820451484 0.5454111610816383
0.14497549455748526 0.6977181261369577 0.023315480844821934
0.2224328642139568 0.4461939805334696 0.4681818996833229
-1.8332009464925818 0.5249552928394309 0.16768603672250748
0.019134475411632934 0.7147886214417835 0.0281014954017067
0.08961130976676657 0.4820222057816883 0.4739797626899147
-1.1872044063267566 0.6738482545958707 0.11359362949594498
-0.10646488048105596 0.7323524782711627 0.03288703312143326
-0.03533151819443958 0.4946554001335872 0.4775357757972145
-1.2937711562306475 0.6338576605869586 0.11161952366098404
-1.1533985527334494 0.09125140807315191 0.5195870911048317
-0.2258821545063796 0.7314206395211372 0.03559499134286881
-0.16154376944128046 0.5125194124755591 0.48153906215890885
-1.4057738622917384 0.6134307658170293 0.11168532718881607
-1.233150120509606 -0.05460979330854149 0.5080185448096657
-0.3393205689946086 0.7119275930944774 0.036224416391696934
-0.27869942053217756 0.5023173129922787 0.48284845699533463
-1.5216984576198342 0.6078133163263788 0.11328130115732193
-1.2943576292121577 -0.27243923922616 0.4898145710395241
-0.4484218244424767 0.6785754924348618 0.03529315342172623
-0.4088789453693664 0.5354418649116574 0.4881964241431618
-1.6337205962731076 0.5881990420615447 0.11334185947641373
-0.5831697508643998 0.710652110264605 0.041583589212741856
-0.5341430799899172 0.5340565235067307 0.4903538738654518
-1.7440904610747623 0.584847572195225 0.11498122562631607
-0.6953211374201373 0.7083671861404676 0.04381184925302506
-0.6383898991283559 0.5029916912968194 0.48945885051950455
-1.8419123251872094 0.533732652776335 0.11150412906869889
-0.7989773930356847 0.6778506897310753 0.04291921009286881
-0.7553667169775338 0.5152865933249164 0.49260502208932877
-2.0135403749574152 0.2642162493156104 0.0869851623938942
-1.0435225699320227 0.7055945423910465 0.050909570352878575
-0.9887724310917605 0.4997194378041171 0.495201877252903
-2.0081137647866996 -0.23171127577242734 0.03633408893808365
-1.1580511025197922 0.6938469855531503 0.0520430122779274
-1.0715687408010695 0.37273732206609755 0.4852512394355202
-2.0176502822364455 -0.7052658534928842 -0.011839338643703456
-1.2713380532156862 0.65704585700703 0.05052428592905045
-1.1486552942670585 0.20123131575065412 0.47119241108163834
-1.3858996733138014 0.6461292894563962 0.05165152897104264
-1.2107635855398087 -0.007029241030088007 0.45356850971445084
-1.5030294776272939 0.645234262603827 0.05381732334360123
-1.2755192624058367 -0.2104368818311782 0.436380437509861
-1.6136425870246143 0.6207448725986341 0.05337767948373795
-1.72812413174276 0.611076144746565 0.05449729313119889
-1.832570885711121 0.5633166077702356 0.051446488993015294
-1.913181003497428 -0.042413722686032884 -0.009936281545314785
-1.9229081014396456 -0.48058890464313897 -0.055261083943996425
-2.5960209832638697 0.699257982481381 -0.4595965827538109
-2.557921648967735 0.4737658574843582 -0.46215386043325424
-1.814147839893181 0.47150388030017254 0.4015260254310036
-2.575463307921467 0.24753759809234932 -0.46069235454336166
-1.891609287444311 0.24216203122793878 0.4062567268775368
-2.5987937454474945 0.021417117557455012 -0.4588655913902855
-1.8800275232467953 0.013836177618350987 0.4056654488013649
-2.5879874518499975 -0.20447163937671117 -0.4595965827538109
-1.9141758413097705 -0.2146316608593545 0.40773516048654557
-2.567997167588942 -0.4304444665316659 -0.46105808864370346
-1.899205069060713 -0.4429574307858651 0.40684824337228775
-2.553787450856845 -0.6565315671367167 -0.46215386043325424
-1.845105608953574 -0.6715899838310175 0.40359597553476334
-2.430667779373053 -0.8836654786651635 -0.4712871993614769
-1.9724511006120053 0.7879064160897501 -0.6199988807274437
0.43508846203283724 0.8170993261788383 0.14938454975351334
-2.1284938317406983 0.5576444626644212 -0.608029791219387
-2.176238998298402 0.5456281578312068 0.30887561191782
-2.1208064443120946 0.3301454195394099 -0.6084041083885765
-2.313316908775036 0.316863326535328 0.31739812244638443
-2.4162639214353305 0.0892907931044381 0.3237896477149391
0.11591061286384274 -0.11813778670725139 -0.7759665931297874
-2.435169021022247 -0.13730932648292601 0.3250072513984108
0.07135461136147114 -0.353501124868062 -0.7726005996300316
-2.429900431145029 -0.3637925199933624 0.324702552454319
-2.3455753122609764 -0.5906279358838435 0.3195283924506569
-1.9098458999501844 -0.8093057203152402 -0.6241130317284203
-2.0225070462757344 -0.8198694963093937 0.29974441875680924
-1.7358237456405163 0.7336189990586449 -0.7527436698509788
-1.9960967947751982 0.7180096971657569 0.18334775318368912
-2.496810135661619 0.48369740839115505 0.21496920932992936
-2.5143351848249154 0.2572485868676303 0.21622138370737076
-2.542622758062535 0.030884444959334012 0.21810012211069107
-2.5417616240161607 -0.19521989446362065 0.21810012211069107
-2.5167350625072373 -0.4213560472128114 0.21653466572031022
-1.463744594305794 -0.6412725592747472 -0.7730283225609398
-2.4725520919055413 -0.6477682169687071 0.21371703495248795
-1.8790027062976549 -0.8677153059638623 -0.7412619079186058
-2.3279441923426134 0.7343197475473963 0.09031491626962662
-2.4294045919402976 0.506122142565719 0.09707265247568131
-2.4418568696283245 0.27948008534270197 0.09803777088388443
-2.480045819535846 0.052790310477232816 0.1006122147010231
-2.4342056398568133 -0.1734213854169964 0.09771638263925553
-2.3841652916427734 -0.39995688468541046 0.09449820865854264
-2.4396932674309113 -0.6263600605438813 0.09803777088388443
-2.2067201161791132 -0.8660790184362295 0.08291392673715592
-2.322961334002116 0.5744834218436772 -0.02371592174306869
-2.4848365038638036 0.3459033912714702 -0.012809702260646816
-2.50283532440983 0.1194588733754185 -0.011487909658107753
-2.302109687820021 -0.10610151875690862 -0.024707266194972988
-2.3366482093814227 -0.3330341756644102 -0.02239412914052963
-2.476750751317553 -0.5593607377792262 -0.013140150411281581
-2.458003127021314 -0.7858295360776337 -0.014461943013820644
-2.265436481451914 -1.014270448809564 -0.027351328237209316
-2.2467728733270462 0.6426277497780584 -0.1428570235802269
-2.4832094601399746 0.4127458313721093 -0.126574941976223
-2.495985091928162 0.18631495951081334 -0.12555737148061752
-2.5145374186584917 -0.04003717684231317 -0.12420076976552963
-0.8678588503155993 0.16448693584035834 0.69451694835886
-2.4640453017687207 -0.2661893094213533 -0.12759251247182846
-0.871546921352973 -0.06748037373600102 0.694786838190403
-2.4442606477281714 -0.4926144522340733 -0.12894959102407455
-0.8710424671124741 -0.2994159211823273 0.694786838190403
-2.4701758970268486 -0.718902469890754 -0.12725348125234603
-2.432024615089375 -0.9456346036254387 -0.12996763835683822
-2.288881082754841 0.595520932653605 -0.25393099437490463
-2.520475191597157 0.36601133820853704 -0.23757929454580307
-0.9859723014567976 0.37093439272708717 0.5847309147284889
-2.538394170750209 0.13968321156607827 -0.23618788371816635
-1.2535141256456228 0.1374844645000493 0.5997558151648903
-2.5122196622722726 -0.0863410922189462 -0.23792690883413314
-1.267265981699154 -0.09317050449463413 0.6005905186103249
-2.511769443413556 -0.3125512595951215 -0.23792690883413314
-1.2768364482363381 -0.3237211840992469 0.601147225992527
-2.4871684809913717 -0.538837428740325 -0.23966641078725814
-1.2572503208954373 -0.5543104067811566 0.6000340496467018
-2.4733361910500093 -0.7652288657648707 -0.24071020732656478
-1.1585960930705 -0.7855807309303824 0.5944693600104713
-2.395453189343968 -0.9923756337042172 -0.24627680431142807
-2.6245145821819733 0.8042468950893339 -0.3441857780052757
-2.5062584414029914 0.5800427809416476 -0.35238737712636947
-1.3498326611714049 0.5963134418392797 0.48939972271188736
-2.558340402380864 0.3532305070912397 -0.34846491466299057
-1.481779228905225 0.36462301487367355 0.49714737285837174
-2.581296687762702 0.12700314881805763 -0.3466815436913109
-1.6145221967861403 0.1338568509736776 0.504894784586277
-2.570125887606835 -0.09892835734142982 -0.34739489207998275
-1.5833670872972334 -0.09537622347075414 0.5031731640265846
-2.554753078811885 -0.32493037651156315 -0.34846491466299057
-1.5380327557637088 -0.3248206606975688 0.5005906139777565
-2.485313791495585 -0.5512241206648816 -0.3534573997093773
-2.446596488702994 -0.7777969168669596 -0.3563103164269066
