2.344971906568219 -0.6438782483107093 -0.09981389389085304
2.3649281649221905 -0.4307575907137089 -0.07965226516770851
2.333088431629193 -0.29004883371417467 -0.06991811142014992
2.3108847809654023 -0.13746243948466708 -0.05843539581346047
2.286543172749518 0.010995344143126307 -0.04752393112229836
2.2271330535363063 0.11171793496766336 -0.04357238159226906
2.168201564202647 0.21255530263274425 -0.03961749420213234
2.0916411163626307 0.28982655394630363 -0.03914542541551125
2.434449586495056 -0.7176720816116839 -0.21048493728684914
2.027519734540249 0.383075210348665 -0.036346391296858904
2.4885781090717174 -0.45631053540775257 -0.1825260673527671
1.9516360778099795 0.46077506041783245 -0.03587098465013039
2.5091178576749513 -0.2437228404013374 -0.1617140327458335
1.8699497331339145 0.5308827221356731 -0.036557153320784685
0.9410407170810942 -0.6376396508373703 0.2784109558100747
2.37183260716386 -0.24741252977513506 -0.17314954147386086
1.7854500798572417 0.597354343777587 -0.037825063324446795
2.5184480737544916 0.13223988261417174 -0.12721677169847023
1.695014597361343 0.6563434678515248 -0.040257409668440935
2.4563472825708885 0.2282671919629209 -0.12369962081956398
1.6109574961245343 0.7234269428175559 -0.041525319672103045
2.4096278278913985 0.3442523296644442 -0.11718840942430031
1.502226097255047 0.7598407760084114 -0.047453359222884295
0.7909315145812457 -0.10501588694154895 0.30611567153883446
2.3364830423195855 0.4246680611370488 -0.1160568748478843
1.3685094930300892 0.7658460325840797 -0.05804677352952492
0.7136067592347857 -0.023191301576980905 0.3063250030512856
2.2787476845372794 0.5250188053525378 -0.11193080291795265
1.206352019597773 0.7378567309829553 -0.07389350280808937
0.25907521183464155 -0.403568183176072 0.24552683486891258
2.2124034374835873 0.6136755447496474 -0.10959716186570656
1.0780155555885074 -0.8380095090410844 0.2165856803889321
1.0721323724956235 0.7452488419298793 -0.0845021759037925
0.24398317069688602 -0.24309444580076622 0.2558870758051919
0.23587792958189624 -0.23397128422106972 0.7178843463892983
2.1281951135744137 0.678957906846287 -0.11085410461473
1.02228605520758 -0.7255445193540315 0.22092537536573875
0.9883847073012788 0.8145100014551807 -0.08578152999925148
0.19319213593487916 -0.10811952059951535 0.7226906265254067
2.6098164057998545 -0.07166605754935285 -0.3017739807133628
2.0258738434326844 0.721057920743212 -0.11570544586228859
0.856813234226955 -0.7540797873449034 0.20669846191359031
0.8603730438860282 0.8306477015820799 -0.09523101196336281
0.5318395535207827 0.45546636344432034 0.3270311798090981
2.529110587713241 0.0002257536950214245 -0.30179734573411476
1.905207726646445 0.7401693740996884 -0.12415500030564797
0.8078273464088213 -0.6332630609506937 0.21207241668653953
0.6364393292292121 0.7332581788227555 -0.12220044479417336
0.39268612609225073 0.46184292232930346 0.31707195892286766
2.499010365075648 0.14007027404790362 -0.29121775970506203
1.790603236751707 0.7676099107813559 -0.1314096008305503
0.5686862847942038 0.8230055215087115 -0.12057109222459328
0.09910953303923264 0.28659020374921784 0.2826533760066079
2.4756156661306292 0.28776519868790906 -0.27938218460130226
1.644995134130859 0.7567563375334196 -0.14466519699143898
0.4369317699694477 0.8372940524886503 -0.13062377319383156
0.08472839969972767 0.4425376603596183 0.29254679336500633
2.3902727612748578 0.3521375938802347 -0.28064389572190773
1.5457363379751072 0.8046724055933301 -0.14893050537156594
0.2112847839685017 0.7428656485454064 -0.15762992248582375
0.1294912258497476 0.6662593141783959 0.3116279090876626
2.302152099282324 0.4128536216345786 -0.2825297866826011
1.3997226372617888 0.7951094477813894 -0.1621994529728843
0.37676466696562727 -0.4473051065844076 0.19382290496778953
0.130784763550011 0.8188950780783428 -0.15834565506028664
-0.7318435149963776 -0.16084233265011472 0.18842081680250633
2.27152523652272 0.5487519544399926 -0.2725500617985679
1.2690926117104908 0.8055148514129882 -0.17247434005784523
0.27313501420940156 -0.39488873724672446 0.18990091934156883
-0.004835510046760305 0.8314777785751688 -0.16900201187181008
-0.7534443930639156 -0.010232749813727793 0.19727329864454735
2.2598020897806776 0.7081461272820833 -0.2588147674565269
1.1485053014780817 -0.709210353219579 0.17456488265943992
1.135145828054391 0.8126985535235929 -0.18335576400804054
0.32436243202258197 -0.15376784174343916 0.21132473602247703
0.30794985511180073 -0.16381623411751356 0.6643498386378335
-0.23549299067762774 0.7363603209931742 -0.19663138732957375
-0.7480224654228778 0.17015616457572502 0.21021752014112938
2.157666255202507 0.749755967599786 -0.26381678924607765
1.0505177878111667 -0.651996930037428 0.17166475906324852
2.627623373713476 -0.11571900996137163 -0.577925637817855
0.9851949847217796 0.8014069313583874 -0.19724650726365578
0.2877213942345378 -0.01135616182175836 0.6724300827021645
-0.30940457656879516 0.8213617154784081 -0.19618649826097023
-0.7481919472925043 0.3427346692459743 0.2221518005366372
2.037255507578564 0.7683313261075413 -0.27257199630784523
0.8821860726607724 -0.6844731085067335 0.15669827117872703
2.611388103861465 0.0439364808490863 -0.5631970916752769
0.8412750391575159 0.7984926615759194 -0.2099437271122886
0.27149203916692244 0.1447667924495737 0.680966659926896
-0.4456370047838689 0.8360283077043333 -0.2068638359074546
-0.727595648030082 0.5373331740034439 0.23716358795118797
1.916750595960771 0.7874594857697921 -0.28133197174119484
0.7133857880693455 -0.716085402175628 0.14172176971388328
2.56652699103077 0.16358732586790037 -0.5551280532841636
0.7066706146881643 0.8077109483587797 -0.22084565506028664
0.33630808196527795 0.38652755466806266 0.25136379852247703
0.2304766288148059 0.2701896567421489 0.6859257663722085
-0.6184341148637955 0.8106444718872559 -0.22398896560716164
-0.7954809962656597 0.6313940561326188 0.23838905944777
1.7622240117567358 0.7643824383474045 -0.29697652206468117
0.5626805547583018 -0.7234572573136466 0.1298847640986489
2.5786237767676568 0.35870110224999685 -0.5343775306706382
0.5686875387931352 0.8137834451938475 -0.23235459671067726
0.24488449468253748 0.4507483043670004 0.24901919021559227
-0.765083627218651 0.815690198810096 -0.23643775329637062
-0.9195849224126036 0.6628171208126434 0.2309260810847329
1.560848876246986 0.6839521546524976 -0.3220171485905601
0.46138068639860563 -0.6679523424807634 0.12644295349073875
2.5203522567178567 0.4583668324753325 -0.5296287094120933
0.4111917747360678 0.7978423160194965 -0.24747939453172219
0.1504304737192541 0.511524902630986 0.2461543525691079
-1.0587520973130609 0.6596115884087412 -0.27468009338426125
1.4022361547905078 0.6587553904697061 -0.33830924377488625
0.385178486853043 -0.5810718735512004 0.12720303192091453
2.4356114965939284 0.5225889552012051 -0.5308837448124839
0.27272744726963083 0.805331367479805 -0.2590026412968589
-1.172923637081972 0.7033134635673917 -0.28128953323411476
-1.574006320161402 0.28311245286096254 0.15407328262281883
1.318194516432321 0.7268729708280453 -0.3395838294987632
0.3532046690964705 -0.4398967783213772 0.13532309188795555
0.314198519954175 -0.47789510213234543 0.5880408729548501
2.366131232480072 0.6068095518738446 -0.5287999664311362
0.12433539949652328 0.8022177653601719 -0.2723378692631675
-0.6849064145324419 -0.1148940507560936 0.13719849243116844
-1.22653459671087 0.8133172713906212 -0.2773456130986167
1.234391857313561 0.7952828764104258 -0.34085841522264015
0.25273350523701765 -0.383534177179119 0.1318831886286782
0.2198628059228085 -0.4137171639337285 0.585789486312394
2.278890318834975 0.6676424781179633 -0.5307211433415366
1.2602206757142795 -0.637318914002623 0.13170294418287742
-0.030843709670598685 0.7923549922565329 -0.28688569412278664
-0.6965767357071044 0.04680385890392191 0.1477833236689614
1.100416655801837 0.8026745933683599 -0.3521570716862632
0.15737936988125512 -0.3107455363217393 0.5881028617854165
2.1918485907241916 0.7287876173085626 -0.5326427970890952
1.1290090146749208 -0.6237339236736434 0.12291960372877586
-0.16999129468304375 0.8019685901700613 -0.2984299217228843
-0.700825790075875 0.21576774152601264 0.15941624298048485
0.9504248129146404 0.7915965426455709 -0.3665957008366538
0.20661960159424098 -0.07347864311080876 0.6064057792658852
2.0867171670653093 0.7667991261267493 -0.5385751281743003
0.936447178709841 -0.6879468257902346 0.10346750869703758
-0.3257381320409607 0.7936368985108992 -0.31299395904588234
-0.6975791026189029 0.39191612894189065 0.17209868087721336
0.8032935040640581 0.7850890217985387 -0.3804153953556968
0.44297138124532154 0.37583717316156795 0.2026238883967446
0.2540627874768191 0.1593159277110474 0.6242700065608071
1.938764317211934 0.7506926889934076 -0.5538682495121909
0.7339942073361669 -0.76283405538376 0.08240179672193992
-0.471912094444356 0.7972466135955609 -0.3257569824223472
-0.6306063392815204 0.6383940176655463 0.19466356887770164
0.6590707173880688 0.783119271356147 -0.3936161552433921
0.3547343204211728 0.44347708787781404 0.2007899726862954
0.20671527916865529 0.2771329017828834 0.628436609649186
1.7843211275848532 0.7275556792238835 -0.5705070053105308
0.5955909202445611 -0.754758967137708 0.072526022338395
-0.6547129220831849 0.7608680611824883 -0.34516091690110695
-0.7545167439364135 0.6691082112383415 0.1871028388972329
0.498568659801478 0.7629218099498449 -0.4099607025151206
0.2313681976957156 0.4696923257612684 0.1931615318293618
0.15994223199112412 0.39499225823907613 0.6326091732020425
1.6572788393184865 0.7400823172832021 -0.5811357055668784
0.44150516844498355 -0.7654654690377543 0.059974714660172346
0.5951632011993553 -0.5445037169507803 0.5454979385371255
-0.8380209617994652 0.7254780229703202 -0.3645758186345054
-0.9084330895033972 0.6671355110922312 0.17485813751173485
0.3537698146071122 0.7624393996203032 -0.42317719802903664
0.1498838231464532 0.5456626209534363 0.19237951888990867
1.5269961624203887 0.7493454297684452 -0.5924381767277671
0.4552445572883954 -0.5660771785933645 0.07625107421827781
0.6379485582026376 -0.31062937933938395 0.5636749710078286
-0.981826492268489 0.7352126228849936 -0.37676234588670265
-1.0793410861322599 0.6475284554294287 0.1600051368708657
0.2151769957927101 0.7702084207445057 -0.4351453338627769
1.3466990845155848 0.6975621492744266 -0.6144556556706382
0.4669974223021782 -0.370963026482531 0.09200720443678367
0.5348310940195375 -0.2592164445594958 0.560025497817521
-1.2396251856830176 0.6210076336943571 -0.40947718963670265
-1.287544718145881 0.5884366755250623 0.139418169402604
0.060177611439073075 0.7598857544150488 -0.4502596412663413
-0.6823525812486722 -0.07639933747979244 0.08216576232862938
1.2002169319956977 0.6890191644758863 -0.6291207824711753
0.3133969887285133 -0.3805352764569063 0.0794530357356118
0.49477145242875764 -0.1302231251584658 0.5656738723750161
-1.2565830295207192 0.7714415004675881 -0.3987402473454429
-1.4795794607503723 0.5488114906268193 0.12141995086622703
1.3100328093367182 -0.6179709260210782 0.08040527954054344
-0.09840262906327979 0.7466141632744372 -0.46601147995042336
-0.697105638466958 0.08148196453206769 0.09242491378736961
1.0283078455217876 0.6505483672289447 -0.649151280975814
0.39289490556723905 -0.10491779718796757 0.10645107879591453
0.4237588514779702 -0.039731341304824586 0.5666766609187173
-1.4380131795948188 0.7432026063832473 -0.4175896202092124
1.3340622805280447 -0.40404567384929546 0.09912352218580711
-0.23116797086915142 0.7640034997797494 -0.4767441307072593
-0.6913477847300342 0.261591825057387 0.10586027755690086
0.8748218594313926 0.6359163647263273 -0.6651739631657554
0.47089365839468655 0.16600096215143223 0.1329365219111489
0.3372583853389415 0.0317726235042719 0.5653551067347573
1.2890727988852717 -0.2807978022182973 0.10539679183912742
-0.4034607511084545 0.7373941643497841 -0.4950251136784507
-0.6944703602266031 0.4301784940936537 0.11772398605299461
0.6671216749038535 0.5572952211561915 -0.6925973449711753
0.4073879844436519 0.2641071902414911 0.13536791458082664
0.27650387208126403 0.1341807785255691 0.5677583660121011
1.2876727787260833 -0.10279154560586656 0.1192641700739907
-0.5794899184353568 0.707987867714849 -0.5139464889531089
-0.6669410778493443 0.6319220491480202 0.1343527282710122
0.3634878553104457 0.38521771671160554 0.14101462020826805
0.20982040968338822 0.22908142217086436 0.5692341770167397
1.1608878643094656 -0.08498653403919976 0.11091236724806297
-0.7129696911150845 0.7275791307553727 -0.5247015510563804
-0.7975272750445725 0.6553926422211234 0.12562899246168602
0.2913120508504008 0.4721381296570373 0.1418476547236489
0.14996565926018945 0.33175262003370865 0.5716443504328774
1.0680496565467479 -0.023814371788053013 0.1085215057368325
0.6464495166922575 -0.5341839972502256 0.4926586593623208
-0.8806620278200654 0.718441692011075 -0.5411905799870445
-0.9524089220901644 0.661137426277989 0.11366228713942039
-0.19071035310822992 0.07516213982401876 -0.8213758026127769
0.2368212690641016 0.5967716427459324 0.1468372787470864
0.09601724986138294 0.44953897872450277 0.5753913368220376
1.1005374864006257 0.21137509709097113 0.1293340171809243
0.6211032974776103 -0.3670789060637487 0.5020764316554116
-1.0211721392124389 0.7320921211773768 -0.5532178436284019
-1.0631958187637451 0.7080182996253028 0.10810093536329735
-0.27890813920284785 0.13764017991146238 -0.8239826713566734
-0.11193536719533626 0.3785668416293877 0.5563552822108315
1.0441925373479108 0.3080074818942049 0.13244442596388328
0.6379918547040333 -0.17592613994167428 0.5159633602137612
1.7553931367180766 -0.3815564373867928 0.07705311431837547
-1.2154057529792581 0.6878586395383257 -0.575324491119857
-1.2242780103651043 0.7003531359965858 0.09460024490309227
-0.3712170345996526 0.20413947914788677 -0.8266577278141929
-0.654743180855192 -0.10550449759637015 0.024220510863785627
-0.027753354391180096 0.6478778719668363 0.579298540496354
0.6170209570101903 -0.02409699332411286 0.5245879138941811
1.6978572288592915 -0.2751615180363376 0.08125023498487938
-1.339647563740705 0.721323844935386 -0.5842179809575034
-1.3991583836370154 0.6789022816714834 0.07897429122877586
-0.6012347726372056 0.1311739352126966 0.0459294761652993
-0.3830446658387885 0.4091519061860205 0.5392442192072915
0.5684588270103745 0.0929286378790688 0.5289574111933755
1.637799893419242 -0.17261250697678987 0.08490185394239891
-1.5879908559847138 0.6437938557771234 0.0612187828059243
0.5109504313947539 0.19847056298835541 0.531909510039811
1.5812660155203488 -0.06602284202456365 0.08910755767775047
-2.6445933519811646 -0.34128893998562493 -0.7986435447697593
-0.4933524859302665 0.5987530634548714 0.08886532440138328
0.45074650389036464 0.3002908917671441 0.5343921627039956
1.4977403128353473 0.0053829251488086705 0.0883636917109536
-0.5545091307154522 0.6995056150783658 0.09130148544264305
0.422406772843253 0.4214017877191667 0.09225372924757469
0.36223648024594723 0.3678836519740387 0.5326080764765786
1.4513128079875202 0.1239710004062693 0.09422783508253563
0.851678431576147 -0.6202853553734982 0.44400553359938133
-0.7438010537179309 0.6378989766228691 -0.8225583587651206
-0.6715330718846815 0.737366898426139 0.084610983275895
0.35675356864257424 0.5157282978612336 0.09421162261915672
0.2707396237928279 0.43199218612128254 0.5303495372767495
1.865131585964832 -0.5750224544946163 0.013778730773453596
1.4054742495526398 0.24258580800186236 0.1000981773371743
0.8311158080629184 -0.4644022294434067 0.4532671417231606
-0.8278875174421501 0.7135241420709337 -0.8238849197392417
-0.8218092520962372 0.7387969161430079 0.07254461898756492
0.28186147442221454 0.5988460676872482 0.09454016342115867
0.22456670012930857 0.5495552753491664 0.5347383464808511
1.8425217571091608 -0.42117294688497164 0.024753137969498518
1.3385481500021825 0.3340104825377037 0.10211615219068992
0.8424236099636815 -0.2697681265623948 0.46735481872511375
-0.9823602010306587 0.729927908312463 0.058857485198502424
0.21052502624482372 0.6859752399217056 0.0954146827693032
0.13041796638284353 0.610406389718571 0.5320070232386636
1.2564720058126113 0.406207928280073 0.1013803924555825
0.8579575866152354 -0.07164313349421425 0.4819376911158608
-1.1599873740630002 0.7035289783333227 0.04247383727980125
0.00979816980463255 0.6226330018686821 0.07450441970777977
-0.022057615211110715 0.6037412145054226 0.5207202877039956
1.778710529628782 -0.14158711615841035 0.04281954421949852
1.1715392422003035 0.4748231595991519 0.10009388580275047
0.8026417460364286 0.03705372620162706 0.4854462589259194
-1.3111535670948342 0.7073656921051792 0.030381723784928205
-0.08088089658998854 0.6880851856186898 0.07210592880201805
-0.16829982252422582 0.6053697526989748 0.5103764976496743
1.7221616593891582 -0.03540720374654027 0.047114416503434065
1.1903760152631122 0.6709424332269158 0.11701397552443016
0.77927724176579 0.18442419189652037 0.49378256454420555
-1.506457233821152 0.6645289082672012 0.01128773345900047
-0.15174489829015414 0.776340415345977 0.07297711029005516
-0.3147849988460152 0.6077209038975591 0.50002555503798
1.6509047357683002 0.05122767943201989 0.04861931457472313
1.141022678673835 0.7820649475897032 0.12180571212721336
0.7188116015832193 0.28547646606879606 0.4963369812006997
-0.26820913328618445 0.8125411518129018 0.06621651306105125
-0.46808766650514144 0.6033351666312745 0.48871545448256004
1.60141843522225 0.1654785161284047 0.054040476226334455
1.092205913093423 0.8932396386081414 0.1266022171015786
0.6714875904729496 0.4019992436767392 0.5008259262080239
-0.42751818038318845 0.8008902864576384 0.05236153259230125
1.51564444932162 0.23289345476881795 0.05275349273634422
2.127542128461336 -0.6377670867352134 -0.03270049438523781
0.6181350709005358 0.4923471046346446 0.05739168777418602
0.5960759226563894 0.48411470613117036 0.5009737457270669
-0.5640042100719356 0.8160262670008493 0.042316957854752424
1.4301041761150444 0.30060188796223697 0.05146746292067039
0.7499888324190138 -0.5391574724834944 0.38561014785719383
2.142449404088424 -0.4324280670412004 -0.014147714233870623
0.5366980425932866 0.566999948113402 0.056644960784439924
0.49222852541324613 0.532128090433202 0.49677543296766746
-0.7770477824894684 0.7467716283542987 0.019711061858658674
1.3602884715319234 0.38803444594451264 0.05298046722364891
0.7610863801887504 -0.34430675720319437 0.39997200622511375
2.111027521902294 -0.29122492968449665 -0.004660085297103045
0.45553554498931703 0.641924789454146 0.055899187469010236
0.36278027145392855 0.5501458994958424 0.4887080635066079
-0.9308070657550616 0.7450707582199985 0.006919428252701643
1.290853661993907 0.4756642686746595 0.054495378875260236
0.7732910992076683 -0.14984554715798426 0.41434721603346336
2.0624505709198075 -0.17394871163132208 0.0014296020503090645
0.3778662200080234 0.720909442720671 0.05570797576857078
0.2106558639401399 0.5422187711013886 0.4772510971064614
-1.098227582251063 0.7294543197037018 -0.008064702606673357
1.2092909557632083 0.5480212614583722 0.053772016906266096
0.7271171835318384 -0.029269092925233053 0.41941122665358055
2.0174670110772013 -0.052677760954966235 0.00809244766188133
0.2552670545439568 0.7472624774252474 0.04777292861891258
0.06469475208360365 0.5426244018691726 0.4667532886500405
-1.249224765105538 0.733025553659052 -0.02032704696702492
1.175068927159323 0.6784359525875678 0.06145577087355125
0.6217881751861754 0.01803847737234099 0.41515116348219383
1.9640660794405065 0.05674752047666143 0.013057276153092268
0.10016900235306281 0.7365265323083006 0.03429989471388328
-0.04901655241608438 0.5814550055850707 0.4610877479548501
-1.3498602741281829 0.7921324680919057 -0.024395421600813982
1.103693214824169 0.762700233696719 0.062418981933121565
0.664974612406958 0.24654488843678557 0.4339759792323159
1.896061120106502 0.14654250647011313 0.015184923552994611
-0.03896234689150191 0.7453545722014323 0.023586794280533674
-0.23775846246068255 0.53433468106499 0.44428329124403465
-1.521461726750644 0.775220037311882 -0.039950803375716326
1.023171080758388 0.8356744559114495 0.06170134201002586
0.6524202135710127 0.4054121293291617 0.4439723934168862
1.822378419667281 0.22864848507755875 0.016179129027848127
-0.16848453546329267 0.7660883314798164 0.014528318786148908
-0.36811196809443203 0.555692347933451 0.4361844505305337
0.9397380482824076 0.9051020014715516 0.06042389526319969
0.6120614095407362 0.5296544320598149 0.449554249190812
1.7581951525969686 0.3227259920621872 0.01888041152906883
0.9815708220849473 -0.6638553196152719 0.33628372802687156
-0.3178074951798777 0.7650478836278425 0.0021400894160317208
-0.4919887866653667 0.5851391174088838 0.4290502513880776
0.6905563456371908 0.7767861442908157 0.029962107085709455
0.5403434872759902 0.6157561609151281 0.4502237285609292
1.694441502964139 0.4169526443270648 0.021585031890396955
0.8775378603993005 -0.6138527592298413 0.3324618782038735
-0.46409523645291983 0.7684811557470783 -0.009700254059310076
0.5492278047892043 0.7790285268488737 0.018568083190445783
-0.6036504253901 -0.5676349502399112 0.28655628814650047
1.6126223151373011 0.48793668686525793 0.020878359221939924
-0.6172386583648901 0.7652233202111547 -0.022658303833479998
0.40122691547686173 0.7743912715077621 0.006044432067398908
-0.34370695960313924 -0.08318574419357061 0.33835415496778953
1.5248807590694682 0.5514241907578286 0.019033476256852033
0.9301390921187505 -0.185636142525321 0.3667288269038247
-0.7773059450861481 0.7553530668908164 -0.03673215255784523
0.26910918950905227 0.7893710880099065 -0.0036778007512046074
0.06180579163770261 0.5654036777056972 0.4118636096949624
1.4311280286134362 0.6074694121669197 0.01604990615797508
0.8400211069904913 -0.11977249683497515 0.3649154151911782
-0.9243619611459266 0.7610444298558163 -0.048596337891097185
0.14658189669041377 0.8162718343038979 -0.01171965942430031
-0.58825554679715 -0.017385994446275532 0.3248334373469399
1.346896676987086 0.6754730001548035 0.014773889922623518
-1.0984146601802962 0.7380945786487803 -0.06490702972459328
-0.05745576270543751 0.749940053236108 -0.03382201538133156
-1.0892087580697307 -0.419375056440201 0.2608972038264321
1.2503639044599595 0.7283555722125183 0.01121906890821922
0.5222702521977212 -0.15689569964066274 0.33930401458693016
-1.232577871951385 0.7600024628939201 -0.07456632003831398
-0.15099556399948 0.8119159335698467 -0.036816552734847185
-1.1671878239436921 -0.33134436670512235 0.2610063995356606
1.1413746242978462 0.7662399809218017 0.005382105254654768
0.7759441527466393 0.32993610161722264 0.39196352615309227
-1.4073247236560746 0.7387609697254045 -0.09089560852098
-0.31003226383896276 0.7996809943580243 -0.05106397018479836
-0.6426936211331693 0.44011854285881347 0.3513827766413735
0.9723448998155604 0.7317773899142748 -0.01129384384202492
0.8142451521240801 0.5498854375998024 0.41016392364454735
-0.443036223907896 0.8179992092873207 -0.06081767425584328
-0.6416233614494757 0.612120611888423 0.3628821815486001
0.8441062039796705 0.7478881315642218 -0.02056355819749367
0.6916392091267412 0.5741110197318386 0.40286926879835594
-0.5761642069447106 0.8369597475124508 -0.07057710037278664
-0.742420217493887 0.6687959147753051 0.3590889419550942
0.7061730117330072 0.7531648364679673 -0.03155036315965187
0.4795428518874516 0.4920671244942585 0.38155655517530906
-0.7625900351830097 0.7974458925917021 -0.0893539939885093
0.5520304913046132 0.7401181715719605 -0.04539914474534523
-0.05725897848599004 0.02698201004870615 0.3096619094843911
-0.9128550576109262 0.7994550624502188 -0.10194487915086281
0.423267440953758 0.7581606826247804 -0.0546869789128257
0.21712871375503795 0.5249905731618583 0.3644271339411782
-1.1069007064807792 0.7545001280049681 -0.1218714271550132
0.2814731763810485 0.7617028856605947 -0.06626553878831398
0.09703992553576057 0.5556188663704287 0.3576083625788735
-1.1973186719157312 0.8240527833062905 -0.12433095321702492
0.14269599195782945 0.7697117835637308 -0.07727952346848976
-0.7275566457579288 -0.23138521616598773 0.24201063766432274
-1.3786188530029335 0.7954534619986853 -0.14202018127488625
-0.00278105211572921 0.7708913612334576 -0.08944363937425148
-0.8929424827725185 -0.2460635817402026 0.22861914291334617
-1.5637762799320427 0.764197300212786 -0.16028447494554054
-0.12563654011952963 0.7989895523754433 -0.09761138305711281
-0.7870566082057664 0.051160059824476356 0.25685886993360985
-0.29445863571864805 0.7754240617730122 -0.11379332885789406
-0.7352309324997677 0.28381880309745666 0.27658991470289696
-0.4241921403032549 0.7973776692600398 -0.12311740264939797
-0.665543257666755 0.5344353558455648 0.29885010375929344
-0.6069258983199219 0.760616735032801 -0.14160771713304054
-0.7566449560870225 0.6023272360128598 0.29651741638136375
-0.7470224981065599 0.7729001884201563 -0.1526636634831382
-0.8939598581752364 0.7784975106480272 -0.1648721252446128
-1.0745699655482994 0.7480967920435622 -0.18281932220506203
-1.2254262660313202 0.751624312057666 -0.1956166778569175
-1.433828215544473 0.6938669254414331 -0.21817345962571633
-1.6259790412703836 0.655461167372462 -0.23787494049119484
-2.1259458418296475 0.6535371462243997 0.12061028137159813
-2.2605195178574533 0.5103906893730126 0.13798145904493797
-2.3659898427830015 0.37123794271493704 0.15187744750929344
-0.7073362083456516 0.532488211501335 0.5367141212458657
-2.4176194913064037 0.23817944681346193 0.15940479888868797
-0.7684241165382488 0.39267127705674376 0.5442803348536538
-2.395569702690622 0.11251479961164934 0.15824703826857078
-0.7755388682686544 0.25845636205119105 0.5462980712885903
-2.403634180287952 -0.015953406320938335 0.16056303634596336
-0.8822160695591208 0.11536754306492236 0.5584040130610513
-2.407197358972958 -0.14389166601649395 0.16230015411329735
-0.910141971078275 -0.020040212610038743 0.5624392475123452
-2.510195838671436 -0.2800440521415757 0.17561726226759422
-0.9088071761598329 -0.15272429263642362 0.563448234939103
-2.4466542255696666 0.7521371298329682 0.027606054687027815
-2.445385743715825 -0.40194961336705726 0.16924862518263328
-1.0517336528428203 -0.2968787370956729 0.5790851558680581
-2.4524386429779668 0.6234970163974669 0.029991194152359846
-2.346329256942745 -0.521618158193244 0.15882591857862938
-0.9868879179091579 -0.4240683232327438 0.5735364402766274
-2.419184089111141 0.4990913236109549 0.027606054687027815
-2.1733627438008085 -0.6365068137646115 0.13971809997511375
-0.6247974161245367 -0.5299636483451495 0.5377231086726235
-2.420927282378294 0.3709935063503962 0.02939514770460594
-1.876902141712101 -0.7439501994262581 0.10613493576002586
-2.4132410067254213 0.24392435451247252 0.029991194152359846
-1.339929246310085 0.34242782754927736 0.5363605464930581
-1.045552591109022 -0.8180551958005675 0.010017916106705549
-2.396120122371741 0.1177763481215699 0.02939514770460594
-1.3274084603720127 0.21206927675190634 0.5363605464930581
1.1141036509923623 -0.8147840711604126 -0.24127717361497414
-2.3843744568932905 -0.00889269513655222 0.02939514770460594
-1.3153468607957421 0.08166485384355404 0.5363605464930581
-2.3730762753569152 -0.13560468261819691 0.02939514770460594
-1.3384210723989725 -0.05180283122123086 0.5399523223872231
-2.431478663661565 -0.26816104831882104 0.037744089507584455
-1.3173692751516626 -0.1813338798118318 0.5389264072413491
-2.348576745749206 0.7363652111237395 -0.17798037872361672
-2.4210817865094754 -0.39470745811825214 0.037744089507584455
-1.2868412804194165 -0.3101795899083011 0.5368738616938638
-2.433329341495323 0.598893008726713 -0.16553349838304054
-2.3616300225779554 -0.5174873361308046 0.03178028716993797
-1.3162769057582793 -0.4437628391189121 0.5409787143702554
-2.479112401636776 0.4661762884010958 -0.1580657516484214
-2.2481295459651633 -0.636652050390047 0.019256636046891096
-0.869986297659473 -0.5422819867475894 0.49582605018568504
-2.4957750230192204 0.33680844846487057 -0.15433163986253273
-1.445938787483918 0.43598857801399493 0.48034171714735496
-2.065697059061911 -0.7517414294895297 -0.0016154800419760917
-2.517837183916086 0.2071211506344115 -0.14997525558518898
-1.4479342991055404 0.3045578585183728 0.4819071735377358
-1.1901379326161035 -0.8221120889218492 -0.10597749099778664
-2.5008366147377856 0.08133971729140743 -0.15059752807664406
-1.4751603870836547 0.17087085858483197 0.486081406020646
1.0627317121143491 -0.8121051857513639 -0.3761252914433433
-2.454636326643019 -0.04184956357773606 -0.1549539123539878
-1.5127646837950195 0.03653024513686809 0.4912989582057046
-2.458279120128651 -0.16959883512940133 -0.15308709487962258
-0.015050568409023413 0.03528042551891941 0.3347664321894692
-2.4772032739821412 -0.29851842808523754 -0.1493529830937339
-1.4952672692686662 -0.2234319377010201 0.4918208564753579
-2.492987236200719 0.7639772836639369 -0.48317618713426125
-2.471862323931326 -0.4252989474028883 -0.14873071060227883
-0.6866326677622894 -0.28985065174399605 0.40781502380323875
-2.523328673996012 0.6328042384951917 -0.4771861587529136
-2.4570669859616174 -0.5513243533477206 -0.1493529830937339
-1.4002530450676645 -0.4774463455094726 0.4839942897791909
-2.495003650141335 0.508136372295434 -0.4791826759343101
-2.4080759095405355 -0.6749053172754698 -0.15433163986253273
-1.177324009163307 -0.5921464818407212 0.46155790939283836
-2.516409976548445 0.37828549974033976 -0.47452350006150734
-2.4733352075433714 -0.8066604113830609 -0.14499659881639015
-0.01713719244438039 -0.6437653231708609 0.34050612106276024
-2.5284187507479032 0.24960577025272235 -0.47119517669724953
-0.6631459041814267 0.43321209179578135 0.3312879051203774
-1.0687890411234093 -0.8415146742909188 -0.3204960380558921
-2.521144344719552 0.12292786044024817 -0.47052998886155617
-0.6849583627453129 0.2972012931767609 0.33500103607130516
0.8608156213086673 -0.8535622344584195 -0.5619630371098472
-2.524193242686941 -0.0046603864311554055 -0.4685329948430015
-1.5836136806603207 0.08129670358860919 0.4326041187281655
2.6372341564783284 -0.8880505402632104 -0.7841372047429038
-2.522747857715764 -0.13175028633780528 -0.46720214233445656
0.10696104534044792 0.09932370367292664 0.2527804817194985
-2.511878678054117 -0.25798019073378686 -0.46720214233445656
-2.4866288257889835 -0.38304564425288845 -0.46919865951585304
-0.5441516657202641 -0.22601690250050854 0.3249221290583657
-2.4766352972583547 -0.5093988830129774 -0.46919865951585304
-0.5633645644426082 -0.3614512921484403 0.32810454025221336
-2.4819068989499513 -0.6368804558390511 -0.46720214233445656
-1.4110876611438599 -0.5578352158135864 0.4198732818598794
-2.087219613231774 -0.7361397794730618 -0.5191192184452964
-0.37508737207696896 -0.6157619267237409 0.31006960525465477
-0.1550572765195284 -0.7353984636796866 -0.7780403648381187
0.37323450291553684 -0.7001076229941186 0.23103146209669578
-0.6357688649344908 0.33429114252282277 0.2619905914301919
-0.2204949972355763 -0.8745839443403751 -0.7680563484196616
0.32255891485879573 -0.8402124405677474 0.2373972381587075
-0.6133764980124994 0.20239151519500131 0.2609119857783364
-0.2369596933294673 -1.010321813824456 -0.764728501892562
0.13333159749188184 -0.0018094355508990745 0.18219904556227196
0.0009626326398972651 -0.1490512301314202 0.19783405914259422
-1.261854261243485 -0.3836882989645911 0.33639006271315086
-1.6206033186050064 0.7552431762484759 0.29779820098829735
-0.6669411485768393 -0.47062642007570865 0.27277283325148094
-1.6214660706922501 0.6242848790112334 0.2994413818354653
-1.5150545802975586 -0.6643940730284723 0.3660426582331704
-1.6227943182510316 0.49338296309324114 0.3010845626826333
-0.7571615348009715 -0.7434514940249186 0.28463368072462547
-1.4317031391575128 0.3816624067901073 0.28136353149366844
0.3577854928559532 -0.8048509016624736 0.16440825118971336
-0.8402102685268034 0.30696568248421885 0.2172704185481118
-0.47790163975182764 0.33488098580352954 0.7182338680262612
0.31170819516144377 -0.9444431633435428 0.17033867492628563
-0.4852401775181363 0.199689271654802 0.7201474155421304
0.12966886909386233 0.12646907777637084 0.11263947143507469
-0.48809424031237114 0.06503262069857252 0.7215824569697427
-1.5224547692963242 -0.15054403559575968 0.29670195236158836
-0.48646806124567377 -0.06913914427113266 0.7225394691462563
-1.4918433810442977 -0.2786470314639584 0.294510885619645
-1.6710149953528486 0.598350661331791 0.23947767867994774
-1.3675300712032055 -0.39958114971067493 0.28191141738844383
-1.682317667948844 0.4666225874019254 0.24226050033522117
-1.6450554118199747 -0.551261458639039 0.31368403091383446
-1.6891437790860238 0.3355059370075004 0.24448637618971336
-0.45072672546081094 0.45089007437458983 0.6469433750147866
-0.6491255155957703 -0.6104954310804356 0.20467095031691063
-1.6815904508595594 0.20589663390895874 0.2450423683161782
-0.4576505113657703 0.3155441036123938 0.6488912548060464
0.37657585123840676 -0.6746485428730109 0.09237103118849266
-1.6794439499107199 0.07582304748328861 0.2461557830805825
-0.4997431671011725 0.1771228690942137 0.6542487586970376
-1.7371480507509531 -0.059449738970970945 0.25394634857130516
-0.49275813976468896 0.043398409356407264 0.6547358478541421
-1.523021924307244 -0.17126144594157333 0.23113064422560203
-0.5209602929679349 -0.09326600205620972 0.6586323226923989
-1.5122929787780421 -0.30097900360647056 0.23113064422560203
-0.495087592495679 -0.22527660746717304 0.6571712936396645
-1.4921165162788412 -0.42996617165686324 0.23001770629835594
-1.829737187509643 0.7431590788382745 0.18339256896925438
-1.5368029463348236 -0.5638229975687206 0.23613886489820946
-1.7960525962194964 0.6166146032803517 0.18112806930494774
-1.6761399840694935 -0.7039693980164854 0.25283293380690086
-1.8319916504739098 0.48275528705442117 0.18678812637281883
-0.5440353508911642 0.6154370042121591 0.5869093383784341
-0.9087231971546927 -0.7823451289654693 0.16769222869825828
-1.8535848138709525 0.35066911538096246 0.1907506431574868
-0.5553223909803648 0.47983437660341677 0.5893879379267739
0.18092266740656981 -0.8455844972965765 0.04637961044264305
-1.910265356104837 0.21545781105551365 0.19867472305250633
-0.5769965319695416 0.3434074169600785 0.592857881927018
-1.9872256980133542 0.07885832421357053 0.2088628257746743
-0.5644800844754343 0.21038483345118264 0.592857881927018
-1.9954189457638805 -0.05099875380021546 0.21112684860182274
-0.552424871951338 0.07731959576847203 0.592857881927018
-1.9842679718545924 -0.17907065192852745 0.21112684860182274
-0.5259612038483041 -0.05451828254250435 0.5913708652491616
-1.9686137680592495 -0.30677190996996595 0.21056084289503563
-1.9434956584282261 -0.43376852189425774 0.2088628257746743
-1.864329335101388 -0.5568224336427523 0.20093874587965477
-1.3990587499200515 -0.6528137693288296 0.1488652671809243
-0.45819687745630233 -0.7197373308897714 0.04245381011915672
