1.7160607856773993 0.4719341711539613 -0.22691476378656805
-2.194658430337533 0.583105203987607 0.08819830384038507
-2.089253208879036 0.2645616859141384 0.06823265518926203
2.1556450815995163 0.6040226029864364 -0.40074288878656805
-2.0529855071495433 -0.02341702707569837 0.05477774109624445
1.7425026156113006 0.5013737119383279 -0.37057817015863836
-2.076510954721769 -0.28437834844660514 0.046964764259086245
-2.128058043317715 -0.5326846606716664 0.04175627198003351
-2.17607670982855 -0.7831518965134094 0.03611338104985773
-0.7196399120273185 0.7544537881360043 -0.16075360808588446
-0.989550670399737 0.6027689274316295 -0.1443403962633747
-2.1095772658507244 0.5698244264832582 -0.05473220381952704
-2.0629745617566826 0.27826615022251033 -0.06937110457636297
2.046430144761146 0.5935604644859183 -0.5222538712999958
-2.0943400250126274 0.02188107336158751 -0.07646930251337469
1.5922886045683526 0.5093516457780964 -0.48742663893915594
-2.063646680822572 -0.2643864047330666 -0.08977735076166571
-2.227556905069669 -0.4592237488082276 -0.08401048217035711
-2.0957276879053524 -0.7955382608923749 -0.1075214150927204
-0.7278211879259828 0.7023589066261451 -0.2875126603624958
-1.2157000345567894 0.6491089495188334 -0.24906814131952704
-2.0725401361872926 0.4976894181240894 -0.1839374307177204
-2.1482341000924023 0.2624995338336973 -0.18665111098505438
-2.220273622403404 0.02536004334356079 -0.18981683287836493
1.7259671833545696 0.5342502560026183 -0.6273139718554157
-2.23465648035026 -0.2392801216641942 -0.19886338744379461
-0.6217903273096965 0.7357737205224097 -0.42079293761469305
-1.1005972582671717 0.6776354155255291 -0.3825310472033161
-2.0737078730443343 0.30792608832354773 -0.3147662881395954
-2.1140003206098257 0.05582342809652374 -0.3212202790758747
-0.8091371262205769 -0.5671651177186128 0.5674525495984417
1.196788821155451 0.8457681926610654 -0.6995128396532673
1.355276726295699 0.49828963199464127 -0.7262843850634235
1.3253601927015666 0.23160903029819835 -0.7337988618395466
-1.0197872641665526 0.4492588574791938 -0.5233849290392536
-1.8728785720900731 0.29520266932100014 -0.45622193846918524
-1.9763754134306097 0.07188451450764433 -0.45622193846918524
-2.0806506038994783 -0.1510713874372165 -0.45622193846918524
-2.1812070033729896 -0.3757960112103689 -0.4566916230700153
-2.2107073680446376 -0.6345538080839113 -0.46467578444696844
0.06969183291765546 0.7695782180247726 -0.7318147424242634
-2.115709169411616 -0.9540616286990016 -0.48581111464716376
0.07243441548158103 0.4929612765551816 -0.7428168061754841
-1.179145017832326 0.7785138952783583 -0.6217917207262653
-1.293715532606413 0.013167730458832239 0.35868608917974054
-1.2943092343804352 -0.2605577844314695 0.3492833372571331
-1.263670065481648 -0.54985652455062 -0.6677140000841755
-1.3411122935449953 -0.5134577479964406 0.3439680334546429
-1.4555599301585431 -0.734774898474349 -0.6586250070116657
-1.4826848273690416 0.8730568545355766 -0.71582973036982
-1.4210293968571648 0.5743574662837005 -0.7333630326769489
-1.6044007330729926 -0.15828885688851457 0.25126612152837335
-1.7185008500729566 -0.3782971672404898 0.252101063392387
2.0214410426203955 0.5000737673502229 -0.13333308730341376
-1.8153465525106611 -0.6064290285555174 0.25126612152837335
-1.8657490703846804 0.5725520222351967 0.1731163259961468
-1.9863668056716648 0.3575554480615857 0.17482149567388117
-1.8954299762420561 0.04424882410899045 0.15649378266118585
-2.094502914618502 -0.13451780048938033 0.1654444929578167
