1.398017659474661 0.7260314646599042 -0.30630622998914436
-0.5551099997965352 0.9373844114185463 -0.4102715124293299
2.115034113208324 -0.5886349950940026 -0.42817436353406624
1.9969339307901528 -0.3123191703469983 -0.4323671926661463
2.2081863308730476 -0.3793986146372972 -0.5715530981226893
2.219508738007498 -0.04883043715385682 -0.5679157842799158
-0.000768381332001411 -0.3051060557724372 0.5330168138340978
0.4018375514031618 -0.2547117920948905 0.3980056176976232
0.33446584616232755 0.06452488451611904 0.39619363649645134
0.2787489310089235 0.371579861557354 0.3948294053868322
-0.18330132325145243 0.5137361777173823 0.3741856942967443
-1.0951219838709036 0.478549491570341 0.3322235475377111
0.5907316334902717 0.5636245826954185 0.25773919924059197
0.7054367787365194 0.5767670217343528 0.1264892946080236
-0.9869205342427811 0.5531485514066636 0.0435415635899572
1.7060807865521461 -0.05656789090517389 0.00616372926988884
1.5944330732865346 0.22307111474364305 0.0022312532261876683
1.511470107486197 0.5145293540166676 -0.00021921292981819107
1.2354342138835328 0.7267310045618904 -0.012953149239632644
0.7007113856125322 0.8354502186887198 -0.0394352544947596
0.1194352460690915 0.9289236102899441 -0.06840549604139046
-0.9077433552515224 0.8491662278339822 -0.12101875440320686
1.9431754986466352 -0.7095344987673418 -0.13687072889051155
2.031319201968408 -0.344411974609963 -0.12969671384534553
2.010649854577917 -0.026988128773312248 -0.1285642255946131
1.922134104826231 0.26124314440685525 -0.13121067182264046
1.7055138992048668 0.4961461966632683 -0.14094244138440803
1.0137402000591003 0.5368613846057162 -0.17681728498182014
0.33054844374022707 0.5857739524345917 -0.21223198072156624
-0.5015200689136421 0.5794199700281673 -0.2558325399561854
1.8250309152921318 -0.4008418457046732 -0.2917078603907557
2.0249627466854356 0.010522147160998419 -0.27783285276136116
1.931977314753631 0.29677501336182655 -0.28068672315320686
1.8354281267362147 0.5813638041451248 -0.28378807203016
2.0619159957998185 -0.05454541503579069 0.03821338518419548
2.1238738323171518 0.028113261569692405 0.05579866274156853
2.0416589498384887 0.09068893453135995 0.03821338518419548
2.056002332478595 0.16654295866618485 0.044075144369986496
2.0513408773763544 0.2397819170871509 0.04524768694200798
2.013173633923003 0.30879495017846237 0.03821338518419548
1.9897113264138007 0.37980359616973747 0.034696711142447434
1.9471851115547167 0.4486661133081591 0.026490820486929856
1.8855656283132483 0.5155816555171095 0.013595236380484543
1.8434830734407477 0.5850421648762163 0.005388868887808762
1.8064648994140313 0.6552857576171149 -0.001645432870003738
1.118917449969448 0.7348266221058166 -0.16459737912854866
