0.2972569991325642 -0.668810327101367 0.6032836755507915
0.15146794705793099 -0.336017621281675 0.5965211709731548
0.1400147001045653 0.018810490766425048 0.5951860269301861
0.055791010898637694 0.362007002165992 0.5908501466506451
0.24775162007443186 0.6398676041519984 0.4221432527297466
1.5721483853540548 -0.5296992718062601 0.15092542970118217
1.5254849933014825 -0.18526018853535042 0.14826515519556693
1.4602941088220263 0.15613426840497624 0.14471081101832084
1.312412163420305 0.48467686769035545 0.13732221925196342
0.25217961307861003 0.6744310488228713 0.08805874192652396
1.900481925067531 -0.19517837496266033 -0.025094715715077598
1.928965846923468 0.15998027698889317 -0.02418109571996041
1.8452417257819533 0.49689969412687596 -0.02867480909886666
1.5579783277431858 0.7852345782034291 -0.04291459715428658
2.024298029470856 -0.2808638032123216 -0.19221707975926705
2.00315087050965 0.06596655411998853 -0.1935989538437397
1.7119568606459765 0.36982455136161896 -0.2084128538376362
2.128767020017065 -0.2469983460880858 -0.36006089842381783
2.0776176814758287 0.12959278919331751 -0.362951008439687
2.0382059915927755 0.4729944626983169 -0.36526748335423775
2.1896283040857867 -0.5879162376840306 -0.5297786871201069
2.0343976747914 -0.2635169395693371 -0.5381090322739155
-1.7412437016396183 -0.7237633159981112 0.328999789594981
-0.2307766370192894 -0.7019926496309967 0.49691608750757865
0.26860576850085494 -0.7004706401314582 0.5525019487136333
0.41688202830798815 -0.5921391898802622 0.5652406533950298
0.5833244053036069 -0.02617168071644116 0.5635035356276958
-0.9397285063443164 -0.8088829859445053 0.2677047570937603
-0.5586952829941652 -0.7656347570752917 0.3100455125564068
0.29204235823423375 -0.8688325506005672 0.411425383924815
0.5156661324633589 -0.7837097087883436 0.4340870698684185
0.3680604300628829 0.6720887772456532 0.5137079080337017
0.5688842075389502 -0.6464671455086624 0.4352796396010845
-1.5996073506613442 -0.8996610848696935 -0.03926917707982369
-1.0567125982889394 -0.8997484802677871 0.026076110243174355
-0.5476092435367761 -0.8935076137077278 0.08706549012598686
-0.034228749421146176 -0.8921127045620274 0.14867666566309623
0.34112284849140195 -0.851915193630095 0.19224003159937553
0.6998714340050967 -0.8167506417689143 0.2339370568984478
1.0369111501249293 -0.7694629308993939 0.27252176606592826
0.6070004359588879 0.7318878836048484 0.38757112824854545
1.1374313213489131 -0.6491259047575202 0.2799899896377056
1.1958058678996082 -0.5156451904850492 0.28185680711207084
1.2546280157115604 -0.38241279122340366 0.2837236245864361
1.2667927604726046 -0.23389726503255126 0.2793677171462505
-0.6603052631408985 -0.9215526897398565 -0.30818101561131783
1.2748013418348663 -0.08373887922672374 0.2743885835402935
-0.11414263507127487 -0.9289683252657 -0.23762675917210885
1.278682000686132 0.06811303751390874 0.2687876542800396
0.3935379644784973 -0.9284551295490644 -0.17239686644139596
1.2549749264726344 0.22971637513022358 0.259452613233897
0.9101942203807667 -0.9342689364832832 -0.10583659803929635
1.250672009163317 0.38516772457770543 0.25260713899073295
1.2087766042134973 -0.8754055151797768 -0.06989356672826119
1.2141871416045262 0.5522679792771985 0.24140480363306693
1.6867842654548184 -0.8753804599965473 -0.008657662034657676
1.6971701823123269 -0.7286532421930865 -0.01331683790746041
1.9201990534129507 -0.6507182826206925 0.011976035475107949
2.0303081673363295 -0.5370619830004326 0.021294387220713418
2.0890130162797504 -0.40682435369969916 0.02329185807642631
2.129365556061096 -0.27052148541112153 0.022625716566416543
-1.4202543066089461 -0.4133324989656568 0.7122223695510357
2.14205139753453 -0.12476629743859391 0.01796654069361381
-0.3319876270963036 -0.5880939762831368 -0.8135826269394428
2.1459081141134604 0.024285149236265013 0.011976035475107949
-0.29700209785187326 -0.4419681024884934 -0.8150345960861713
2.1222655147870526 0.18323789987960737 0.0019920190566509177
1.2715288900394555 -0.7804721202154621 -0.5805051008469135
2.0945844744436855 0.3441673701905881 -0.008657662034657676
1.7110681824240075 -0.7695119384764055 -0.5195123831039936
-0.787213533088071 0.02971479054616033 0.7634394487136333
1.9461731246579674 0.5486513500849259 -0.036613194108632285
1.9195775341455317 -0.6867967498120713 -0.49409934675755807
1.733441532344706 0.7778200230787036 -0.07388707792821236
2.0529705312538127 -0.5807453321514053 -0.48030349409642525
2.097414420309697 -0.4458903884028125 -0.48030349409642525
-1.641155732634381 -0.6592814082629541 0.6189973672622173
2.1376377228687815 -0.30962720570242297 -0.4810292402512104
-1.0877518047360937 -0.6647920715325881 0.6776125749343365
2.0799646978994275 -0.1401099984024281 -0.4970037618881733
-0.6252277854761417 -0.6464858157443878 0.7258193811171978
2.13530132020761 -0.008563832427631368 -0.4955517927414448
-0.29131234629225133 -0.5916789406593708 0.7592356523269146
2.172394847175788 0.12923863470533625 -0.4970037618881733
-0.24215560430746308 -0.4501245262539548 0.7597830613845318
2.1259576078915146 0.296432814780184 -0.5115258375412495
-0.2493656657362635 -0.2907828186428745 0.7537572702163189
2.159474671550015 0.4359869051714451 -0.5137040296799213
-0.20389446060311656 -0.14789637499426433 0.7537572702163189
2.151591397477901 0.590507825001156 -0.5224167982346088
-0.19574855964516047 0.007080718564255406 0.7493751367324322
2.079209404475449 0.7688730325759288 -0.541295735002187
-0.21063641248575493 0.16990344608748664 0.7422535737746685
-1.5008579209906614 -0.515239529967296 0.5514209588759869
-0.28621020029385136 0.35333349377001433 0.7280104478591412
-0.9429098347936247 -0.5247063741507993 0.6115210374587505
-0.22435355803335 0.4915983235843946 0.7296541055434673
-0.3903032533470423 -0.5364413128665078 0.671064170240733
-0.04219757393912005 -0.4880543261211905 0.7066786607497662
0.11627233698542483 -0.38191158223655997 0.7200343927138775
0.18980961160877996 -0.2494069413845761 0.7233732064956158
0.22123794086634518 -0.10345087727743518 0.7217037996047466
0.22015233602283502 0.05328996883107351 0.7161391099685162
0.21494852184277136 0.21177191755198166 0.7100179513686626
-1.4702435505954625 -0.7238602345264233 0.47591760957178764
0.20093859314705043 0.37361562951234717 0.7027833780044048
-0.9124560470212444 -0.7311606767466685 0.5370476564162701
0.1687506550057023 0.5421153110023447 0.693323405622813
-0.36475215129586047 -0.7392998359745171 0.5970452150100201
0.23935231126303336 -0.7686744955049534 0.6638353189223736
0.20727090689530314 -0.603812698061434 0.6547787507766216
0.2563840908627668 -0.46401547196998116 0.6553447564834087
0.2728532346854209 -0.31382123297447073 0.6519487222426861
0.29933550520556906 -0.16663916923243782 0.6496846994155376
0.31218682823243427 -0.014848669128999958 0.6457226594680279
0.3067408281859656 0.14326288882631744 0.6394965966933697
0.2689329864524481 0.3126209706511638 0.6293080171340435
0.3494384839158542 0.4425245356609704 0.6332700570815533
