1.6784667971224394 -0.7191685865024944 0.06400302879786768
1.802150275271785 -0.3618059156550082 0.10112623207545557
1.8178574383782973 -0.09093738459911904 0.1223559760329751
1.7876573030094534 0.14303368883357592 0.13678030006861963
1.7072226681281109 0.33757462270787997 0.14383224480128565
1.5682192644675297 0.4872295115448786 0.14238075249171533
1.4217722456171629 0.6314468950150633 0.13980344765162744
1.3668453902064357 0.835411054984224 -0.7353653527023765
1.1802892582348932 0.7048991139879313 0.1236224555251626
1.030423739166011 0.8387437896265268 -0.769173107218978
0.8948801360744341 0.7470565792674186 0.10121397011256494
1.884609306824558 -0.5683329434441511 -0.010360202861067869
0.5612123507568612 0.7554341091301175 0.0720162772414712
1.9108886814481991 -0.288088914531329 0.012905635761979006
0.23504246507569349 0.7715786269601068 0.04396823875880518
1.9424865843922703 -0.005437528162541838 0.03675083153224268
-0.11569824784760385 0.7720818397770444 0.012536086964371584
1.8889459587374091 0.20992562856974573 0.047922649311783694
-0.45494119204602157 0.7833121383255701 -0.01717802054905615
1.789002501213929 0.3890455755371711 0.052187480854752444
-0.8391154480352014 0.7647093055239793 -0.05310960776829443
1.61062595725312 0.5084059023942196 0.04493860237574854
-1.2199624089099217 0.751250198465339 -0.08845611579441748
1.4801177976031568 0.6644305319535206 0.0446119689223794
-0.11177912799523426 -0.5381368163014706 0.6622734450576333
-1.5527800118626658 0.7743585649245368 -0.11698289878391943
1.2666258018378045 0.7584953035650983 0.03220085136866846
-0.16229810245282295 -0.31354986882042724 0.6727619551894692
-1.9877796341616687 0.7281933735082404 -0.1596574402573081
0.9495568945193753 0.7766739545948838 0.004828491139176272
-0.12399023678950982 -0.02384176494199508 0.6943993949172524
1.9382365276056532 -0.47238830393945364 -0.10179420478367529
0.5960682457543527 0.7701291708705931 -0.027709922862288572
-0.27240890328525325 0.12648837456680084 0.6922388457534341
2.0001429876201655 -0.16498598948842869 -0.0729260063888999
0.2499768234194164 0.7714950997049073 -0.05907913215183935
-0.41233048266337846 0.28329200941334065 0.6911006354568032
1.9615682664349805 0.0625228767873125 -0.059264144969222166
-0.09668336088938645 0.7748565561623941 -0.09043117530369482
-0.6362631626283246 0.37926988907366876 0.6793418311355142
1.8846604850928799 0.25960874650239063 -0.051444015574690916
-0.45597947136802475 0.7715094830123306 -0.12349172599339209
-1.4006865922162604 0.08667984480997504 0.5997672461745767
1.8519835676893308 0.4899214141641366 -0.037184677195784666
-0.82800342703095 0.7615851070554918 -0.15826126105808935
1.6225064628945063 0.5701438460459798 -0.05215545661472998
0.07673833026396437 -0.6044063227796599 0.5670471572158364
-1.1925857804996411 0.7595745824510693 -0.19186159141087256
1.4961656828956649 0.7291154994664879 -0.05191322333836279
0.11719999328408903 -0.3115361820000153 0.5895438575027017
-1.5415535815594268 0.7711375229254607 -0.22314163215183935
1.2589969959343392 0.8053847824942579 -0.06803031928562842
0.09936803976351882 -0.06401139440654902 0.6043162726638345
-1.9479825924721155 0.7448637845870323 -0.2624578095200034
0.9141058171714462 0.8030690624753731 -0.09991642005467138
0.0587126418293451 0.16543065626690634 0.6160021208999185
2.0132108961716 -0.5156193922105246 -0.2016782379868003
0.5286496334620239 0.7733172747987069 -0.13763090140843115
0.019074833753990106 0.39470988908948357 0.6276946448562173
2.035618057062962 -0.23882356577537323 -0.1783327675583335
0.19051345877043957 0.7809727748647575 -0.16831298835301123
-0.2725017679592554 0.43906303993786366 0.6069488906142739
1.9692231944637797 -0.03263660217525555 -0.16863819129490576
-0.16422349441201334 0.7789096563967668 -0.2013148880722495
-0.6166782867080656 0.4470704428123504 0.5795240782973794
2.0059208857013004 0.2523620719162736 -0.14350410468601904
-0.5195561056411151 0.7789070598012806 -0.23429962165379248
-0.9815642469371397 0.44252785089269153 0.5495424651381997
1.8469751237897754 0.3858451859927001 -0.14804073340916357
0.2855037340387554 -0.7862072232787902 0.46600965492701807
-0.8875884276796171 0.7723002930185672 -0.2690190888168784
-1.3511207784293333 0.43721941517858554 0.5190649413344888
1.7358142933102414 0.5560319535962002 -0.14544673926853857
-0.06724544148013933 -0.7909485838307759 0.4369807624099282
-1.2076707843277177 0.8023078521220768 -0.2967109299423667
-1.778095929732558 0.3937874275815467 0.48139957420802393
1.5737649042256692 0.6877090410460589 -0.15055747993015967
-0.15065960942800416 -0.5901858251740393 0.4436006926772622
-1.7595325556112016 0.6712302200551967 -0.357674083781478
1.3683774375755604 0.7873715278899915 -0.16218467719578467
-0.2372405281316503 -0.39225602765326073 0.4497032546279458
-2.0117541498429574 0.7540157447647111 -0.3754009819748374
0.8643626819585677 0.6659533884461304 -0.21829172141575537
-0.16340052011634043 -0.07558655016867277 0.476768054890397
0.6345078270659315 0.7509971420366561 -0.2334475136520835
0.18413739509432503 0.44077066374907403 0.5394506835219888
1.9353420987545888 -0.38027497718866243 -0.3017758942368003
0.25651276919556665 0.7286791930013088 -0.27053447730564795
2.0015766239750548 -0.07010184624624216 -0.2714714623215171
-0.09411226743426937 0.7290305605322978 -0.3034529305222007
1.8966124241159577 0.10572017526533273 -0.26766439445042334
-0.4412905603651467 0.7343019318784663 -0.335760078501937
-1.2669947540290138 0.16053141388044878 0.40127996437526026
1.890749375140686 0.3573019335280847 -0.24879404075169287
-0.8091889494598519 0.7271183088540667 -0.37101360328221045
-1.3867183156045684 0.335455728281147 0.40272907249903955
1.7913340783834997 0.5363726662923014 -0.24436994559788427
0.3154336764972072 -0.577333603953516 0.37695697777247705
-1.137277811907964 0.75085628171378 -0.4003214455368491
-1.5139086448440082 0.5050287835467664 0.40314201347804346
1.633208362034324 0.6708260708622049 -0.248968086314437
-1.5833906519874716 0.6934416026593837 -0.4467997170212241
1.538971815716934 0.853594168344376 -0.24392457969212256
-0.5331346627483384 -0.6911900990793676 0.2987666510818032
-1.9451313361852982 0.6985447310351063 -0.4808115578415366
1.2384915069802247 0.8824795977053235 -0.27017208106541357
-0.6917657490625118 -0.5454564101448334 0.29538206093287744
0.8777954030934865 0.8687904397834423 -0.30543180472874365
-0.853978143251112 -0.40201703905050223 0.29147533409571924
0.5564414555273061 0.8865571295993213 -0.334656677317855
0.21453041232882697 0.64479423653205 0.45102600090480127
2.1452232331804026 -0.20117207958256955 -0.37120052344822607
0.23062361045244018 0.9032230262263248 -0.36446615226292334
2.0083960575109074 -0.05015584218129021 -0.3722462273361655
-0.11978726409279261 0.9042926127554942 -0.39786859519505224
-0.629203948096901 0.5450079045638923 0.37349561684108057
2.0252376665543466 0.2196117454273221 -0.3494572258713218
0.5874917374959097 -0.8804516128922266 0.2732029341933755
-0.47882544152754747 0.901601269650854 -0.4324564553024741
-1.1594723959773745 0.42210661897682655 0.3206587218520669
1.89375649252338 0.3741397668338422 -0.3498763657333823
0.7598848114238308 -0.4851787065749811 0.3151851081130532
-0.8263596013421619 0.9096413893737285 -0.46522184379124365
-1.5252143642509708 0.42072763675360747 0.28966239922023096
1.778589601444807 0.5411758023286346 -0.347842655253646
-0.20861105370698851 -0.9610418965779175 0.2006926917312173
-1.21492340046116 0.8910284538398656 -0.5039839363815757
-1.583134047107876 0.6395764553588776 0.2991171263930825
1.6284057707796364 0.6816718893822333 -0.35129686362766943
-0.20146838439032422 -0.6908722813520036 0.21995548241114893
-1.6529611690467192 0.8404902808299148 -0.5499424553635093
-1.84760753755846 0.7127647060794544 0.28145078651881494
1.2761956345855054 0.6709879630705053 -0.3858837700607749
-0.26458677284982457 -0.4748545498177883 0.22947887413478174
-1.9982949890880946 0.8578495669912272 -0.5820498085739585
1.856054669147369 -0.6471716912183716 -0.5376867867233726
0.9193799787622936 0.6593788317886577 -0.42106386191868506
0.6499234073023104 0.4680646036961029 0.3716078185317544
1.8895858448317568 -0.3606976851177066 -0.5114931679489585
0.6137713754894492 0.6881651773502284 -0.4482903099777671
0.4592770615771542 0.5831991105958672 0.36326984398341455
1.995079101053463 -0.02013314866474758 -0.4741425133469077
0.2677990849904006 0.6893211346956036 -0.4816040611984702
0.2848883846135948 0.7110022454078901 0.35710767738795557
1.9334822664926747 0.18900478324171743 -0.4634308434250327
1.0608022415670177 -0.474234947473672 0.23676399223780908
-0.12286472726924558 0.6603415227672684 -0.5216154671432944
-0.4034211753133121 0.4651924754035157 0.28170970909571924
1.8964189413547672 0.4162309791236254 -0.4489969826462241
0.9821537589424878 -0.2740788692637075 0.24418739311671533
-0.4942067212690944 0.6481935201635345 -0.5585560417892905
-1.0497300016766644 0.25579331548835427 0.2122912787673501
1.7813920599611777 0.5832533072181079 -0.4469456291916343
0.9201521898684746 -0.06179656438210657 0.25381807320094385
-0.8379933009487388 0.6584767569546521 -0.5912060356857749
-1.1933532854940267 0.41258893459459145 0.2105079077956704
1.6630261660198755 0.7476620046623061 -0.445503673625228
0.577440119659343 -0.06195715398271062 0.22440437309718408
-1.210597278073962 0.6505772812980055 -0.6281103707077476
-1.4295843055566593 0.503650333561847 0.19629672996974268
1.4459829534986142 0.8381261667439084 -0.459536991191146
0.42903037724398985 0.08578038713449487 0.22195390694117823
-1.620307307845252 0.6190804533773999 -0.6704859352829429
-1.791570714196851 0.5070164434707927 0.16533712379908838
1.1016445558170318 0.8349680841650375 -0.49337144858860693
-0.2412849635943246 -0.15420173683455474 0.14748147957301416
0.7646852713769334 0.8396800819793064 -0.5259508705856772
0.5813063738234234 0.7134755378686215 0.2786641501662759
1.7037137727808869 -0.8309189179088499 -0.6818174935104819
1.7346999993627747 -0.8096754178787471 0.16619209282374658
0.37519414555973185 0.8082151093768175 -0.5665611840012046
0.3913208272543187 0.8291427691308932 0.27018932335353174
1.9862478995827502 -0.3480267859925732 -0.6149601555588218
1.6661787013538003 -0.6021415568502064 0.1753645323989419
0.02099309857210585 0.8053071230522519 -0.6015820122482749
0.22166754591465576 0.960318744411186 0.2644749068496255
2.0367672003207673 -0.05027273110984609 -0.5858587837936851
1.6416597080492892 -0.361014704004198 0.19069246284938135
-0.3458682653615597 0.795738726482984 -0.6384405709030601
-0.4270361657880386 0.7461867870424044 0.1933703803298501
2.0142488290440923 0.18908841920874409 -0.5687069512131186
1.586808976507882 -0.14445940438445248 0.20155529015040674
-0.7053136561792996 0.7940941737601115 -0.6740440941574546
-0.795121359551402 0.7387512216382675 0.16075996391749658
1.9023381311315717 0.3587499353009669 -0.5660166359665366
1.5171532854155885 0.05994648513167533 0.21018842689967432
-1.1138597250076572 0.7600313543316624 -0.7170548058273765
-1.1476532802488464 0.7449766058467979 0.1303663634536294
1.7871040572557035 0.5257621991706003 -0.5639481163742515
1.3930128097009629 0.2222664470480531 0.21100620262599268
-1.3773769932849973 0.8314023287523185 -0.7377733803513022
-1.5129136796278289 0.7446521881262171 0.09834245674586573
1.5775279865316492 0.6213776126999697 -0.576963863444564
1.265485490132079 0.38202776572333974 0.21127466194606104
-1.7750278625199911 0.8102433693339535 -0.7788891411545249
-1.8950387502477923 0.7350390873434485 0.06414035789943018
1.3006370566111514 0.6674384795562958 -0.6006579018356772
1.1146648218345945 0.5243506028429827 0.20819953911280908
0.9678200105137762 0.6735243071136701 -0.6331400490524741
0.8168783079547381 0.5574889030235006 0.18446830742335596
0.5547383513897444 0.6225450554185947 -0.6781782723190757
0.5387256244476504 0.6070532678329918 0.16354373924708643
0.20868286737571395 0.6239128703984314 -0.7125115013840171
0.2082881461194006 0.6199150928330468 0.13537553780055323
-0.1226349293600748 0.6346537164460528 0.10722354881739893
-0.47818541758012145 0.6338185202457538 0.07573894493556299
-0.8423869659686858 0.6292430128968078 0.04315666191554346
-1.20723419225844 0.626786139277197 0.010590591358902834
-1.5929484641742135 0.6120973597175698 -0.024745426249739744
