-1.3541476990825156 -0.9425065929357217 0.1788924338748732
-0.7238592051555113 -0.9468576124515238 -0.4317452309200487
-0.81141855738041 -0.9087790212177822 0.20501285814550307
0.03780008894617204 -0.9633664859813535 -0.383098542458745
-0.22833724287690238 -0.8806701927040379 0.2332444789340773
0.7175367004299087 -0.9807761376502953 -0.3396450874874315
0.7086881933366627 -0.9624072304961615 0.2817991378238478
1.2089115494701552 -0.9545710501565878 -0.9186207649776659
1.2245981495106601 -0.9506071792301043 -0.3085178730556688
0.7712403779906225 -0.8183250685333903 0.281189263098506
1.8454254672433112 -0.9613784642609318 -0.8697125313350877
1.9824008086769922 -0.9890886446770182 -0.2595972416469774
0.5637019747060101 -0.6041286512899191 0.2653620841434279
-1.00313055721068 -0.1795007905270083 0.8243332507541457
1.9850319985663436 -0.8417453814260583 -0.8630177376339159
2.1653971172466573 -0.8814088032145264 -0.2512661812374315
-0.8557780116566907 -0.051328095868392154 0.8267274501254835
2.10569761916506 -0.7178157636265396 -0.8579594490596971
2.247430978931611 -0.7478181382697997 -0.25010269857141587
-1.087894614557479 0.1608303129481925 0.1636827590396681
1.0771942019760896 -0.2831895439883212 -0.9510771629879198
2.3491464810120526 -0.6198879424379413 -0.24756950116846177
-0.9588622832735716 0.2938332847487146 0.166518271200923
-1.4602987728357864 -0.9752983236488006 0.09299880289342788
1.0699332791008942 -0.12102986812025307 -0.9571587441036424
2.4608786382317227 -0.49517733892873395 -0.24434870458337876
0.33062429602254007 0.10681166182980206 0.235060751669673
-0.8254271351269828 -0.9630568118348108 0.12532478594091323
1.0632788630520107 0.041316513858220105 -0.9632479546138963
2.520109802541345 -0.3563798942094465 -0.2448906300136766
0.329453857008696 0.27048265684718586 0.23059397959020522
-0.12714529907301397 -0.9873302918851792 -0.4721369144985399
-0.08442985865808517 -0.9815209906415703 0.16385489725377944
-1.3683556321391563 -0.6548928379629757 0.7404652240207472
1.0284742791818964 0.2119737478086421 -0.9718124268123827
2.493396290445805 -0.19345825970957975 -0.2516025898525438
0.3288949574487141 0.43430140703565456 0.2261205317905226
0.5158701164470241 -0.9859994868310054 -0.4304382202694139
0.8011284564976116 -1.0415443915452869 0.2108440997531691
-0.7378868949463708 -0.6461032400328932 0.7640538813998976
1.091797166547499 -1.0990898580867068 -1.007950484521123
0.9847494549751286 0.3857587380505123 -0.9812099335262499
2.41456620538254 -0.015113824266016707 -0.26209562993738267
0.32895001282292213 0.5982839155176833 0.22164088510778335
1.1438476445443282 -0.9853287123189958 -0.3897363541195116
0.8488969705970746 -0.8940523358166885 0.2094431521823683
-0.42737155491710865 -0.559978721509907 0.7738054397037306
1.3952294961786595 -1.0180341350840436 -0.9868289825985155
0.9560798524988456 0.5558364196547672 -0.9893814919063768
2.3987621442337552 0.14585835618271403 -0.2681407330105028
0.9864784317282176 0.5717295785595127 0.2546256186893263
1.751978041400502 -0.9839073545113379 -0.35038322187158677
0.8923439350409659 -0.7455151686986241 0.20775944017675307
-0.32474121038931614 -0.42201135026186165 0.7745214106967726
1.4816917815947832 -0.8826840108028762 -0.9845716354915819
0.9137305364284583 0.730474966585227 -0.9987995026180467
2.383575862152817 0.30709192398005314 -0.27419394231531236
2.1665989434053063 -0.9359801061825621 -0.32499068952295396
0.7286827461830008 -0.5426090186840469 0.19400864862707046
-0.21685947097381408 -0.2858868758104123 0.7754514815738478
1.5637489300697816 -0.746535314043804 -0.9827319977352342
1.688838547460774 0.6627457441034608 -0.9377142784664354
2.445510394952649 0.445816865555436 -0.27475661016199204
0.8782736070505504 0.928619299703918 0.2393937709262648
2.2243637029988648 -0.7959274314670779 -0.3255004284450731
1.6512940269835052 -0.6275608443837726 0.24341875337865737
-0.1664878526757505 -0.1349385876954301 0.7738516929080763
1.8903865294187714 0.762158616621619 -0.9260727760860643
2.221349888710881 0.6705996559259262 -0.29595059133264634
2.2825863643237394 -0.6561484679325531 -0.32601112104150864
1.1076866246031667 -0.32304533148277415 0.2074740531375685
-0.12041679907682656 0.017103475463244422 0.7720392348697462
-1.354133974722453 -0.9590973389528727 0.016768515341547996
1.1531342366963209 1.146604225348483 -0.9957415459224901
2.222494293468868 0.8286781296742021 -0.30100077367517564
2.3893943862600135 -0.5297944009032705 -0.3230127689907274
1.157914289711666 -0.17679194389848618 0.20606690668371108
-0.12200342689191679 0.1821739855618958 0.7681091430118361
-0.7048391840586596 -0.9512806621554546 0.051040947668818504
2.4292921039413145 -0.38539722661953135 -0.32492703176233384
1.1797885803823274 -0.022742623075487245 0.20296961092260268
-0.13260112877020092 0.3500777036730014 0.7637489440372267
0.03598231504583893 -0.9707467472704536 0.09084683679845718
-1.0789183481860594 -0.6850465727990596 0.6712520720889845
2.440880480037782 -0.23303890437150443 -0.3289517757961473
1.168581575475292 0.14076285350272855 0.19789606355932143
0.5500545066709783 -0.9543864231597823 -0.5073344109127245
0.839034985118511 -1.0111342088961237 0.13446718477514175
-0.41966958218021055 -0.6850939132136489 0.6972368361881056
2.4434291981334404 -0.0778921628379905 -0.33368462300989243
1.133987649344542 0.3113337321470766 0.1914058329990187
1.163445888438373 -0.9506056360276389 -0.46663945890161607
0.9497744121675673 -0.8798794457542485 0.1368399264743605
0.06966475388473903 -0.6462013896765342 0.7156031730106154
2.4465602174585364 0.07737128365508283 -0.338423192269536
1.1432311352697582 0.46982651730100145 0.18744522356298354
1.7908162795416658 -0.9547344388903767 -0.4248177406856737
1.2299968184928627 -0.7932062992614917 0.1493363978793898
0.17197655524823574 -0.510019121704488 0.7164548041751662
2.4119790441204625 0.24396015583903363 -0.34598392225000474
1.138695820606344 0.632603232944831 0.1826317908695021
2.18130174357052 -0.9009054902368518 -0.40053600049707505
1.302747587244271 -0.6536505989889747 0.14941006922033218
0.22157162706352018 -0.36040216553679016 0.7148936393192091
2.4019672588606955 0.40385346499704866 -0.3517929909298143
0.9864028072163631 0.839563110474792 0.1690509917667189
2.2488130650667895 -0.7634942340022945 -0.40029281354639146
1.404884586873564 -0.5222049505074722 0.15122157358434585
0.26685159050410867 -0.20969742298637328 0.7131109836032667
2.4307937211174266 0.5525078113871871 -0.35478943563196275
-1.8088068441535547 -1.0344430047554454 -0.08749908185693833
2.3552915119981463 -0.6368476338554743 -0.3971735832760057
1.4544244254921068 -0.37696620393475655 0.14984875940587905
0.3223057217337182 -0.061783207425371245 0.7117663028171339
2.388566765724139 0.7228422772612433 -0.3630802033016405
-1.2465904390453524 -1.0016272067656402 -0.05751627660486314
2.4140515887606444 -0.49761081060972856 -0.3976473209926805
1.4900325308798639 -0.2279687618134929 0.14760428690221694
0.3300942708215153 0.09912518422363092 0.708216965430049
-0.5198908211861575 -1.012919349372062 -0.017393052346440285
-1.5382229801605192 -0.7469617785906664 0.5729601981570998
2.4156157137515937 -0.34260734733427967 -0.40244072652551743
1.511734517287037 -0.07506099706024827 0.1444860103061476
0.31922346728527273 0.26549063971690146 0.7037799956729689
-0.04136974686304029 -0.9758319122222403 -0.6173626778194627
0.11414445683549701 -1.006291209492204 0.01714450144079116
-0.931979622997396 -0.7298481232760352 0.5975127818515578
2.393772486769482 -0.18070998712586572 -0.4090401527950487
1.529184450268545 0.07918964800188633 0.14107304834630874
0.2849554263172003 0.43887122330186656 0.6982319953372755
0.5869487089636607 -0.9715107661800104 -0.5746867058345995
0.8105955414583725 -1.019813024810297 0.055599034064082176
-0.20509447737278563 -0.7473934549391146 0.6278062465122023
2.4061173356619037 -0.02811121169207098 -0.41312545514795396
1.5183976076622763 0.24170147455474478 0.135911524527339
1.364510476921465 -1.00971745889143 -0.5206019280025682
1.2017695114310136 -0.9601574308435019 0.0753620269229689
0.27917084538259473 -0.7079076853041855 0.6467645766666212
2.3950693254632363 0.1314774794095399 -0.4190189240047655
1.5082343819115103 0.40444107189105694 0.13074237131383804
1.9626654940230086 -1.0068995546420112 -0.48001641011926743
1.4865420956564694 -0.8755268714066844 0.08860284113195327
0.37643144854610355 -0.5711948751506171 0.6475110652377882
2.384641057192834 0.29128634231341266 -0.42491930700037095
1.4891126699651576 0.5701996243019352 0.1249840857913771
2.1552189426654795 -0.9015979368470539 -0.470195710427495
1.5831324530684654 -0.7432003762576613 0.0902395846774855
0.4161583792821091 -0.41974199099981746 0.6455200316837111
2.4082769687123413 0.4413733928970984 -0.4283000824520311
1.4467181200850998 0.7433637209450126 0.11776071810033706
2.275739733016719 -0.7782302403212 -0.4658686516353807
1.6367377959053488 -0.5998355827228465 0.08919507288244155
0.43228028746948866 -0.26198189099366687 0.6423838736942091
2.379933489244289 0.6072499075880273 -0.43565863347742173
2.3147692547764755 -0.6334401388592283 -0.46778029180261704
1.7052841771029872 -0.4606273429551919 0.08904463075902846
0.46826072333836777 -0.10941519986126025 0.6401577594211378
2.404715786286758 0.7574858232643962 -0.43905013776514146
2.43124634007059 -0.5098794699345035 -0.46381467557642075
1.7405939146004368 -0.31250418549615944 0.08680349611547378
0.4566185030117289 0.0562674019313576 0.6356387736728468
2.360725660970507 -0.3349143145427931 -0.4741849300930223
1.776429188785869 -0.16449581490006437 0.08455926203039077
0.4263606611674451 0.2275341365146204 0.6301952006748
-0.5708761356874774 -0.8854475479481394 -0.10358089185449693
-1.2774119119189429 -0.6856584935804548 0.5010951163699904
2.4492965047300608 -0.20393891620358318 -0.4724261162349901
1.7887683402118277 -0.009820208232845573 0.08081656717565444
0.41119085245870224 0.3950940658737778 0.6254308822086134
0.150315017389973 -0.9019315709696158 -0.06245034909936997
-0.6180735759963571 -0.6843171863141038 0.5292950274875441
2.3944300552853157 -0.03238138544833902 -0.48171013570520493
1.8112557419225421 0.14216426169353724 0.077667534582881
0.4206726612540752 0.5560333151120886 0.6218071582248488
0.6730652495873954 -0.8811223873965588 -0.6574241516658983
0.7499297555588171 -0.8925332105219965 -0.028916299111577004
-0.08512125284840799 -0.6553418343349335 0.5513985755374708
2.4504421211815988 0.10784308710224622 -0.4825322029659471
1.7911617219697948 0.30663194182950093 0.07181769632604507
1.3779635019872494 -0.9026954339729016 -0.6074921486446581
1.3587330303881675 -0.889672122883951 0.0052788855960645975
0.4958345958684234 -0.6424533331528721 0.575911581747798
2.3777207982612953 0.28566921466902073 -0.49330872274133775
1.8722764026485983 0.44188627119485346 0.07225638651159194
1.9326566375096998 -0.8899020818761301 -0.5691677925655565
1.6966711442086915 -0.8200934692374986 0.02234941744115737
0.4676819810952981 -0.47366762319302325 0.5706093909671583
2.3965713698126745 0.4371987344621644 -0.4970890877315721
1.7672351744199268 0.6321525849121699 0.06099396967199233
2.11105184444029 -0.7810230879678457 -0.5601698753902635
1.8512996825233756 -0.7040262840851881 0.027782500021723777
0.5222322922139782 -0.3263917250661734 0.5693307521274367
2.3634388263225556 0.6045291922709879 -0.5049340126583299
2.313766735213104 -0.679734926704171 -0.5492774841854295
1.9291211915661854 -0.5681248524222795 0.02830916666295913
0.5676327877626708 -0.17674998091260363 0.5675764682224074
2.187869216733235 0.8158153237918384 -0.5238673088619432
2.4060517135471997 -0.5495274569800088 -0.5470430252620897
1.9544354172913714 -0.41816018165295077 0.025456249945429832
0.6087368952860803 -0.0259687169549494 0.5655820968082228
2.5131560479708632 -0.42381280826182177 -0.543675124413701
1.9850870899562896 -0.26957673260882586 0.022907316916255027
0.6503670429109683 0.12466494873470424 0.5635853412082472
-0.7034997087579686 -0.902030530947421 -0.1908709404537401
-1.3753574802191881 -0.8702853228276908 0.419964373343257
2.423814274622069 -0.24348620593433878 -0.5557782051632127
2.030683172495708 -0.12510942694562033 0.021278441183833152
0.307904175283646 0.3833580644871333 0.5425363185336867
0.03711752761678966 -0.9221450450229085 -0.14726775861475083
-0.7063439594938288 -0.8682629271170157 0.4497357013156691
2.038377141650887 0.0301118212932181 0.017183125250605613
0.30293389464621434 0.5487292443096905 0.5381334426334181
0.6706112914545503 -0.9203154756907921 -0.11053103185388657
-0.07663254351346893 -0.8610749022291486 0.4776011111667433
2.443842934872073 0.06285680109726854 -0.5645338890621385
2.0706211750417403 0.1785094815263193 0.014623463385371238
0.5240994698385872 0.6491420611947163 0.5449360015323439
1.347077864204138 -0.933960739914987 -0.07090657926294419
0.53321966382412 -0.8532163096580021 0.5045371653964796
1.3987182209243567 -1.065623339743091 -0.6777355072567186
2.4762398606636147 0.20984558456696334 -0.5672184822628221
2.0794496031915397 0.3338186521350863 0.010518610708979637
2.0760270338726396 -0.9660438796599493 -0.027757823235722512
0.5139294657181601 -0.6873450318168679 0.4996145369937697
2.059446536172695 -1.078478041801084 -0.6300322411129198
2.074485139697071 0.49346298324162774 0.005482018225459129
1.9986131348669147 -0.7899018774120421 -0.03724521375391099
0.688529283819074 -0.5717661896727861 0.5045107009341994
2.12637630779116 -0.9405097998555689 -0.6296340820858202
2.3993250459565463 0.5464958627159291 -0.583953559167119
2.051014457887609 0.6590186559495379 -0.0007969734737596212
2.133975166981662 -0.6699964115666006 -0.032851874596806496
-1.805870281797585 0.25104837956320836 0.3734403254916945
2.30457776986702 -0.832299918117613 -0.6203748581478319
2.4382153152587858 0.6922972291533895 -0.58627527929041
2.1141506274964765 0.798800714877757 -0.0015200970241746603
2.173371147223195 -0.5246942086780422 -0.03477209783289048
-1.3774551397929553 0.3062886177762536 0.39103132509496596
2.333794705087623 -0.6850166537444125 -0.6230551598140917
-1.775072883322098 -0.7562396839775829 0.31739169382360366
2.258381320874241 0.90529637574015 -0.6060339806148729
2.2132687603024355 -0.37953864802408077 -0.03669446683618638
0.7177373109353749 -0.09613167037631598 0.49388605379369643
2.4645272100362057 -0.5653835668467337 -0.6176382896969042
-0.7150085471749108 -0.8661885565872467 -0.272829234368535
-1.2075638542128448 -0.7278672879250934 0.3429561259677687
2.2488751180636672 -0.233173415541863 -0.03893607831689927
0.1911671166067741 0.2112108957995673 0.4628019931247511
2.528336428088334 -0.42790182564458945 -0.617619216210576
-0.008347234535605708 -0.8782316413899665 -0.23022240377161118
-0.6016727045578811 -0.7130328698227189 0.37059575342443374
2.26578840655597 -0.08146605996651601 -0.04244703031274888
0.2336312803362901 0.3633036166696826 0.4607825877597609
2.4150003722432647 -0.2409009947729004 -0.6318871376583299
0.6589865099818013 -0.8852416512093342 -0.19014638639185044
2.2832533493999563 0.07024532442427045 -0.04596251226160142
0.2718209970303729 0.5166089282618742 0.4585135581424513
2.417559406547044 -0.08570397926494877 -0.636899173028203
1.3402294658585863 -0.9004971657222072 -0.14904445386621568
0.6667446923747047 -0.7106179906597632 0.42907196306493667
1.5545346832880451 -0.9244800804025175 -0.7476140854427538
2.2868992829359645 0.22617305363444018 -0.05043405271265122
0.6656742751994056 0.5675562275602957 0.4745362403323927
2.425476821953403 0.06825050824590306 -0.6415302155086717
1.851884945129843 -0.8761829060053969 -0.11922878003809068
0.6818401421465623 -0.5538568825903454 0.4258242251804152
2.0173445843591438 -0.8884829999230064 -0.7148987648555956
2.2767738131976376 0.3864517955915545 -0.0558630821773729
2.4148349785572485 0.22787337162719723 -0.6477143166134081
2.117222298102286 -0.790042821188166 -0.1059119103023729
0.8181437157134503 -0.4291232031315175 0.4289372565677443
2.2342259670969344 -0.7902115019928786 -0.702239691979619
2.334195811970467 0.5269626707700752 -0.056853949792118996
2.204386773121259 -0.6576493936075067 -0.1045841572353563
-1.6729400834500847 0.4028451119176282 0.2931640746524611
2.3061299694041946 0.6932146560996273 -0.06356614804956529
2.3285257677067133 0.5677993568758026 -0.6655251381466112
2.287141078571553 -0.5244184426096155 -0.10357922292444321
-1.1577253489845027 0.4324681451089347 0.31606417917516616
2.423312831610531 -0.530740219237849 -0.6969963905880174
-1.4306863116927033 -1.0070856798686734 0.25806218408849624
2.331858454851645 -0.3809833421145328 -0.10517233586999986
-1.1337294805618772 0.5945911465753966 0.31296545290258315
2.4680270903447923 -0.3877956794983888 -0.6985146400997362
-0.5812866330625894 -1.0550879142967418 -0.3396026489803514
-0.9752264725421469 -0.9508889890421486 0.2785463931491652
2.3694894724199447 -0.2278010258894696 -0.1075140831539354
0.24394401372062902 0.38507101997250004 0.3815606238773146
2.4652377087213626 -0.23154314083545557 -0.7039830086300096
0.1367799789224673 -1.0601203194082132 -0.29524797178003404
-0.34351884941580657 -0.9331504758027407 0.30840593599584487
2.3795711264161437 -0.08237069931999486 -0.11129325605127427
0.19840210712691686 0.5539744483370654 0.37503629946020034
2.4513916097786765 -0.07961230466837321 -0.7101523277828417
0.802027663767797 -1.0731252157772033 -0.25395768857690904
2.3970453308625554 0.0689682857067524 -0.11484831548425767
0.15090072657915776 0.7323068183096808 0.3681445720126906
2.4662269687159686 0.08005241032788035 -0.7145449516842088
1.4261319171502738 -1.0881393208131769 -0.8285405037471971
1.3960521377373372 -1.0645989533123696 -0.2176970837185106
0.7626761970911247 -0.8953791814197132 0.36043554567602065
2.415075869748012 0.22032423290426806 -0.1184076664516649
0.7847486350300716 0.7123547981854728 0.39762026094701675
2.465208192964228 0.23675787642538637 -0.7200323937008104
1.840549343496118 -1.037385209735909 -0.7991062996456346
1.9896146559930976 -1.0600730681320343 -0.18138831830713364
0.4870355146638161 -0.6641327617847281 0.34138017915990737
2.4097319173515945 0.3787737134856286 -0.12360209203455064
2.479112640463672 0.38936949267202436 -0.724339186913701
2.1631782561039454 -0.9654385279056257 -0.7772852776119432
2.1531467772351576 -0.9471174852753776 -0.1746506092617235
0.6713473713549938 -0.5510264501356303 0.3472896220615187
2.390648818878814 0.5416975517063491 -0.12978237844202134
2.464947386866715 0.5506262652690168 -0.7310263512203417
2.264196915015251 -0.8368657454232746 -0.7739617226192674
2.1674623286072663 -0.7954872399855759 -0.17822760320398423
-1.1901459400464685 0.10453516722293443 0.24155336641576675
2.443824301774475 0.683190381738136 -0.1310722229549608
2.484777067782783 0.7019916324794977 -0.7349483368465624
2.346348839519507 -0.7036857257015185 -0.772247016198369
2.317230454441397 -0.6801377039036112 -0.17247813916895005
-1.0901876794262133 0.24585477346715123 0.2426460387637892
2.23991112451216 0.9035121843221461 -0.1500090954372606
2.3712247488611524 -0.5552152846970131 -0.7753674385616502
2.3999052999938577 -0.5473066800942448 -0.17138999677393052
0.08912219747241501 0.09188800612683679 0.3028290870120802
2.3678162272952363 -0.39881746316668654 -0.7809111473629198
2.4301151338881795 -0.40027694409078407 -0.17397040105554673
0.16004778098266748 0.23634034656251401 0.30239301943090346
2.4177857020359745 -0.25703986494628595 -0.7820221779415331
2.4272207751815404 -0.24388853051385695 -0.17889183736536118
0.8035075517524071 0.21986693932699097 0.3334005477359572
2.3915301887365796 -0.09370451244142686 -0.7895953056881151
2.444113886892403 -0.09280283044104465 -0.18248265958520982
0.8171856622887521 0.3780095411788551 0.3298175933292189
2.3754875909911917 0.06720546599707689 -0.7963687775203905
2.3800594222899836 0.08178920438387394 -0.19176238752100083
0.8266528841522032 0.5375870162738963 0.32596522592809585
2.3505003964389726 0.23115412668654756 -0.8039585945675096
2.436444692710415 0.22202827291104654 -0.1926895973751268
2.2687959768849826 0.4123602856568027 -0.8164097664425096
2.3689282610285627 0.39878780524075097 -0.20232313848230454
2.173532820927692 0.5985673457814116 -0.8300883171627245
2.1444260038079506 0.6233848470416845 -0.22302502370569321
2.245629155016225 0.7512641623909886 -0.22095698095056626
2.337518783570383 -0.26679724863939924 -0.5510613319942674
2.3018087220447434 0.36597801030317356 -0.49767416692468736
2.2200573496789637 0.759614129742566 -0.46555513120386216
2.0897611584824904 0.9146131061327551 -0.45470422483179185
1.949820527216021 1.0213126839791187 -0.4481934902736864
1.7576649007143974 0.8901541441164795 -0.4629508850643358
1.4886869271574454 -0.32279522158972185 0.08078700327184585
1.6203416779690887 1.0076159779753624 -0.45557206845972154
1.3559252631177898 -0.1653795116770027 0.0899198653629103
1.4592428171919494 1.018669990835967 -0.45774239278528306
1.1996338964646434 -0.11453150160654246 0.09101611398961929
1.2992272329505052 1.0351568890135425 -0.45947879529687974
1.1159271884153164 0.24767912966386518 0.1154926421573439
2.418476788269942 0.05505625992673657 -0.6119782326290331
1.1071120774915197 0.9164930793468713 -0.47336786962244126
1.0208511781367893 0.5516809056851031 0.13558512949254897
2.3574396248457603 0.5606894718276791 -0.5689489243099413
0.9675458174941767 1.0214257245818956 -0.46729153371545884
0.9114706532356855 0.7879134627290227 0.15056353830602554
2.2321305417904203 0.7445271601929591 -0.5551974175045213
0.7977015767760633 1.00013136787301 0.16371494554784682
2.0850549930906634 0.8215596526341074 -0.5512048599788866
0.6685038413999234 1.1448315687554285 0.1717520358493605
1.761343486383101 -0.10590297260284132 0.018612921469477683
1.9468813462770314 0.9379959242726343 -0.5436636803219042
0.4563432182094651 0.9561756631233891 0.15458208345678237
1.6577417264067265 0.18213409681477088 0.038062155478266746
1.7932513127927194 0.9819142493688133 -0.5427762863704881
0.24149633226542555 0.7636300567879175 0.13704639696386245
1.5505792242964933 0.44601110674226163 0.05564123415258315
1.6212228864232774 0.9437634734959204 -0.5494300720760545
0.11259668390743371 0.9099888708501283 0.14508348726537612
1.4296286858235625 0.642016389898032 0.06798416399267104
1.4643553127227644 0.974238817144716 -0.5498740074703417
-0.05086528073222141 0.9216437177136498 0.14289170526769546
-0.2685342177520571 0.1244643719095464 0.7409663798740187
1.3031778577804332 0.8091717612589306 0.07808262132909682
1.3030652420179631 0.9858604613289614 -0.5520922539303026
-0.2169516076320761 0.9242614236438556 0.1399691703250685
-0.4155776022558637 0.2098068064316294 0.7436271312167921
2.4427954648365624 0.3420448111900427 -0.6676637528011522
1.157220849958101 0.8892953256261933 0.08144909166601089
-0.3831612824392554 0.9274897129945074 0.13704639696386245
-0.5582677154354911 0.3100742269058472 0.7471752765109816
2.3294494843153117 0.5890375266351313 -0.6477629540035448
0.9978028856328738 0.9116935140231632 0.08032685541417983
2.051101932513779 -0.1105510951767883 -0.05908554769250962
-0.5600234212365471 0.8928646788453847 0.13120132707860854
-0.7215006416488503 0.3337561417404302 0.7459924819400587
2.2074273534671427 0.7875492283843428 -0.632384955651494
0.8407599960027827 0.9443599492192121 0.07995301508214858
1.9594960386978624 0.24015320858553935 -0.034208237893315285
-0.7106129086412754 0.9550296348354976 0.13266283296850112
-0.8793736610860634 0.3772700894095422 0.7459924819400587
2.0688950981059477 0.9035976995221375 -0.6246959564754686
0.6933550010192739 1.0162999786278846 0.08257108949926284
1.8617347614811095 0.5519653185800522 -0.012392937905522317
-0.8811644183205605 0.9456949822147749 0.12864428781774429
-1.0343876118299136 0.43094240341208945 0.7465837600162306
1.9161817730943298 0.9519537974481267 -0.6233388779232225
0.517301443820914 0.9726365884978208 0.07621246599462417
0.2373424617105151 -0.11353509084387525 0.6523090007236281
1.7487846485956684 0.7860196223986335 0.0032985808780470194
-1.0450970090725207 0.9609822054602333 0.12645202898290542
-1.2056043635043707 0.42754734181506393 0.7436271312167921
1.7453375790655787 0.9182058707737113 -0.62967127538416
0.35061629454073184 0.9683229317580597 0.07284647249486831
0.1442118997388846 0.1878488280990922 0.6687451007297316
1.6088923478102455 0.8938617369912265 0.009039700262812644
-1.207694802543264 0.9816698058716682 0.12462574266698745
-1.3714608812592815 0.44397744379484294 0.7418532969882765
1.5883944457912644 0.9482438711782208 -0.6301233170101366
0.18501230806252167 0.9694643029920087 0.0698540809085646
0.03934788770479081 0.43615693771307207 0.681833327048091
1.4596358114879333 0.9583965944335375 0.011335909598139793
-1.3773050068787587 0.9790143177529558 0.1209724547794142
-1.5429689666020554 0.4418512058659374 0.738896668188838
1.446013533920329 1.041929813028851 -0.6246959564754686
0.024310604486409204 0.990505415946366 0.06835800432470229
-0.09672269250217802 0.5590983838332519 0.6870074870517531
1.3039242580977 0.9942897516671749 0.011335909598139793
-1.533908767887505 1.0214760172399622 -0.523716628319951
-1.5470864176156827 0.9769957323852836 0.11731916689184096
-0.1414864069214623 0.9928530331623833 0.06536608957555679
-0.23463536863820345 0.6727905009195183 0.691573202841548
2.4460598463627505 0.12026064717442608 -0.7689225075313768
1.1437641901191924 1.011319496721363 0.00980502390172866
-1.7022621306289007 1.0248791973284739 -0.527622878319951
-1.7156091717565172 0.980397200566415 0.11403137468603042
-0.31258208666588594 0.9765514892397036 0.06087762140539077
-0.3978064152326404 0.6905025012274351 0.6900511386325636
2.3578763087289882 0.4940274379239895 -0.7366539833614549
2.262101968953324 0.07018069847742936 -0.11557668424341294
0.9812728487125462 1.019229671256987 0.007508814566401512
-1.8837866376867787 0.9860230273346531 -0.5354358551571092
-1.894419867591635 0.951035241926597 0.10818606638219741
-0.4773828102564863 0.9849575468455427 0.05825954698827651
-0.5675625939489155 0.6847291737544339 0.6870074870517531
2.2506955997754226 0.765537276954575 -0.7140652535030565
2.1771357814170855 0.45450052531889185 -0.08745664334985825
0.8092706755759078 0.9889791729185262 0.002150595419672996
-2.051599742516858 0.9938730618166929 0.10782080911901382
-0.6502352406955438 0.9651320385149731 0.053397238486079246
-0.7321785566597132 0.6988414984536391 0.6851814391544142
2.0995158837389933 0.8230146774272526 -0.7117606995174608
2.064500173606074 0.6974973232866546 -0.0706626770565233
0.6512787679741159 1.0174636835774393 0.0013852717807569803
0.4110991193823281 0.07982079840932954 0.5842538478305617
-2.2338570277245307 0.9563250667492014 0.10124498628881362
-0.8085909943839891 0.998787740873297 0.05264908098485854
-0.9022372158093273 0.6943264013370936 0.6821375491550246
1.9581354512038622 0.92478393116982 -0.7053067085811815
1.9343640106194417 0.8530504710960258 -0.060898720986577004
0.47273607215763214 0.9643035418902457 -0.0058867333004197775
0.403009508611909 0.7195448472672155 0.6230762603214064
-0.9736672024086257 1.0090194599997986 0.050031006567744285
-1.068392175907709 0.7048573428001461 0.6800068023135939
1.803384017786545 0.9638029838811732 -0.7048456070491991
1.7901345942428186 0.9408243361804338 -0.05660289502832505
0.33058713615568536 1.056788270386349 -0.0016767380306443869
0.23785001226320368 0.7252757416297655 0.6208844783237257
-1.140199797443163 1.0150694532411677 0.047038614981440574
-1.2387604364551361 0.7016165545991839 0.6769631507327833
1.6389618232314351 0.9596347005199064 -0.7085339424679002
1.6354579899221253 0.9804295157623315 -0.05621236539575669
0.16525804546296996 1.058006815282937 -0.0047385094234666525
0.08258654885757899 0.7702644548998663 0.6211975219180861
-1.3040553467925022 1.0313189267751568 0.04479461931493667
-1.4134931465183378 0.684641854616288 0.6730063559940138
1.4743930058087518 0.9560764217289375 -0.712221324212285
1.4753842593901236 0.9962691180366434 -0.05777448392603013
-0.000205061885377944 1.0598375539201896 -0.007800280816288918
-0.0826292161563078 0.7771768615910446 0.6190059783389845
-1.4735923816377294 1.0290397637413093 0.041054308645991355
-1.584265416878198 0.6827005369611996 0.6699627044132033
1.314174229694478 1.0078336697823076 -0.059727132088871926
-0.19140155145264082 0.9659208222870106 -0.01851671910974595
-0.24537081797308957 0.7943452868063332 0.6174407603671828
-1.644735015095966 1.0226204921950242 0.03694015764501479
-1.752349494787838 0.6909692929103883 0.667527735464839
1.1460484638929387 0.99086698063509 -0.06402343488428208
-1.695509742203285 0.9945658952043317 -0.6199633476803026
2.2720177069377154 -0.11801016055244418 -0.21992892003748032
-0.3574516476550045 0.969067738165549 -0.021578490502568215
-0.40424120500029304 0.8265523779299926 0.616814434759883
-1.8146383919911173 1.0216282943285577 0.03319984697606948
-1.9263237530723156 0.6807545520514751 0.6638751628330031
0.9834906945160711 0.9987708139695499 -0.06636685109827134
2.206419705551099 0.36386764389806814 -0.18311709142419907
-0.5209907180578632 0.9824528328155537 -0.023874699837895363
-0.5630254398957533 0.8593302470885362 0.6161883475711623
-1.9788677375280397 1.0403443332917206 0.030955612890986473
0.8208582408861034 1.0072642457680274 -0.0687100288936815
0.587261574016285 0.04706873553482893 0.5028324725559035
2.1396500119099837 0.7864556814802057 -0.7948634026119432
2.1088016794584092 0.6799000967901279 -0.15991014219019029
-0.6885832085583399 0.9820229701086518 -0.027319133050175637
-0.735061411079279 0.8445796160056958 0.6124313476016798
-2.1519908920605992 1.0310964011007755 0.02646738313939956
0.6581530404666633 1.0163510755211007 -0.07105344510767075
0.5157147563195821 0.4396338069432417 0.5263233783176222
1.99912227385021 0.8929615330851277 -0.787818133599492
1.973203828085829 0.8109526813584509 -0.15190738416406724
-0.8536247408897886 0.9918157110275772 -0.029998242623539895
-0.892499050656582 0.8833330433488911 0.6121180655887404
0.49417106056516324 1.0211990623073959 -0.07378715253564927
0.4115895093590378 0.6917791189206497 0.5404818656375685
1.8378376481513996 0.9026673332940973 -0.7901665566036424
1.8384060043454973 0.9423987302062358 -0.1439051029751024
-1.0187522805094495 1.0022133992461875 -0.032677590615483254
-1.0662220985272892 0.8650411115190195 0.6080480220248976
0.3239440653110943 1.0024926530597043 -0.07847398496362779
0.25496007298415435 0.7313326053226703 0.5404818656375685
1.678674966081978 0.9226632197048161 -0.7915756104061327
1.6837299796286764 0.9818360532722608 -0.14350479818079087
-1.1660035168162306 1.0755064722671577 -0.030381142861577004
-1.23883909831555 0.852215455261323 0.6042910220554152
0.16466067764859993 1.0278699116462207 -0.07964557386133286
0.08100900383649723 0.7037945987870557 0.5359769465854445
1.5217394556781922 0.9529414932563824 -0.7920452950069627
1.5270002452100186 1.0120859953466876 -0.1439051029751024
-1.3352596642001089 1.0727116129979137 -0.034208237893315285
-1.4424953955597974 0.7346866739352294 0.5936463477542677
0.00036572182065164327 1.0345301231843322 -0.08237951970789048
-0.07557695841479273 0.7445036307272943 0.5359769465854445
1.3625018546538676 1.008894907775833 -0.14710611081811997
-1.5032834997152786 1.0753339638202988 -0.03765290952417466
-1.590472692385676 0.8094137576919422 0.5955248477390089
-0.1665844702089352 1.0321564898662174 -0.08589476323816392
-0.2422697682516155 0.7471787786213895 0.5334025027683058
1.2024180289476494 1.0257249162994455 -0.14870637632104966
2.498914517396324 0.18835589144231335 -0.27349036908838364
-1.6728759203677566 1.073817439267188 -0.04148024297449204
-1.769611021239756 0.779480642326547 0.5905156733920851
-0.33887359008801 1.0111561398127407 -0.09097188688013169
-0.3896186202762202 0.8227439656289732 0.5356553199222365
1.0330728039200352 1.0043388714177723 -0.15350788808557603
2.408732603566948 0.5525518559046603 -0.24569028592798325
-1.8701510376583936 0.9822994817273951 -0.05257934308740708
-0.5061998114856276 1.0100504742090521 -0.09448665357324693
-0.5549850399880079 0.8313963574645982 0.5334025027683058
0.8704897444214694 1.0126625346335416 -0.15590876317712876
0.5447480702106375 -0.33242405041207945 0.3956590297153273
2.263846035760041 0.6436711727162745 -0.2407843468258104
-2.046254442756892 0.9631024307816105 -0.057937323815556496
-0.6710284184557942 1.0191754638322976 -0.09722059941980454
-0.7164496981121875 0.8550909883892359 0.5321155192783156
0.7042646913190289 1.007050489611565 -0.15950983739587876
0.5358206856583507 0.3219555213291301 0.43763238214757827
2.1468726970348193 0.8639659766532333 -0.8680292961666307
2.163043644689619 0.9399619612969232 -0.21870774007532212
-2.1945193280929285 1.0350385807407108 -0.056023537881108254
-0.8359349557162847 1.028913729459859 -0.09995454526636216
-0.8886801252606116 0.8409316661703485 0.5282538535526076
0.5414923309447435 1.0165689249009802 -0.1619104740688524
0.455214825562706 0.6708767434662022 0.4587841632297316
1.99609816486325 0.9217873202900222 -0.8656374809810838
1.9882939682639744 0.8857341853653651 -0.22606676793787095
-1.0036496648354607 1.029671241512311 -0.1034695503780565
-1.0584260476070124 0.8370336214130845 0.5250361564090529
0.37253589794065256 1.0025210376280782 -0.16631191945764634
0.3193397619561029 0.7924929016159723 0.464402735464839
1.8456099246877837 0.9801137698654259 -0.8632451889583788
1.850540376134166 1.002513519571238 -0.2191166279384813
-1.1687532782229546 1.0406340962880947 -0.10620349622461411
-1.2255946670569955 0.8433610237388365 0.5224617125919142
0.2132679607009944 1.0277295591019566 -0.1675123570034227
0.1407084638563223 0.7453967303298725 0.4584537150790968
1.67104393516923 0.9300579502807409 -0.22811096883508775
-1.4205383568015346 0.7555326255306625 -0.13315194822046372
-1.385879259191988 0.874259375176976 0.521496355765132
0.04649617222769109 1.0245678993628573 -0.1711136696407518
-0.04846179153255292 0.6603769080034496 0.4498608710696974
1.5052936564412658 0.9214826148966253 -0.23179024434778306
-1.5741083384177657 0.8110452292107411 -0.1323706505367479
-1.5715777780640732 0.8196054971103024 0.5147388579776564
-0.11916939189306675 1.0268465730486085 -0.1743146774837694
-0.20647590788887804 0.6967117239689742 0.44953042291906264
1.3505786747553472 0.9620715577800567 -0.23138135648462388
-1.7274499009935216 0.8670771299648123 -0.13158959127161118
-1.7492242943708671 0.7943779832042139 0.5099118354251662
-0.29269963262335885 1.0008586309363778 -0.1799163219997606
-0.33206729773986865 0.8540722404024734 0.4574621322086134
2.2607702389568285 -0.04092827131511001 -0.37762993550989243
1.1948869471138046 0.9983490916996587 -0.23138135648462388
-1.8487286504809397 1.0285838079323 -0.12221616483423325
-1.9141698531908098 0.8128311245782598 0.5079811217716017
-0.45871002502731706 1.0043951070017343 -0.18311709142419907
-0.498599502777866 0.8577120294223448 0.4548185470035353
2.2242813594934585 0.577352267441249 -0.3275274632045946
0.6714258678049418 -0.013466765742741416 0.3359997870853224
1.030072513878963 0.9963896380511272 -0.2346519825527391
-2.0217332133839108 1.0188474040763893 -0.12690299726221177
-0.6235117076662213 1.0133550835662888 -0.18591803289148423
-0.6665767717906412 0.8571547437214306 0.4518437983920851
2.08387575910991 0.6885440365854265 -0.3208472130367479
0.6356726201785055 0.5291166515481223 0.371277153723506
0.8674658522767462 1.0047195916744727 -0.2371050713131151
-2.1979298976084074 1.000252306099803 -0.1323706505367479
-0.7897489178351016 1.018117909973391 -0.1891190407345018
-0.832025074417821 0.8668370208022438 0.44953042291906264
1.9663191454920312 0.9024261699257394 -0.30539864278528306
0.5301954897968955 0.7760646697608209 0.3858631255557814
0.702403112907044 1.0039706361185168 -0.24037545896265122
-0.9574554483692204 1.0187036905827185 -0.1927203533718309
-0.9989123014855128 0.8723267523763099 0.4468863608768263
1.8222218560861165 0.9900723379274865 -0.30080598569604966
0.37507887782997074 0.8200382431281881 0.3862021567752638
0.5384168562519651 1.0086637751809278 -0.24323719716760728
-1.1211864921109367 1.0342960307757565 -0.19512099004480454
-1.1645408719571115 0.8832365374991653 0.44457274698522475
1.6295451698095338 0.8594016385786389 -0.3150019047329149
0.21765766430569577 0.8548882201764343 0.3858631255557814
0.37188157286169954 1.0042947625530445 -0.2469167110988817
-1.3030534937323104 0.9882638481316164 -0.20272344327661607
-1.3302439758085 0.8947549939756385 0.4422593715122023
1.4291897302556205 0.7003857934168707 -0.33170264936182114
0.025247711710537857 0.7550917735770639 0.3760259749820509
0.20641711066849133 1.0053755189613582 -0.2501873371669969
-1.5290537119162089 0.7947596829217431 -0.22272986150476548
-1.5129383118527038 0.8494587487760441 0.43597966455724624
1.2714596206436806 0.7315355529372951 -0.332120120293828
-0.14004980621989382 0.7622306641062622 0.37365156435277846
0.040822833890294064 1.007069198833804 -0.25345772481653306
-1.6625134692668997 0.9175034690184845 -0.21632760740015122
-1.678994019238571 0.8622648247067062 0.4336662890842238
1.116102170246549 0.7729375561343161 -0.33170264936182114
-0.2912837385334832 0.8229816061033546 0.37500840448644546
2.4120404284296537 -0.31377338531294896 -0.4797479507991991
-0.1261735047260224 1.0045524934468446 -0.2571372387478075
0.7725013650106636 -0.14979758741078086 0.24620443605688003
-1.8024849860748269 1.0167781321236689 -0.21192616201135728
-1.8494479689754773 0.861357093215112 0.4303613307407179
1.0037694516440432 0.9941836886270465 -0.31583684659692857
-0.4383250850344229 0.8986954273713437 0.377383053534297
2.424087230981776 0.5581930573454414 -0.40643876767847154
-0.292035009655379 1.007475895174771 -0.2604081032345018
0.7313348397325026 0.3781667846489043 0.2813435199191847
-1.9754695693409126 1.006866851620856 -0.21672791219446275
-2.031752277598029 0.8229282474817197 0.42441231035497573
0.8446629663419998 1.017136376340332 -0.3170894978115282
-0.602154603232778 0.9123521456191028 0.3753474357059279
2.302615396395776 0.7614078897577059 -0.391521394021245
-0.4593281671874738 1.0062097457264372 -0.2640873787471971
0.644958527717451 0.7072470140956355 0.302218258612422
-2.1560569686033073 0.973821627071878 -0.22352999425623032
-2.2056238802296804 0.8138273839947701 0.42044645571020034
0.6760543551978699 1.0019679964056536 -0.3216819164821825
-0.7767322770126874 0.8881631639913365 0.37059861444738296
2.1524243259390765 0.823591820065154 -0.3889641163418016
-0.6241248425956201 1.0151757863886033 -0.2669491169521532
0.5052688644968715 0.813747762158691 0.30708915018346694
-2.3146703096258197 1.0128193473328935 -0.22433036542627427
0.5132484783381397 1.0115896968708995 -0.3241872189113817
-0.9394428167881479 0.907859803946387 0.36890274309423354
2.0109765601938907 0.9252402952689138 -0.3829972145626268
-0.7916928272600572 1.015143233723002 -0.2706286308834276
0.3404991061125262 0.8191238474642617 0.3046537043979445
0.3491536938011155 1.0169825688308762 -0.32710999227258775
-1.106282590202948 0.9137542936696335 0.36618906282689956
1.8102443016458043 0.7548539366268869 -0.4008981583187303
-0.9594076110621632 1.0157466277750231 -0.2743079063961229
0.1743977650576234 0.8202775455454443 0.30187064432409194
0.18122970915119474 1.0085007245619977 -0.3312851784298143
-1.2718435018285348 0.9250671511848054 0.3638146521976271
1.6798918166171148 0.9062086825285576 -0.3906690476009569
-1.1753887152412865 0.8493300428605295 -0.2922961113521776
-0.013202297888614822 0.7399855935653008 0.29317265772130874
0.013109305675966354 1.0006514047034187 -0.33546012616846177
-1.4346714322769216 0.9465614983666271 0.3621185424258986
1.5173844318465228 0.9121871608397285 -0.39322632528040025
-1.3022387285245944 0.9949089172980337 -0.2837108967373094
-0.1632970883351028 0.8051298229192838 0.29491215967443374
-0.15520331455392977 0.9934353389785926 -0.33963531232568833
-1.6117210752670363 0.9208333368216373 0.35703068994787124
1.3637527551079778 0.9575856477807179 -0.39237397886011216
1.1011603477691807 -0.14401777007949335 0.1695702674320021
-1.4718832560130863 0.9926405230922271 -0.2877990601131639
-0.3040436997161162 0.9045105654920675 0.2990871074130812
-0.32241391250192564 0.9916588769551495 -0.34339326596948716
-1.784793948287934 0.9101292728663992 0.35295993112829116
1.209188944870693 0.998670083967589 -0.39194768644067857
1.046408645085691 0.3398388150618388 0.2023790481021681
-1.6587943656072426 0.9337121979901255 -0.29679316259119126
-0.47038366561754685 0.9080504115637282 0.29630380892064956
-0.48716650124859306 1.000121776046555 -0.3463158009121141
-1.950832122943817 0.9239461365095636 0.3505855204990187
1.0455409019627258 1.0015103615819925 -0.3949312565395555
-1.8188952572681458 0.9661800377740022 -0.2980195877620897
-0.6580299905344464 0.8352686735177031 0.28795391344335464
-0.6506769145383462 1.0139949405351985 -0.34882086492273423
-2.1375336162968264 0.8716478304699393 0.3434622886112013
0.8806214139468533 1.000110991069505 -0.39834088063928696
0.8293464144619183 0.8222486881770692 0.23233515047338393
-1.9789302019904174 0.999220341349627 -0.29924601293298814
-0.8034284830383118 0.9169869909555999 0.2907372119357863
-0.819611454790806 1.0092733437398493 -0.3529960510799608
-2.312862158638019 0.8581989194655506 0.3390524985721388
0.71318684290436 0.9896484373966459 -0.4026030895778856
0.7052960188408495 0.9911108943041782 0.24196368479040054
-2.1654386779509895 0.9471616048841085 -0.3078314659664354
-0.9714851194064273 0.917584696585827 0.28760606073644546
-0.9860091025330853 1.0147805655412583 -0.3563362953731737
0.5503647119691273 0.9991443774891309 -0.40516036725732896
0.35782558742596215 0.26023288836030645 0.18526154779699233
-1.136937781007335 0.9284038234985204 0.285170614950923
-1.1621571779597453 0.9873804863076572 -0.3625990746090135
0.38136965516911836 0.985084588330956 -0.4098486301967821
0.2682152847157635 0.5707246836332303 0.2052322032382765
-1.3038594358300788 0.9350390353557145 0.28238731645849136
-1.327505194143173 0.9989380968977883 -0.3655218479702196
0.21338221223638776 0.9764895645044618 -0.4141108391353807
0.10868128131781774 0.6011196455624699 0.20451909326818374
-1.4765215814078463 0.923161336664009 0.278212607138423
-1.4999788007489663 0.9872160772405891 -0.3705322144100389
0.04770422118867934 0.9781617806500336 -0.41752046323511216
-0.008024855011662169 0.7961651165217134 0.21593076013830093
-1.6465816896820247 0.9215012597641845 0.2747331263950148
-1.6712603549989833 0.980933712078361 -0.3751248714992723
-0.11682907258387232 0.9852671592161215 -0.4205040333339891
-0.15409745485704818 0.8757578098268368 0.21878343843725112
-1.8153652007740178 0.9252626204234105 0.271601975195674
-1.8398630769734883 0.9848355538097309 -0.37888234830591294
-0.28016432533968505 0.9977976486016189 -0.4230613110134325
-0.3074973681753743 0.9269209402303034 0.219496786825923
-1.9944950045326255 0.8962625417651893 0.2660353782108107
-2.0056810843494333 0.9989001648583482 -0.381805121667119
-0.4474734605974575 0.9964888995966703 -0.4268974659511766
-0.4737704280898747 0.9304793311349968 0.2166438701083937
-2.156292005912009 0.9251563448336242 0.26464372896459487
-2.180427020699687 0.9850277783702595 -0.38723295903894517
-0.6162556402744102 0.9910145787023765 -0.43115943647119614
-0.6706235241320915 0.8240726208314868 0.20558887743261245
-2.3374408006526703 0.8927564503126035 0.2587292792728224
-2.3479621989409267 0.9956047341600254 -0.39057296491357896
-0.7852308418661345 0.9861681775676843 -0.4354216454097948
-0.8039846576602816 0.9490602648743405 0.21165114664342788
-0.9543898560712325 0.9819564900136513 -0.4396840927669725
-0.9732899645746595 0.9448733864104142 0.2080851199558058
-1.1196053897288731 0.9927561930039914 -0.44266742444727036
-1.1359032816437242 0.9652864428228227 0.20630198740270522
-1.2890672115107087 0.9898096050641385 -0.446929633385869
-1.30548746688779 0.9623515043077688 0.20273572229650405
-1.4572993131742678 0.992290166240771 -0.45076531148645493
-1.4738354653359025 0.9648413748655287 0.19952636980321792
-1.6299440499911189 0.9810700042238025 -0.45588010526392075
-1.643755596705164 0.9631779018088906 0.19595986627843764
-1.7941899991288448 0.9991338408863868 -0.458437144524785
-1.812400263195748 0.9669374011948761 0.1927505137851515
-1.9672059343530712 0.9892136528287878 -0.46355193830225083
-1.978267008908853 0.9808688791995053 0.19025427126195815
-2.151574249389716 0.9715941735506064 0.1859746577670851
