-1.8681787919713742 0.6696276566219481 -0.5832977704666016
-2.304820372093495 0.40876766725949665 -0.5564651899001953
-2.39892837402094 0.1271658850763444 -0.553706210102832
-2.3895394866297757 -0.16142692377918877 -0.558271925892627
-0.8652066806922356 -0.29686003144012574 0.5081338472702148
-2.42094417373562 -0.44712241173225564 -0.5600305013320801
-2.0046951224238754 0.4904448798789609 -0.7209740094802735
-1.2378810480984868 0.13919141245186495 0.3882999010421875
-2.3475304837560103 -0.0634517606323719 -0.7041006498000977
-1.2582582241901576 -0.15124391839581364 0.38579316810151365
-2.189627616750993 -0.36346832245210337 -0.7194652967117188
-1.2796618558549504 -0.4416198267893172 0.3832974024154785
-2.017903379865942 -0.6658263949659187 -0.7359042577407715
-2.155776841632857 0.4327926465093235 0.15570254996796873
-2.1701662284357432 0.14520516271150186 0.15290876105805662
-2.230367595319372 -0.13912507018548226 0.15288015082856443
-2.2318297188795277 -0.4276198193319978 0.14919133857270506
-1.9633550955097796 -0.7086543128728913 0.12921758368989256
0.7262235441849825 0.6035348321108245 -0.16609672829130862
-2.1011756806494297 0.48715445127634993 0.008624512706005838
-2.105415550758025 0.19869318605958597 0.005189854655468729
-2.277852068421165 -0.04902998875887121 0.012711483988964822
-2.3227094013762013 -0.31966427150698706 0.011941868815624979
-2.273921050434762 -0.5974122220949205 0.005200345072949197
-2.198595606805821 -0.906692308146642 -0.003670256581103537
-2.020453224568854 0.8865678060369255 -0.1359596662185547
-2.2732110618053802 0.5992347229804054 -0.12340978905180666
-2.1974013549926603 0.306077517441782 -0.13204006477812502
-2.2779639514159022 0.008810641507803751 -0.13076500221708987
-2.278917933964614 -0.2794926064045775 -0.13452724739531252
-2.280882864816114 -0.5678615472254513 -0.1382794789932129
-1.7417764467126133 0.536861031957713 -0.30340055748442385
-2.2346638466374884 0.26549273951478014 -0.27449754997709963
-2.3253386731579795 -0.030908411128606872 -0.2724509648940918
-2.385044183472644 -0.30029220658552447 -0.27213577553251955
-2.402019371082794 -0.5871492835336234 -0.2749214582107422
-2.42992338996293 -0.8731359203292577 -0.27703241631010744
-2.0182700772616116 0.8290617642810574 -0.42612413689116213
-2.2503385135094938 0.5549378590299092 -0.4139900617263672
-2.314099244140291 0.27100824416696767 -0.4134130887649414
-2.3390228230813186 -0.015361643674332015 -0.415548365559375
2.2894259988037327 0.6786699675839785 -0.21968559547880862
1.094159754884945 0.5801369550430984 0.5831126757003906
2.103918506234006 0.6985489975891497 -0.19365934654692385
0.9571856744825951 0.555927258667289 0.5951556749679687
1.9560595283627897 0.6801438246143903 -0.17750553413847658
0.8038495905901968 0.5507441879288564 0.6112126894333008
1.771286907446676 0.7018634420370695 -0.15147928520659182
0.670438144179375 0.5242126383827426 0.622453171763623
1.6037443300826055 0.7066051440338441 -0.12994102760771487
0.5240423035295336 0.5130959858014954 0.6369041986801269
1.4365170775920042 0.7122138087947505 -0.10840229317167971
0.3713292014135483 0.5101135064318711 0.652961213145459
1.2762838051715626 0.7114475918691348 -0.08865837379912112
0.2415671760338043 0.48184783524566654 0.663398224864209
1.1262845011905966 0.7006105394738675 -0.07160667702177737
0.08926421957970376 0.48030485001718404 0.6794557161666992
0.9500303621684125 0.7196406200926972 -0.04737619682768557
-0.05312783150001721 0.4682886010713503 0.693103749308789
0.8005448161456883 0.7103830285609725 -0.03032450005034182
-0.1697103638561437 0.4269289769786333 0.700329262767041
0.6447065269699159 0.7091929295828123 -0.011477988209521506
-0.33736532536330444 0.44631455020167365 0.7204002924301269
0.4825961323109276 0.7161346625995506 0.00916333869477537
-0.3457589702458037 0.27776146601994256 0.700329262767041
0.34034739458433094 0.7017850396920089 0.024419743571484354
0.1982681418994865 0.6881241184424525 0.03967614844819334
0.030513647023653334 0.7048254409526926 0.062112290415966775
-0.10789907694763201 0.6889134940884141 0.07647176459809568
-0.2557667711173828 0.6848534813196956 0.09352298453828123
-0.38744373781637265 0.6628111408085076 0.10608716681977537
-0.5380876875560361 0.6639070002519247 0.1240362711288574
-0.6821317330473526 0.6582202083344235 0.14019056037446287
-0.8165027820303905 0.6419109553871571 0.1536521501876953
-0.9664237174314785 0.6451610109283195 0.17160077765961912
