-1.8392642816110545 0.5750685349755784 0.26280410113678965
-2.1257218618708116 0.3062745985156923 0.2799473506485084
-2.114452205604902 0.019525319462772472 0.27606112780915293
-2.103181808449925 -0.2531190428328216 0.2722726565872291
-2.0548327672748954 0.4017848000162587 0.13266522708283457
-2.1377838056326155 0.12099976679709812 0.1355529529129127
-2.1570178679990164 -0.16371908350728148 0.13377911868439707
-2.1474130031315255 -0.4505305644876003 0.12985665622101816
0.8570218326186065 0.7398722178874948 -0.22059147534026113
-1.9923989546455445 0.612493620708797 -0.01303332028044668
-2.1194172792799435 0.33411728012843867 -0.006729533049001368
-2.142871203937279 0.049660312039272014 -0.008143832060231837
-2.1275455636938148 -0.23747618178826713 -0.01249449429167715
-2.083395447545527 -0.5269688974166229 -0.019045760008229884
-2.0551782462934014 -0.8157067328099643 -0.02448313412322012
-2.0909104164027354 0.6467511489315427 -0.14878742870940176
-2.1033429435219375 0.36154286516423184 -0.1509589451278588
-2.126722154687112 0.07701676779232258 -0.1523660915817162
-2.1510841967762637 -0.20740747172134633 -0.15376227078093496
-2.11180961172008 -0.4964476699145237 -0.16004984554900137
-2.113319833331687 -0.7827838096929227 -0.16331045803679434
1.3869958150936235 0.5312462826720008 -0.5605816143478295
-2.0202139579856713 0.42774999433445515 -0.29999869045866934
-2.1821546725817917 -0.419972527123015 -0.297227789732351
-2.1425553385057228 -0.694821176948679 -0.30352537808073965
-1.5365997801450249 -0.7620160828643918 0.8043094378982643
1.5406120093453843 0.626754260953895 -0.7211431759323021
-1.6263719704545387 0.5184110557029129 -0.4735011356796166
-1.425372491698834 0.2179615171021254 -0.4926509159530541
-1.9764274775990174 -0.03355919756712922 -0.4522442120040795
-1.8089000308677576 0.19208255478330472 0.6878510219131568
-1.961413358436598 -0.32132287092180434 -0.4567779797042748
-1.7432581374242133 -0.09949990065151582 0.6805449229751686
-1.9722737485808821 -0.6074178394728875 -0.4593290585006615
-1.6885985264806749 -0.39089038300650714 0.6738959056411842
-1.9990349710465907 -0.8923439273639104 -0.4606856602157494
-1.6747654478755152 -0.6797528359947975 0.6698547107254127
0.8605003763539969 0.8648599609078076 0.3740497333084205
0.3153236786714686 0.6223720800357597 -0.7725996273483178
0.719331097854873 0.5768609328909164 0.3805051547561744
-1.4930293285958456 0.4382185834107091 -0.6294006603683373
0.3083025962008037 0.30626024900794846 0.4049759608780006
0.11015648770216657 0.04669836487810386 -0.7625893848861596
-1.7443595664843095 -0.4087284735819381 -0.6190456646407982
-1.4039602333878456 0.7065792651074148 -0.7782758968795678
-2.164457701979366 0.1716953845493805 0.42436129870759043
-2.193467024300908 -0.11224562472971655 0.4232707721267799
-2.223463727590783 -0.39605096120839534 0.422191212800608
-1.375861461789924 -0.7387040935607629 -0.7975343960250756
1.4661041334714184 0.21715162811445765 0.39177138629303965
1.2602429343068202 0.23570261106855384 0.4121022922073463
0.6917961694723296 0.7435847766329147 0.5217433673416236
0.6706886138027066 0.5186274080923923 0.49705560031281504
1.788693618304606 0.8020921562275873 -0.264146735044851
1.5955808522329917 0.8024546718501995 -0.2448777454818627
-0.1093418729738751 0.5691286078370439 0.570391724732981
1.4268041433546657 0.772377453891032 -0.23203270611418692
-0.2624821261507755 0.5266479609295303 0.5783787471328834
1.2133477593464015 0.8020110476515185 -0.2071437138046166
1.0242041492224665 0.8011844537164095 -0.1886786716903588
0.8087503578377131 0.8368089507493721 -0.16298716244353262
0.6498011775891079 0.7982751637685865 -0.15254967388762442
0.5231436002015499 0.7167386318468871 -0.1509441631759545
-1.1790465019315874 0.5442407369282307 0.6575237018142799
0.2562271467342718 0.8267542266469903 -0.11080162701262442
0.06586135724223041 0.8344437250113117 -0.09153359112395254
-0.1154743129185043 0.83103487096907 -0.07467358288420645
-1.6909039435592454 0.5140576636781091 0.6960068446670631
-0.28790192904935097 0.8164353923650154 -0.06022207913054434
-1.8154208363266946 0.43687497288603794 0.6967330676590064
-0.4515458993277761 0.790556036926418 -0.048179556700124415
-1.9347404695104125 0.35187815837999636 0.6960068446670631
-0.6293024622481589 0.7855542977072005 -0.03212206539763418
-1.9920235233873385 0.1721164803303239 0.6785803538833717
-0.767135764328895 0.7247941349212255 -0.027305056425466212
-2.04758321297502 -0.011820147485629207 0.6604281169448951
-0.8487221852437052 0.5835501402192307 -0.038545061918630275
-2.098783978354671 -0.20410894604307828 0.6408234340225318
-1.0740223876050194 0.64955701968114 -0.0088400143112084
-2.089696658373388 -0.49229679320290387 0.6045184833084205
-1.1953300205569022 0.5661005696639165 -0.0088400143112084
-2.074384861361146 -0.7935055934114104 0.5660353404556373
-1.5168034604063187 0.7768600754204797 0.048965523866281835
-1.6956587917000192 0.780836720853145 0.06582553210602793
-1.8577196976431836 0.761049579533676 0.07786853137360605
-1.9759002016845244 0.6762187246453024 0.07706553759919199
-2.0481735853568566 0.5217757918906472 0.06261451068268808
-2.0887916810925056 0.31787619069018547 0.03852898898469004
-2.122481633186002 0.10142051966584376 0.012034485963449804
-2.1253034849785735 -0.16498122812645732 -0.024093558164968165
-2.095110105826553 -0.48582933854002164 -0.07065909084929434
-2.0801139944859415 -0.7864870165800824 -0.1132101314987084
