0.7093350159105469 -0.733619556954018 0.21617767135727117
-0.3142722512458036 -0.6450445521414032 0.1507222346507282
1.2375540104627305 -0.48630082927125073 0.13239023010360906
0.43439741900367324 0.6599316186792485 0.34350940506088445
1.1384398435320193 -0.37213138104737453 0.13765165130722234
-0.004325400661414847 0.2973463420387148 0.2727482012950153
1.123271888221396 -0.1346244715445124 0.16258403579818914
-0.1315479041326455 0.3709130687660469 0.2709119013987751
1.0982879760131468 0.08618741566580823 0.1848995379649372
-0.2614800857013009 0.44095323386900276 0.2684447459422321
-0.25605748166035625 0.6951697007335191 0.29533597747909734
2.0236916025034546 -0.2922903660429981 -0.008283407286527655
-1.16144886471794 -0.2818158758737148 0.12506076614486883
1.9573113414977996 -0.13084988564964917 0.005339830323335626
0.5285973676276186 0.0280170991311941 0.13586351196396063
-1.2611945306455539 -0.16435694783528731 0.1296331576548786
1.9271939237023403 0.08440165807487432 0.027827470704195
0.8084335484843592 0.6791567424984173 0.22768279831039617
-1.193543795198579 0.1752755496165257 0.16994354049789617
1.8709244682129906 0.2581768118980996 0.04350778381454656
0.6683403722085757 0.7295851435538907 0.2224981478892536
-1.1687428721226496 0.45472452863127444 0.20068761627304266
1.7743002187054273 0.37017853635179065 0.04897090713607977
0.004100058226057968 0.04662733930950225 0.09802696029770086
-1.2596135108329491 0.5798679465573429 0.2065522364817829
1.7030855979256287 0.5193979109724793 0.06057426254379461
0.03234254987445695 0.33736583056742475 0.1315271548472614
-1.3710728907223597 0.6777213381581007 0.2079569987498493
1.6020392751027686 0.6236364715367912 0.06468698303329656
-0.11800822027723967 0.3787131020937977 0.12439557830917547
-1.548933681241401 0.6896926068217404 0.19533225814926336
1.4762811477312994 0.6913777182080096 0.06267329971420477
2.3212776281943164 -0.18752685717618078 -0.33791568954360773
-0.268371093942001 0.4206948523093317 0.11727067749130438
1.3254251086521478 0.7228893706449746 0.05453178207504461
2.244040465856436 -0.04357098573935758 -0.32633474548232844
-0.21905809462435144 0.7347708201778111 0.1547200373851032
1.188633325117138 0.7753843030610561 0.04980346481430242
2.191844362062085 0.13779134884137179 -0.30822590072524836
-1.0441047430425456 -0.13448161245714374 -0.002480299071195624
1.0121855012881085 0.7716214352522606 0.03554174224960516
2.1487938814749796 0.33149551751610673 -0.28793791015518
-1.1166806390754047 0.018306180502136726 0.008110731049653985
0.8553943246735116 0.7970124650664125 0.02605554382431219
2.106822680051039 0.5250882367320564 -0.267643720702055
-1.0902201964221092 0.3018960994118345 0.04033490936386297
0.672689886635979 0.7867499151914608 0.010443418427583673
2.016543672267673 0.644488651911189 -0.26038625915420344
-1.0591040853193832 0.5888283772858429 0.07321950714218328
0.5126818608724832 0.8095836528882288 0.00028821746933171966
1.9102678297809916 0.7394798274317083 -0.25747183044326594
-1.1825920699790515 0.6702389340578101 0.0720312289439411
0.32647817420900793 0.7969656894370409 -0.015992433623197577
1.7600034730742138 0.769271042377806 -0.266145975188139
-1.3058205966014285 0.752106791890867 0.07084867279159734
0.14863549593458458 0.7972666884437878 -0.030222208098295233
1.6180434589050492 0.8119640153390897 -0.27263954360854914
-1.4924840741108696 0.7521241125025355 0.055910318299409845
-0.014895168649182722 0.8183904454026774 -0.041039259032133124
1.434078735516394 0.7940954952419013 -0.2899968930043011
-1.7038423909546196 0.7217737456977957 0.03573724548446844
-0.19913671657815257 0.8123414303080807 -0.05661991317642023
1.263790032962298 0.7974452285576135 -0.30372503478896906
-1.8973659294776866 0.7158731841919241 0.019502847596284845
-0.3807609622781172 0.8111399123474747 -0.07151249130142023
1.022500843521705 0.7001710067141538 -0.3355620213307171
2.3473792807587515 0.5701850989320114 -0.7457707234181195
-0.550842511615464 0.8266723196592309 -0.08367279250991633
0.9252946649816423 0.8105276554543615 -0.3304374523915081
2.2216218282738325 0.6352555508408742 -0.7481234379566937
-0.7360033236640575 0.8232044676668124 -0.0992334194935589
0.7599719787143471 0.8242946272787677 -0.3426983662403851
-0.9125162564359641 0.8324609636164588 -0.11274364669692805
0.5772302874960502 0.8146419714024233 -0.3592999287403851
-0.09647056942755228 -0.12754301794333855 0.6399810008250446
-1.0952855354262425 0.8346747222152935 -0.12760952194106867
0.39990181185333995 0.8138972543028622 -0.37444618423354914
-0.09185013355025973 0.13170667246938805 0.665407865449068
-1.2813715293559298 0.8338337450272917 -0.14314964492690851
0.222274361809923 0.8139816304083247 -0.38958576400649836
-0.19343901800598928 0.24173215246446134 0.6690232447825641
-1.4708165923354457 0.8299701132133492 -0.15936449249160578
0.04435240877640467 0.8149023637440962 -0.40471866805923273
-1.6453471762799836 0.8465443655078992 -0.17216613967788508
-0.13092888737886454 0.8206401918488737 -0.4191220112599163
-1.8353998960333158 0.8444630897335585 -0.18836715896499445
-0.3152931779961392 0.8152737271412569 -0.4356906719960003
-0.48521280736210315 0.830610306031339 -0.4486315556324749
-0.6790904843614598 0.8150936087680947 -0.46736124236953547
-0.8614429018859866 0.8162955274399373 -0.483186990813139
-0.11098790645898049 -0.20981436888383698 0.5561873606883259
-1.0410956528207365 0.8223062631237674 -0.4982803173817425
-0.18495128604151034 -0.05931966405564637 0.5658313922129841
-1.2300552367376199 0.8173925600154384 -0.5155413456715374
-0.18548266419058024 0.19183077051837927 0.5904385737620563
-1.41633169344329 0.8172998581095783 -0.532071382597807
-0.28096357908363245 0.31015823727019054 0.595306604310152
-1.6393873658698723 0.7712823607440278 -0.5572865315235882
-0.39939500191646715 0.39671774834318896 0.5953948191844196
-1.7837174093618202 0.8275981667174612 -0.5636599369801312
0.32614603913864926 -0.6025253164434119 0.47251912872421453
-2.0322201416575467 0.7525554576663076 -0.5946572132862835
0.3208107901006727 -0.35115031397830165 0.49745294372665594
0.31409158955619887 -0.10423011538834359 0.5217845133982868
0.2572369248458344 0.06938841956725028 0.5351969889842243
0.17250819969359554 0.20257654216974075 0.5425450495921345
0.06525899044446959 0.3036799201405067 0.5450431994639606
-0.021220496925167254 0.4332720693736789 0.5517961672984333
-0.127540995759297 0.5349696866123423 0.5543062380992145
0.29543821280505966 -0.6061498889829053 0.3949720553599567
-0.33618811332015497 0.49697262282539967 0.535578935547945
-0.5129498920994777 0.5039242662112251 0.5235354594432087
-0.7166377569636353 0.4758778322476438 0.506035535737154
0.1908728655314036 0.2677735312282721 0.4764635256968708
0.16201322202929447 0.4775831902925667 0.4956185511790485
0.07615486693308071 0.606811027716649 0.5024678401194782
-0.11431732215667267 0.5919125153055482 0.4871604136668415
0.5920232919920565 -0.7611151989757232 0.31735488693344305
-0.2934471825321552 0.5939333674164224 0.47432205001938055
0.5203288512730282 -0.6039599383478489 0.3286425761424274
-0.45515205892735366 0.6207243876804469 0.46518346588241766
-1.200992048780563 -0.13535057237487536 0.33478280822860906
-0.8265583278333963 0.6129899379008563 0.43707677642929266
-1.0097697276313724 0.614404088740816 0.42364951889145086
-0.15050024090508174 -0.5295846345379509 0.2882020167552204
0.4356791861477447 0.5504844241002189 0.4420573405467243
0.2602716510412364 0.5539440957467576 0.4296233348094196
-0.14195793633887632 0.24463942782686132 0.3684336833201618
-0.9114432096269667 -0.563513824679351 0.22911044876205633
-0.26755906117179507 0.5692153895072778 0.3923594645701618
-1.1894752863219793 -0.43340495175278804 0.2217967204295368
-1.4674081846677822 -0.554553081513049 0.18877002517807195
-0.9868942748768887 0.5852442497499659 0.3402650050364704
-1.182417198766963 0.571633758485163 0.32413312713730047
-0.21662898127472374 -0.33208158374174346 0.6322576693736286
-0.12366796252181445 -0.15264413397359178 0.6327621630870075
-0.14159838118813894 0.08151895255910446 0.6206562213145466
-0.8866783043104647 -0.6960062811874046 0.48410579483139227
-0.45819661867266603 -0.6745888604666419 0.5231015376292438
-0.12883424250044584 -0.6084567346393861 0.5508086375437946
-0.06816008544342367 -0.4141170842709663 0.547729700013277
-0.024630383918385235 -0.21114722419383725 0.5425989321910114
0.028596594349323823 -0.012580006871200311 0.5384938410960407
0.12711278772471957 0.16375444377624504 0.539520471497652
0.10176939898047976 0.40222019759865546 0.5261799983226032
-1.1126162500843932 -0.7688184313445845 0.36307307998764227
-0.8638146872143437 -0.6605929487936244 0.38185712616073797
-0.2783061483323408 -0.7144191485866891 0.43977424423324774
0.22553313581818912 -0.7331923493665435 0.48829910080063055
-1.3736506392896715 0.26605235994023957 0.2915904216014118
0.43964626599075984 -0.16961046030200322 0.48255988876449774
0.06311687253180054 0.46813204607376946 0.4173376254283161
-1.2588269107218508 -0.7782186717440922 0.24619075576889227
-1.203497582225289 -0.5667282517136272 0.24194690506088445
-0.3194688990281094 -0.5256671982245749 0.32522842208969305
-1.2383211282451896 0.12137087838585003 0.20693752090561102
-1.2554500087372134 0.35894497678971504 0.19420644561874578
-0.08982007720454277 0.0031723174587980907 0.32257625381576727
0.03541068661504454 0.15539589485514327 0.32734987060653875
-0.2787533424883293 0.5501835787093903 0.2785484484873981
-1.7024105839019654 -0.6381123329989542 0.09272023956405828
-1.1201462526523471 -0.6839356936029866 0.15202447692978094
-1.1541369759287505 -0.441623446871823 0.13746806900131414
-0.3371817764455969 -0.3812790286376213 0.2145631007395954
-1.0755427831433053 0.20360295644180226 0.11482450286972234
-1.1814552984918336 0.48471808774976566 0.09110280792343328
-0.1816460400301665 0.2191457842159643 0.20108482162582586
0.05991194371611641 0.3250269346691361 0.2194153956614704
-1.4583242932769167 -0.9654954822804207 0.028008191987153985
-1.119777700413259 -0.8971077809549328 0.05868503372299383
-1.1187029948000458 -0.6721352896681019 0.04827710907089422
0.6923321903444375 0.6821232319075179 0.263085096284029
0.6210358933863205 0.9451574528144135 0.24313756744491766
-0.2890108630713186 -0.6162916832928715 0.12825652877914617
-0.9667121707766313 -0.06466641307977028 0.03458186905014227
-1.2168024892091296 0.28509719062683203 -0.00705126006973078
-0.060283182709234495 -0.05402526481927339 0.12387391845810125
0.4788296820844806 -0.09605183800245243 0.17920228759872625
0.9414553669455259 -0.103711160080735 0.22521755020248602
-0.7487343753271745 -0.8113162745587239 -0.010985166624906562
0.973064076757673 0.10299081823853484 0.21809646408188055
-0.2939076617732539 -0.8027281247608755 0.03464624206649969
0.9169203687658936 0.354892819842366 0.20001861374008367
0.4874073458959174 -0.9538499669968914 0.12090036193954656
0.5513593573585922 -0.7638558354248204 0.11811801712143133
1.1210846250941628 0.06280147415433035 0.1342556170664997
1.2906230498841964 0.1991238786384848 0.14427253524887274
1.3456077254893444 0.39366831287599524 0.13982030670273016
-0.26771289258288533 -0.19773384495228896 0.7238032511912555
1.7002905703282707 -0.06372271421976805 0.08914109985458563
