-1.5620571708402906 0.5025445764128875 0.47079101280908997
-1.582607181059231 -0.10197390507435955 0.46178546623926575
-1.7884070199462343 0.9405806120864781 0.19892135338526185
-1.6418880774859588 0.8359417661795945 -0.09403404517430847
-1.8501176566899176 0.28752384215665927 -0.09570011420507019
-1.7812973629720545 1.0017149601453852 -0.3725155286337811
-1.958531888850473 0.3938591509895062 -0.6620701245810467
1.7959399160696705 0.8097481092113057 -0.15313991828221862
0.8697377200281835 0.7832613533132502 -0.1034687451865155
-0.26081522470592233 0.8535022118161351 -0.04049286170262878
-1.39416906241577 0.933107815384723 0.022778660819343877
-1.7656964097514134 0.6777776179819028 0.036674649283699345
-1.8742432649738845 0.3046899348708152 0.03342261986475403
-1.9070296699731415 -0.10357254668684845 0.02514424996118958
-1.968636598370722 -0.49958055585049976 0.01863923744898255
1.092034408563535 0.8350957931157552 -0.311674921944328
-0.025073599895705456 0.8972932996400118 -0.2477563313986737
-1.0720471833348313 0.9363063628981934 -0.18840393347997253
-1.7259429434181897 0.8063000521304531 -0.1552275113608319
-1.9203852780070463 0.47227044071865265 -0.15279230399388855
-1.9162313465892566 0.04772229344666101 -0.16375002188939636
-1.9228888632635943 -0.3732285025618154 -0.17409834189672058
0.8935578833111464 0.8348260170929933 -0.49768432898778503
-0.20487584170241746 0.8902661504618834 -0.43318876548070495
-1.287978114524293 0.9467425871834436 -0.36963304801244323
-1.8278546859892657 0.7666355413924748 -0.3433345250632245
-1.9088139864635991 0.3814255225058645 -0.34865698142308776
-1.9368028905519878 -0.02872815458898259 -0.35773643775243347
-1.9437911691419458 -0.44970242029375385 -0.3683808736350018
-1.7553892252283134 0.7750205797180669 -0.5402043752219159
-1.86357451933101 0.40194640904859114 -0.5437444142844159
-1.8098314742965442 -0.04567548959592216 -0.5588682584311444
-1.868967065717115 0.10724828456359603 -0.7445853642966229
-1.943368811049794 -0.2824233606025217 -0.7508648328329999
-0.29814132734149723 0.7365039915851526 0.5441433496926349
-1.4499719476333297 0.8255472634517389 0.6028997011635822
-1.6034254115068904 0.4720237545183821 0.6026302881691974
-1.608195919780968 0.050684015767600954 0.5934659548256915
0.3968267795141571 0.3844136563364202 0.3056789942238849
-0.5144985107365443 0.36318668821272837 0.35158792214136536
-1.7385921729309501 0.4896645558233814 0.41669526772242005
-1.7615154861305342 0.07702840539166544 0.40834775643091614
-1.781560407171071 -0.33808615187731306 0.399722725913338
-1.8078069259825469 -0.7514962537267493 0.3913752146218341
-0.1090183293341056 1.0336141542607677 0.1508504457924884
-1.6503308163613042 0.8707165478575618 0.22804036812525208
-1.7854339574776645 0.5096615937138012 0.22660556511621888
-1.7992178463657922 0.09306149453912127 0.2174231119607013
-1.6287800499559353 -0.4096083386311733 0.19647565560083802
