0.6064317417098195 -0.26436279089025216 0.7498177103294328
0.5350429332659132 0.08414113095792519 0.7447103075279191
0.8042735557582361 -0.3968318655347858 0.5808428339256242
0.9037151490457944 -0.013852151419878389 0.582708697725673
0.823422924229007 0.33164247348792664 0.5772255472434953
-0.33953326583177557 -0.6213187696590934 0.4925893358482316
0.7859178293354461 -0.6745265447223971 0.6228693537010148
0.8161807804373353 -0.5352614647593992 0.6234477571739152
0.7736934211729718 -0.38245872468347386 0.6153415254844621
0.790336790692038 -0.2404084338767678 0.6141837648643449
0.792854250416589 -0.09554522442767421 0.6112884096397355
0.7812773898601932 0.05228000295058077 0.6066564134849504
0.7799784576390536 0.19832417577983819 0.6031821779502824
-0.744997089267919 -0.7064059245971137 0.29810414831771403
0.754885051172927 0.349450529066198 0.5968130640281633
0.7887032365487698 0.48869603994451616 0.5973919443382218
0.9967912975200903 -0.7184627791143834 0.5044425539268449
1.065959126683211 -0.587075684710177 0.5098093561424211
-0.5324985460542635 -0.8610810787610808 0.10298238318099528
1.051739218786416 -0.9856740655795075 0.30150781195296794
0.770160827300181 0.34010679509726316 0.4537523798240617
1.315437341057624 -0.8886531032760967 0.3320025018943742
0.667857946711834 0.5076298947232356 0.43765101950301677
1.4621352145340651 -0.7723067804297195 0.34756122152938396
1.0227580127384996 0.5792659849462396 0.4776066355003312
-0.5770169014224606 -0.9046355444946661 -0.274957317899327
0.5221028933046483 -0.9439635829527795 -0.1285234876380965
1.2787328852450202 -0.93105827248705 -0.028682369779209793
1.932507434249402 -0.9050467942576246 0.05718122046126872
2.2252112190456828 -0.8177633080026094 0.09378896277083903
1.1801130285239267 -0.80534603748261 -0.5474664159523055
1.9741150493363406 -0.8060449545483417 -0.43274273354874104
0.11567974014927529 -0.6275805541121873 0.654903750826259
0.10212340996755387 -0.4780067645259036 0.6503757051719621
0.12330564453773007 -0.3345636443612001 0.6498092226280168
0.1352348378930941 -0.18933957604708684 0.6481112055076554
0.12327590166039926 -0.0394256200531613 0.6435831598533586
0.1264999600857024 0.10780217518668955 0.640753131319423
0.15461415610278806 0.2502552524003807 0.640753131319423
