0.6942930282141475 -0.5685745071647865 0.20159600192095617
0.8643114601745054 0.38846694575182994 0.26313088351275304
0.573858698625358 0.8319564379658253 0.2594430249312101
1.3744460978700488 -0.5566893573059879 0.11522267275835851
1.4070267462627442 -0.24948658381384448 0.13356659823443273
1.4050791272251502 0.039825748418099494 0.14790127688433508
1.350437736131994 0.3030485556011797 0.15622494631792883
1.278816892593241 0.5577419395754042 0.16255066805865148
0.960389940332746 0.6964606836377563 0.14132378512408117
1.7278882364304167 -0.6139062757769445 0.011558274564999138
1.8047356177917067 -0.285671292191644 0.0352799695112882
1.8158768243800836 0.00905192815135436 0.05134842806841711
1.774499525373983 0.27746224198256186 0.06129811221148351
1.7072295420989292 0.5329357043483043 0.06819699221636633
1.50596436515589 0.7247921170750082 0.05980561190630773
1.6267462183875807 -0.7491518637963885 -0.13642146176312586
1.769939335400963 -0.3875367718131457 -0.10453917569134852
2.111641311266496 0.06833254295838032 -0.04982497281048914
1.9987241929995605 0.30123862546036406 -0.04804637021039149
1.8866129513068586 0.5345393591000978 -0.046256323518496956
1.8649475178184503 -0.42575510915802894 -0.2293398577592196
2.000599964385245 -0.06998429397506456 -0.19801547116253992
1.9901610109102563 0.2130617596055373 -0.18410136288617274
1.9360416798052853 0.4743083520619038 -0.1754572588822665
1.8829316064389445 0.7355369467046522 -0.1668064791581454
2.053058100528645 -0.6063935540197747 -0.3529226977250399
2.2456016904397416 -0.22197866120549392 -0.314144392671329
2.1361370973475857 0.012657833916399852 -0.3118412691972079
2.0274791448196368 0.2476445001041938 -0.30952860897992274
0.1973864488887216 -0.6441514607683132 0.5437509816267667
1.9600174976211093 0.5023151015782261 -0.3023808199784579
0.2032593521913384 -0.3465455365678132 0.5581857960798917
0.2148637028008693 -0.04724464849842036 0.5730917256453214
-0.5292876657059509 0.4847118305764333 0.536720971403378
1.9324143211016889 -0.33025633252287534 -0.4806940752885165
1.9879197291572694 -0.014080468493027354 -0.4582083422562899
2.0000531044031646 0.2797149672812367 -0.44117095059369227
0.35641060028456195 -0.5209678241069149 0.4288775723555265
1.9461601383497822 0.5408869303836852 -0.43229987210248133
0.25942458421971537 -0.2733526846484544 0.43261120730425695
1.8887786433108715 0.7999104116137481 -0.4239666659257235
0.20382468784890762 -0.006285901855310527 0.4406316083052335
0.16276861638738183 0.26711709299485875 0.45008442812945226
0.06861681159514887 0.5152049068508724 0.4538447659590421
-0.024611969404602974 0.7635716078638417 0.4576155942061124
2.049825084064338 -0.647189146673508 -0.6182997424027743
2.09933605670318 -0.3328632552839359 -0.5960467059037509
2.118986941672091 -0.03454172423840873 -0.5776665408036532
2.095166539961596 0.24161621386704724 -0.5648186404130282
2.0500626781383744 0.5068035034494969 -0.5547316271683993
0.579954461550372 0.3924867015430067 0.35815022402788976
0.40053059894843557 0.5991772402860462 0.3527419369795499
