-0.34398217366976525 -0.7264052995328836 -0.15547592198274085
1.211068140369541 -0.7138499288016042 -0.021356888169264288
1.7592695723269998 -0.5697566609173244 0.024217300063157587
1.8640399790224933 -0.3650623354150113 0.030728034621263056
1.9152982507055683 -0.1529479539787264 0.032464198714280634
-0.24234340995100467 -0.7616204845676044 -0.2706106380166764
1.28279129562479 -0.7447810354746185 -0.13619882618806312
-0.2669013801859492 -0.3615754953066528 0.6267911716757064
1.9886307663234177 -0.6230055572041202 -0.07542545353791663
-0.23038860180438547 -0.13980390163210288 0.6271650120077377
2.048848763913419 -0.4126727005885318 -0.07276374852082679
-0.1931173403812494 0.08182670690666072 0.6275388523397689
2.1048612203398633 -0.20192280632011084 -0.07054550206086585
-0.209296618150546 0.3114828910412726 0.6237990185079818
0.059938851097129486 -0.7559499443890267 -0.35652477299592444
1.4268716135731552 -0.719366306458884 -0.23395282780549476
0.2924561260302809 -0.38266231760263203 0.5566050335226302
1.979781405783143 -0.5768786887516555 -0.18600971257111976
0.3239466995578084 -0.16213077715959656 0.5566050335226302
2.1633494553227877 -0.38443685164825325 -0.17198831593415687
0.34141515821360713 0.06048113327339699 0.5554568096456771
0.32024090655839643 0.28906502599009265 0.5512468143759017
0.29988880417744923 0.5179103154841016 0.5470368191061263
0.23605691782459814 0.7540575608325444 0.5393821522054916
-0.851661855078774 -0.7007050949871285 -0.5534322932901139
1.2750556927357337 -0.7636785768916816 -0.3575132564248795
1.9855776334701645 -0.6423039568971269 -0.2938974574746842
2.030937073020155 -0.42981802056921836 -0.29251462971589515
-1.1700365411503242 -0.4962335637418729 -0.6999934390725846
1.2176311960747768 -0.5996584810299499 -0.4754899219217057
-0.006839014465079174 -0.4173800603494424 0.30918519938566735
1.9579473406198815 -0.48396836530358733 -0.40785724675080726
0.6510920651262353 -0.2856372116118546 0.3600012584982162
2.126981919252586 -0.28948632825595944 -0.39470607792756507
2.0997171794334477 -0.06648103291336938 -0.400342293137526
0.5718755838582084 0.8492705422683731 0.33999507868864587
1.248980669470356 -0.8132660916189938 -0.5803664401712174
0.6284339501405825 -0.7287116032783807 0.25173681223967126
0.8215877262987021 -0.5321239333856571 0.2652284427938705
2.1029104526838722 -0.49270784824404146 -0.5033505634011979
0.16337504850189788 -0.6304885612753868 0.10058801615812829
0.8650537231229265 -0.5036897002096978 0.15737073863127282
1.886627805648267 -0.4276948807272376 -0.6343982890786881
1.068736190815443 -0.3099941070359957 0.1719838901815658
2.0951779850863375 -0.23886947178964313 -0.616864509934401
1.1448452739024617 -0.09871888657715999 0.17574184382536462
1.1576200661929263 0.12180786588755765 0.17407196009733727
1.166248239691555 0.34312748435828766 0.1719838901815658
-0.38921068617680277 -0.8489240560535922 -0.056067295426344366
0.978459985887099 -0.8075811578475065 0.0594369694051986
1.3341238563997493 -0.6347982065990987 0.08756702387907556
1.4041832887593486 -0.42353550306454224 0.0909768863973861
1.4306013383254381 -0.20616680113988117 0.09055059397795251
