1.17086059726111 0.5378165357611007 -0.0017614684783566759
0.6590118705025965 0.5488405331866275 -0.035368951388512926
0.08735584034254407 0.5484022244995002 -0.0731606803619016
-0.5755068123879337 0.49762117131870376 -0.11784938199154027
-1.1849454351660147 0.47588146320047553 -0.1585812888824094
1.7279359295563332 -0.8140276207257089 -0.10213950497738011
2.0252537243022757 -0.41406790531952575 -0.07485202176204808
2.01555196171594 -0.16799428681411888 -0.07101920468441136
1.621561547150345 0.6407559937407665 -0.08319047314754613
1.27299866521918 0.7258233749943095 -0.10526898724666722
0.7026200504896476 0.710063620835248 -0.14412358624569066
1.966719457769588 -0.7838310111397675 -0.199016126223718
0.07252199212711341 0.6708635880476024 -0.18746760708919652
2.116390628918175 -0.4573522672532264 -0.18247035367122777
-0.5631091366999876 0.6336588144246686 -0.23119977337947972
2.034864702534004 -0.24668167229902194 -0.18405202252498754
0.07795511369842112 -0.6784381576105787 0.603079763821448
0.14838964370930618 -0.37505627695387034 0.6108121551788699
1.733837588249869 0.6312883860912297 -0.1884856544219602
0.14806825920585576 -0.10676150434598597 0.6140837349213015
1.4578764596683023 0.7373547808639236 -0.20564273221126683
0.07279956301842283 0.09997109572439866 0.6123404182709109
0.847141650429905 0.701528364970236 -0.24855473858944066
-0.12426407162599151 0.26259711336877656 0.6031508125580203
1.8015551842180462 -0.8036145793208718 -0.3244462333404172
0.21759858281399103 0.6487725836642237 -0.2931161246978391
2.1484103253652047 -0.3917571596377929 -0.2918815932952512
-0.4220022094975282 0.5957475163849617 -0.33842423779598363
2.156656948056502 -0.13727351157654955 -0.2862649284087766
2.098706809409757 0.08408803422306033 -0.2860036216460813
0.38022259385241286 -0.7381378317436509 0.5036139168060672
0.297210317049891 -0.26607718923752044 0.5050544418609988
1.7628319055156476 0.6818270618276339 -0.29822018963924535
0.2747322634848932 -0.009058479842884548 0.5070900596893679
1.342270283737609 0.7324550414351982 -0.32701304776302464
0.22655167427817924 0.22249583976230314 0.5072660126007449
0.1521260982253536 0.4414386322319874 0.5057162918365847
2.0645159679435046 -0.6980458803774434 -0.417155774661218
2.196608181509635 -0.3809036110200106 -0.40109208447567113
-0.4295727715825688 0.6681406019916167 -0.45384648663631566
-1.1161212489708894 0.36825623616336056 0.4309725441254031
2.1332452978206886 -0.16172883844300712 -0.4011321387969602
2.093139286898646 0.06845075430364211 -0.39932731015316136
1.7078317752711718 0.6304980364710975 -0.4158883414947141
1.16983836935977 0.6261273141654495 -0.4548750243865598
-0.2729163105544439 -0.02493656534285771 0.35887142794498317
0.2718693783042547 0.48394328268524944 0.39822336810001246
1.921563202514776 -0.5932207931211324 -0.5386624656402219
0.5931206106966656 -0.6996198164335232 0.2856607116974246
1.766909814741789 0.5834962591612509 -0.5253300986968625
1.6079565797522306 0.7568572322269986 -0.5335393272124875
1.0744963198751474 0.7560526279053299 -0.5730133376800168
-0.17248598215223243 0.21320844688625007 0.2521443046844851
0.4508677943460002 0.7555972726071474 0.2979950584686648
1.5713355522611694 -0.8437935156590934 -0.6839495025359739
0.2875777447344534 0.932103265932672 0.29041620867618434
-0.9343187810098961 0.6294714890223876 0.21113058703311793
1.3349154448340208 -0.6553539256041465 0.21724936144718043
-1.580841918507506 0.5946343836102024 0.17085405962833278
1.6375303429122736 0.43432541459080465 -0.6510715804778684
1.5093738628716795 0.6352950929705194 -0.6564789138518918
0.8413944438994112 0.370974911408152 0.20226904528507106
0.6227641845431842 0.5202617699418717 0.1907696403778445
0.4271082438405298 0.681218595618958 0.18084570544132106
1.6315665016069496 -0.48441450458047797 0.12482687609561793
-0.5528855170628142 0.4834329436101843 0.11621996539005153
1.626181931410725 -0.23492536169575473 0.1286224998749148
-1.18968075098585 0.44901279889784895 0.07556006091007106
-2.24152834076607 0.23235418360422644 0.006040541104162855
1.3215594951258334 0.6217435348756979 0.12289806979068629
1.0450228646920026 0.7419824470258671 0.10697075503238551
0.6100995628882129 0.7905376701614744 0.07966848986514918
1.9690255011635007 -0.8226722218225548 0.027272669247473402
0.0613962191047861 0.7898507486230955 0.04421707766422145
1.9889563828951242 -0.5603787979907313 0.0332235969818484
-0.5289132354909594 0.7741146763331237 0.005801168850744887
1.9876181475544066 -0.3096001958418957 0.03753563540347926
-1.2201734476641803 0.717150530586232 -0.039813550540124254
