1.3534438929955925 -0.08103884804646277 0.07635134725031811
1.8310820417318752 -0.4291024181641028 -0.06626397104802173
2.1030641476548126 -0.00557347975567879 -0.21879559488835376
2.200899253004785 -0.30711665363817175 -0.37902909250798267
2.2402024681113915 -0.12375569537626774 -0.5424769494110588
-0.6409128093863714 -0.019815734264955864 0.6765028860991951
-1.9929203248718963 -0.6699290303049992 0.18877905873713452
-0.5952886838877731 0.24239861411311558 0.6727687743133064
-1.4984277639168013 -0.6599827674695362 0.2526776221221443
-0.586021766878531 0.37773569209362634 0.6690346625274177
-1.0713317125965176 -0.63538243464731 0.3072573569243904
-0.5904941775777957 0.517461116210745 0.6634332564300056
-0.48195205667688157 -0.6578870942742583 0.3844677832549568
-0.1081491846473952 -0.6250765863026562 0.4317261603301521
0.3083855818000458 -0.6067604946698513 0.48497408894953686
0.19539501927304315 -0.4412331271253791 0.46434039143977124
0.24030688294173075 -0.3199402776397413 0.46567172078547436
-1.3387700216630591 0.2668439130432958 0.2400304701751228
-1.2913942611786524 0.3934223565382631 0.24136227635798413
-1.6120306381323317 -0.6706520282790027 -0.2425745102936272
0.43266414767361994 0.019614392460971075 0.4776527312224861
-0.12329446374943842 0.32200526350465 0.3944517996734138
-0.3057310267931612 -0.7452755008718253 -0.05451518030705493
-0.06628149458641985 0.44133933325990604 0.39711398152766186
0.1579175872633911 -0.7374660776944264 0.010833921713208738
-0.2502894100976576 0.635208214547097 0.36583060292658764
0.583044458759403 -0.7221542002755665 0.07037419347224194
0.2853355663763608 0.6050572154246865 0.43571919469294507
0.9364333211535367 -0.6895305246221195 0.11902255086359936
0.39522028225168526 0.7062706569966597 0.4457036879485603
1.1564411710739577 -0.6211509382985856 0.14734047917780835
1.257709129567452 -0.5197549325881141 0.15750569371638257
1.2928172541434932 -0.39943367685896547 0.15750569371638257
1.323604146286307 -0.2778263246850141 0.1567799475615974
1.3548187729739567 -0.15630841895727876 0.15605372456965405
1.362802240610847 -0.027667573318145955 0.1516973402923103
1.3807202188147158 0.0981225559477803 0.14879292516169507
0.8384146255834608 -0.9233463964086503 -0.4608505341583733
1.3849297296176033 0.22834818638099286 0.14371031789240796
1.3190073923645755 -0.9260383189416661 -0.3853824708038811
1.384917757131305 0.3601626353534293 0.13790101079401929
1.727904284452947 -0.9118566065439104 -0.32195692987980884
1.390120838498163 0.49060040506033786 0.13281840352473218
1.9324537639098054 -0.842038993539413 -0.2930543992096428
1.3628680691775443 0.6318149351695475 0.12265318898615796
2.0043457859936 -0.7350610269823861 -0.28663187952580493
1.4066940680755167 0.7502210259979432 0.12337941197810132
2.033962600297734 -0.6159566646369434 -0.2874343964630608
1.371109710168696 0.8949506598345689 0.11176175145564038
2.0639971702501327 -0.49693683824866675 -0.28823739023747486
