-2.025410871997749 -0.8823957085595779 0.01956001636936211
-1.6799781984638282 -0.9442973720527732 -0.5015562403445051
-1.64320576502049 -0.9488342267326573 0.0489160191769793
-1.4233254854356958 -0.9395609591814846 -0.48151525142238594
-1.3734992596228461 -0.9520114117636211 0.0671497952695086
-1.1713242227493619 -0.9338481770292617 -0.46195348384426094
-1.138504799645069 -0.9365029841064896 0.08197180149509453
-0.9111446650562871 -0.9347496449103616 -0.44136937739894844
-0.8781562081620056 -0.9377268450984246 0.09939018604709648
-0.6726892325126159 -0.924407557337183 -0.4232648241762922
-0.6523408453324415 -0.9199665055484942 0.11339203236057305
-0.45582623222693686 -0.9025767863364393 -0.4076431620363996
-0.41403024596974847 -0.9113030863129339 0.1287027966733172
-0.8542178610979314 -0.635033870456823 0.6090327870602801
-0.20100597086353345 -0.9053849895846611 -0.3874972689394758
-0.1718073874160133 -0.9066606916021911 0.14446321842624688
0.04493235856601974 -0.9045139375046531 -0.3683322298769758
0.03190148302488849 -0.8799318026661069 0.1563684117551043
-0.39759161693301515 -0.6060882784264621 0.6323534619565203
-1.979275902503661 -0.9247395804419796 -0.04979547145412422
0.2820347208652212 -0.899869951350631 -0.3501485216860578
0.22695112098583747 -0.8491281954436332 0.16742721912815117
-0.25229427637335444 -0.5422672492450573 0.6369783055539324
-2.498299940556499 -0.4748734134140733 -0.665512882495384
-1.5670723711889436 -1.0087639446486918 -0.01667054774806953
0.5398651823495597 -0.9098362689743809 -0.3294370997195051
0.7679488440266886 -1.0363515762976334 0.21385780689670586
-0.17877433295553624 -0.4341809814682023 0.6354500424618914
-1.37803856148683 -0.9738026545223875 -0.5429905283694074
-1.2675130340222887 -1.0297857106250063 0.00508705494358086
0.7762075890499265 -0.9081002264908165 -0.31121286037013984
0.8397461424296837 -0.931854982329952 0.21245542881443047
-0.11330767333341507 -0.32105619715128597 0.6331974637265398
-1.113332504175958 -0.9757892008228595 -0.5215266573672102
-1.0627708609809856 -0.9967839611987444 0.01721493122531914
0.9995801696323365 -0.8997571338680288 -0.29447444560573555
0.9034990709780057 -0.8222776440256254 0.21019045231296563
-0.051649082851020545 -0.2054541582168241 0.6305801045651629
-0.9301789577912638 -0.9309411819675972 -0.5097063410525129
-0.8197174855073235 -0.9879721003405066 0.033310569500465625
1.256147198804441 -0.9142067883856413 -0.2736991274599836
0.9550621443210945 -0.7048339926485951 0.20662800190403008
-0.0021568588210256756 -0.08196595292327657 0.6268726956601336
-1.0665233257176197 -0.7155797623373132 0.5348140370602801
-0.6150065031925074 -0.9666500158929523 -0.48209508540676094
-0.589802297509308 -0.9729132563296687 0.04810921070529961
1.3659677502853762 -0.8357539253308772 -0.27049049022243477
0.051998051410089285 0.038718482536296506 0.6235252988095477
-0.8187117940319655 -0.7105429344002019 0.5484372746701434
-0.40679709287669974 -0.9398166622695285 -0.4671843874697492
-0.351663480006998 -0.9643844994975552 0.06380525944187188
1.6636057480218776 -0.8799300756933661 -0.24465116145656562
0.22888903901103586 0.07065490592636081 0.11344257709934258
0.0857255059577029 0.17288423934541441 0.6183573376889422
-2.2355053387792876 -1.0675645345104527 -0.6749800074343488
-0.6010583728298275 -0.6888073368963674 0.5594898831601336
-0.18606391482727958 -0.921984248544824 -0.4507296908144758
-0.12235854751906672 -0.9520860049500399 0.0786410939450457
1.8066334741127887 -0.8250128579512932 -0.23739703776882148
0.31283942964703293 0.17148610237464368 0.11285272953464531
0.057473532892216905 0.3481097669361404 0.6077252995724871
-2.1593454613201986 -0.9548995403061511 -0.6759060251955793
-0.37089625452538133 -0.6761963126916868 0.5716706883664324
0.05557205977051671 -0.9185026553667228 -0.4317091334109113
0.11936015918649234 -0.9489830220140334 0.09481636402561211
2.049289144848508 -0.836669294695433 -0.21805509212062812
0.19642729690574257 0.4137261302130284 0.611650146221657
-2.0828163504335433 -0.8425357923684018 -0.6768315661196516
-1.8872750051191907 -0.94672131954853 -0.11009248378322578
-0.14952960822045913 -0.6596858173925284 0.5831290852780535
0.3137475870194102 -0.9269649004756246 -0.41062768580959297
0.3268682571959616 -0.9263078127965443 0.10748831150486016
2.1382884803681863 -0.747782383709108 -0.21732314708278633
0.21511767043533814 0.5588431398378191 0.6050125729794695
-2.0101965913424977 -0.7279656350244679 -0.6782735216860578
-1.5441420094611726 -0.9910726940148393 -0.08341868999050117
0.050422657800424986 -0.6312610746836924 0.5927492749448016
0.5630400232630017 -0.931707671391024 -0.39054473521755195
0.5637004083651553 -0.9233422187145806 0.12326160786106133
2.2068936292311028 -0.6454197957710264 -0.21910794856594062
-1.3457370208054216 -0.9617892634457093 -0.608379207873802
-1.4506232923691313 -0.891015200551891 -0.08266624095485664
0.19957099526974487 -0.57209737412294 0.5979296338315203
0.7866690827308429 -0.9220320283212047 -0.37350352885768867
0.7748957782123993 -0.9058452805653872 0.1364094388241961
-1.498880476178876 -0.7291443556288186 0.4438749921078875
2.2758596382288756 -0.5433001713252494 -0.22089275004909492
-1.0810979077098883 -0.9640015235409223 -0.5865128863100812
-1.0313537291733716 -0.9845590671036248 -0.0478852617983625
0.2982321601932023 -0.4816605889590093 0.5986601483578875
1.0351834994666222 -0.9296899571283177 -0.3533795702700422
0.9101837963695578 -0.8414786297552865 0.14163175938083672
-1.2504676596358055 -0.721494154012376 0.45782772419406914
2.3410633965211476 -0.43862336682390435 -0.22318204524562812
1.1531496785532158 0.38723731063779354 0.15375391361667656
-0.8766308391744837 -0.9320940613594786 -0.5718687403445051
-0.8097141009753188 -0.9631769642957693 -0.03366979243801094
0.35514082245996237 -0.36479122245329165 0.5956751477475359
1.2329998947097003 -0.9066492036604146 -0.33936532619045234
1.079096827419828 -0.7993146749416411 0.15039364216281914
2.394339368067452 -0.3257137730730477 -0.22698529841945625
1.2257062730784916 0.49303888443272115 0.15189567921115898
-0.6340082219048191 -0.9244869862618756 -0.5525487292055891
-0.5670036194926009 -0.9559633669906376 -0.01719506862209297
0.3831565521769513 -0.22916062438914508 0.5900837552304461
1.4640373788250833 -0.9063337645907126 -0.3212459910158918
1.1516946829412733 -0.6959492095224533 0.14900795338108086
2.443956734535859 -0.21010208912559847 -0.2312954294924543
1.2986299740865426 0.5985879056595351 0.1500374448056414
-0.39172688856396976 -0.9183268883321745 -0.5332091677431867
-0.3416745476831631 -0.9398537262893356 -0.0024941790346906245
0.39919751764230504 -0.08533694364822964 0.5833708417172625
1.7072170811634813 -0.9155273090096898 -0.30157264354274727
1.2204725053926537 -0.5901370460905326 0.14718023655368828
2.445042149336544 -0.06049138814179145 -0.24166854503200508
1.3678425661267024 0.7067274207974705 0.14774481174900078
-0.13284565415481842 -0.9240075804218151 -0.5117767679934309
-0.11661154383496264 -0.9250828823829949 0.012224830364723438
0.4325478769473632 0.047695404820444764 0.5781413686032488
1.8958782147589142 -0.8907290144084783 -0.2885311472658918
1.2896186949387167 -0.48455840344441015 0.1453529965634539
-0.4768405595725884 -0.5723125510888352 0.4944998395199969
2.422382865079462 0.10650846154912585 -0.2550824511294172
0.057901960063889035 -0.8894687108552688 -0.498617016101341
0.14204949505634223 -0.932564176490942 0.03055397388889336
0.4289925296230792 0.20545076238411042 0.5695516240353777
-1.9281387576619884 -0.9697024993139394 -0.17958863856838203
2.0718910727799855 -0.8587864197428345 -0.2770107615237043
1.34666574310346 -0.37099061935618494 0.14219728825046563
-0.08583454176359195 -0.6608302981368155 0.5214497220273211
2.3071154839996564 0.33994271508462504 -0.2801354754214094
0.2991759640595988 -0.8875386232785445 -0.4792178499941633
0.3410859027976194 -0.904795210655827 0.04261652347995781
0.4220085357248755 0.3662401118536991 0.5605794560666277
-1.601674415106349 -1.0283582352124654 -0.6926873553042219
-1.5935537916627243 -1.0085773426885893 -0.1532762873415754
2.1359745694992505 -0.7534416916049125 -0.27930720927761055
1.4124311720405012 -0.26309797970073845 0.13992611286594414
0.13515855240511288 -0.6459653531080036 0.5332438122983172
2.448401449040735 0.3926554716066448 -0.2733453142885969
0.5485042802113962 -0.8923399697067538 -0.4587615359072492
0.5736764180656553 -0.8993297605995494 0.05829016087009453
0.4820540545179033 0.4829311393100042 0.5575710904355242
-1.4353720398682115 -0.9708224150742737 -0.6825335848574445
-1.4356808459501962 -0.9461524225408695 -0.1456321108584211
-1.76847388084327 -0.7336330085418723 0.3675219189877703
2.229346824947175 -0.6676929898587289 -0.2780173647646711
1.437219116443553 -0.127680617578946 0.13322464344455742
0.35164918824000013 -0.6297447204753865 0.5446759831662371
2.343139535601204 0.621503388286385 -0.2974160540346906
0.7805916919818876 -0.8880171676164963 -0.4403599131350324
0.8480176174423857 -0.9218596368629974 0.07848039982273125
-1.166345528168136 -0.9749615522698534 -0.6597512591128156
-1.084980447579352 -0.998745200424672 -0.11744340541408516
-1.4768182975184936 -0.7497829077332341 0.38563982365085625
2.2941130553269877 -0.5628686899882496 -0.28031333568141914
1.4749721529137099 -0.0005578714020231246 0.12784687397434258
0.4248553964708397 -0.5237976985935902 0.5431934964413836
1.024917798210558 -0.8930858723047521 -0.4203813898806379
0.9664111353695246 -0.847086973244167 0.08204618809177422
-1.124117998521133 -0.8458073249704441 -0.6648233759646223
-0.8761458812570835 -0.9693421078997062 -0.10428985240505195
-1.2027998563207132 -0.7575038234607021 0.40223947880222344
2.3510317965274754 -0.45265784370608486 -0.2836359369997785
1.5050100682307324 0.132160567711189 0.1215783726926043
0.4942179365094943 -0.41543758529320485 0.5413309705014422
1.2102296222323237 -0.8620241528853825 -0.4076574671511457
1.1352431761581423 -0.805176092471477 0.09102026340915703
-1.281706223256569 -0.5963447585711421 -0.6946333277468488
-0.6077767635273483 -0.9770917784151365 -0.08472379329250312
-0.9335087565670901 -0.7643205688314865 0.41847673771335625
2.420668530426634 -0.351043706792737 -0.2854197848086164
1.527397566241872 0.27053961127905524 0.11441770908786797
0.5262714194923177 -0.28297231339583107 0.5360404622311785
1.4413230874520422 -0.8617177741259994 -0.38920005443141914
1.329086110415835 -0.7804350612063047 0.10270897266819023
-0.7446943625694353 -0.7653862266022529 -0.6386497843508527
-0.3824262613154046 -0.9606585974143727 -0.0697048533205793
-0.7584323375860897 -0.715879098623013 0.42623058674289727
2.2656106302422385 -0.0941783258262916 -0.3154452669863508
1.5135138704544102 0.4345056999441823 0.10325447437717461
0.5463431152003495 -0.14232763894480627 0.5296017300839617
1.68871602897758 -0.8736436469544486 -0.3686421740298078
1.455973975050041 -0.7132999873729204 0.10720125553562188
-0.26868895699183026 -0.9016618819093054 -0.5899852144961164
-0.1403725051461211 -0.955948802907443 -0.052839123034934765
-0.5876640174873873 -0.6658142023003322 0.4336091649289324
2.3813992633519017 -0.02352450268524109 -0.31159242274806953
1.594408688637282 0.5333601468304394 0.10229793903781914
0.529497433087267 0.02303699461189268 0.5197245251889422
1.906551575058109 -0.8679513350597077 -0.3517063486819074
1.503882228926365 -0.5948863410714509 0.10313240406467461
-0.014249369625790376 -0.9055420875497759 -0.5686777460818098
0.10557132690210569 -0.9553063517692095 -0.035494648242454296
-0.1962754439435015 -0.7527351659610417 0.4611322057004168
2.521757286281868 0.029435136353761493 -0.30465015056179023
1.6185515913581205 0.6719448186551489 0.0951201092953875
0.5425484719086056 0.16951121035727112 0.5125085484738543
2.0908800516045964 -0.8416002434450647 -0.3389175760988996
1.5563967487916215 -0.47930866421688734 0.09951177952243828
0.2355420204686931 -0.9083390938059281 -0.5478752482180402
0.3215127588765574 -0.9377498845610148 -0.0213349688296125
2.483401822468338 0.20794027372193113 -0.32032521846340156
-1.9226028889435267 -0.8636161758388567 -0.2534488070254133
0.5686880568822095 0.3078577288857929 0.5064303052182391
2.1839928521771883 -0.7556244703419424 -0.3375762331728742
1.6217872450793664 -0.3721473906185935 0.09724394199802422
0.4469747385810572 -0.8889211165965776 -0.5318001139406965
0.5498558099401856 -0.929387741537056 -0.005783401751975781
2.433792364087319 0.395604244240225 -0.3375566828493879
-1.5837663631023822 -0.9056490982130327 -0.2261250841860578
-1.9000786441864865 -0.7033408417517535 0.28334776279880547
0.5167677873390333 0.499051666726686 0.4930864941830828
2.252577212826375 -0.653425661484917 -0.3393586504702375
1.6916950829095345 -0.26797561781068424 0.09542671558811211
0.6665780087134081 -0.8760495907551586 -0.5146516192202375
0.756814699757201 -0.9091053243094294 0.007495082592506641
0.4068799572876478 -0.6719272259659093 0.49194876072361016
2.389176292418969 0.5809666812744325 -0.35428889873073555
-1.0615135488795264 -1.075194785016926 -0.7110789644961164
-1.3999562167103607 -0.8586570178616242 -0.21550782802150703
-1.556710025378306 -0.7492141074346179 0.3066984784360125
2.3173950121688316 -0.5486770331628747 -0.3416632044558332
1.7660864077782439 -0.16684271462636957 0.09406153080417656
0.9362664458297343 -0.8964339202098301 -0.4911492693667219
0.963538574037287 -0.8900276598964609 0.020790733074684375
0.5009707663739018 -0.579555268183725 0.49241844532444023
-0.9897424694553738 -0.9642140800405414 -0.712453686023216
-1.1050105261134293 -0.8789281850633941 -0.1927831995730207
-1.2911481233401232 -0.7513123945021292 0.32295910236789727
2.3825877176924593 -0.4441440080869299 -0.3439677584414289
1.81202238742376 -0.046344848616577394 0.08953157780124688
1.1467884690842332 -0.8809644780083161 -0.47501882197902656
1.1658215990126755 -0.8694722278297178 0.033642924999733204
-0.9133259462350161 -0.8560665872603224 -0.7132929194216535
-0.8831712270432899 -0.8574752006548323 -0.17794402720973945
-0.9448331840517303 -0.8037844355710249 0.3467642438168719
2.4358636773559392 -0.3313846596632999 -0.3478387224917219
1.837926023006017 0.08817397999551702 0.08273569462253594
1.3570455953317642 -0.8667238061397597 -0.45887168529079414
1.351139406887314 -0.8392898254174952 0.04467550632907891
-0.8450546364173621 -0.7430679354315757 -0.7152021754030988
-0.5763971074194907 -0.888852866578965 -0.15377362849758125
-0.8678937094524017 -0.6958107408751744 0.34564463016941094
2.456856372072598 -0.19611312639503353 -0.35588916423366523
1.8684959802558434 0.21993238081285682 0.07638756153537773
1.6087226722304475 -0.8807849542737642 -0.43742021205471016
1.5195980181433482 -0.7993112322618714 0.05388418552829766
-0.7679065678245651 -0.6354773646599696 -0.7160409319643781
-0.3424942320015649 -0.8780845987463906 -0.13749631526515937
-0.6927440577817969 -0.6478451219363635 0.35364309666111016
2.5518661650164196 -0.11193826803903306 -0.3545416224245832
1.8301893692076285 0.4001447177191437 0.06233326313449883
1.8599328393415377 -0.8963658072654113 -0.4159463274721906
1.6838006520108644 -0.7575341286424191 0.06264559147312188
-0.698866177835324 -0.5229884213072467 -0.7179501879458234
-0.08771200395928336 -0.8817325020866349 -0.1188691485171125
-0.5176556473294025 -0.6008617950877095 0.36165300724460625
2.439572048247906 0.11757806406324534 -0.37984880092189766
1.8009309163987328 0.5751471240358939 0.049172080730934375
2.0525585685855474 -0.8751447062169859 -0.4018600809817121
1.7523624880051616 -0.653574457285842 0.06084219334079766
-0.4941661499674659 -0.4944438578338435 -0.7027119028811262
0.1412657117093179 -0.8711996124551007 -0.10301812770412422
-0.050317893982829265 -0.7360410999109845 0.3970619809384539
-1.9124775518213233 -1.0174514853229795 -0.31150230052516914
-2.0273078402482922 -0.9421330041584284 0.22007814762546563
2.37318588555372 0.31652604707385024 -0.39942630412624336
1.8741463772109128 0.678682713722047 0.04733578083469414
2.1372910586682887 -0.7834920962539798 -0.4015272486452863
1.8171451684564253 -0.5471050389602183 0.05857864735080742
0.19543925884678393 -0.7695923156920728 -0.6258033144717023
0.3783734394382612 -0.8672942138721567 -0.0862158167605207
-1.6253286882707534 -1.0285699282754592 -0.28931888225124336
-1.731064053214014 -0.9580439391012874 0.2395154607052996
2.425270644258923 0.43248391128663854 -0.40384753825710273
2.2264394731511055 -0.6949633402732331 -0.40066178920314766
1.8740332358534144 -0.4353025341034211 0.05539385197116875
0.4786554027826808 -0.7953643914251529 -0.6003135073427961
0.6151227423739325 -0.8648059841717028 -0.06939347865627266
-1.3601506220129935 -1.028855894601591 -0.2694776880984113
-1.45683610523152 -0.9631790536569156 0.25695959446384453
2.4010605503402673 0.6034405053628902 -0.4182170260195539
2.29935768934456 -0.595696001932275 -0.40191444041774727
1.931339169074578 -0.32365577989500594 0.052207149242897266
0.5568688953926242 0.62167168585502 0.4295589101071551
0.7151095804936185 -0.7936147255301194 -0.5807007181887434
0.8220773755988873 -0.8450726581959955 -0.05582126262233711
0.49342893222276585 -0.6203110838506802 0.4232446324582293
-1.0910913489885004 -1.0332969294328436 -0.24914010646388984
-1.2302468066488 -0.9420919248561859 0.2699820172543719
2.3643880227683245 -0.4911094035525352 -0.4042271006350324
1.9973043952627445 -0.21776818660467967 0.04994074222995781
0.9763324932123809 -0.8093201260848559 -0.5578473437075422
1.0455696257282485 -0.8372662208409452 -0.040362201953391796
0.6842442484147302 -0.590048581831951 0.43292681095554375
-0.7968090518729998 -1.054660367655444 -0.22593625667140937
-0.9867909919103517 -0.9325489906793578 0.28463999149753594
2.4297911802572862 -0.3867352120602945 -0.4065402376894758
2.030786336181782 -0.08957154467332629 0.04398504612400078
1.1952586862229426 -0.7997214008482345 -0.5403421747927473
1.2352513764005915 -0.8092262914825312 -0.02862723949001289
-0.5969647890556238 -1.0214710598025718 -0.2131369936709211
-0.7821232992148128 -0.9013758457063901 0.2956773411984637
2.503758899026674 -0.28822286383056905 -0.4077924120669172
2.060712687344566 0.04146258170447936 0.0375634801144793
1.4389096867249835 -0.8076291198259113 -0.5195949900393293
1.4372848650364118 -0.7903949683816052 -0.015473686480979687
-0.4185909011793103 -0.9930621411106202 -0.7279651987795637
-0.36747681345278727 -1.0074826648335033 -0.19700177791164375
-0.5776333803399565 -0.8713974820760697 0.3067294728512957
2.083023106011304 0.17821619726129967 0.030214465832252735
1.6363444228095787 -0.7870950965418828 -0.5047405588869855
1.6099078114075793 -0.7536676938634201 -0.005581699634055859
-0.35080564635485834 -0.8817914295024281 -0.7298501360659406
-0.09578661002600519 -1.0207675099912379 -0.17610152843044258
-0.39885158726125836 -0.827029854084131 0.3153673779721453
2.5019927476133 0.01349197762851162 -0.429952465320091
2.085543103049102 0.32935323373457237 0.02054897663547539
1.8875386621368326 -0.8032280907747662 -0.48287805202053047
1.7782644146391848 -0.7151714244282346 0.0038539540524675786
0.32634936665132974 0.257982104681588 0.36449161884738945
-0.2826281981155043 -0.7707523761179687 -0.7317350733523176
0.12877896307825987 -1.0070536710304836 -0.16040118815944648
-0.05884474862679445 -0.8828734776964353 0.33942142841770195
2.475761700608854 0.1833506452180984 -0.44449981334255195
2.027763014873279 0.5238048956277055 0.003944553112526172
2.1175408263549103 -0.8071381319028959 -0.4636844027285383
1.9133417350671125 -0.6555902825255373 0.009552634930153125
0.36523729136961336 0.38874416058611416 0.35940901157810234
-1.884821239528891 -0.8541517954207336 -0.38732656123683906
-1.9313518618481562 -0.8179658925464608 0.15150705692722344
-0.2098415802671787 -0.6625747166799485 -0.7330754626040266
0.3657325483332392 -1.0025202565769362 -0.14325746181056953
2.450358937707057 0.3536395954405762 -0.4590605128054426
2.0764601325401806 0.6438660206535616 -0.0006554949526593745
2.2107492130641373 -0.7212776472633209 -0.4622386324648664
2.015362516974087 -0.574574302537016 0.011507190441627735
0.023584451110632898 0.7744935308662946 0.317575610851784
-1.5933616624391562 -0.8687357862215492 -0.36420711162136055
-1.669608811115873 -0.814921540544141 0.1681200635190203
-0.1324726242906098 -0.5572941398984526 -0.7338717806582258
0.6065614882860682 -1.0020455642896309 -0.12561782481716133
2.4217543352055415 0.527246859822526 -0.47416432979152656
2.2877041039292685 -0.6247301775820162 -0.4629433977846906
2.0680504206544317 -0.4606501128401277 0.007835544323463672
-1.3623845828556873 -0.8496390225853432 -0.3478153574709699
-1.3396579120891494 -0.854069776265483 0.19136015293552422
0.5343440661767556 -0.8226573668651938 -0.6583574640993879
0.8259464025117473 -0.9897578834828877 -0.11033662440822578
0.37442030105812174 -0.6968092561238706 0.35573212025119805
2.352632210589447 -0.5201054589259897 -0.46526416423366523
2.1211728022579144 -0.3468617473206095 0.004161990856666797
-1.0547350325615636 -0.8777967860737022 -0.32271751048610664
-1.100240988624809 -0.8416672850509173 0.20595661518528008
0.9553862175489982 -0.9381421795235383 -0.6144002306704328
1.0408353974900897 -0.9760965975326528 -0.09551318767116523
0.7503868489255674 -0.7831502710415421 0.38353601810886406
2.417938903726073 -0.4156984988166741 -0.46758588435695625
2.1788417317390794 -0.2360028836244794 0.0009557378049089849
-0.7818195198013065 -0.8873469997499441 -0.3014553416018293
-0.8568809566260462 -0.8332702756760071 0.22098556873752617
1.1867301988644503 -0.9359699213042703 -0.5949524271731184
1.272219049729831 -0.9744220528007617 -0.07876762034938789
2.446766132052722 -0.2861360843862144 -0.4747622835879133
2.236927412801791 -0.12530504905130613 -0.002251468921165234
-0.5647049512938578 -0.8650427760997204 -0.28644975307033516
-0.6607349066213413 -0.7979191281220892 0.23148552296115898
1.4511511850054246 -0.9566896766573052 -0.5711177218203352
1.4613871188923104 -0.9471765549288236 -0.06676705958888984
2.5700908994142235 -0.22169078599745973 -0.4695318567995832
2.2749871425184494 -0.0005820876438988876 -0.007811390185813671
-0.041633711057398326 -1.047362746216649 -0.7570899355654523
-0.318091969830828 -0.8621706936295368 -0.2680428850893781
-0.4052018902359462 -0.8000672768413679 0.24779383060886406
1.6441602612448556 -0.9330517990466802 -0.5565427172426984
1.6545618980766674 -0.9237266605255101 -0.054274879718284375
2.4653374186968806 0.0015926379109743038 -0.4945290911440656
2.289080160741041 0.14124882339105227 -0.016198478961448437
0.03019083579807047 -0.940007546353435 -0.7584040987734602
-0.07185974284245589 -0.8607758521934912 -0.24961551311061836
-0.188274543660643 -0.78024328487151 0.26039711353733086
1.8744072358590658 -0.9349858610683128 -0.5370367396120832
1.8016925560369967 -0.8714178615269077 -0.04701408031032539
0.17571805490722658 0.20079795820674207 0.29306618092014336
2.439019833983291 0.1714723297412064 -0.5092848170046613
2.307880085419675 0.28035484897205265 -0.02412112834499336
0.09816362202438267 -0.8303037110091296 -0.7602713930849836
0.16976564833807117 -0.8582389998333966 -0.23165115001247383
-0.035102051756530805 -0.722291574854161 0.26680294392063164
-2.0500699577767523 -0.9444131895243686 0.08263412830783867
2.0710649467773163 -0.9164285012059068 -0.5218838083987043
1.9363598551679653 -0.8116895169936456 -0.04117473247096992
0.20185757669131066 0.3401824407181877 0.28668848392917656
2.445979477498449 0.3187816454979071 -0.5197299349551008
2.29888358950321 0.4397467491738425 -0.03534730556056953
0.1749433759021164 -0.7261034980297723 -0.7610324251894758
0.4110243310902586 -0.8571520282612255 -0.21366675975368477
-1.7186829761389943 -0.9973537936019383 -0.4335664141421125
-1.7150803807390873 -0.9826511506186932 0.1067787778134539
2.130808858487067 -0.8083426935597586 -0.5247600901369855
2.058645696892926 -0.7444017757053416 -0.03676017406032539
0.00026986758429137225 0.6312720604716375 0.2578727376218035
2.445514835547153 0.4720718694114794 -0.531263672137718
2.250157183248551 0.6284138915413493 -0.05129560115383125
0.24786400856015067 -0.6195503389680965 -0.7623461115603254
0.6476837865348957 -0.8548543524109036 -0.19614585521266914
-1.4662656618444596 -0.9896308805105889 -0.4144047129397199
-1.4151492505700927 -1.0028388846664171 0.12758509037448906
2.2157458798717924 -0.7170075641562192 -0.5243547785525129
2.1396644222974928 -0.650060243376366 -0.03711541774318672
2.3529871445090453 0.6924064912575858 -0.5552476275210187
0.3127558140486677 -0.5079472849131506 -0.7647674906496809
0.8797804352285026 -0.8513040372244234 -0.17908986690090156
0.2015496205752032 -0.41182980996669727 0.2640787732358172
-1.2142031487595673 -0.9834320395897507 -0.3952220309023664
-1.1672568733625228 -0.9944805880794263 0.14336029407932305
2.2927169437280313 -0.6204814279271318 -0.5250428545718
2.183837586408996 -0.5310111549799075 -0.04176982524440742
0.5245911188680279 -0.49022015034535116 -0.7477897036318586
1.0863723778877772 -0.833040738061591 -0.16492398860500312
0.7623522579499586 -0.6169463728058986 0.31079832432224297
-0.88552696003075 -1.0245442356633134 -0.3671758997683332
-0.8897348861274552 -1.005455312609861 0.16210857746555352
2.3617748915131624 -0.5186706793113629 -0.5268247950320051
2.2284893023292764 -0.4120327596885289 -0.04642804744289375
0.7575236255955349 0.5959540343422844 0.30525318500949883
1.0954422515639104 -0.7051260213125019 -0.6831062662844465
1.3387225626498085 -0.8456436275247867 -0.1454056132082746
-0.6599677871234486 -1.0062997493258123 -0.3508957255129621
-0.6682373522203311 -0.9847985893038143 0.1753951680417254
2.422988884044956 -0.41148929289227 -0.5297020304446027
2.2777188545784717 -0.2959270636121474 -0.05061086299465156
0.6909904585033808 0.7988353572380902 0.2894708287472918
1.4851740273131366 -0.8074443244744245 -0.6422179568056867
1.5530550072058449 -0.8353632896062777 -0.13023313167140937
-0.4389335037718234 -0.9868188981837207 -0.3350880968813703
-0.4597745513593532 -0.9577182286720713 0.18743244526340508
2.3740800487665075 -0.2283814069478396 -0.5473788607363508
2.3151082839162984 -0.1714540787250769 -0.05623181941555
1.690827376922491 -0.7925695461951392 -0.6257117617373273
1.7587543307990559 -0.8208910659027708 -0.11601432445095039
-0.1799098493871787 -0.9919424468231242 -0.314835392261009
-0.24301164441458845 -0.9370407430638039 0.20033184406711602
2.3914235152197887 -0.0900238051086788 -0.5562971461062238
2.3448440995896447 -0.04132257149932883 -0.06281455638454414
1.9128167249346544 -0.7898258337981048 -0.6069687235598371
1.897721272339849 -0.7637795820001543 -0.10955318095729805
0.18405326800718003 0.37560448158591697 0.2176462781186297
0.0532380945188633 -0.9830135288886268 -0.29751380565212227
-0.06045808555400267 -0.8967719993917171 0.2098662030453875
2.319778623220243 0.11109839310012859 -0.5772903788332746
2.3628919688353807 0.0974073796487005 -0.07083972575710273
2.126178714395228 -0.7828955872752914 -0.589317642474632
2.049166557459071 -0.7156622061711886 -0.10162528636501289
0.2358250163776452 0.49858806486513885 0.2136646878476336
0.2902899691520555 -0.9780928500445327 -0.2796800959353254
-0.998544489448622 -0.1466867364083626 0.6437040936703875
2.4117141262869826 0.1984970983117691 -0.576347671771507
2.3408720130101086 0.26492840052154065 -0.0836661684756086
2.20707005750961 -0.6887918223290441 -0.58943494441555
2.142684990952576 -0.6295997562822819 -0.10049613597438789
0.5438782000777431 -0.985118091603411 -0.25985606792018867
0.7058454484629495 -1.0699222701490498 0.2691804539914324
2.4106756601920183 0.35165482241515633 -0.5880316126589582
2.315612345218581 0.43573851274559416 -0.09698279979274727
2.2964976786136786 -0.6005728771056482 -0.5884378779177473
2.2488275517910545 -0.5523044235873797 -0.0979045260195539
0.7633317134097029 -0.9724989079565276 -0.24395402553127266
0.7690969008636301 -0.9598930908007333 0.2669216763730242
2.2607604201406355 0.6119930666932021 -0.6200497973208234
2.1576149250625827 0.7025259838369919 -0.1261490214113996
2.365629525042836 -0.49877772788668295 -0.5902202952151105
2.322225771603301 -0.4531204906012647 -0.09920343043849922
0.9909000336842384 -0.9664943567391902 -0.22704728725002266
0.8411559960505008 -0.8554035152660404 0.26550928471042656
2.4351201494908805 -0.3972223458014241 -0.5920027125124738
2.3877485565128698 -0.34859097838813824 -0.10147555949733711
0.8135078295240366 0.7387495220728937 0.23488060352756523
1.2391025429613933 -0.9752250197849719 -0.20765479686305977
0.9135756586336592 -0.7511844098391478 0.2640978467221453
2.488598086286524 -0.2846227988348389 -0.5960119593386457
2.4290716662639005 -0.2273192444048746 -0.10667308452175117
0.842190211197652 0.8768721785588198 0.22840181705905938
1.3817074352961987 -0.9266337143640442 -0.7120374071841047
1.336213642468825 -0.8885659648221775 -0.20601447703884102
-0.2302736071846132 0.15278991718322033 0.6687919270749285
2.5093051903287704 -0.14158836591025903 -0.6051262247805402
2.45344300279253 -0.07890227486415569 -0.1149791109804914
0.854383595448037 1.0428239468612048 0.2192193639035418
1.615724229176032 -0.9217643219973013 -0.6919329989199445
1.6791204079254194 -0.9540752050789507 -0.17581018092678047
0.14346924889124457 0.05833074556059614 0.16779533741428398
-0.3682773690405292 0.4074888669513328 0.6486870419736102
2.4986289393730936 0.016454389033313532 -0.6180590021853254
2.471914972843845 0.05155860477999852 -0.12253459575221992
1.8043812460708128 -0.8963586533699299 -0.6773641932253645
1.8511434726449663 -0.9181393285309198 -0.16525205256984687
0.2190545908667989 0.164930668237119 0.16632906315280938
-0.23723244721827585 0.4803821364916132 0.6517368924374773
2.5049494575373696 0.1633610349032466 -0.6287711489443586
2.41727340093356 0.24171285678211518 -0.13946088435695625
2.055100859091838 -0.9129965844918075 -0.654308162951927
2.0105838886819343 -0.8749572178934457 -0.15616544368312812
0.2866789162210508 0.2767384742208989 0.1640130650754168
2.5119419190885948 0.31047320101168197 -0.6394918787722395
2.477166041083314 0.3517439240876712 -0.14272721889064766
2.143849731452023 -0.8240816143588461 -0.6532672274355695
2.0746019286443516 -0.7694001798183123 -0.15844663264797187
2.4913295503626682 0.47802791273134204 -0.6541260111574934
2.4444257453879583 0.5282615048487571 -0.15723403575466133
2.212209594089561 -0.721751332164331 -0.6550496447329328
2.1638094428152876 -0.6806371620250005 -0.15775807979152656
1.8831131791034563 1.0702655437893327 -0.7502854693178937
2.2891665670706653 -0.6252070588416245 -0.6557005274538801
2.236777169621059 -0.5811418082194137 -0.15904840114162422
2.366434079953071 -0.528961291007704 -0.6563504565005109
2.2977211173823755 -0.47353537929105016 -0.16182502391384102
2.415317625032485 -0.41340422330974036 -0.6609624254946516
2.3590682546155977 -0.36612157714844074 -0.16460212352321602
0.8322638147956911 0.6945734908286596 0.17331138966037773
2.456461153224734 -0.2923041010519398 -0.6667087900881574
2.4330990461069435 -0.26734961579127514 -0.16589244487331367
0.7664291746614551 0.8976230187177379 0.15692964909030938
2.449114225699427 -0.13728264223753683 -0.6792572367434309
2.446149364408064 -0.12631173844194876 -0.1746266711001203
2.37733943018587 0.06356372502390428 -0.7008841860537336
2.443518325874291 0.026282056029735656 -0.1853531229738996
2.4334689106545904 0.18486516030682765 -0.19708236339138008
2.379535377003213 0.3754351036570256 -0.21428807857082344
2.156581464726381 0.6881356382593822 -0.2523949969057844
0.546845650152187 0.8239727644457844 0.31048909542514824
0.0853084015784118 -0.043274322975328516 0.2196947705502703
1.1646898397784784 -0.4557540360089618 0.1146809231991961
-0.013193045141247861 0.4725424106768443 0.2711447846646502
1.024133205096638 -0.5192731818818359 0.10749784824802422
0.6874063644341817 0.8524323018939057 0.24705973980381035
0.5632079442838447 1.0041037541862963 0.26193968174411797
-1.201107901140864 0.7488560178091177 0.288295186733742
0.9245481904222463 0.8218120961997073 0.178007043575783
0.7969463903407634 0.9279890480196258 0.1884423863644793
-1.5981135869958165 0.8128761877491257 0.2903126847500994
0.6675176856629452 0.989910117753638 0.1941820752377703
-1.7339987423483376 0.8038495996502633 0.287790454601784
-1.870000956366345 0.7953067357041093 0.28526822445346856
-2.0117519724083706 0.7428396386233302 0.2782065045590594
-2.1487789987935293 0.7303626799946912 0.27518025753452324
0.05329504321303036 -0.17539932446081963 0.6197697293515398
-2.291896695793889 0.6740005717908844 0.26761380550815606
-0.07939372309354731 -0.11582949971796808 0.6242925297970965
-0.20279419396563503 0.05837609783750963 0.6392182481045916
0.9815701462095903 0.9205947250089963 0.12161079761936211
-0.3242047757606019 0.24288989298289465 0.655048526501198
0.846160082618326 0.8726473921146223 0.11577574131443047
-0.45069287197441943 0.35335021349582973 0.6640946042294695
0.7128763713321837 0.8698521110293527 0.11471477863742852
-0.5852298971345671 0.3650172279297621 0.6640946042294695
0.581600064357036 0.9022749025120831 0.1173669469113543
-0.72201015253833 0.35236412012787355 0.6618329655881121
-1.8745249649875793 0.7124675339557385 0.20909038898899102
-0.8627084075292344 0.30054182033680377 0.6559533250088885
0.25011539630885204 0.12175211120960938 0.5795849930997088
-2.007802393680396 0.7291025205979409 0.20909038898899102
-1.0164596848938658 0.19044258143220105 0.6446460854764178
0.1400293277916802 0.5883703605416599 0.621995605206032
-2.154980067295759 0.7430133185810845 0.20857755062534356
-1.1483672609711197 0.1687191857895911 0.641479886745949
0.009710133412851985 0.5527990143076877 0.6178468835110857
-2.2834069798870336 0.6947594220380324 0.20190707561924004
-0.12184167016105452 0.5926407263837632 0.6206125390286639
-0.25594640890377107 0.5981996831787839 0.6201514374966814
-0.39046507123696506 0.5992641460683643 0.6192297112698748
0.7491854126828117 0.9447053360390001 0.055852092480201954
-0.5245783315293742 0.6057622276394312 0.6187686097378924
0.6149709868525708 0.9224102704804054 0.052617229198951954
-0.6591355880804057 0.6077735418188084 0.6178468835110857
0.48027130484046854 0.8956288766379785 0.04884353992893242
-0.7941896988204311 0.6053023543789138 0.6164640557522967
0.2861730507941518 0.06586007971544205 0.5061849725003436
-2.015785583433354 0.8874700089313308 0.15765777943088555
-0.9307614212743971 0.5884327480999119 0.6136976849789813
0.1906427025171662 0.6559971188660043 0.5611368787045672
-2.1691102364048915 0.7468203766885111 0.14096132633640313
-1.0629666287954995 0.6166379203850312 0.6150807511563494
0.054642309152698854 0.6306743577250131 0.5578493249173357
-1.2002240806320041 0.5957819396776571 0.6118537556882098
-0.07742265205422472 0.6604254598081951 0.5597275864834979
-0.21128408055689007 0.6658310526921909 0.5592581403012469
-0.3455567934127539 0.6667415945494426 0.5583187710995867
-0.4790020809077311 0.6780430669191304 0.5583187710995867
-0.6137434753826665 0.674931066291407 0.5569097172970965
-0.7480830749274512 0.6772617162996539 0.5559705865140154
0.44696919664125456 0.5907607124872811 0.48903457043125176
-1.9759355843740303 0.7842764287363195 0.07970491764499688
-0.8829328712169451 0.6750988969874427 0.5545612942929461
0.31585671254337555 0.6390241913213401 0.49286118862583184
-2.1083229875944753 0.806198624577668 0.08023563740207695
-1.018334945678462 0.668465275603559 0.5526827943082049
0.1847104565647637 0.6827722014282998 0.4962097775693133
-2.246517109689964 0.7842225972610493 0.07599178669406914
-1.1543454257856145 0.6573561591505523 0.5503343713040545
-1.290479284090814 0.6467334792721928 0.5479859482999041
-1.4245377655496072 0.6563903646546976 0.5475165021176531
-0.20706866859604034 0.8167066904360283 0.5062555443997576
-1.592594009305334 0.36978116416199924 0.5188662183041766
-0.3486473933086107 0.7233620027760139 0.4962097775693133
-0.48532758080696947 0.6950082381584437 0.4923831593747332
-0.6222470085612488 0.6671405560751253 0.4885560643429949
0.30666606977545063 0.8207364850341179 0.4430529248471453
-0.7547623603735394 0.6893185786180069 0.4895125996823504
0.16892191497290998 0.7602626779054589 0.4362341534848406
-0.886679426269191 0.7169101799480515 0.4909481179471209
-2.209462713883227 0.8166685170108678 0.01218239185764336
0.024194410954037515 0.6109475081951032 0.4206484925503924
-1.022940122182706 0.7003843094124491 0.4880777966733172
-2.3477194952461713 0.795068241145124 0.007869399761696094
-0.10830682729040086 0.6358435535667226 0.42210976002170586
-1.157808073926522 0.699199865868195 0.4866427552457049
-2.503333773668323 0.6508921047653686 -0.009921871448020703
-0.24066826832363297 0.6611994281763671 0.42357102749301934
-1.2943351151397695 0.6836454898565023 0.4837726723904803
-0.3612802339339467 0.8258580402788169 0.438669360851784
-1.431566688783604 0.6636303966684238 0.48042408344699883
-0.5010795042066372 0.7578948900542102 0.4308766495938494
-1.5638808220364298 0.6886096251384899 0.4813806187863543
0.6097792115723473 0.7736939568768975 0.3730429780240252
-0.8232745208636238 0.18752799142358612 0.3724309575314715
0.4763952784203971 0.7766926569007708 0.37254706737949395
-0.9941918562918217 -0.16599780638457418 0.3363894593472674
-1.1185134502685141 -0.03360513235350737 0.3480786454434588
0.15860106211214875 0.0395286886369135 0.2971958291287615
-1.1730108636897696 0.7574135419570709 0.4245449673886492
0.037975104625953104 0.25750342437978446 0.3180166852231219
-2.224682046142419 0.7609344183532372 -0.061918102527122265
-1.3120245825756194 0.7171824209912785 0.4191872250790789
-0.1321261115890744 -0.19888835591645204 0.2714180123563006
-2.3731808151140963 0.6655244955343917 -0.07451757075832344
-1.4474987654889824 0.7120747699884262 0.41723910686924004
-0.18116177410291856 0.9177292127226124 0.3819660317654803
-1.5830593040937404 0.7074526325156896 0.4152912270779803
-0.32396795782679355 0.804491123720176 0.36957279560520195
-1.7204665375692092 0.6884794882271947 0.41188184139682793
-1.8592687074945498 0.6601229131644857 0.4074982774014666
-0.6444673956858389 0.2178717354294335 0.30859772083713555
-2.0431042437455225 0.27679607424973085 0.36804763195468926
-0.8186830660274991 -0.19086379001890208 0.2664605748410418
-0.9484203359120498 -0.10857482901039361 0.2734009396786883
-0.9992798423114428 0.7563380599386633 0.3586665761227801
-1.132921204377777 0.7649737041580309 0.35817090389682793
-2.5321552043468682 0.6549470370690784 -0.14624818446681953
-1.2665491882399222 0.774071052060286 0.3576749932522967
-1.4034462822389453 0.7539688119202808 0.35420481083347344
-1.5416659390384635 0.7244733772051433 0.349743522381325
-1.6783930445880562 0.7103024362880035 0.3467687737698748
-1.8194686284041182 0.6620471914034098 0.3403245579953387
-1.9664891676633016 0.5698787945086536 0.3294183385129168
-2.124982497859635 0.394380669614975 0.3100849759335711
-2.2723882018071504 0.31324512877540656 0.3001703393216326
