1.5899554716138553 0.5820788574309772 -0.30385598389478474
0.3494102946288926 0.8365702554448166 0.08423176558641643
1.5701530620719986 -0.6168001076760842 -0.33855303971143513
0.7371986525294929 -0.47596584348232773 0.09688082488207073
-0.4526444996340935 -0.2703708729199896 0.5143651083293364
1.599132592542599 0.7052314289464628 -0.3070569917378023
0.16430688853441566 1.0025295667803225 0.060201556998769945
1.6389438688007907 -0.5045366894803707 -0.33397492615552693
0.7427503339579786 -0.35045231167541757 0.09381333144335002
-0.42188145404916355 -0.1449720322375301 0.5137695387187406
1.5090995552386524 0.8616793151512935 -0.32288464753003865
1.7238325755676165 -0.38882676988836484 -0.32766064850660115
0.7596276865185168 -0.2200831357864557 0.09173336775926799
-0.41903374240690283 -0.00805691918831121 0.5103239134135649
1.7661544735660009 -0.25976349447259994 -0.3268309518513277
0.7731870386340916 -0.08244004625851792 0.08904782088426799
-0.4439680546602567 0.140677959805238 0.504025848228018
1.7833715847578482 -0.1329262510095708 -0.3289347573933199
0.7763150640694185 0.0504402658512655 0.08537760527757854
-0.47441719561199847 0.283857130498129 0.4973439291301176
1.771722773871538 -0.0008756672722542574 -0.33465012757154255
0.7652387788217965 0.1860126060048731 0.08011189253954143
-0.5141391795466532 0.4290936734061972 0.48973551543382854
1.755673552141264 0.13222594939292803 -0.34096774308057576
0.7106453504917738 0.3298011593837985 0.07005396636156291
-0.543509245664076 0.5728932976861362 0.48305121215013713
1.7108385789712202 0.27098039534759777 -0.3509035989460543
0.788563967244297 0.4494126999040139 0.07437744887499065
1.7201780359398953 0.3999312761853493 -0.3542061731037691
0.6470767091947138 0.6103967078853574 0.054725082236807054
1.6471290538708878 0.5449515542281969 -0.367765037697275
1.4480529253555225 0.7155588825819468 -0.3970213815388277
-1.860536692961567 -0.8381521870387793 -0.2332774087605074
0.028705076905655602 -0.850420075214343 -0.6146012231525972
-0.08433690729688337 -0.8198126589690289 -0.046246616524179274
-1.4807490720148806 -0.597674935214416 0.36766472609667034
1.0298881303211331 -0.8678594156053929 -0.4933815881428316
0.5107363422449289 -0.7751866610787091 0.015283019858877367
-0.8053871036275737 -0.5605597102071979 0.4284166410746977
1.5156492547924394 -0.8119391409831624 -0.4365731164631441
0.914106246265117 -0.7047062828820198 0.0558151319804594
0.08120495383453985 -0.5612151919165292 0.5094112470927641
1.908252843076884 -0.7444896740476489 -0.39139613358350545
1.2340659974946462 -0.6236308332441355 0.0872034147563383
0.04816924116010668 -0.420706645761438 0.5026640013041899
2.007029630507116 -0.6317847962512246 -0.38306483475538045
1.2450719672121267 -0.4941978371450746 0.08459225447801799
0.08443028189547519 -0.2911611087647885 0.5024937704387114
2.120837060631583 -0.5221459189962886 -0.3728786393818453
1.2516340296615986 -0.36394914363994346 0.08144322188524455
0.10639828608588431 -0.15932748006402997 0.5009173467936918
2.1811580397764203 -0.40406842764933915 -0.3694473191914156
1.268469487215171 -0.23534642499103495 0.07937708647875041
0.12392378179809427 -0.026732018396758386 0.49887409957079143
-1.6916388846768342 -0.8689556965932657 -0.285062400978525
2.222316012811831 -0.28293827930365867 -0.3684707566914156
1.2857486993099627 -0.1067860833750924 0.0773142889323637
0.1222968838269125 0.10924216543570384 0.4949521139445707
2.2345680093965647 -0.1568157268824312 -0.3711825296101168
1.2888039510849971 0.024341279553388176 0.07363119872240276
0.12116373640422395 0.245305967995355 0.49103155882982463
0.11847445088681852 -0.8565288818022234 -0.09112271515699177
-1.1606553966326452 -0.659297565776892 0.32218066008714885
2.2228632521497893 -0.02628440336310474 -0.3769699021992281
1.2776541494568256 0.15818927111306827 0.0683268621745512
0.07154386962095316 0.390365611340281 0.4824041441264555
1.1429070076852916 -0.8921400545718677 -0.6105271264729097
0.7231492023976962 -0.8139789101595114 -0.027474968117196852
-0.41179565150142494 -0.6343065002328178 0.39139500411180705
2.216508657247285 0.10350627279681285 -0.382141201179941
1.2425520031470327 0.2967170830861031 0.06031552107958049
0.14973531833490128 0.5122552240236814 0.4860214308085844
1.652913902221929 -0.8402962100903864 -0.5489116594013765
1.4946000601354363 -0.8016440757424695 0.054870040732900804
0.19414949602873222 -0.592184795032142 0.44678440840868205
2.215501797688532 0.23250281480485346 -0.38669499604078084
1.2128611211996123 0.43464941081230435 0.05284491332201213
-0.055371114112137576 0.6873113605954208 0.4623135641398832
1.9130118403930432 -0.752148787014182 -0.5194722100910738
1.4765671312341588 -0.66210012378057 0.048882396537344164
0.1522391005977326 -0.44393798575038124 0.4388999059977934
1.180045201786882 0.5802131646351154 0.04475584777025432
2.01277068878829 -0.6331773656539367 -0.5109382554707125
1.5179151911817215 -0.5319788754157015 0.04948130400804729
0.18458573691084723 -0.3073696599241591 0.4382037237468168
1.1611761300137076 0.7168352482761481 0.038366229850332445
2.0874019534337442 -0.5170235686694018 -0.5054803773579195
1.5379910146073783 -0.41148110885029054 0.048040302115957445
0.21521707230376208 -0.18409926529331724 0.4376691892924711
2.1484096686232164 0.6398167584110386 -0.4090572282490328
1.133065812268029 0.8556204791131783 0.030892284232656664
2.1134992708475338 -0.3929941944533152 -0.5063391610798433
1.5595563055635857 -0.28471220799143815 0.046526820975820726
0.25228577254760864 -0.055237280343556766 0.43753996642259807
1.9486979891468401 0.8035984296484386 -0.4388271257099703
-1.6161018147436295 -0.8513099281879744 -0.34780177323194295
2.132959977180356 -0.28069673189704314 -0.5076781198200777
1.5646530787981554 -0.16813130455554318 0.04351940901903362
0.24335742464080212 0.06800940410185025 0.43325224669603557
-0.5005872604688975 -0.8803897195316482 -0.22528895584913045
-1.6538586003916578 -0.7053373826177948 0.20707217009691448
2.173433571335213 -0.16568754429931926 -0.5065570756611422
1.5761477327110036 -0.046054758738563586 0.040987880546133226
0.23601461224042453 0.19794232079764182 0.42888632567552776
0.24077951036857215 -0.8610448459992041 -0.14499243943067341
-0.8862723383109916 -0.6861344442199705 0.2795533254924223
2.209386531197225 -0.049993918231881554 -0.5060645028767183
1.573378212570887 0.07866789974193363 0.03680887969164104
0.1654478329444906 0.3395130148004536 0.41827717574266643
0.9337028965657623 -0.8326095147436526 -0.07028207032056599
-0.24588079356949066 -0.6457574401067736 0.33934393675951213
2.1699766991147413 0.09233293461402454 -0.5158463403400972
1.5489548615519908 0.22065794128753888 0.02973070891527385
0.15658707531836313 0.48396210377815674 0.41327420027879924
1.6371846896596196 -0.8041580511919906 0.005527885276357836
0.3117622003899001 -0.5901384418476787 0.3908213690104887
2.1945016394735894 0.22312919046543392 -0.5173965379414156
1.525096998721036 0.36291404573066655 0.022652538138906664
0.14828320036086495 0.6285677996567978 0.40827217848924846
1.613222221004719 -0.6706580519525853 -0.0010043069538667737
0.2835643608307663 -0.4512157309031124 0.384371192771475
2.1988116613626048 0.3513441530274355 -0.5214034005817965
1.4956754655248794 0.500025776714127 0.015098007041494554
1.6878216616493305 -0.552984889043224 0.003613384086172289
0.25096166570380163 -0.31121777556077834 0.37743225844530315
2.203585867285902 0.47961171467101293 -0.5254088327107027
1.4472619905491264 0.641244002427177 0.005340011436025804
1.7148521666924026 -0.4212477987476956 0.0025862768474027575
1.4653020853048844 0.7829715966940525 0.0025900915446683825
1.736383876539957 -0.2950960512521008 0.001080901938955492
-1.2780191689682283 0.22749473506201032 0.21741381438402385
-1.7441269319231267 -0.889265100433833 -0.43133315293165
1.7681430093333894 -0.17073027884327277 0.0006941870036527575
0.4123365549816356 0.07257406273785155 0.3819417074504301
-0.7359212656333014 -0.8939665335527492 -0.319425193947275
-1.401000542468534 -0.777029648788378 0.16315356047777385
1.795441482612027 -0.04563844267253056 -0.00024613587232380496
0.08779143171281234 0.2653494899863854 0.3456753805461332
0.09484513382844995 -0.8794235541732257 -0.22777899948926716
-0.8344476611233382 -0.721247005984374 0.21654454024461955
1.7840624584165425 0.08645635291344289 -0.005651085060556227
-0.02046764604037321 0.42124441084797204 0.3309034422221586
0.9006688795436695 -0.8668844083137731 -0.13888892380567341
-0.17453936506990786 -0.6835848210016662 0.27941027434496135
1.7878268971379647 0.2159898795590274 -0.009379474800546461
0.07249327969903163 0.5407204519729333 0.33618536742357463
1.47537340305162 -0.8240599903230811 -0.07651719300123005
0.40158225455632035 -0.6374332712450478 0.33389607222704143
1.7627574707513318 0.35111870029048786 -0.01645955292554646
0.1951564483342807 0.6540775870478487 0.34441414626268596
1.6672277362432872 -0.724359351647245 -0.05823477951856404
1.7333181292162827 0.487446738239102 -0.02409943787427693
1.810284854385948 -0.6179600483483281 -0.04559573380323201
1.6605115351533186 0.6326846208609371 -0.0367747232136324
1.8360286069277514 -0.4929529470698212 -0.04653462616773396
1.719826016627426 0.7521960653812305 -0.03434714524122029
1.8720031873309466 -0.36971599152565704 -0.046336738747079664
-1.3714835377392696 0.2014657295184328 0.1392373159709379
1.8986120628511074 -0.24496022092542977 -0.047267524879892164
-1.6966994435483507 -0.7900242314628426 -0.4994393274006441
1.9207633619265359 -0.1194501636230019 -0.04876193253370076
-0.09400451887517036 0.2570700798970326 0.26085320265917034
-0.8410425851822367 -0.7749941963695899 -0.40354308335157185
-1.188002542325048 -0.7102179672274233 0.11251393111376018
1.9384519590064677 0.006864609056622395 -0.050819961708505446
-0.06521051017420021 0.38864022503133333 0.2597765043559477
0.08297674975891667 -0.7762418162633027 -0.29953631607862263
-0.21327282406263492 -0.7182166467929064 0.2087859228434965
1.9419372356971145 0.13583327566357029 -0.05457743851514607
-0.1974092258445559 0.5499012192853101 0.24227228911546916
0.9083195251249769 -0.7687094053471634 -0.20693644730420857
0.46105117425276276 -0.686537532874101 0.27434197219042034
1.921467455996197 0.269439239449899 -0.06117066590162068
-0.32894343688437644 0.7121706715308466 0.2247590139689848
1.527187737119874 -0.7343114616412839 -0.13839444367261677
0.5160272987317605 -0.561458181710753 0.27631083281664104
1.8624663673720363 0.4107374049818888 -0.07230576721998005
0.38546041452078583 0.7132627836760149 0.29344645293382854
1.773177663092568 -0.6439474616843477 -0.11347779480787068
0.6205434774627712 -0.4446446996604394 0.2833394125285551
1.8137630041884023 0.5506282494442659 -0.08230885712476521
1.8380434514110497 -0.52528115058131 -0.10981044022413045
1.780223842881508 0.6880408841693895 -0.09060963837476521
1.9816504860371253 -0.4202203327477716 -0.09693440644117146
1.6011270120161427 0.8553143294289106 -0.11596163956495076
2.0227707868719342 -0.2983742348351721 -0.09612664429517537
-1.3234824984459301 0.2921393463902197 0.07125082762865276
-1.4910452122273128 -0.9525244362451262 -0.5419045373615816
-1.5545568594344843 -0.9298086980946845 0.012046726066152758
2.0545141158901465 -0.17501629242499847 -0.09646615235181599
-0.6504642065856032 -0.933275239703711 -0.4463096543964937
-0.8209973723773096 -0.895189895293548 0.08476820738939495
2.072012671356749 -0.04917152784668477 -0.0985275193867281
-0.16362188488375295 0.36560756548019535 0.1829365804973051
0.2683610189183945 -0.9314155890762437 -0.34132060257764607
0.4732122600922999 -0.9485238322914444 0.21605625899461955
2.0850740427356698 0.07752392957774007 -0.10116252152295857
-0.13444853958144876 0.49741175051502073 0.1818679884257719
1.0835946212292349 -0.9203321019811349 -0.2484913751301363
0.6109180811931552 -0.8359032050641363 0.226806552726309
2.0888231852073815 0.20603008248996368 -0.10494717804761677
-0.10481789512892092 0.6290928206074179 0.18080273421434612
1.6677689621701468 -0.8792150715419191 -0.18299254624219685
0.6309989323914458 -0.705900647493108 0.22524395735887737
2.0735051435341596 0.3383073546427755 -0.11103543488355427
-0.3532455429282386 0.8137840802122189 0.1508454397502348
1.7073310337547127 -0.7559960940069279 -0.1821757241901949
-0.8533830593707599 -0.33079410518588204 0.6178311422648832
2.0440618840909934 0.4736106993284115 -0.11885365692945271
0.4489788884466712 0.7962318347005959 0.22990694792894573
1.7522156685969925 -0.633777490411398 -0.1807704850849703
-0.7873038018447431 -0.20286971120056804 0.6202129438701078
1.985890769931416 0.6149824109961753 -0.13013276306958943
1.9003890768224316 -0.5288113078306772 -0.16710480896802693
-0.7650293095312222 -0.06799680165421013 0.6185993269267485
1.9428754633476935 0.7539052688082395 -0.13968476502271443
2.1076114640782677 -0.4347365413282065 -0.14642008988233357
-1.3240930192467246 0.15871146829900584 0.005026729423086351
-0.7717388947256865 0.07179016411798293 0.6143192365947172
1.7884841859056522 0.9161487801274033 -0.16251334397168904
-1.4503087846341849 -0.7969402275874968 -0.6118989869770601
-1.4408658089214867 -0.7845358518904645 -0.050378887337167555
2.129102358206268 -0.3099519757906761 -0.14790829865308552
-0.6196485145471478 -0.7796329393495286 -0.5159941598591402
-0.7614575638635017 -0.7451208829089367 0.01790180953172893
2.1510226073571737 -0.1852430740790623 -0.14939364640088826
-0.13529304294233313 0.2307508477343372 0.12172356398729534
0.2548098553252345 -0.7747483678299334 -0.41469535080762654
0.4732754911903818 -0.7947557116056516 0.14523878844408245
2.158723019066752 -0.05797896893694984 -0.15262898651929646
-0.13595465953078545 0.3677599032601593 0.11757174285082073
1.1337148492899871 -0.776661931005475 -0.3127299234089449
0.5770411992090025 -0.6772567153914855 0.15255060942796916
2.1619882156783348 0.0702069528726234 -0.15644654480787068
-0.14101122718832215 0.5057566927745318 0.11290636809496135
1.6835962525363293 -0.7325092739608068 -0.25034531800123005
0.7155348297797595 -0.5658777662527356 0.1635293081584379
-0.49481318025581444 -0.36683451700320957 0.5814231947246
2.151069382555974 0.20118559895803778 -0.1620174333271578
-0.2824444637019923 0.6695096455241969 0.0938095167460844
1.860874991491361 -0.6316893711599558 -0.2329111978230074
0.7660140993926987 -0.44102967209214405 0.1651128843608305
-0.47802034379305525 -0.23218218662566129 0.57936659606127
2.111362681241122 0.33789858600695977 -0.1710973664936617
0.5538310325795344 0.6478026561496043 0.17783060820726604
1.93556426504923 -0.5149774111929925 -0.22789916245313435
0.7188001261084196 -0.30015474023470035 0.15624371321825237
-0.5147844294198798 -0.0885817304354993 0.5723246649089262
2.067306184804135 0.47591768329898376 -0.18076476303907185
1.9225067656227708 -0.3837857536789505 -0.23354396073194295
-0.49701361340109074 0.04617565545760542 0.5702714041057035
1.9555829113367658 0.6278174615548918 -0.19862994400831013
0.5023627162462105 0.9284042937837015 0.16392079146532268
2.125183430807372 -0.2896768713632272 -0.21311005799146443
-1.2946075454389145 0.31582038929778855 -0.06665047852369099
-0.513114362617106 0.1868454139230883 0.5650447920146391
-1.7742673166740488 -0.919615476948732 -0.15137633530469685
1.7081794378326585 0.8080429512840461 -0.23290070740552693
2.156955209916376 -0.16667975456006068 -0.213409511726816
0.22781996840591745 0.18728183118112998 0.09192600997118205
-0.5287012041223242 0.32771025411233956 0.5598177030864164
-1.1169219549773466 -0.8796563233901292 -0.6474066659626558
2.1696090398335492 -0.040307791091961684 -0.21607693878980427
-0.12531059808508616 0.3866664233055913 0.050036342460195726
-0.51925957379731 0.4643353457160845 0.5568627432170317
0.008021693363701843 -0.9060833678877419 -0.5138812944111422
-0.17981645537119917 -0.8718379126722964 0.012927921134512133
2.168058769505169 0.08874809692020512 -0.2205220147785738
-0.5387277928849308 0.6063958718819737 0.551182658988516
1.0488284555712788 -0.9277278299363096 -0.3904753610310152
0.44484088722128945 -0.8302505745124463 0.07660856993822307
-0.8753402492374676 -0.6176307873004699 0.48551264556078166
2.168160816949243 0.22412275504612075 -0.225039093178232
1.6141355757791978 -0.876873921527967 -0.3253680154499605
0.8344621460768487 -0.7500849937538334 0.11477986128954143
-0.2679724031655475 -0.5663729242455118 0.5387229040446684
2.145661749972067 0.3446191569583068 -0.23170861451001912
1.8978515020980034 -0.7984583006199207 -0.29433736054273396
0.9765942111741452 -0.646710506764796 0.126584441978018
-0.21359919095578306 -0.4454085500095324 0.5404371336284086
-0.7470722165711727 0.6706601196113843 0.6385358885112211
-0.8043600456996813 0.575674502465316 0.6481703832927153
-0.8323749227824102 0.4815496082302696 0.652986915427725
-0.8755227738991671 0.38745136915212264 0.6602129057231352
-0.9387406542093046 0.29349487504410005 0.6706499174418852
-0.9776138681220239 0.20010302559825838 0.6770729139628813
-0.9970696313006506 0.10701201242965538 0.6802839353862211
-1.0316563434290877 0.014090090884195217 0.6859039381328031
-1.046830724582719 -0.07870120690637866 0.6883129194560453
-1.01297603432268 -0.17183714081686075 0.6826929167094633
-1.107750085048 -0.2635934427375316 0.6979469374003813
-0.9265091167668267 -0.3591403629030335 0.6682414129558012
