0.10337872372998902 -0.5501824056537927 0.5269888192242682
0.009244986503979646 -0.12527658800736674 0.558414295298487
-0.028334785011971064 0.09662370333886017 0.5755613595074713
-0.08986100759693727 0.28753241312032785 0.5881641655987799
-0.21352638858172668 0.40167867720471406 0.5893963128155768
-0.34311221578047935 0.5085793592277668 0.5894993096417487
-0.532774474717904 0.5434496141668816 0.5788019448346198
0.30069543939382726 -0.5861595686107428 0.45199663935366274
-0.7225667395086717 0.5791996638130215 0.5681131630963385
0.15222750942439944 -0.5004952581204307 0.4491651803082526
-0.9509918222040739 0.5703121304749352 0.5506056099957526
-1.1669649239548008 0.5776996539421226 0.535383060557276
0.13973838078093337 0.29241136705080706 0.5204208642071784
0.1573662932861737 0.5789196862513215 0.547651126963526
-0.01260055721328257 0.634649247792499 0.5402372628277838
-1.7468455529932925 0.9338198551922972 -0.21703736485776304
-0.24272215287247434 0.6184339832407808 0.521859005076319
0.4462687273456254 -0.6184801625843299 0.3738191872662604
-0.41925496770500814 0.6682135174314077 0.5133055001324713
0.2946686829480498 -0.5372597390667373 0.3703535348004401
-1.1003520528860093 0.6445726897939572 0.46055491266909243
-1.2969906831452889 0.6754141100862086 0.4485700875348151
0.1965106395077214 0.6812590029649819 0.47565157709780337
-0.23821701264365913 0.41486169657930816 0.41888792811098696
-0.34557863685596857 0.5486113789316569 0.42309553919497134
-0.4555509950425858 0.6788514595106676 0.4267233162945807
-1.3333716379019762 0.6868974389078133 0.3610151558941901
-1.530180761738201 0.7188561582945887 0.3488586693829596
-0.4112230411923079 0.6289612134781777 0.3405979424542487
-0.6357170831284904 0.6224392763965341 0.3228691369122565
-1.1008692206196073 0.3325697722948071 0.2605398446148932
-1.2885894728283844 0.37450871071948555 0.24996645746889712
-1.3859751266418456 0.5228759718762781 0.2560547143048346
-1.4697350687710156 0.6865019823512064 0.26453001795473696
-0.8290791865464016 0.5907248699448644 0.219673946482569
-0.9387292548308679 0.7224931310765186 0.22342474756899477
-1.192993342893267 0.684814614499853 0.20002825556460024
-1.353983849191728 0.7575281739032924 0.19413931666079165
-1.4790832828227778 0.8721669908298679 0.1948965340680182
-1.675593035476716 0.9049886344284097 0.18238718805971743
-1.9181539949777289 0.8865601115095458 0.16143877802553774
-2.154652181195843 0.876811258131486 0.14170534907045962
-0.6441705137509075 0.8248354647250089 0.17094786463442446
-0.875080911979019 0.8122241263839527 0.15149004755678774
-1.1032395391096017 0.8045374474790741 0.1326530724591315
-1.3253470688364146 0.8055274061191078 0.11504824457827212
-1.5575856048279135 0.7963699686763306 0.09561617670717837
-1.7902848556917519 0.7883915610889289 0.07619173823061587
-2.0201437530715083 0.7853134557698951 0.057389095408350244
-0.7534287462137357 0.9960581226675593 0.09358961878481509
-1.0519729184617361 0.9051228922828365 0.06082804499331118
-1.231653158775714 0.9548466053316389 0.051043346506983056
-1.456910972541067 0.9529408770106187 0.032575443369776025
-1.6858340135384253 0.948428244575986 0.013496234995752587
-1.9315712077937306 0.9264504542343204 -0.008677646535009131
-2.1778568614666227 0.9057448162448338 -0.030842944996923194
-0.8688514837593075 0.7970662803307071 -0.028668567555516944
-1.080866686527358 0.8082421973915785 -0.04491822423276304
-1.2802357245801446 0.8354781301867966 -0.05863969029721616
-1.492799769203792 0.8486763866587133 -0.07487313451108335
-1.7350158335816275 0.8292892686741311 -0.09677045049008726
-1.253199484029082 -0.6316218748168687 0.46157677469912173
-0.4665027529962984 -0.6741029083008918 0.5382478982037604
0.03348788965895011 -0.6194882476752142 0.5841496735638678
1.227280625483111 -0.830889188627097 -0.22649542989072202
0.12620754667037204 -0.4207361350774832 0.5861676484173834
1.6923217406794038 -0.7728807716937318 -0.17785756291684507
2.039985147715967 -0.4484490136902828 -0.1529595107012689
-1.1848496894961542 -0.6662170935346694 0.3569868355816901
-0.4921273010673346 -0.6755661640617916 0.42471535502138735
0.23257058659283558 -0.7012279501979357 0.49603541193667056
0.2922626403462587 -0.49131693306555846 0.49449618158999087
-0.28351744473616947 0.421323045819193 0.4062441140240729
-1.4388995397802944 -0.7652512900999433 0.22290165720644595
0.22256112109109694 -0.8813359930129607 0.39143498240175845
0.5062791308546295 -0.7520391156291808 0.4149144440716803
-1.4143287078545228 -0.8670316132449862 0.11618693171206118
-0.7310097226048313 -0.8696234532680833 0.1851456910199225
0.3968947127448672 -1.0340658146861799 0.3044980317181647
0.5865062935655416 -0.8716226679745525 0.3177593499249518
0.7718656162291992 -0.7085563454663593 0.33048994837465884
-1.3337801297392815 -0.7169047023036512 0.006414726359277978
-0.6881205652931826 -0.7081246068130689 0.07218821345034243
0.1394915368788361 -0.7686461502357282 0.15898783503237368
0.5497024739698233 -0.6847756123472948 0.19780524073305727
0.9737958208813424 -0.6086067271199376 0.23824007807436587
-1.2267602306178347 -0.9765718813479225 -0.08575551213559507
-0.5392105844509203 -0.98095158581879 -0.013992950337499366
0.07725912010634772 -0.9650885335131711 0.049552276713281884
0.6650184249275739 -0.94325935561546 0.109810665232569
1.1493503738634203 -0.8882179554337029 0.15801794825258852
-1.8999843805070142 -0.695855200980926 -0.27968852223691343
-1.11320614823007 -0.7326891687410324 -0.1951038092547357
-0.40811505111357604 -0.7345950630284399 -0.120536014454931
0.24203328332573193 -0.7451500873273957 -0.05153290929135679
0.8997895425693301 -0.7513390360971393 0.018026664835840478
1.3907555740390336 -0.724009302648593 0.06866677103701235
-0.648617157026159 0.0315765171378537 0.720197513682276
1.9848732233022872 -0.25083824624852014 0.11262829600039126
-1.2929857792469406 -0.9750084539774839 -0.32905642689999937
-0.5493168932679708 -0.9984508587121645 -0.24811618031796812
0.08567929020462373 -0.9888890594066595 -0.18019406499204038
-0.8432385956950554 -0.6618024671277105 0.6135071068829596
0.7387267091545198 -0.9901576758251416 -0.11000792683896421
-0.5115785828883546 -0.5449974089969274 0.6407717019146979
1.3489742411904615 -0.9805990658498729 -0.04491584004697202
-0.3155904830195837 -0.3813844717764958 0.6536610871380866
-0.10287948332737074 0.24325991781983092 0.652173832041651
