1.7636351365851226 -0.5549759859602066 0.07925733526580192
1.7341492980775826 -0.17410505586499347 0.1177523990475402
1.688455201530111 0.16038395684803142 0.15058311422698356
1.6016054537382587 0.3889181345446069 0.17036184271209098
1.4990625419306767 0.5762053276910297 0.18503889044158317
1.399510374036467 0.7682472609698934 0.20029481848113395
1.2104004265943118 0.745348995063118 0.18884834249846794
1.0773197371777385 0.85576314592352 0.19389137228362419
2.0044870875733523 -0.42616150274240816 0.018665160735772623
0.9212617262449854 0.9118266024186994 0.1921218295895324
0.3899166862736223 -0.2928013475210367 0.7370766063534484
1.968759058238028 -0.059576793322467125 0.05601772268645622
0.694168546589232 0.8044147918055806 0.16988929708831169
0.2892730017726848 -0.09748668847765707 0.7503870387875304
1.8984139423553685 0.21452560031667467 0.08185419042937614
0.46610920153482027 0.6980709622007648 0.147659148772882
0.18176455355528987 0.07976953014949295 0.7617152591549621
1.8223129778919542 0.47016225254541233 0.10539659460418083
0.2913136291207792 0.7154285477943159 0.14078792532317497
0.06721282549717955 0.2390394905838953 0.7710598369442687
1.7252155641768496 0.6706289936903893 0.12203058203093864
0.0819738437798776 0.6563713102908082 0.12425359686248161
-0.05256231719800297 0.38493967685773 0.7789195438229308
1.5818986484973507 0.7565065931214416 0.1242531200253234
-0.06065753103840876 0.747675549768072 0.1264947315060363
-0.21245829721794252 0.44043574735262503 0.7768171687924132
1.404543243113551 0.760353200164781 0.11609825094573356
-0.2337449487034533 0.7716143271214104 0.12021001776091911
-0.38250987737485787 0.4738836285154058 0.772229518493341
1.2539859664703528 0.8289735865295516 0.1160276790463195
-0.4856535651361895 0.6247268278919709 0.09231170614592887
-0.5567222037284196 0.4989437324162136 0.7666510005795226
1.0861956429627782 0.8569867516742811 0.11077054937713005
-0.6239790997462151 0.7269142349017255 0.09571155508391715
-0.7310009481551347 0.5246834720746545 0.7610786815487609
2.083547656250495 -0.13183635771067337 -0.030980739990545736
0.9203258237717762 0.89020680450915 0.10609659155242301
0.6031928168484484 0.16177582039028948 0.6940349002682433
-0.8270608019400782 0.6900682960729672 0.08147844274871208
-0.9074612566890394 0.5465943467504815 0.7550137897335754
2.047190194609101 0.22972013591803275 0.00636609991423942
0.7307538717564839 0.8693806495353371 0.09450229605071403
0.5218949288524755 0.3974163137105631 0.7121890445553527
-0.9818950609363881 0.7574109375971432 0.08033975561492301
-1.0967601002001288 0.5422123510122443 0.7459624667965636
1.9724313546196015 0.4896243633707851 0.030850734313653483
0.5447950612967531 0.8584527054453162 0.08406766851775505
0.3981015665947112 0.5328511269293958 0.7191813846432433
-1.1322417883334381 0.8342600031786489 0.08034786184661247
-1.2906281618282094 0.529648825917505 0.7359193225704894
1.8824732039560885 0.708105884504068 0.05008062322966911
0.3685647426581866 0.8709947193149006 0.07652553518645622
0.24486080767179175 0.6003893841506862 0.7185629268490539
-1.4586792710685685 0.5445646228678456 0.03368362387053825
-1.478355316734131 0.5313440018727658 0.7273777385555968
1.7297999997893285 0.7704857087022425 0.04941400488250114
0.16183124022546025 0.8162268514540116 0.06032690008513786
0.0898150061718681 0.6639122948276839 0.7174437900387511
-1.5750717608163995 0.6945772037450517 0.04281171759002067
-1.6750182358130061 0.5159185651742124 0.7168467899166808
1.5849425840711362 0.8517434214689672 0.051096286376641764
0.013632537603967876 0.8936635738070251 0.06088098486296989
-0.09565831637925726 0.6599737601698639 0.7087109943234191
-1.708129919565124 0.8091762411414507 0.0473936458431945
-1.8960977631558222 0.45219314695845014 0.7008312602841125
1.3887337611853923 0.8098097682548868 0.03697475393645622
-0.17127266492582294 0.8902325527161992 0.051046218475030436
-0.27522440664220227 0.6703792820209848 0.7015083690487609
-1.8933894545374201 0.8172733394333864 0.03831848104827262
-2.0584230658661085 0.509897177728103 0.6982968707882629
1.2171092083465211 0.8281710366470492 0.0304721256100402
-0.3626434576866302 0.8740344534753106 0.039484347900079264
-0.4549610735543794 0.6815088381471028 0.6943119426571593
-2.072220819319483 0.8394787483253658 0.030958022674249186
-2.3093264219879046 0.39009299980871504 0.6758016010128722
1.0453950295149141 0.8472053476885062 0.02397474249236442
0.7610849898777374 0.1901505163358177 0.6187990566097961
2.2069653284754267 0.0010534467939500303 -0.095199737945868
-0.5460275411532436 0.876659967604331 0.030238952239678873
-0.6453125270875191 0.670789569694966 0.6845792194210754
-2.257839137553013 0.8490903873935487 0.021895255645440592
0.8716184906878013 0.8623443345023336 0.016898002227471842
0.7993388479186052 0.7040044916723165 0.6687725444638
2.1468608351333174 0.3022857567031991 -0.06501308480866097
-0.7485626581199512 0.8395542177984563 0.01579889257781364
-0.8359835624094956 0.6608774095741072 0.674852695068048
-2.472837355773109 0.8018640244824464 0.005434360107110514
0.68585359034671 0.8508375571469955 0.006311740478204264
0.5971251584964392 0.6561331407275617 0.6552308460079894
2.0683654503394706 0.5527062917814138 -0.04134717980988167
-0.9367716407121023 0.8347657782146918 0.005408610900567545
-1.012124879994154 0.6832413256717373 0.668690528472589
0.48780403900032354 0.8128384850941472 -0.00778499642975472
0.4303184554918218 0.6911060516934988 0.6509931941830382
1.9653675554474006 0.7386904410269235 -0.02598396340973519
-1.101789296532715 0.8800874470075222 0.0013802905880675453
-1.203322177847177 0.6748726242439655 0.6589754482113586
0.3013314985147133 0.8029176926491033 -0.018361244598700033
0.25345830658572766 0.7039757730204599 0.6441787143551574
1.79591873543108 0.7594267309483396 -0.03200021783478402
-1.2839425546493501 0.8902106947359982 -0.007263813415838705
-1.392670612464208 0.671782003540736 0.6497743984066711
0.15101871693558166 0.8753433444120375 -0.018381748596502767
0.0703457634118223 0.70392830280948 0.6358192821346984
1.649098501335061 0.8358781166609113 -0.030880127350164877
-1.4662751318857872 0.9010843361915892 -0.015902195373846517
-1.5844709698019486 0.6650152026887337 0.6400702854000793
-0.050078926974016724 0.8351684911480675 -0.033049736419989095
-0.11708483850396334 0.6955612288788462 0.6264322658383117
1.4854244583724494 0.8715792089200498 -0.03509965936310433
0.9957228112482142 -0.25006994518292913 0.5023220439755187
-1.6575098086077205 0.8948557070831349 -0.026847038666082845
-1.765646964633767 0.6813966317935591 0.6329153438412414
-0.23522398794363397 0.8320079217675218 -0.043022785583807455
-0.30274938715918864 0.6924988721869436 0.6175678630673156
1.2986846929801885 0.852984752142472 -0.04644647637970589
-1.8512454083167142 0.8849821231078216 -0.03836360971100472
-1.9579675714808005 0.6762050950031409 0.6232231517636047
-0.3936739556790414 0.8882408403670539 -0.04536787072785042
-0.4762099756471656 0.7173097928625793 0.6118100543820129
1.1251840625327745 0.8671437054388118 -0.053626213470770345
-2.03645660099658 0.8937124542994308 -0.0475613216555848
-2.148371405630364 0.676273309828721 0.6140454669796691
2.1007836732752807 -0.38350911255606057 -0.22764078179962777
-0.6083920002180676 0.8234747061323269 -0.0635377506411805
-0.6560272620006842 0.7292616738396767 0.6045087238156066
0.94959227323222 0.877429250213531 -0.061394367615057455
-2.2218767688025096 0.90319604070738 -0.056754265228582845
2.1083910541256827 0.093532207471819 -0.17411390344269417
-0.7564343078926683 0.9035391961029848 -0.06293836633331917
-0.8528775613497785 0.7059188734794724 0.5930760761105285
0.7718796690722556 0.8838442479558548 -0.06975236932404183
0.6815623757129146 0.7266346731745443 0.5816477199398742
-2.4164652410046656 0.8957374916420946 -0.06825367013580941
2.0492065961239376 0.3948101929025931 -0.14346757928497933
-0.969922505517772 0.8449587839590542 -0.08051172296173714
-1.0352577450174039 0.7148853789602754 0.5852692981564269
0.5979571468258413 0.9000841996773676 -0.07691398660309456
1.947387593235554 0.5854908288195784 -0.1272732357180848
-1.152021542588848 0.8545556868127431 -0.08928266564972542
-1.219974800996873 0.7201017947902937 0.5769508739315734
0.40387465020403823 0.8715828893268149 -0.09001699487335824
1.8485591892388982 0.7809399581910235 -0.11046424905426644
-1.3235403386093054 0.887270728552064 -0.09511438409454964
-1.4113720674245585 0.7126356307805359 0.5670865436398254
0.21744675933542368 0.8620434712605558 -0.10073629418976449
0.04230137850574067 0.5192308218477102 0.5325158496700988
1.6980201593605102 0.8480305742786243 -0.11052480737335824
-1.4994137325295398 0.9117197426245855 -0.1021124462283387
-1.6052532069631198 0.7015130529657814 0.5567110439144836
0.038854713302441723 0.8713863855089539 -0.10907093087799691
-0.04569919461302163 0.7330817287833398 0.5487249751888976
1.545834256599008 0.9110567244963832 -0.11118045846588753
0.9825816130824734 -0.41242264671897644 0.40050538977019645
-1.6884878625297688 0.9101090737272077 -0.1126247982180848
-1.788528893190879 0.7135258089344791 0.5489281078182922
-0.13990361065531687 0.8814470309673137 -0.11739936868317269
-0.2558347050061798 0.6754349665767627 0.5334142108761535
1.3362745731043617 0.8373323807688262 -0.12991920510895394
1.0164791272492408 0.1068270239801894 0.4526708980404601
-1.882214455687361 0.900384771953572 -0.12430492440827035
-1.9675748003028275 0.735206271243241 0.5421851535641418
-0.3250381217603149 0.8786907538418536 -0.12750688592560433
1.1685739686862817 0.8650650465379073 -0.13538709680206917
-2.0785015738878556 0.887048744935587 -0.1365672687686219
-2.171137465573622 0.7086523541311642 0.5297578235470519
-0.5125179576044374 0.8721832398736691 -0.13820377389557503
-0.6425338123794475 0.6396609576312429 0.5117400546871886
0.9930293333143538 0.8751934367702514 -0.14326110879547738
-2.2550559951726683 0.9144732645077482 -0.143539581695868
-2.348333308104536 0.7362997104576117 0.5235455890499816
-0.6939882619032431 0.8799510287855181 -0.1471106151736512
0.817327162488219 0.8860131987604465 -0.15112892190582894
0.7244835939925522 0.7015741223032528 0.4971798320614562
-2.449660963126874 0.907174309390351 -0.15520254174835824
-0.871411456913286 0.8974512560039383 -0.15481964151032113
-1.4122142915048457 -0.20229199064215564 0.3954504390560851
0.6553552634810558 0.9293672397269379 -0.1547681430972352
0.4783798534335233 0.5538527090844578 0.47146018942229606
-1.0617608756869785 0.8887465656756142 -0.16609493295319222
-1.4527236334565856 0.11401275992434456 0.42327054937713005
0.4734728221950988 0.9279054099735742 -0.16443410913117074
0.249059259096569 0.448264793862176 0.4505480190121398
2.000560345565887 0.7409533518119957 -0.1907822231448426
-1.2545516153918967 0.8763636908579144 -0.17795911828644417
-1.5773244567668243 0.250766931059049 0.4300683399044738
0.28730785266424874 0.9181158866273886 -0.17530170480377816
0.09753000117349586 0.5208627799717185 0.4504669566952453
1.8704584044380326 0.8580626084021397 -0.1841141323245301
1.3234284846985958 -0.45151307078130287 0.3263667484127746
-1.4368853268390467 0.8871442105918561 -0.18684116403229378
-1.7618887755995658 0.2625703569522777 0.4221509357296691
0.11100060725978977 0.9317320838688428 -0.18314615289337777
-0.05373614921829528 0.593995747348627 0.4503930469357238
1.2935022125455191 -0.07929541203988677 0.3620141406857238
-1.6194025111088024 0.898667673795936 -0.19571796456940316
-0.06954833499781188 0.9370114954740245 -0.19219127694733285
-0.2067713831157718 0.6631148054164626 0.44979318579070426
1.5149528162473587 0.8597513849147482 -0.20194402734406136
-1.8108623427031318 0.8931212389098384 -0.2069689373172059
-1.931542828435191 0.6942084430799014 0.45420392950408317
-0.2585463483003352 0.9249712197148305 -0.2036449054873719
1.3320904773587259 0.8502241701726891 -0.21237960855133675
-2.0070257870833927 0.8794955479619304 -0.2194058040774598
-2.0930763324306483 0.7520784747122704 0.4515698810421691
-0.43747201725926743 0.9362521662329808 -0.21207538644440316
-0.5850398004775599 0.6449988709695127 0.4299152751766906
1.1566711370075708 0.8597084616350106 -0.22036329309113167
1.0821531191378853 0.7149686673836122 0.43108638723723747
-2.1835434982262143 0.9066495898613596 -0.22647777597077035
-2.261149784205273 0.7972092119007002 0.44736513098113395
-0.6102858554157393 0.9617396620022785 -0.2186876873172059
-0.7609807144226153 0.6664189896830539 0.4234579463803039
0.9772025142711911 0.8607701769371925 -0.22956481973297738
-2.3780522990042385 0.8990606807707469 -0.23830715219147347
-0.7979311769421003 0.956476804205419 -0.2295214275515809
0.7975083015974747 0.8625553464278024 -0.23876014749176644
0.31955679289320216 -0.21246475664867326 0.30394824941985465
-0.9731165001150615 0.9788878330598081 -0.2367254833377137
-1.671248773980345 -0.46529584349783804 0.2705272098385558
0.6414014506294521 0.9196382630500377 -0.24060646096832894
0.2790067633131841 0.11953914043657932 0.3347819705807433
-1.1783598528224957 0.9393347886326353 -0.2523781398928895
1.2841858246476576 -0.47890012747735433 0.23624166448943473
0.266600869497033 0.5103825656768954 0.37268575628630973
-1.3517902374766635 0.9677032439259161 -0.25896707574494027
-1.6299835555775317 0.4188641310317802 0.35706266363494255
1.294075033520933 -0.010197696287608693 0.2840393443905578
0.11729907856805966 0.5874733078452952 0.3731568713986144
-1.8032280405967782 0.4532835068726371 0.3517025371395812
1.1904880316408963 0.17807201095368264 0.2982490917050109
0.021231083617024638 0.7829303829883507 0.38774856527678825
-1.91728732028934 0.6087982952140596 0.36078580816619255
1.299293803654301 0.8376640383977456 -0.29922977487213753
1.1419322192721069 0.4947669870637412 0.327898349364923
-0.24810277346722387 0.5937946925311284 0.35620817144744255
-2.0283068558021924 0.7690365984059913 0.37041458090178825
1.1470624505084501 0.9020905880564101 -0.29987112084992074
1.0448621085699088 0.6923433812214732 0.3432339092098937
-0.4383567027044819 0.5822553936118879 0.345842685302423
-2.0726486372286885 1.034780427487826 -0.29250494042999886
-2.2029728704104414 0.8005979630180153 0.36454280813567497
0.9696569540476716 0.9077777008454255 -0.30857149163849495
0.8666901187512224 0.6982742313192674 0.3354318996273742
-0.6060214837720395 0.6211404472478641 0.34145482977263786
-2.250987135629906 1.0578068018828866 -0.30026975671417855
-2.346322246816136 0.894972544013859 0.3661664386593566
0.7999483319670517 0.9323816548039705 -0.31478420297272347
0.13963637774828186 -0.13454040641978082 0.21730455358855583
1.6966114290641414 -0.4959221199708175 0.16779407461516715
0.14251105235554462 0.29302982930812504 0.26023324926726676
1.6363038957303786 -0.19329530458320754 0.19618638952605583
-1.2963321646503516 0.34652007519464867 0.2805364986263976
0.11782120202945379 0.6519467428838155 0.2949078937374816
1.5647694592668202 0.07699926742125562 0.22067913015715934
-1.4566758503220854 0.406545235434951 0.27834400137297965
-0.0594820834265235 0.666102631447794 0.2876857181393371
1.4816926374343495 0.31507888891044367 0.24126752813689567
-1.6190141315494913 0.4626704956611025 0.2756155391537414
-0.1609339700736072 0.8483575307592854 0.3008769412838683
1.386715540835823 0.5210688701145401 0.2579511066281066
-1.7267910709246834 0.6310721074071814 0.28647836645476676
-0.4331209295448133 0.6558630818268814 0.2682946582638488
1.2493690824252397 0.6130869530199909 -0.4199973682559266
1.2910330072200935 0.7226160023714581 0.27408727606170036
-1.881897792268461 0.7015765497991708 0.2853968997799621
-0.635995925034031 0.6180776443384843 0.2544701953732238
1.2664886770577226 1.0795727969872981 -0.36520973245270394
1.1268047989611247 0.7595968007997076 0.2700847049557433
-2.0301362111548045 0.7859907951860237 0.2859533687435851
0.9723734205591086 0.8200387551874027 0.2688868900143371
-2.2025194554375602 0.8220179892994306 0.28053840597503044
0.3751108280581832 -0.14516370758115826 0.1417230029904113
0.2501021853462788 -0.4034161309154669 0.79845365484588
-1.126113667838041 0.765844507223159 0.24448093374602653
0.12541414318977928 -0.2624041659130647 0.8056610484921203
-1.3537390655012445 0.6819140221071649 0.2246087451779113
0.35019390157354024 0.6408749156374629 0.2205365558468566
-0.004533707740058901 -0.13472215234037854 0.8114069362484679
-1.6298067598474262 0.5006343533840276 0.1925962825619445
0.20537027851482037 0.7267546147340695 0.22216400106780387
-0.1580911238966749 -0.06123561579682679 0.8112738986813293
-1.8006037247201832 0.539548805630055 0.18763479193084098
0.03652144511405453 0.7587233059146943 0.21707710226409294
-0.3154415071903074 0.00370302137515921 0.8101671596371398
-1.9538408814482082 0.614772888460017 0.18709596594207145
-0.1958390858927359 0.6510390503917396 0.19463094671599723
-0.47873610774796305 0.055597574522151305 0.8075955768429504
-2.044917755730232 0.8151253580694195 0.20202430685393669
-0.38791215522540057 0.6348145008301955 0.18339332540862419
-0.6605322772348146 0.06737728584012359 0.8006142040096984
-2.217212902124025 0.851226487647283 0.1965335269772277
-0.5491409349339094 0.687065185676941 0.18056520422332145
-0.8383175865475181 0.08891550487349065 0.7946198840939269
-2.380560559097667 0.9057444837250106 0.19325860937468864
-0.7102468697801854 0.7399075663952246 0.17774423559539176
-0.9218992346112955 0.6854327610280038 0.16148027380339958
-1.1852462131696555 0.5241598114429493 0.13176759680144645
-1.4499655411537518 0.36419497299156944 0.10205778082244255
-1.5890757786177971 0.10129813544514121 0.7618688007199035
-1.5843915429042141 0.47847063207391116 0.10654720266692497
-1.7226169598783798 0.5842078463822702 0.1099236865841613
-1.8319065095081726 0.7483548981369061 0.12059816320769645
-1.9888176933423694 0.8147889806964965 0.11894544561736442
-2.161083157767443 0.8506841004872925 0.11337455709807731
-2.3601857049862716 0.8340288606628956 0.10108026464812614
-2.2368548001190973 -0.8820019418416152 0.14777454336516715
-1.4739829374686906 -0.887549762983042 0.23404869039885856
-0.8078301548761004 -0.8729042818914952 0.3087423702084289
0.01610479363567663 -0.9051444041404189 0.4025433917843566
0.4797427476701941 -0.84534092614774 0.45291837652556755
0.655892929412353 -0.7095017405813078 0.4685519595944152
0.4401457239165225 -0.46524319450533014 0.4367059131466613
-1.3276071439610888 0.22005196285109108 0.21667798956267692
-1.6446041025811837 0.5031710997215999 0.17209371527068473
-1.9723572683746156 -0.9583827019247746 -0.008515034118963705
0.12869268244783427 0.18195336295523745 0.3811200519406066
-1.2532584758249072 -0.9534093677269055 0.07497486074797965
0.5031371234267894 0.2592838164673186 0.42049344976775505
-0.5923661462223038 -0.9380850579416826 0.1513079067074523
0.21667752185728517 -0.9670075139897687 0.24612792929046012
0.8811532492389844 -0.9623943063156979 0.3230570216976867
0.7122392255719561 -0.7330896846017829 0.2962215801083312
0.46302611884928524 -0.4797672363446477 0.2592476268612609
0.2866533360778192 -0.24480020009697334 0.23121913870208122
0.38335101940187855 -0.08636053345464667 0.2371829410397277
0.4757776058105705 0.07295249752085553 0.24254974325530387
-0.9375093283777645 -0.9967755604922353 -0.16449705163605355
0.7973267343464343 0.16457937864036865 0.27654155691497184
-0.1477818867211056 -1.0171514946304434 -0.06803432504303597
1.2045584015990087 0.22862449890089387 0.32126840551726676
0.4207630424706821 -0.9837176713239355 -0.0001999477542176109
1.2932000516022626 0.3860534115592831 0.32603916128508903
1.0750997793941082 -0.9775417467208403 0.07883724172942497
1.6284449065655338 -0.9480560718481339 0.1448052783810363
-1.304463342663837 -0.12921159261455806 0.8458202739559875
1.7705042332021392 -0.8073516293350682 0.15725168188445426
-1.1832483542293062 0.028342827508696544 0.8536470790707336
1.8222778659059458 -0.6417707662593326 0.15787395437590934
-1.0471990662758088 0.18116011479220262 0.8630393405758605
1.8746244367984133 -0.47639018461569727 0.15849670370452262
-0.9107098582110638 0.3331969562210535 0.8724311252438293
1.9275386449847929 -0.3112088822338617 0.1591184993588195
-2.1784094352626724 -0.739409149753607 0.6794289012753234
1.9619891615356266 -0.14061663900298704 0.15725168188445426
-0.42352615924176007 -1.0084489224349227 -0.560628090301825
-1.6167128848578116 -0.6941802766573844 0.7361873050533996
1.9495179221318963 0.04409801322226059 0.14916118582122184
0.30741366270786585 -1.016741607403457 -0.46544614831574105
-1.1562086401160485 -0.6257739115794827 0.7818063159786925
1.9709959069039442 0.21901638801855938 0.14542755087249137
1.0424652405647734 -1.0312663223837912 -0.3695985416568055
-0.8398248010164622 -0.5214211228596142 0.8115118404232726
1.9646471879564942 0.4026751077051536 0.13795932730071403
-0.6431862193118363 -0.3861858984906732 0.8279560466610656
1.9258352313608995 0.5968388066650956 0.12613471945159294
-0.5084895860310397 -0.23483136588696318 0.837504233916925
2.2130708170118467 -0.8139756110394298 -0.22582784692413949
-0.4068484967753463 -0.07479797219388473 0.8433388133846984
2.2362249082015637 -0.6417788940907183 -0.2291552166140809
-0.3620562891265422 0.10109736223075849 0.8428085704647765
2.274270383673233 -0.47371243653418915 -0.23048702279694222
-0.311875155972011 0.2754687702560972 0.8428085704647765
2.341456546260595 -0.3141227651422014 -0.22782436410553597
-0.1942994105668987 0.4300656137986003 0.850234832366632
-2.0801474317345807 -0.6192475519777645 0.5920341869198547
2.323670215000014 -0.129417602921869 -0.23714271585114144
-1.2783104606073934 -0.6396206491370027 0.6766775508724914
2.3160879004699098 0.052725656161918266 -0.24513021508820199
-0.6692172991297483 -0.6136111696647131 0.7397554775082336
2.2523259591758276 0.25243399188208215 -0.2611047367251649
-0.3386469412036419 -0.5155778037912349 0.7715648074948058
-0.11818544825470667 -0.38912620029235256 0.7909735103451476
0.011634569554651364 -0.2384748574024389 0.8001383205258117
0.11799992473152088 -0.08175312279702496 0.8066075702511535
0.19619244003559544 0.08266946077048054 0.8098429103695617
-2.228552399633834 -0.9557313934090512 0.4911526103817687
0.16996843980480492 0.2774208613541944 0.801216449340509
-1.691305374302182 -0.9018969133677608 0.5470288654171691
0.16357757593999622 0.46688262578619266 0.7947471996151672
-0.9572342382892245 -0.9034135289688408 0.6253646274410949
0.23407493455345474 0.6336988830698687 0.7969039340817199
-0.33425654429838403 -0.8804709891590097 0.6911018749081359
0.16349894233372453 -0.8280125922908894 0.7425950427853332
0.28233735255656 -0.6751588232949413 0.7508123775326476
0.3872780180871018 -0.5189885504995289 0.7573860545956359
0.4305051369236921 -0.34588290873974614 0.7568381687008605
0.4647812220785923 -0.170187338870603 0.7551945110165343
-2.1550373448752254 -0.7517970630486683 0.39894947012297965
0.4949159513132102 0.00682100249069606 0.753003444274591
-1.3966369093488638 -0.7583442919984797 0.4813087840878234
0.4970627140174173 0.19215957503545944 0.7475255390011535
-0.7109355678096207 -0.7507986236147026 0.555320109924005
0.44750336134379864 0.39320587721438116 0.7360218425595031
-0.06898249989801997 -0.7361871802737845 0.6243232150875793
0.47661987752082524 -0.699593593763252 0.6821974178158507
0.6149550780314925 -0.5534455249257864 0.6927698512875304
0.648503040114683 -0.37843585270744384 0.6911004443966613
0.6922284018860125 -0.20622325482445802 0.6905444522701965
0.6888250476702922 -0.02032952740624694 0.6844232936703429
-2.206397162821794 -0.9784472181295918 0.2957766910397277
0.6622896625218999 0.17274578826583387 0.675519313415216
-1.4048473379436643 -0.9928611441337907 0.3846414943539367
0.6746108703282445 0.35486508719532317 0.6710675617062316
-0.728978173275209 -0.9799373137170395 0.4587891956173644
0.668572631681279 0.5427942588045873 0.664389934142755
-0.010439366941511707 -0.9830662013137683 0.5380319019161925
0.5683643324504146 -0.9535236921015429 0.6008599658810363
0.657983658909373 -0.7941905331482513 0.6059535404049621
0.5997135593742087 -0.5941767014845389 0.5935014148556457
0.7890201962975212 -0.2696367069948984 0.6042555232846007
0.25083189632985636 0.07023669044701819 0.5346353908383117
0.4273853989636791 0.21478694963374778 0.5493520160519347
0.43254938108832874 0.39052894135054217 0.5442579646908507
0.7311629385560394 0.4878645390162344 0.5736907382809386
