-2.0760072681905655 0.61366059933043 0.4749044176416799
-2.0314910326936797 0.5302950039411272 0.19837796653084006
-2.075047679554004 0.6998920410679901 -0.07154619728751932
-2.039001895795792 0.14872642369146405 -0.08057844673820291
-2.150249304783671 0.07650540100500791 -0.35122787987418924
-2.11146457834559 -0.4750832136346048 -0.36056482826896463
-2.037655439655495 0.6190925103515639 -0.6219660047216014
1.1451335591319918 0.7691507827370074 0.3127363916712209
0.24364439636647717 0.7168843242804499 0.361520170815508
-0.6430308359905723 0.6650334697834026 0.4094170328455373
-2.0332576887223155 0.4278505189855579 0.48096787894539084
-1.9909543896694544 0.021134663937282028 0.4697326418238088
-1.9503177530529427 -0.38634419287121347 0.4584974047022268
-1.9436989407413279 -0.7813792216083826 0.4493316408472463
1.3859007113936173 0.8160318620295612 0.11349618399910177
0.4302996558457295 0.8023875189497574 0.16767442191414084
-0.46106727439605777 0.7506118906656525 0.21728742087654318
-1.3701746847703333 0.7118416908899619 0.2681177851038381
-2.0044191679070735 0.5709471742197323 0.30098998511604513
-2.156261361935819 0.24194490354684461 0.3022073503809377
-2.100881913506953 -0.17029087824716527 0.2897275682764455
-2.093443417998529 -0.5645902663721571 0.2802923914270803
1.0917833264531396 0.8467382487757646 -0.055494904868085726
0.19057819640832463 0.7941985108641276 -0.003836274496991976
-0.709769242355506 0.7474750199858562 0.04782187903694357
-1.586011502084645 0.6975050772475129 0.09791505301765646
-2.1133401999120167 0.5155849354508959 0.12452733481697287
-2.168054645146924 0.14811765716422798 0.11920535529426779
-2.1408482089309615 -0.2530380923311668 0.10824716056160177
-2.0967995429768536 -0.6623798212564793 0.09603679145149435
0.9722499812003349 0.9306131487055396 -0.23284065758415018
0.04801224643472324 0.8871068338920409 -0.17813599144645487
-0.7589630310531703 0.8045818750099727 -0.13147652184196268
-1.7697841892439072 0.8071557511222451 -0.0706578496617869
-1.9208353248176877 0.4772872402747339 -0.06937038933463846
-2.0683684289116826 0.14614900086713334 -0.06840479408927713
-2.0180321788813416 -0.2646070956514279 -0.08127653633781229
-1.9832518709855549 -0.6705502037103628 -0.09318316017814432
-0.69574989948498 0.5041520957552237 -0.32609522377677713
-1.8180996226298163 0.5524760315829766 -0.2556988004369334
-1.9746437898248388 0.22465260049862223 -0.25404608284660135
-2.1323124410631635 -0.1025270652930601 -0.2523938420934275
-2.096911826489716 -0.5078837128805844 -0.26462233101554666
-2.1139551521159063 -0.8931437484174651 -0.2732154134435252
-1.3674866386789688 0.4912836123635671 -0.4677253965062693
-2.0065312779446884 0.35309201331077844 -0.430751443259199
-2.2239485138866826 0.05010221106161339 -0.4246460202855662
-1.9660111417743877 -0.4445496621537899 -0.45347845589347635
-2.0797692408482362 -0.7905005467271948 -0.45517456566520487
-0.022793970299588295 0.25940839929164383 0.736240744240801
-0.970172529297372 0.23599514009482192 0.7849320169763967
-1.8654750595411258 0.19845359430558318 0.8305629488306447
-2.026822938143198 -0.10814063457111445 -0.6232138875646189
-1.8981567737092746 -0.17934980182710092 0.8244417902307912
-2.000702353425197 -0.5100431658652766 -0.6353913549108103
-1.9091694195844724 -0.5667725910664387 0.816929220803301
-2.027006640576701 -0.8917926310026374 -0.643740773550947
0.442070150991114 0.870108765289757 0.5390623804407522
-0.3469412486051908 0.7783137251908698 0.5795224901514455
-1.4423846417014232 0.8111374204316633 0.6389211412744924
-1.8721393318074888 0.5897550379410603 0.6572860475855276
-1.9265208543958323 0.22157007623587788 0.6524080034571096
-1.0925597129248246 -0.5039988093226953 -0.877923131339033
-1.9776601629913984 -0.14857299669492363 0.6472424265222951
-1.8313077920383591 -0.5995054983682877 0.6297386881189748
