-1.057709617001315 0.5427536243388218 0.5586445088979577
-0.219373066405673 0.6555353694361514 0.35713360267847527
-1.6184211288889614 0.008031527134278349 0.43032762962549675
-0.029089194748152636 0.7822573151331724 0.21654913383692254
-0.5267964712230082 0.7878897417290105 0.2549941297170495
-1.4151888556591743 0.7404687902291229 0.3205768819448327
2.1577817168058573 0.7678046835920327 -0.08848979514867317
-2.2477058224787143 0.6683810183873007 -0.6543696169260169
-2.0430985215221042 0.5339950766457235 0.3581173177358483
-0.4323578957391021 0.819435109478448 0.11757013756006707
-1.965393486560906 0.5740461326333914 0.22451899009912957
2.081969737277845 0.5919954523230402 -0.22674920600682746
1.6824404005823084 0.5227665899336031 -0.1980993990305091
-2.04174949677639 0.006644044172368524 0.2014696355459069
2.1190496839920314 0.8677423139934746 -0.35173156303197395
-2.08741154254232 0.43742519242804434 0.09732506233423699
1.6860855885011148 0.8183493871947292 -0.31872489494115364
-2.111296023811043 -0.16559757534419361 0.06773540931910027
1.9542595295406926 0.6048574267247204 -0.48705937904149543
1.4746293008940938 0.5860545992769559 -0.4480955843332435
-2.1427307303826026 0.45719253527518333 -0.026924872815909495
0.08694026662306698 0.5935433420496494 0.5963499303457116
-1.9487435140681768 0.6810135859056601 -0.2902591471079017
-2.118891900647256 0.4850994176926591 -0.28678824943334114
