1.4045440957534652 0.8688768366060238 -0.1748148041771218
1.2766783852663508 0.7646030654053835 -0.17479143915636985
1.0607931680576002 0.762978275772058 -0.16455231485827415
0.8452786306116025 0.7624104168712869 -0.15431748209460228
0.6236862776532348 0.7705363303937922 -0.14332972345812767
1.5526624363028105 0.7224228281936824 -0.28218041239245384
-0.43674286293169473 0.7774984801036684 -0.09337340174181907
-0.2433083585856508 0.5390541215891744 0.5266269606544212
1.2449308200490776 0.8250645105066443 -0.26080189524157493
-0.6338769857550091 0.7649744437002255 -0.0850611764000222
-0.4319374255970416 0.5142865293908851 0.5324243468238548
1.0454759377817027 0.8045804612180643 -0.2522345620201394
-0.8463770940562938 0.7728115576085273 -0.07485829172594993
-0.6422845243518651 0.5176076631269133 0.5403884810401633
0.830078852801833 0.804040112923067 -0.24173126993639915
-1.0522504279316394 0.7739010377843876 -0.06541691599352806
-0.8273340289424453 0.4907657032762298 0.545866863150759
0.6150584471131992 0.804546949956837 -0.23123131571276634
-1.1932563232316227 0.7093085324889028 -0.7135921555565163
-1.2608621257621877 0.7798897560671421 -0.055600746254758526
-1.0122022495112333 0.4647789642690867 0.5513400000526145
0.6397032204218505 0.5837950415326425 0.4131683272315696
-1.4355474437393951 0.759002699520904 -0.6969328957603738
-1.462912515932672 0.779077098671328 -0.04654656229479759
-1.178383286966394 0.416121497487973 0.5549477499915794
-1.5635648685104258 0.6648132349601781 -0.6969114380882546
-1.6216076912074016 0.7242411919344018 -0.04280386744006126
-1.3045715235285513 0.31706887217328905 0.5545152586890891
-1.6796804410790998 0.5553511620146043 -0.6986943322227761
-1.7436405229602627 0.6228191572874842 -0.043616397957639386
-1.4158073161661946 0.19874887627697113 0.5525244635535911
-1.7962169243905066 0.4462526330260186 -0.7004839020775124
-1.8203765038561812 0.4625754587339568 -0.050124271492795636
-1.5000872261788345 0.04518542502909284 0.5477327269508079
1.3985080041006626 0.8477127229311208 -0.3500019150780007
-0.17788007917356197 0.5472056380383439 0.44315947713391335
-0.45750348156097687 0.8268948763813029 -0.17840634165270775
-1.94345475083324 0.3770844479972144 -0.6977821427391335
-1.9372914242303239 0.35390245861679404 -0.05170880136950462
-1.5517393755091433 -0.15183050148180222 0.5395172995521262
1.2249706264224614 0.7962914703016217 -0.34440575418932884
-0.6670513142178578 0.8298927678946235 -0.16831885157092064
-1.1774574299669496 -0.8929311074223971 -0.8313714104698464
-1.939968476521301 0.09473872301941455 -0.06771574793322532
-1.5379774572029277 -0.4363436353497132 0.5244611662818626
1.028730718262608 0.772142317792909 -0.3360367852257058
-0.7886542277773145 0.7251964992228146 -0.16911469278796165
-1.4101931512614385 -0.8567645949769336 -0.8165503579185769
-1.9050840332961485 -0.2165902041228751 -0.08866415796740501
0.8197746061669733 0.7641083244197517 -0.32608424005969017
-0.8994016591228018 0.6693453748054097 0.477012054343386
-0.960454892040076 0.6832078715442513 -0.16369925318224876
0.6232706536178796 0.7920514343917286 0.34227170171277077
-1.9946009495260597 -0.36496496093830544 -0.09406672296984642
-1.0247040470168258 0.5693195088052327 0.47659434499280007
-1.2934267166427702 0.845040102884095 -0.13808022318346946
-1.1503673810088628 0.46973441920140324 0.4761699599219993
-1.405753319356677 0.7307477011207801 -0.14005719004137962
-1.3902982406318642 0.5159002832987909 0.48754538716809304
-1.5984276792515715 0.7188817079820264 -0.13193331537707298
-1.525340459620054 0.4293960417163287 0.48806800069348366
-1.7449546177405892 0.6488789511469637 -0.12964497385485618
-0.10349686673687586 0.6340671061636236 0.3633026045753196
-1.6000538600599583 0.23885646389475212 0.48088063420788796
1.5196096089393052 0.7699857342846084 -0.4441605645225808
-1.8859073294449331 0.5460855953367219 -0.1297398644493386
-0.48379364969643746 0.7939964754998989 -0.2601262169884011
-1.5807866378603563 -0.03600046505995458 0.46577061833874733
1.3164051469698705 0.752026858899276 -0.43478356180651634
-1.9628875178537015 0.3989288454076263 -0.13560734568102806
-0.6996235851867851 0.8048993903869608 -0.24901018915636985
-1.6057527403601455 -0.2686365073123955 0.4544590872718528
1.0712336470080999 0.784206388994475 -0.42013893900378196
-1.962383055104226 0.13593606033144034 -0.15239439783556907
-0.7562661500540031 0.6690356027934588 0.39091529073254616
-0.8306826248696098 0.711968684432259 -0.24862490473254173
-1.5687836468775487 -0.585141686541176 0.43643225850598366
0.9220450881554427 0.6919095214645008 0.2506951254798606
-1.966383574387109 -0.12352280017889505 -0.1688018876121804
-0.9095756688594889 0.6163953426980111 0.3941258353187278
-0.8842225930756342 0.5349299128111493 -0.2573624688194558
0.6319706206848537 0.8055558006341847 0.268793002982302
-1.9230840140309056 -0.4216123147206883 -0.18984089670641868
-1.081545125722272 0.587822307378957 0.3992980879737571
-1.1399905686260325 0.6117253608635167 -0.24027930078967064
-1.8914077180961613 -0.7340024189293519 -0.2113271790550515
-1.355460590379053 0.6765157449620371 0.4146055144263938
-1.4875517717023001 0.7945491495615311 -0.21209393320544212
-1.4776626968832574 0.574160769838306 0.41384877385632546
-1.6400318439852413 0.7319461575392427 -0.20894490061266868
-1.6063553974964861 0.4800931424888777 0.41374196233288796
-1.7773190959306078 0.6502820121307806 -0.2077885705040261
1.561105469910899 0.821567259898762 -0.5263348656700417
-1.686810886966498 0.31050868766792306 0.40770425023572
-1.869393750924928 0.49717002901596175 -0.2134190636680886
-0.43541020545043807 0.8222819302967057 -0.34164677439196556
-0.28320636902901697 0.6217922865636485 0.29667510213391335
1.4496914470699664 0.6849816242707636 -0.5291911202476784
-1.6859154498361733 0.04685171269935218 0.3934825819923118
-1.9558978129995097 0.34908219652455585 -0.2190338212059304
-0.6198507119374597 0.7941887822468576 -0.33433686075671165
1.2073861784435138 0.7127527602203632 -0.5146380501793191
-1.750318081364199 -0.1466399825224407 0.385459319968386
-1.989154986136569 0.11693252262710452 -0.23263226328356712
-0.7572065295602783 0.6959436537935932 -0.33395205317004173
0.9855467681660173 0.6932216867079539 -0.5042687493370339
1.123651365347797 0.5176135219271316 0.1418050688697532
-1.7217123632468514 -0.43797578103594326 0.36861743154065163
-2.0259575097557416 -0.0859259238960508 -0.24420557795031517
-0.9446218961116983 0.6988637070951231 -0.3245812493370339
-0.8881979922779379 0.6138325256060533 0.3206261557532981
0.8425567784808692 0.6190308233166704 0.15939463796155007
-1.9925644794668358 -0.3975100199483599 -0.2661515313194558
-1.218719838831177 0.7735624512488535 -0.3063431817100808
-1.0603198867157602 0.5595735531641228 0.3245476645423606
0.6045525048664615 0.6464663359782481 0.17108430089489968
-1.9758787674586102 -0.6897558291248238 -0.28612004099352806
-1.4239107319438489 0.7764249065007895 -0.29620753107531517
-1.2230870014484196 0.5071315614942264 0.3281492155982688
-1.5918455835488032 0.7331921595115425 -0.2909499245689675
-1.484301501006513 0.5811025808554398 0.3424862784339622
-1.7349925219699287 0.6846804314296939 -0.28727732477648704
-1.612647312522725 0.5125942208066547 0.3437732619239524
-1.875623080178599 0.5945925123417073 -0.28651820002062767
-1.6411219309598124 0.27592128078078915 0.3318966788245872
-0.27221219081248194 0.6834807852017999 0.21021928014294655
1.5853286867485963 0.778683603100534 0.05255259694592507
-1.9710637535883677 0.44571115031685693 -0.2918597298668191
-1.6921911496461206 0.06669439656196374 0.3223599356605247
-0.45094056505814706 0.6342483258673735 0.2149714392615989
1.2978918943296236 0.8459724510466557 -0.593783958535032
1.3463267856299126 0.7889661776666586 0.06383980931775124
-2.012592776087317 0.2383929960435065 -0.3036867219017312
-1.7229226151956283 -0.15762443152276795 0.31115760030285866
-0.6233725106121426 0.6037196704775276 0.2204488676978782
1.111464479590623 0.8100755418765839 -0.5861068802879617
1.1270671962151795 0.7907560543455858 0.07372798146740944
-2.0312035240986717 -0.0008845161682700109 -0.31877432642443626
-1.7759308285449578 -0.3543149642921186 0.3022970122291282
-0.9274848391119264 0.7399647693634783 -0.4033008652733132
-0.8924463731424765 0.6817980673139168 0.2359079283668235
0.8887503506280723 0.8163999136219164 0.08573140325085671
-2.0541278483451464 -0.2364878712188272 -0.33346472559435814
-1.1301357275560946 0.7375370938351882 -0.393349273781614
-1.054990936419074 0.628601639013695 0.23963250340954811
0.6832720234509253 0.805234419120616 0.09419717015759499
-1.9890565741826975 -0.5923105732978442 -0.3603588181541726
-1.2737172315423209 0.6618039374443363 -0.39128218470080345
-1.226838298743175 0.5878385575222413 0.24438656987683327
-1.5067362625346732 0.7003225449369914 -0.3771911698387429
-1.4694494043178992 0.6381107082481083 0.25707568349377663
-1.7146156256660845 0.7085853148547958 -0.3664222794578835
-1.62551186310192 0.5794349096795042 0.2600950163795188
-1.8519584064437709 0.6272005581148434 -0.3651991921470925
-1.7785933293900342 0.5174740786381022 0.2627643507911399
-0.16742981645624866 0.8090090277658089 0.1315535468055442
-1.9500515342657536 0.4949541820535597 -0.3693758088157937
-1.846686367452861 0.34534496825995475 0.2557591360999778
1.358999642444175 0.7350252646901989 -0.022704227547483136
-0.37441666141501173 0.8067700228242618 0.14035214604870827
-2.0003704522990944 0.2995564011073828 -0.3802000123070046
-1.9398428679179034 0.2049924058848731 0.25150860967175515
1.1786393729675524 0.6914269703841533 -0.016910179238156964
-0.5684831683184797 0.7900780401823813 0.14773215474621804
-2.1510083864064313 0.23519812055470446 -0.37733565149767845
-1.9583590952683636 -0.0345987257071112 0.23861540975110085
0.9627350602241904 0.6903862150403945 -0.00713787851794212
-0.8358099515951807 0.8669339380819885 -0.4799777108238503
-0.7654404633592691 0.7781690611660395 0.1554616850806907
-2.1759727648262555 0.004131008128588576 -0.39191017923815696
-1.9872141086974437 -0.262533159874069 0.22674884023205788
0.7471994274007443 0.6904056388971149 0.0026296538306906925
-1.0009202008805147 0.8172647770479333 -0.47488365946276634
-0.9683661208176346 0.7749943590504564 0.16389407338635475
-2.1902946609305474 -0.24319007682608884 -0.408155067543821
-1.9576562867198533 -0.5706816780786159 0.20796240987317116
0.5288254691207044 0.6953120377798889 0.012755767722292255
-1.1567134101471481 0.756608995661896 -0.4710651474998757
-1.1616503990855165 0.761077504602607 0.17126168431775124
-2.149644637122236 -0.5669259810254204 -0.43229924021227806
-1.4330966400078466 0.8490781273627572 -0.4507380562828347
-1.3515768727914974 0.7441658282764596 0.17827119054333718
-1.6223395555751807 0.8332681703830183 -0.4422694283531472
-1.492004982098237 0.6653478468663199 0.17961396398083718
-1.7256030778834912 0.7082852460428981 -0.44566498575671165
-1.6541021423191182 0.6146263471648972 0.18342913808362038
-0.3090084576093375 0.6871637395707637 0.049596683402223896
1.464206714062982 0.9269386935569788 -0.09966717539294212
-1.862935869660447 0.6269424757890363 -0.4444070893333718
-1.7582238494881892 0.489625778658457 0.18051327886120827
-0.5317361206960811 0.705108883529947 0.06042756261364968
1.3300040225190202 0.8299896471023409 -0.09890757379992454
-1.948899142770074 0.4789367083479199 -0.4503570633934304
-1.8112303928759559 0.29766227739335704 0.17157210530774147
-0.18027709109368573 0.07636391948896204 0.6653236311866477
-0.7320628547231252 0.6969849370231742 0.06871833028332741
1.1141333628980874 0.8280064903287023 -0.08888493357165306
-1.9962804346678098 0.27958213157849165 -0.46182261286242454
-1.85918036940393 0.09768882586748084 0.16191376866833718
-0.32328551655088233 -0.0067034695571290825 0.666368858237429
-0.9498066020034628 0.7136306779619002 -0.5651594239280984
-0.947681113276218 0.7092903790814677 0.07881678761975319
0.895376899426779 0.8308855592493583 -0.07849608240588157
-2.0326844084566886 0.06421555305002613 -0.47499142466052025
-1.8720672025905287 -0.15011508172467103 0.14799775304333718
-0.4478516324005568 -0.11265505172624302 0.6656512183143333
-1.1369422286466602 0.6918072772779471 -0.5569349366234109
-1.1349227111627584 0.6875226895461655 0.08564938725964577
0.6705656135289786 0.8424501576250059 -0.06736956415636985
-2.0073951059655 -0.23497647079001815 -0.4970680314110085
-1.8593769753478853 -0.4341680709499496 0.13088359059826882
-0.6006747349633486 -0.182923316780224 0.6675628584815696
-1.3146248872390487 0.6591257333773264 -0.5500112610863015
-1.328150659838954 0.6744602842972416 0.09320248784558327
-1.9510767659920418 -0.5787350953084918 -0.5238200264976784
-0.7320429229968823 -0.28006704508914027 0.6674188536597923
-1.5536631387598305 0.7056753645557237 -0.5344482499168679
-1.5334246434569252 0.6780107248123741 0.10220231236950905
-0.8453236254311207 -0.40036268143707154 0.6655105513526633
-1.7308313025338862 0.6748067517341063 -0.527532680611448
-1.6831930514176605 0.6117015561910435 0.10467042150036843
0.22946037426183352 0.592423170780739 0.5932949942542747
-1.0110395993483934 -0.4531955484046222 0.6685770911170676
-1.856078225927405 0.5777178275690691 -0.5279704171226784
-1.8086838535026004 0.5144266568558375 0.10423173131482155
-0.19869752152764875 0.8692731288219697 -0.02586947260363548
0.04668341628538997 0.5577567047405534 0.5983261031104758
-1.9968260578028634 0.5008308379336412 -0.526253326515989
-1.8768283900717648 0.3423957517332159 0.09689463796155007
-0.3865267841800062 0.8439631241875674 -0.018843753914670636
-0.15178287152613734 0.5432344111712926 0.6048597258521751
-2.07740045614986 0.34522128085687775 -0.5331884461448952
-1.9942006749132446 0.23389810760341945 0.09535493077771218
-0.5867594030325449 0.8349877537797177 -0.010337932686643292
-0.34684638384560174 0.5257897772596856 0.6110876959754661
-2.125669950977752 0.14601424459144496 -0.5448885994957253
-2.027754954370579 0.014368292886167922 0.08364762486950905
-0.8086470841128346 0.8541443546308098 0.0007618826820090518
-0.5134322791824104 0.4743117650142139 0.6145976942969993
-2.0792809736653624 -0.18080053311466315 -0.5704375344322488
-2.056521041180872 -0.21333221073636466 0.07120694341198952
-0.9610521693875853 0.8028582608459427 -0.6389061051414773
-0.9239250156724381 0.7421428520205549 -0.0007616120384499325
-0.6487973216423057 0.3846208754795839 0.6150878828956321
-1.9693430467132913 -0.5962741730541978 -0.6055136757896706
-2.0418373556918255 -0.5012781846561101 0.05331124486462624
-1.1634766496781737 0.8004848553114563 -0.6283022004173562
-1.188795974572784 0.8177601312050413 0.015526668448610614
-0.7782142452355032 0.287625685540565 0.6149686736060813
-1.3933859761302045 0.8342432393078116 -0.6137333947227761
-1.3290370424005857 0.7383181595024073 0.016962425131960224
-0.9110531930569579 0.1950103026191563 0.6151451033546165
-1.567315988868927 0.7986531614349257 -0.6071044045494363
-1.5126110847815966 0.71433316972597 0.023591415305300067
-1.0102763689661316 0.059680599397264444 0.6119970244361594
-1.722778719498308 0.7402838566542194 -0.603124721627073
-1.6622750137210431 0.6479270546876474 0.026130573172731708
-1.0978300697147034 -0.09114092327663847 0.6076358717872337
-1.8477917225608422 0.6431642346961226 -0.6035605507896706
-1.7876348516339249 0.5505849527675757 0.025693313498659442
-1.1708106358549344 -0.26153052374819197 0.6017579001380637
-1.8972429539266074 0.4477541104871907 -0.6150275307701394
-1.8616806282177123 0.3864516405487777 0.018935577292604755
-1.8298455581358866 0.09781617681069044 -0.6437054711387917
-1.8760262119217828 0.14309835871086385 0.004740611930055927
-1.5659729624252208 -0.5150791686887821 -0.701508625130491
-1.8556020092125323 -0.1482928552273055 -0.013922794442014386
-1.8998143887796033 -0.35656413377333607 -0.02479372797472923
-1.9182917918275848 -0.60093352113865 -0.03901921091540306
-1.3625169783299924 0.7531901273529993 0.23725213231579811
-1.9395127719974852 0.5001161543064807 0.2621058386756614
-2.040241247104788 0.20148681408992886 0.2652691763831809
-2.082396004322149 -0.10293164348420625 0.2657209795905784
-2.026309584708571 -0.41816792966092464 0.26165427388684304
-1.9366255948488913 -0.7378871905735025 0.2560056609107688
-2.0189012755254794 0.6304543322908689 0.11245097341076882
-2.049616990890925 0.32488929877936457 0.11245097341076882
-2.0814023361964757 0.019431788488292412 0.11245097341076882
-2.1142548141919377 -0.2859077019608378 0.11245097341076882
-1.9741970217225315 0.5477677418936242 -0.04395256815417259
-2.0598472241021284 0.24768332647233926 -0.04127512751086204
-2.0869391895002565 -0.05826693112510206 -0.041518314461545636
-1.8390596448909804 0.8269454424686131 -0.20332489786608665
-1.9753606391049914 0.5622462732020228 -0.1977788048790261
-2.0410927233420892 0.26010709985191127 -0.19601450739367454
-2.1028902097191065 -0.0421945740252081 -0.19450197992785423
-1.5583284151352785 0.597236475260571 -0.3732567864464089
-1.9567597310649631 0.32760485463135325 -0.35395680246813743
-0.6615080946884859 -0.448050838323514 0.825400726218386
-0.6215292101509675 -0.7667526907086248 0.8225349348975852
-1.951644063915495 0.7121404318563371 -0.5062523919151589
-1.0041163428496418 0.619528614781359 0.6871465605689719
-1.3579751807961884 0.3431440205254681 0.700132982154055
-1.3996346960424404 0.03632027443255659 0.7005325716926292
-1.4225021956661266 -0.2724899520076871 0.700132982154055
-1.556671828430936 0.33114976731906687 -0.6843219834373757
-1.551452632846221 0.3306178765081622 0.5531660479499534
-1.6974807422935214 0.03544033266343405 0.5579615992500022
-1.7352472917465747 -0.27070697630632523 0.5581702155067161
-1.7145134668856201 -0.5833828966166497 0.555876628775759
-1.5211843254724187 -0.9164256268481452 0.5462850493385032
-1.707974958842314 0.6397317657977322 0.406638519187136
-1.7486050554873742 0.334088271182889 0.40707291783825905
-1.7207478026550262 0.0213091383178039 0.40446652593152077
-1.7535910617687875 -0.2852968899898123 0.40446652593152077
-1.7577161976350055 -0.5951252076041129 0.4031628531409934
