2.0767929146269353 -0.17287735965205897 -0.3148138374292486
2.0776856543787403 0.1109646902120609 -0.2947265953027838
2.104391578719671 0.4113299179861549 -0.2712337821924322
1.882946384543601 0.5391546706108024 -0.28231738509770565
1.690452650365927 0.6876931975904057 -0.2894184440576666
1.547658917802309 0.8705772379437491 -0.2897064537012213
1.0634533399002777 0.8237076507582621 -0.33700583877202206
-0.06754457575432582 0.06922201720262677 0.4803712516820795
0.7765112529598497 0.9122621939349926 -0.3570892662012213
-0.08428782110745203 0.34400084038624 0.4957339912450678
2.0816201565549193 -0.466189291620033 -0.45280478896733456
0.4025784058735127 0.9447056744641955 -0.3890449851953619
2.2435173438987874 -0.06745850210559468 -0.4094011634790533
-0.0008552923613791563 0.9601786355124418 -0.42494319381352597
2.1104051905054746 0.12187551676766972 -0.40803168716069393
-0.4090232029284522 0.975312315311001 -0.46138118209477597
2.0636468901798963 0.37115031097982154 -0.39456389846440487
-0.8219262269279284 0.9901448501882371 -0.4983608573877447
1.9566094281106672 0.5780195216082866 -0.38972304763432675
-1.227090375172935 1.0127719242931406 -0.5341837257349127
1.784765104304526 0.7403156548974863 -0.3940794319116705
0.32135939095509514 -0.26745252612268544 0.3589255958593256
-1.6620852249676545 1.0190815750587596 -0.5739414543115728
1.5764026265128592 0.8782499342009231 -0.4036009162866705
0.33576971659144306 0.02915288559603013 0.37858463821772403
1.0511231683786946 0.803517872971252 -0.45739959182377987
0.30617979868731027 0.29461991162706624 0.3926818519628412
0.7517822487734946 0.8838319825664449 -0.47953723373051815
0.25708540333882013 0.5459977026477496 0.4042575508153803
2.0889752078245465 -0.40177791359168324 -0.5651380866968267
0.348851555509782 0.8971372655647478 -0.5160305351221197
-0.06449063743784222 0.6157143466826014 0.3824689537084467
2.1333986838634047 -0.08617668155648062 -0.5380527824365728
-0.038088783192492315 0.9237161241904097 -0.5501997322046392
-0.4278082531027252 0.6598589866685423 0.3556468635595209
2.1182906449578525 0.18599569271694705 -0.519730791469776
-0.4670825661426363 0.925390236515149 -0.5900919288599127
-0.828981521447389 0.6815989448724729 0.32429768143061466
2.0881039940564676 0.44648660201150037 -0.5037433952295416
0.5768670855262883 -0.6079261623781846 0.2384278923070795
-0.8300830526347909 0.9728437670294028 -0.6207649558984869
-1.159747400212126 0.7517013381878499 0.30156303940180607
1.960871409152162 0.6391693646338759 -0.5017711967432135
0.32308053395288994 -0.4945504329005601 0.22492577133539982
1.7892203132780224 0.8014914318559718 -0.5062124580347174
-0.18931549427263406 -0.556552432020549 0.17901684341791935
1.4289459275056657 0.8364082033511231 -0.5375034660303228
-0.31997417759424707 -0.3559436276385739 0.1809928566015131
1.0023116818620679 0.8290443437747257 -0.5781147331201666
-0.458178573601586 -0.1604522386521623 0.18194939194086857
0.6616977764602439 0.8821063756140468 -0.606440767666065
-0.351655403146097 0.1984736921835939 0.2132642417943842
0.28765753121753335 0.9151547878063511 -0.6394159645044439
-0.30551636234847024 0.5149793487740268 0.23686291275385685
2.075322241145855 -0.23847147923661538 -0.6720516532861822
-0.12418951616064078 0.9257981461717755 -0.6776192039453619
2.144942040773742 0.09385661685963953 -0.6410248130762213
2.15098464913369 0.3798900191533576 -0.6194841712915533
0.6796898117758445 -0.6209809886369868 0.12640167770747013
-1.2642658020798478 0.7433081472765295 0.17147614059809513
2.02351576439915 0.5723672524618486 -0.6175081581079596
1.835288612586254 0.7232075234480568 -0.6244118064844244
-0.172339448540356 -0.6297604167504325 0.05493713913325138
-0.34439238046198284 -0.4571498658056399 0.05168701706293888
-0.3592627440226721 -0.17817676669065818 0.06832768020991153
1.9331766458118835 -0.981486613690862 -0.8590271324121588
0.3503576124397796 0.5843795777634959 0.17651058731440372
1.8049377198827727 -0.7852942336865532 -0.856461748501026
-0.22781822665537277 0.48319531519248926 0.12149693069819278
1.665263182613785 -0.5972828965755355 -0.8556930870020025
-0.8239744178462018 0.3746674661318288 0.06442619858149357
1.5262252486244705 -0.40876046849239245 -0.8549129814111822
-0.9346898869863765 0.5883028798966237 0.06854988632563419
1.3104429595610583 -0.27364964623644994 -0.8655540794336432
1.1865602390915768 -0.35251351222875016 0.06732346115473575
-1.2656854267975177 0.6587585283174846 0.04498364029291935
1.236541717192111 -0.03229209112310372 0.09268070755366153
-1.4338418042195542 0.8360889047313655 0.0418174415624506
1.259375973078079 0.2674031858247723 0.11431385574702091
-1.877988970037265 0.8373851249906323 0.004184499362743566
1.1726717376534026 0.4909469318395523 0.12158562240961857
1.0786171336962553 0.7090512489009342 0.1278007179296381
0.7954714767638649 0.7999742686837124 0.10956265030268497
0.6654182098151438 0.9943395284159706 0.11101414261225528
0.11707396653068258 0.9124062681334166 0.05878998337153263
1.767840600976271 -0.5008006238079261 -0.011537775417529872
-0.19969667161500126 0.9864902675840419 0.036357656101024816
1.7756692203039819 -0.20993242388151856 0.008779302219188878
-0.6416471534875257 0.980989862334674 -0.001993402858936122
1.752235778252043 0.057693265814350525 0.024771466831005284
-1.0007832451895524 1.032069624201302 -0.02969382705327206
1.6686760337907884 0.28264530149332145 0.03265644607905216
-1.4188613925035582 1.0476529255687836 -0.06480716170903378
1.5491077381366125 0.4824034777295978 0.03568054733637638
-1.8878993441528706 1.0336962800431628 -0.10626719894047909
1.3398638923499817 0.6210129267099518 0.02681995926264591
1.0279430804203002 0.6910599707189995 0.004461064914501378
0.6910796147932388 0.7462406048071379 -0.021121248623096278
1.8220673330180546 -0.41747892408326237 -0.11912845077153378
0.3083898605258639 0.7730206340337844 -0.05262683333989315
1.8546426509097529 -0.10978153745815789 -0.09520934524174862
-0.07064700488420783 0.8047558874595566 -0.08356784286137753
1.856051219230693 0.1745153289977459 -0.07568763198491268
-0.4833917970713344 0.8168967068294783 -0.11880706252690487
1.8219786631824348 0.4329363295773554 -0.06110690536137753
-0.8842503596461739 0.8395934626089243 -0.15240119399663143
1.7070425063804322 0.6349636771035136 -0.05750869216557675
-1.3190546779702572 0.8430717410149953 -0.19029067458745175
1.5353020514154707 0.7982253629733407 -0.06159232558842831
-1.7754571011788443 0.8357356072035351 -0.23085139693852597
1.24867896755066 0.8843896188448923 -0.08104155959721737
0.8917933937096905 0.9251024739876392 -0.1098081916772955
0.538654747389856 0.9706018291748961 -0.13800261916752987
2.059914568790063 -0.6183130678670317 -0.23007605971928768
0.16026481036892903 1.001700636331453 -0.16946814956303768
2.107445863742683 -0.299234743364984 -0.20357726516362362
-0.23937630119398534 1.021384233063479 -0.20365546645756893
2.128069782687774 -0.0009501043986013258 -0.18098758163090878
-0.6645675273459659 1.0271700068382792 -0.241110071560108
2.0930448185169723 0.25695386955236543 -0.16621039809819393
-1.0611585723326442 1.0543251973998693 -0.2746975273096197
1.936568745520617 0.42984852989566846 -0.16817592086430722
-1.4540869153462381 1.086472475343875 -0.3077118247949713
1.7642320968360679 0.5921162409858312 -0.17236255111333065
-1.9775682489542277 1.0383482358954836 -0.3577015251123541
1.5472258477033876 0.72437905807136 -0.18267367782231503
1.1822703735480928 0.7574833931168428 -0.21305774154301815
-0.02753050798337142 -0.053336519865599286 0.5839946418798334
0.7838847401166902 0.7705419658674728 -0.24787925185795956
0.422126355201911 0.8107092663568842 -0.2776586860620611
0.022676635247407262 0.828300242574624 -0.31243442000981503
-0.40227891227684154 0.8318631800537801 -0.3505298942529791
-0.8112219327179844 0.8487948479587786 -0.3863708824121588
-1.3459536879331608 0.7872358213285189 -0.43890403213139706
-1.6851996552798454 0.8550101748818584 -0.4652187675439947
0.8727882969243552 -0.8185621887924412 0.1570518165624506
1.6085770070819905 -0.6411123359563575 0.21694971619013614
-1.090937415231096 -0.7967169707025796 -0.19122336806889706
1.0969634963079216 -0.8937175778079762 0.0017440467870599718
1.9105727654057318 -0.7323683735599751 0.07005859909418888
-0.7757245780084787 -0.7902084381455055 -0.32684443893071347
1.387155604903029 -0.8849475812238587 -0.13235686721440487
1.8587663942039114 -0.6567682124344962 -0.09436438979741268
-1.0824521929604174 -0.8292297692335886 -0.5171921104395025
1.06083338193271 -0.9168026669072269 -0.32081340255376034
1.9815951322620435 -0.7763732947994271 -0.23968051375981503
-1.0340868100513063 -0.6059783357373867 -0.6804125160181158
0.9035344677072601 -0.6581819349604174 -0.5000583976709478
1.9808012519256835 -0.5507301781847005 -0.4023659080469244
0.11738130766762822 -0.15907456857930669 0.71150328216914
0.18625742337296458 0.15453643224354963 0.7119038253820307
0.25134720888644324 0.46890430417401063 0.7119038253820307
-0.29474187859744916 -1.0598889599285073 -0.7661459297144049
1.4907651356144669 -1.0789684604328684 -0.5972835868799322
0.27477036102173713 -0.8426774782713657 0.5735361724889643
0.3803660232967587 -0.5373223404512686 0.5772154480016596
0.5016641660498777 -0.23544933469250395 0.5821216255224115
0.44334330126105215 0.10287313769573458 0.5719010978734858
0.7206333292925393 -0.55485102838243 0.4444811492956049
-0.11536905670064357 -0.060712860275234704 0.3676579147374994
0.2972420220312415 0.5106830633976287 0.3918736129796869
0.8432976383961517 -0.9833726395019546 0.30139233169916935
-0.1708006776055413 -0.4588496571613483 0.20762516556147403
-0.8892827881850991 0.013997789147598638 0.13943077621821232
0.2099727175948658 0.12018943271032612 0.22978855667475528
