1.8596110150288645 0.8392680639509624 -0.2987018801905448
1.6472106849321015 0.8489961532480716 -0.29614746353405064
1.4597608555434292 0.7941816859044888 -0.2977763392664725
1.219864544633399 0.8803493007340979 -0.29041492721813267
1.0291712989767383 0.8364364168418259 -0.29143345138805454
0.8007679772265064 0.896364083743352 -0.28584825775402134
0.5950453186914544 0.8962261883675442 -0.28415357849376743
0.3861984031526795 0.9062842269732059 -0.28185045501964634
0.45337227980180117 0.6543192231417176 0.4797238133214181
0.1776475015443033 0.9171608138177483 -0.2795406558253104
0.253931260644201 0.636738016370936 0.47952163436634
1.9486281021309324 0.7993826028709794 -0.3998857714869315
-0.025660934229460253 0.914725914755202 -0.2781244494654471
0.04472788834097585 0.6482008500971173 0.480711819913215
1.7395528505924034 0.7994425723100615 -0.39780342361705845
-0.2287657016906195 0.9130708527384979 -0.2767025210596854
-0.1592832292827886 0.6463133427953487 0.4812153599522775
1.5183631338141375 0.8330010633331231 -0.393558142397576
-0.430049509570928 0.9074739239862932 -0.2755752780176932
-0.3630920081433402 0.6452208732940754 0.48172557571155483
1.2889084221909322 0.8908302364548231 -0.38776123306530064
-0.6327488405012041 0.9073783698675939 -0.2741399981715018
-0.5618954560417002 0.6307042743737608 0.48154676177722866
1.1016867893807074 0.8373032140329535 -0.3893538691736991
-0.8336493482079099 0.9033313543119714 -0.27300035736339634
-0.7526959813859726 0.593249629422429 0.4802125714085763
0.8679812114383587 0.9109851607847794 -0.3826109149195487
-1.0296786726455203 0.8858178418834299 -0.27276003143566196
-0.9560360739240572 0.5944382718817653 0.4807404301427072
0.679227710473441 0.8636548781411051 -0.38388502380626743
-1.2318026738131636 0.8880318737081137 -0.27130615494030064
-1.1498834028878626 0.5679138950898928 0.47987973907215054
0.4752287528553403 0.8592861158150189 -0.38237488052623814
0.510193034434014 0.7269253496064252 0.3859742901585763
-1.4306433786326913 0.8815151721059991 -0.270450232241326
-1.346762881395179 0.5516049963355378 0.47948825576526577
0.26642042524719045 0.8698223579492925 -0.3799296595789725
0.6361299049263636 -0.20893907514958698 0.3391288540623849
1.8923498662807319 0.8108044143601312 -0.49651491424816196
-1.6126777804789896 0.8234293531038244 -0.2729183413721854
-1.5435519382453329 0.5360353953035624 0.47910201766712124
0.057914476627136224 0.8811700465261438 -0.37747680923717564
0.5064217172670098 -0.4345198128067178 0.32842099883777554
1.7029292028502319 0.7597846806864812 -0.49778139374034946
-1.7904304600824972 0.7516991138016476 -0.27629530212657993
-1.740240740579317 0.5212021227736763 0.47872102477771694
-0.14374914812640327 0.8744868498601601 -0.37625515243785923
-0.043116344602726286 0.5483280004932158 0.3791641018651193
1.464078838893112 0.8401888398594739 -0.4901763179041678
-1.9462851561332677 0.609063142429763 -0.28421985885875767
-0.34523627643291377 0.8685657965802438 -0.3750272967554862
-0.276479907306193 0.6318466000400065 0.3841065190098947
1.234386718861618 0.8714872721142513 -0.4858523585535819
-2.0199842024706633 0.16343900685752288 -0.31139147064464634
-0.564745452319837 0.8572774580138418 -0.3740421511866385
-0.21847446194075815 -0.20294793775232733 0.34238326766712124
1.0747610696896572 0.7432449800525216 -0.4924942233301932
-2.0888762488116797 -0.2747571314877568 -0.33817112228649204
-0.76152628023857 0.8702021097662573 -0.3717457034327323
-0.37598599453783166 -0.3190235579859877 0.3370851300023263
0.8220456602268627 0.8686249682946912 -0.48199951431530064
0.8428364421453729 0.77741155278488 0.2899516842625802
-0.9608488126140102 0.8619047800172499 -0.37080919525402134
-0.6844994219643894 -0.010928490775150124 0.3533467076085275
0.6179052936924876 0.8637058262875907 -0.4803801753260428
0.594303515765791 0.8945721624008272 0.2971080563328927
-1.1522662301785687 0.8306493616001482 -0.37142193100231236
-1.0651050246543825 0.526536674813153 0.3812230847142404
0.4089286345929999 0.8736711449395802 -0.4778004863001639
-1.360571275888109 0.8523306521868079 -0.3686076380945975
-1.3251060136695756 0.7047856900430833 0.3908065579198068
0.19859327794689108 0.8891667414081326 -0.4748955943323905
-1.5594108241187143 0.8463041971881431 -0.36765348694103306
-1.5062331547837715 0.6415369668550994 0.38808667876941616
2.1203919953362025 0.24746482991852226 -0.6338859774805838
-0.006473343931311604 0.8913569788697089 -0.47293674728649204
0.031185287484454705 0.748089683747649 0.2920807621739572
-1.7400710370424122 0.7839119469954099 -0.37043249389904087
-1.6080176644684734 0.32646186838421976 0.3725465557835763
1.78849633610902 0.5639743736802476 -0.6094523646570975
1.7627895836353566 0.5706394694432664 0.17662704208118374
-0.20641462991585158 0.8801958087605524 -0.4719268061854178
-0.11057551967741475 0.566858302276982 0.2833579800389474
-1.9076003068826282 0.6792673609188196 -0.3760176875330741
-1.711800209823263 0.011464740943520013 0.3569825909398263
1.4661169467530044 0.8634690382061603 -0.5862828471400077
1.516233370718222 0.6696001787801986 0.18329465606433804
-0.40782314584857815 0.8745142590130257 -0.4705921389796073
-0.2937076165652712 0.5041387976739369 0.2808517239354318
-1.9817084549405344 0.26988586402367787 -0.4015785433985526
1.233368610907558 0.9308475033262411 -0.5793606021143729
1.288064912498772 0.7228586688377572 0.18741929748279507
-0.6122474583473689 0.8790582334705803 -0.4686137416102225
-0.47706219228406255 0.44205846667132853 0.27834689834339077
-2.0526696115199137 -0.1587074886253994 -0.4284206607081229
1.0705057646320206 0.811990951222537 -0.5854612567164237
1.058782907466636 0.7817559947627011 0.19181239822132046
-0.8164200296303221 0.8844015667641667 -0.4666277148463065
-0.477323304139162 -0.16892683496950234 0.24689328887683804
0.8505134221354105 0.8482992340145792 -0.5808035113550956
0.8438500416713666 0.804086769219019 0.19416654327136929
-1.010963219006637 0.8620897814024335 -0.4665518977381522
-0.7412076374505325 0.006788352917814322 0.2568529866002267
0.6394986889538714 0.8620400027038908 -0.5777674891688163
0.6140354733750009 0.8695544774153863 0.1988400242589181
-1.216278909243659 0.8737165091589905 -0.4642335154749686
-1.0021026809919 0.17895105784706544 0.2665861866734689
0.4372106198407195 0.8531271679842813 -0.576356051180535
0.4302729053535721 0.80900845806935 0.19658982970935757
-1.418240678387864 0.8766368697445373 -0.46254694244640415
-1.376368989573546 0.7087990526853307 0.2951096318028634
0.22843436084497526 0.8638002391762942 -0.5736309268214042
0.22302905362413483 0.8150328155012989 0.19794118621570522
-1.6018081856739457 0.8232734167152227 -0.46469557068126743
-1.5665683221735982 0.6742995717008622 0.2938851139805978
0.018312455672425898 0.8800076016820935 -0.5705715396143729
0.02758010456552995 0.7888699846111518 0.19749820449573452
-1.757107930917428 0.6801154247499248 -0.4729300715662772
-1.6954166500975703 0.4451485858269937 0.28238570907337124
-0.18331786514907478 0.8734690006448513 -0.5691395976282889
-0.1776100473105373 0.7917501722068909 0.19860542037708218
1.4923514523226267 0.9600668828388468 -0.6776853778101737
1.5446227129804058 0.7336156805265084 0.08878600814563686
-1.9502114658323642 0.6565357091248583 -0.4731570460535819
-1.8256669494500386 0.2162655597510721 0.2708715222142404
-0.3831566307369805 0.862974473207327 -0.5680290438868338
-0.3696454706126602 0.7576223630051491 0.19765651443225796
1.310562198584961 0.8918013539686793 -0.6802045085169608
1.3113270008732343 0.8007509765033838 0.09393155791980679
-2.0320286059014627 0.2711097458595173 -0.49776184341686314
-0.5860453114920858 0.8627015284415727 -0.5662575938441092
-0.5664933162219583 0.7383906754519263 0.19748580672962124
1.1320061739680902 0.8148083710134983 -0.6833926417567069
1.104731422570925 0.7986412459927799 0.09511745193225796
-0.7934615888641332 0.8773955690268433 -0.5634952761866385
-0.7695760189247309 0.7388474663056872 0.19835269668323452
1.0510729961816168 0.4714399155930771 -0.7056623675562674
0.8949251800876787 0.8067084039886225 0.09684074142200405
-0.9958698264771328 0.8787001804720695 -0.5617095210291678
-0.9536785385082887 0.6831731671643269 0.19612443664295132
0.9220384011724576 0.2546411515484621 -0.7189131953455741
0.6786128878683897 0.834390539855999 0.09963309982044155
-1.1763737394161922 0.8143677206580495 -0.5645147540308768
-1.1364026817288284 0.6234072417216652 0.19363916137439663
0.7613818739479541 0.12262111410108822 -0.7261444308497245
0.4677774875592746 0.848839133049248 0.10163820007068569
-1.3831625646432002 0.8313883512227491 -0.5617324092127616
-1.366804418089803 0.7116115264245231 0.19918143966419155
0.6150577303022438 -0.05122451607491918 -0.7363997676111991
0.2706162115177264 0.8264706708431255 0.10152566650134975
-1.585084588467634 0.8349488028573404 -0.5599290110804374
-1.564574090679237 0.7008614385175367 0.1992963574193185
0.4363553989272262 -0.13525699031017702 -0.7402874209620292
0.05865964015229963 0.8472581878520771 0.10381210067493374
-1.75829254993981 0.7488657575562669 -0.5643712260462577
-1.691804130172919 0.4669773482963375 0.1872257015965646
-0.13330726682416838 0.8122594706716875 0.10291183212024624
1.751384209624554 0.8763542259660984 -0.0024844386317068867
-1.902258775410516 0.5680694757867357 -0.575400469515496
-1.8219461241484787 0.23810379525986924 0.1753987095616525
-0.3479500008051488 0.8441007019409028 0.10574567535144741
1.5197595309737437 0.9378688131192714 0.0026348850987618633
-1.869990272867465 -0.2626042790330523 0.1487454197667306
-0.3327275228213544 0.2966185984060026 -0.7035223223902518
-0.5477391051174401 0.8342423462849649 0.10618913390857632
1.3133536484172055 0.9349255785395165 0.0039404652379220195
-0.6675365935258171 0.6840880039580846 -0.6740609385706717
-0.7442051053304084 0.8156797145950527 0.10610521056873257
1.141917003220179 0.8391639202953467 -0.00021755478160923047
-0.8895237717974176 0.7417585290584547 -0.6681314685084159
-0.943725059056824 0.8073191660525705 0.10655963638050014
0.9235856104299565 0.8705140317915081 0.0030139706395333477
-1.1171078466158377 0.8192882102687662 -0.6608420588709647
-1.1446437673715728 0.8044652880753276 0.10728728988391811
0.715930323698295 0.8745877720146051 0.004611375119513816
-1.3377925947377918 0.8787919920464802 -0.6548877932764823
-1.3392264850106912 0.7833715796758725 0.10695111968738491
0.5119163152199349 0.8700846264210149 0.005667569424933738
-1.515285230573543 0.8061463287271557 -0.6583701350428397
-1.5322330725484612 0.7582456635799222 0.10635173537952358
0.308099859287001 0.8663655695280728 0.006730916287726707
1.8030333373035958 0.6880340014434267 -0.11133062622325962
-1.7066149384786833 0.7769089440855055 -0.6588140704371268
-1.7207054137568498 0.7195433655940064 0.10495221832019741
0.1028319447054713 0.8681428294944844 0.008075120236701316
1.5336650823058022 0.8474240494756398 -0.10005724212902134
-1.8503567198270048 0.5959982694043102 -0.6700679042078788
-1.9018122721109272 0.6576826090341434 0.10221421935779507
-0.10219951251171722 0.8707190687946991 0.009426476743048973
1.3322212344935345 0.8304134118989577 -0.09947931549327915
-2.00986799748274 0.46312108705517474 -0.6779509761072928
-2.019986873811362 0.3912568425837524 0.08793103912097866
-0.30212545461400353 0.8599297217806043 0.009959580685920066
1.122226757443567 0.8375680586330851 -0.09748422882335728
-2.0759221751071024 -0.0851861437306134 0.061805608060187645
-0.5019024045221911 0.8498886246814674 0.010497929837531395
0.9039168859339881 0.869000466996301 -0.0940691210963065
-0.7031230465079759 0.8453426091220528 0.01131808974964077
0.6962856853519988 0.873149069902798 -0.09234010956066196
-0.9293198615338198 0.9173875899307298 0.016557099606818504
0.48891183203907573 0.8781204975520112 -0.09060394546764439
-1.1299075765157838 0.9144707603502518 0.017392995145148582
0.2851454818985957 0.8744852803840732 -0.08942663452404087
-1.321061669005342 0.8838165923776575 0.01657760360462124
0.07662163485996132 0.8857749218540398 -0.08739244720714634
-1.4969960158932487 0.8063138696964707 0.0130013249180978
1.9406825024538925 0.875120645006696 -0.19950020096080845
-0.12505392760571965 0.8790093092422104 -0.08648502609508579
-1.6883292412977582 0.7770072506905059 0.012191178586310691
1.7336250243375702 0.8705427623225948 -0.1979666926600272
-0.3265506060819483 0.8730223232056176 -0.0855714060999686
-1.824538883335567 0.5720834519051206 0.001138093259162254
1.5285412278213926 0.8620938098079431 -0.196717379305535
-0.5278713697890076 0.8678041308852524 -0.08465158722179478
-1.9148439094340297 0.21483366812636007 -0.018796084139519387
1.2991183414866576 0.9198874739481262 -0.1913906314112479
-0.7290092000274342 0.8633620473859711 -0.08372556946056431
1.1224115635743246 0.8382351973025628 -0.19478094360607212
-0.9331066549703486 0.8691599743736713 -0.08222448608654087
0.9075446090701043 0.8602720970631275 -0.19176494858043736
-1.1307327362248998 0.856768204964041 -0.08185493728893345
0.6947713522304255 0.8784886315629574 -0.18903171798961704
-1.3359211046426402 0.8688655804035879 -0.08005535385387486
0.49078737947524687 0.8740579970922955 -0.18774759552257603
-1.5225640346240823 0.8247019381939023 -0.08167040130870884
0.281995853727512 0.8845334833228353 -0.18558180115001743
0.3382741997697245 0.6619595144110217 0.5774959347508615
-1.7078086843669062 0.7764598983793256 -0.08356869003551548
0.07515711967520389 0.8911140543139133 -0.1836997248865897
0.14390475525271285 0.6306565033367839 0.5765422604344552
-1.8976451073168334 0.7431524258165165 -0.08460771820324009
-0.12649828962436516 0.8843588202569972 -0.18268739959972446
-0.06027842805371719 0.6283939955774578 0.576928975369758
-2.0448466142977253 0.5722015629054784 -0.09393465301769321
-0.32959962348321525 0.883102301734791 -0.18137657425182407
-0.26425034267021275 0.626911989638673 0.5773218891881173
-2.1232113026206143 0.17241150120362114 -0.11700498840587681
-0.530880568306145 0.8778885495287572 -0.18035185119884556
-0.46801388585315706 0.6262217198927402 0.5777214787266916
-0.7335739007650766 0.8781841047209049 -0.17902767441051548
-0.6604518548315639 0.5931500410848134 0.5765646717808908
-0.9391922518792626 0.8887399289288354 -0.17711078903453892
-0.8403446982955245 0.5228600462189252 0.5736225865147775
-1.133642808582362 0.8668794827684536 -0.17724001190441196
-0.9816760887993645 0.334486359249329 0.5650867245457833
-1.3603299581800208 0.945471734595074 -0.17119705459850376
-1.1241076184222436 0.14647595884891196 0.5565389416478341
-1.526930078691116 0.8395949808933114 -0.1766034342982108
-1.2767673010247407 -0.012637404708616629 0.5493258259556955
-1.7106152486981685 0.7865917174018353 -0.17877828857677525
-1.83940931162169 0.5579585988799618 -0.19184267303722446
-1.8798471307586695 0.038627830941040386 -0.22289287826793736
-0.4244699099980487 0.5839356054182598 0.6485003254674142
-0.3572479526960848 0.5265702056993433 0.6451724789403146
-0.41079008662683236 0.3907588234841288 0.6611470005772775
-1.7682271391596487 0.29963436165816404 0.5332528374455636
-0.3816641607599678 0.30908079336107974 0.6638094208501046
-1.7553967967301958 0.2110628367512959 0.5390619061253732
-0.34450381629315174 0.23269295678495183 0.6651405117772287
-1.7347722904881095 0.1281204418215136 0.543418528821296
-0.3243816672569366 0.14559973997260123 0.6691342613957589
-1.7226930729641339 0.039665108924081593 0.5492271206639474
-2.0460980276501566 0.6921719959782084 0.16790354469043667
-1.6904462392793498 -0.03496502735313811 0.5514053128026193
-2.1677950639503436 0.5062958596610585 0.20162308433277065
-1.695579947934018 -0.13429515125428892 0.5601187966130441
-1.6681281157726744 -0.21165277441905772 0.5630232117436593
-2.1441630905928726 0.3281367583258685 0.2152718327305978
-1.6244230712639052 -0.2782176342914653 0.5630232117436593
-2.134960268365802 0.23776219532280685 0.22249734618884975
-1.6058489723648215 -0.36109621208562004 0.5673795960210031
-2.1261638838327777 0.14748132040281448 0.2297230980656808
-1.570986523089278 -0.4332335201770743 0.5688318035863107
-2.113705918561532 0.060102588753828456 0.2361458561680978
-1.5238892667205626 -0.4974721683368539 0.5681058190129464
-2.101633063329569 -0.027207394195984946 0.2425688526890939
-1.4561181528292444 -0.5486387846204348 0.5637491963170236
-2.170334047326026 0.5914500366376974 -0.25726854583995884
-2.0940223607256385 -0.11721958032894975 0.24979436614734585
-1.3507911030411996 -0.5764102101242514 0.5528575203679269
-2.1878427131692213 0.4808545615714799 -0.24290954849498814
-2.0663520594821634 -0.19333177395586176 0.2530056259892648
-1.2538187500600024 -0.6100129636414309 0.543418528821296
-2.177818185823675 0.3904762419287273 -0.2348324038721854
-2.030785553910505 -0.26399641827634035 0.2546113751195138
-1.1820728408197567 -0.6597788735788299 0.5383359215520089
-2.1923231035525745 0.2831896700647132 -0.22137081405895298
-1.9708192458285545 -0.31837204491865556 0.25139987685901577
-2.203319949799443 0.17898423500747285 -0.20880663177745884
-1.9110055595695634 -0.37301662397232604 0.24818861701709682
-2.198654049454266 0.08623694672829174 -0.19983207962291782
-2.0124131309233597 -0.533282884983949 0.2762883923314279
-2.2106122671029667 -0.01754998511170669 -0.18726789734142368
-1.9863896246213137 -0.6093926479546621 0.2794998905919259
-0.6502435026116586 -0.7146406165511863 0.4758912346623605
-2.2108903740089225 -0.11276591566585203 -0.1773959376551444
-1.8818382403729466 -0.6347534284800265 0.2674568913243478
-0.5020567150690063 -0.7214497850183506 0.45773875930530483
-2.2156754605031352 -0.21058745213054664 -0.1666265704371268
-1.7772376516639632 -0.6606986542060813 0.2554143688939279
-0.3536755783576844 -0.7291456601959556 0.43958628394824917
-2.2086803180992334 -0.2999756996167342 -0.15854942581432407
-1.6475861459312178 -0.6713634038092557 0.23855436065418179
-0.18376592572533923 -0.7252226251777518 0.417803408887214
-2.181635675504584 -0.3755892888588548 -0.15495979568737095
-1.5762520291822746 -0.7195953344774306 0.23293435790759975
-0.013583775932566766 -0.7223355039730901 0.39602029540759975
-2.163091727659058 -0.4566784095759502 -0.14957487365978306
-1.400376946891381 -0.7028164765968405 0.20724308707935268
0.2511363329160403 -0.6660938023866816 0.3582631371281808
-2.1407807738552833 -0.535041885069516 -0.14508783600109165
-1.2828843999042974 -0.7235166809692295 0.19279182174426968
0.31041084577429245 -0.7295248722974641 0.3553587219975656
-2.1105560659913714 -0.608027117584875 -0.1423956134058768
-1.165300303268566 -0.7448914436784246 0.17834031799060757
-2.06823282068002 -0.6730442373293357 -0.1423956134058768
-1.0518417531080608 -0.7695114425311012 0.16469204642993862
-2.0261378522782714 -0.738209603797026 -0.1423956134058768
-0.9045431899197567 -0.7743304993605964 0.14462077834827358
1.0960734168039714 -0.581237880302055 0.2442654392979806
-1.9469603215591391 -0.7796899524854197 -0.15047275802867954
-0.7739638325387546 -0.7901965593874767 0.1277607701085275
1.181740290288328 -0.6334737575994236 0.23700463989002163
-1.8761550819105146 -0.8268442537449889 -0.1567546107508475
-0.6390139624070201 -0.8043046859838299 0.11009800651294643
-1.7971252857999964 -0.8691091203343166 -0.16483175537365025
-0.49967455631537305 -0.8166972517698898 0.09163248756153042
-1.6221854002073997 -0.8518826650107201 -0.19355022690074986
-0.37294697276395894 -0.8374062942820313 0.07557547309619839
-0.19066452935723888 -0.8265930285754415 0.049081446912116355
-1.1832575859685903 -0.7665848635111985 -0.269832728121453
-0.04225551700530161 -0.8366433758871885 0.029010178830451316
-1.1330959835907848 -0.8297178346440148 -0.27162754318492954
0.12774790029285654 -0.8353246531419032 0.004924180295295066
-1.078925115010378 -0.8905089153939318 -0.2743197657801444
0.29800927877148453 -0.8350507741368816 -0.01916110298412388
-0.9026343942723791 -0.8781318170755767 -0.303038237307244
0.48142550205295365 -0.8285534794578631 -0.04565512916820591
-0.7598242494445095 -0.8869726403203995 -0.32457697174327915
0.6479082346845182 -0.8328203762927622 -0.068937895510369
-0.5956630676058587 -0.8841574243996853 -0.3506032206751639
-1.7829210725014164 -0.8337518458743141 -0.7372256495692069
0.797347918870134 -0.8476714987927974 -0.08900916359203404
-0.43548537325028747 -0.8848325371085686 -0.3757315852381522
-1.7289369841456654 -0.8921228960692904 -0.7402774073817069
1.0118266865199104 -0.8277726909892706 -0.1211234309412772
-0.28782495076767844 -0.8938981856907642 -0.39816772720592564
1.179028377283867 -0.8352028560343552 -0.1444064357020194
-0.11867820169109677 -0.8915630528398992 -0.4250909068323905
1.4072284548397 -0.8108069060221474 -0.17892849228160923
0.05500224202431525 -0.8878252374009872 -0.4529119708277518
0.24179614395145776 -0.8778724127847504 -0.483425257418328
0.4589132372249125 -0.8521942415940256 -0.5202203967310721
0.878332802417571 -0.7152132737382626 -0.5991955973841483
0.8987446583917915 -0.802576004156931 -0.5947080828882987
0.9834891706559254 -0.8544234722080457 -0.6036826350428397
1.3214662125372563 -0.8683097235943702 -0.6566320636011893
1.3671977250732468 -0.9429829004393415 -0.6575294711329276
1.4126745367055946 -1.0178305680918118 -0.6584268786646659
