0.19175085650224588 -0.5175411852058112 0.694782145176112
0.05969122709112895 -0.47400602478622034 0.6883443667032116
-0.05976772169992017 -0.41459358924649337 0.6845558954812878
-0.12221367193009058 -0.28600505121512043 0.692669279728114
-0.24116933748716463 -0.2258258447488224 0.6888927294351452
0.709386075017548 -0.6562413712108999 0.5261272265054577
-0.3345020384096884 -0.1348097836412201 0.6904090715982312
0.605089417688454 -0.5800017312714587 0.5255884005166882
-0.4274889630230021 -0.04349253501885286 0.6919316126443738
0.48248112517770636 -0.5265827716233424 0.5209339930154675
-0.6036765808553 -0.04994072637750335 0.6762803866006726
0.5805475011596357 -0.1989418906033542 0.5650523974038952
-0.7511600348066381 -0.021656951197741137 0.6665829493142956
0.5745372765909096 -0.003050867085036657 0.5858219935037488
-0.8793103260118968 0.02980000686947548 0.6608556582071179
0.5194676158936318 0.1312008232077062 0.5956062151529187
1.2381272646497266 -0.6768297651757997 0.24272907510775266
-1.0073939515270354 0.08181369630303692 0.6551359964944714
0.5091140584454408 0.31899806621370175 0.6150111033059948
1.1368194521470443 -0.598545459514682 0.2428559137918347
0.44606637056597265 0.4417295648610349 0.6227449251748913
1.035787127340619 -0.5199145903306395 0.24298895135897336
0.36137896955678883 0.5379580620336277 0.6256769968606823
0.7638049069377004 -0.6585710169582555 0.2022403551675671
0.23246368422957175 0.5813889321711585 0.6190007998086804
0.47522182294774495 -0.8150544462022857 0.1578491999246472
2.111300027574636 -0.41537599793924684 -0.09741508230191531
0.0875650982682572 0.6064883286436533 0.6088975741006726
0.37960215861291147 -0.7263738500565253 0.15946281686800656
2.108768792774498 -0.20995125086950495 -0.07122623189908328
-0.05744301615345648 0.632262135196811 0.5988010241128796
0.27192635549537414 -0.6528043074024801 0.15816057458895383
2.14018911642372 0.0384120628375797 -0.03633510335904422
-0.23805334630571195 0.6174006157192444 0.5811570955850476
0.1271416311375404 -0.6249543076315547 0.14810407892244992
2.1162038529366143 0.2116503951449893 -0.016460053767979765
-0.3607383312451091 0.6708608042312996 0.5758794619180554
0.9916605455228193 0.6414143450726932 0.3738511873819226
2.0781305179732925 0.36513956141791937 -0.0005327390096789841
-0.5679144190982583 0.6277831995697163 0.5527581049539441
0.8698551779365502 0.6899722826080179 0.3681801630594128
2.0166966371449533 0.4873300472696691 0.009074576053797578
-0.7528208693290139 0.611871045524726 0.5344499422647351
-0.04613987908628303 -0.2211870869492749 0.17856348291414914
1.9164011663618155 0.5589983284385482 0.008409865055262422
2.2981605041620625 -0.796783289454261 -0.7048093007467395
-0.9119113593589816 0.6265889632848598 0.5216411425210827
0.15166358696735216 0.2187140786169337 0.24736536279696164
1.8163465115866657 0.6310316224405206 0.007752306614100313
2.1759663803017517 -0.7499268921779034 -0.710796468105138
-1.1041008775959895 0.6051012963053068 0.5019754244424695
0.2823290731425132 0.5735426615501424 0.3001102282144421
1.7655219142161371 0.7653601165575168 0.019747145328699922
2.062633341936454 -0.6907102890497647 -0.7141758130453235
-1.2769219823610314 0.6067323797796149 0.4864353014566296
0.09283871370312369 0.5456133192469217 0.27913797632235227
1.6600039457180458 0.8302149844189834 0.017518408451258516
1.9435699498003345 -0.638940488621877 -0.7192836926839954
-0.007399666237752456 0.624112994764424 0.2786101175882214
1.529967210716535 0.8646753962335652 0.008971579227625703
1.8275585484643884 -0.5827672992260737 -0.7235189603231555
-0.10093913248189779 0.710486747794782 0.27954662576693234
1.3936999904645972 0.8920331979042295 -0.0011492894552356248
1.7770616343392902 -0.4398006034804034 -0.7086692975423938
-0.7079008972370531 0.20196907314124246 0.16444957986849484
1.226199970893397 0.8817353074489738 -0.01916753515225711
1.79596718424515 -0.20682263382125043 -0.6738716290853626
-0.7834269722360574 0.31316093834265146 0.1697820498086804
1.0646024850452065 0.8798955875739765 -0.0355993436239368
2.1971741087309624 0.5213798705317707 -0.5289407895467884
-0.8421848832375858 0.4431425663850064 0.17876709238070188
0.9184411881764589 0.8978918374562568 -0.04807245000821414
2.1512321514253614 0.6625061987572458 -0.5140787289999134
-0.8480064733593906 0.6325385743164524 0.19943369165438352
-0.2377164238444962 -0.29780571440262094 -0.3134432958028919
2.0394245798895128 0.718202296320051 -0.518289201106847
-0.9611492428621347 0.6996090399313069 0.19602525964754758
-0.20144446920400583 -0.05164964644480463 -0.2792669461629993
1.866944816338055 0.6969124963770028 -0.5398355649374134
-1.163117093201926 0.6675986021305427 0.17292202249544797
0.44087431992917203 0.9107181119132441 -0.09493552907925906
1.7520712428046394 0.7498549700696806 -0.5448995755575305
-1.2828838963157665 0.7285250456050463 0.16806686655062375
0.27480090159185977 0.90902474678823 -0.11212407812100711
1.5790332376009957 0.7301079060138029 -0.5664335416219837
-1.482252522310361 0.7020382044426299 0.14570797220247922
0.09880348154531049 0.8969142440618683 -0.13167583211880984
1.448707909877328 0.7649858772850244 -0.5758210347555286
-0.05500922811705067 0.9118687449938676 -0.14568912252408328
1.22553642233337 0.6855807880489095 -0.6112133191488391
-0.2219458816435136 0.9126522465719198 -0.1628566907308704
0.6876823801098055 0.22180854287358898 -0.7341643498800403
-0.389159231094915 0.9142700407846895 -0.18001710638028445
-0.5631801322832786 0.909311376859641 -0.19875060781461062
-0.7375267329902613 0.9052416211022667 -0.21747647985440555
-0.9056255776258766 0.9094127616079319 -0.23461543783170047
-1.1333830562574008 0.8483527034627123 -0.26596700414639773
-1.4049232933995626 0.7409868867776268 -0.30757962926846805
-1.48466109302246 0.8467379932554451 -0.30336581930142703
-1.6507533199334787 0.8581759047859769 -0.3196850942037708
-1.01096754956221 -0.7142026957354872 0.2606052233316296
-0.7845070967742842 0.10657909487568773 0.23891580835360227
-0.7945583343757505 0.3740282289620964 0.2242873980142468
0.050221711510566536 0.12114282076286997 0.311046965274989
0.3082528854255173 0.21346560014634974 0.3287013842203015
-1.3213157348875981 -0.8203365652855368 0.1302307917215222
0.3662485048706756 0.42539282001836654 0.322648413334071
-0.8827342146167325 -0.8225654001466225 0.1697391344644421
0.36563044947207146 0.6735457015769484 0.30953348413485227
-0.4664135252916708 -0.8151368500588809 0.20668209329622922
0.9679299515723514 0.5522393238744243 0.36804569498079953
-1.0951417798126286 -0.8973311814043186 0.046558745060145235
-0.6743186193629924 -0.8907180588570007 0.08464849725741086
-1.1960534100343736 -0.9374313675338577 -0.06867038473111453
-0.7751764040644176 -0.929992585430945 -0.029947392787755156
-1.2019888556472225 -0.7485999275087387 -0.18739186986905398
0.10202426404152476 0.23098337356745802 0.7376641108133191
-1.1320075435052246 -0.7623388741666801 0.576249487552821
-0.7020701108832768 -0.7611852114979776 0.6121267153360241
-0.2986670127306823 -0.7477788854973895 0.6451338602640027
0.13862868528236305 -0.7567804319228486 0.681967146549403
0.25290370563704556 -0.5801727472336111 0.6829236818887585
0.36778232323803906 -0.4040058616346123 0.6838806940652722
0.41049541687355884 -0.18507370769521714 0.6767052485086316
0.38150417235726053 0.0773677677676119 0.6613978220559948
0.3878090759275352 0.3198237222814839 0.6499170137979382
-1.0138049209282727 -0.5452434201759786 0.46787393823641477
-0.03845355335639766 -0.6163576645287812 0.5540808512307995
0.3855826770782258 -0.6200254990146661 0.5901225878335827
0.5260328190840298 -0.45948437968820954 0.5940188242532605
-0.6463137212026808 0.48092146247425305 0.4483918024637097
0.5266519077975147 0.028542442754130093 0.5696667505838269
0.06850016557906713 0.5508892615089707 0.5048893763162488
-1.3635020966180278 -0.9122423113330846 0.3475664927102917
0.4125531632459314 0.5904685186091285 0.5316771341897839
0.6341453056125133 -0.8366340379454833 0.516610987339198
-0.9287038206001768 0.3244719737160686 0.3237718416787976
0.028140917177708502 0.007426473790758337 0.42192638650911984
0.08525015423143856 0.22005220172638928 0.41597784296053586
0.06221738357158557 0.4814440707093972 0.40060985818880734
0.5805036768501708 0.41544999384799297 0.44820011392611203
