-2.086883206288661 0.6283999307190271 -0.14408094587512288
-2.1483129876346823 0.7358814644526817 -0.3916762560863045
-1.9038138049628799 -0.25987412429180523 0.8459989338856193
-2.073221995618894 0.8921809474638209 0.6119157582264396
-2.0234912170866153 0.3835319061719744 0.6050702839832756
-1.9755716032459532 -0.12558555594794285 0.5982391148548576
-2.0224444499577743 0.8385366718724967 0.3582355290394279
-2.132131603504021 0.3442369976328479 0.35733955201916423
-2.151849621887834 0.8511153802798503 0.11207311448864665
1.0452613143852574 0.9801339893892091 -0.23919613065905843
0.2554008940084884 0.9787943225760358 -0.18659002485461507
-0.45646035767867943 0.9468965220868668 -0.1401947230357674
-2.0961288549230517 0.6448124999743854 -0.040827104474976394
-2.131199267604984 -0.05106947223091396 -0.06055433454699788
-2.11501463915765 -0.4170542437636655 -0.07334072294421468
1.276810638952611 1.0010534828263715 -0.42035371961779866
-2.1361657846722153 -0.7660128534323789 -0.08320409956164632
0.6001199749779857 0.946271548922347 -0.37584478559680257
-0.1800299775751597 0.9437576823335263 -0.3227332324046639
-0.8144926566539255 0.878899470591648 -0.28159029188342366
-2.151980307613414 0.4391764165174692 -0.20491535368151936
-2.169663915334496 0.09133749356880827 -0.21501428785510335
-2.1573995993033606 -0.27212003394767237 -0.2277310580272225
1.3625024930406369 0.8701329399271245 -0.5968793124217537
-2.182457893527328 -0.6185880071950507 -0.23745567503161702
0.8533580576390136 0.7387025030968672 -0.5654962748546151
-0.1127235276124452 0.8215650888201509 -0.49545747938342366
0.2621413572101545 0.630260586030019 0.7914344578724357
-2.247403057518298 0.03847767108405975 -0.3729851931590584
-1.976050895503036 -0.11061353704017307 0.8985087185841056
-2.163715664519657 -0.35980596547224053 -0.39212162199206624
-1.9689151278293764 -0.472797956818205 0.8881770878773185
0.07576859611883435 0.7513275293514141 0.6408626347523185
-1.2456093118088916 -0.428992803983796 -0.6049802989024666
-2.1044663284044276 -0.37196696255254835 -0.5424917429942635
-1.879211666557211 -0.48179520728130143 0.7206665783863517
0.6686593452816112 0.5852342999637727 0.4361779004078361
0.0008912431605949678 0.532099403104894 0.4748460560780021
-2.119817167042669 0.4558253125920899 0.5997750073414299
-1.1160675546916963 -0.7462549904600735 -0.805331537153199
-1.6305409382429872 -0.8570047607958315 -0.772121259595826
-2.055751939248424 -0.6484026738245205 0.5640808850269767
1.3904645837594103 0.7264091618747912 0.2300311833363029
-2.046466382867578 -1.0133177125571535 0.5528437405567619
0.6586714207113147 0.6974781962779275 0.2744671612720939
0.03182416956308032 0.6249173931608851 0.3111011296253654
-0.7616528180587352 0.6344665186437908 0.36028640565685954
-2.021007310556257 0.5142537180290532 0.43423335847668376
-1.287183074615868 -0.30305332627862924 -0.9408801287669686
1.2204556824514867 0.7298291186897785 0.074314287279174
-2.1478926590475282 -0.8562128955989294 0.40133064088635173
0.48440216401674263 0.7039598091084116 0.12023847398571696
-0.23267680959719428 0.6743326035124895 0.16477124986462321
-0.9082620291516292 0.6301952098355486 0.20617263612560954
-1.71839545188665 0.6542632345627979 0.2580119877796623
-2.009642993767258 0.4364442320551163 0.2698408871632072
-2.1755591916189303 0.1595889552787284 0.2719284802418205
-2.158454377890493 -0.20595680434414732 0.2597510128956291
-2.174237627077048 -0.5567480123122053 0.25000970659069743
-2.0796882465603517 -0.9631910407293915 0.2315704136829826
-1.8382022098499107 1.0471432332280557 0.11597554979138103
-2.0291184960044575 0.7822883487304182 0.12025468644909587
-2.0405402401653134 0.07552438156732677 0.09921424684338298
-2.0192779794561204 -0.29269072716346045 0.08637588319592204
