0.20018883869302684 -0.226779490506539 0.23706459374145705
0.10712336851012694 0.039219589656401155 0.23204874367431838
0.014973614513799305 0.30568562734048044 0.22704004616455276
0.7402878600458536 0.5150028024503062 0.13043617577270705
0.556563398674566 0.7619659667280381 0.11983513207153518
-1.005880279939884 0.7564615601970708 0.027009719321291037
0.2630819557073423 0.6925164272469697 -0.03709149985595506
-1.1177646328521433 0.7212062227031026 -0.12145925193115037
2.1275088896055507 0.41963412103954134 -0.06001210837646287
0.3512005233412445 0.9206389647260451 -0.17060208945556443
-1.284678733428013 0.9062077844615661 -0.27348066001220506
-0.21606810048665892 -0.3854478766673015 0.774899238059084
1.820983043804393 0.28978484225672396 -0.21646857886596482
-0.0989961531734771 -0.07663466792860163 0.7808277544470235
-1.060034874479154 0.5874627815359563 -0.4016640248803691
2.2210651018735987 0.3958902147396586 -0.32663846640868943
-0.09731201065185857 -0.0481034928868187 0.6407611307592793
1.6970183013501767 0.8496018233979346 -0.3601076665429668
0.28082029576258094 -0.5283181467970373 0.5207130846472188
2.2288475344653094 0.12018787991767788 -0.4633066716699199
0.34340332159318265 -0.23147469254407405 0.5243313250036641
-0.28852697973449537 -0.49556470040755407 0.3492548403234883
2.2007720704726275 0.25798984510600853 -0.6011240544824199
0.04038320152292485 0.4245185662531945 0.3684523043127461
-1.901938654967271 -0.8725981066545128 -0.3191244664697246
-1.7036866962837074 -0.8900705166468619 -0.2757489743737773
-1.5267091016733865 -0.8963673374607168 -0.23823476462646287
-1.3583738729942745 -0.8987547655122778 -0.20306468634887498
-1.102913986349499 -0.9548998064654715 -0.14327693610473435
-0.9477702454039552 -0.9520599468212296 -0.11162400870605271
-0.7762799507491103 -0.9603126583885384 -0.07528234153075974
-0.6299049464566977 -0.9542866365707727 -0.04597402243896287
-0.4466021416932513 -0.9722496671291836 -0.006115681221921854
-0.3130724925886028 -0.960341968844169 0.01967548699096877
-0.13040093641451023 -0.9803927528753604 0.05953430504516799
-0.013696092906986479 -0.9597720403760963 0.08063577980713088
1.2427246762214885 -0.2912370225542009 0.24124359459594924
1.2762321484986963 -0.21984440108976422 0.237726443717043
1.27860084479099 -0.1256126061985814 0.22483085961059768
1.3009947441363607 -0.045629545125216 0.21779751152710158
1.3276331227617106 0.031466797545087744 0.21193527550415237
1.3429041233950016 0.1172503519256427 0.2025573191137715
1.3585551345402358 0.20308952879755182 0.19317840904907424
1.3707072879544917 0.2919173239278319 0.1826274332495137
1.406463923739814 0.3631438508560514 0.17911075920776565
1.4116484373660434 0.4579638537008144 0.16621517510132033
-0.20248016564060478 -0.31304661189408023 0.7361104425878926
-0.15723150199135105 -0.245159864354207 0.7361104425878926
-0.11174411148353514 -0.1774342462025924 0.7361104425878926
-0.11461902844337146 -0.07686673866434468 0.7239024576635762
-0.10087169268413021 0.012828052550030833 0.715763324210207
-0.09478919961947696 0.1081353354041319 0.7055900034399434
-0.06013486661285228 0.1840217876200292 0.7025377687902852
-0.061285090494450856 0.2850833047689836 0.6903297838659688
