1.889042333248753 0.8763951889826238 -0.4054493025944419
1.6730955498386209 0.7677976096424111 -0.3986782149479575
0.4104320667410519 0.9108904289404478 -0.3309873656437583
0.048424700453651326 0.9203263528673933 -0.31285515586592627
-0.29708478429576246 0.9196977821525287 -0.29596224586226416
0.009999848463905892 0.6729960004145763 0.5252278729274087
-0.6143131225313994 0.8997384179808492 -0.28123274604536963
-0.29636234385782245 0.6429217619747707 0.5358951969935708
-0.8680008809102873 0.8325924122998671 -0.27143994132735205
-0.5431554087018782 0.5686138879124911 0.5429800434901528
2.0525836005333247 0.8489024313751692 -0.5230535582707114
-1.3182516571029481 0.9203965172674256 -0.2462543563053794
-0.6993642927219383 0.4248442087668014 0.5445762558772378
1.6836752508856279 0.8519598015016729 -0.5040535048649497
-1.5790192998955774 0.8627666732259858 -0.23586121360518408
-0.8206641325506894 0.2539177099747807 0.5440185948207192
1.2993628781785418 0.8690266891388188 -0.48379507819868994
-1.8474498797573347 0.8127163310244949 -0.22485962669112158
-0.8995332917600507 0.049266064818885624 0.5408311768367104
0.9077677239121016 0.8943004633571494 -0.4629129485295005
-1.9713175023399714 0.6488831236425199 -0.22526303092696143
-0.8855672035323892 -0.23009313891822458 0.5319159909083657
0.5688229183952842 0.8828840952125283 -0.44615546027876807
-2.0646447758518747 0.4604604605081537 -0.22813835899092627
-0.9041144045367844 -0.4849520175377098 0.5248981400325112
0.15876890629958496 0.9276009632842275 -0.42370596687056494
-2.1936478256110234 0.3004969958316188 -0.2282499388859458
-0.15910583099316966 0.9051329350961979 -0.408548267285604
-2.1839481141698087 0.027449107081217505 -0.23946038047530127
-0.5106087678585709 0.8974442516497252 -0.3911842421696372
-2.1551421659249144 -0.2762854908687675 -0.252842815320272
-0.8733638240167636 0.900997958093054 -0.37287894050337744
-0.6064174715192365 0.682323650837068 0.44395455559037256
-1.163699114491635 0.8770027320185267 -0.35932579795577
-0.9133660757202762 0.6698352399504461 0.4554980679347329
1.6875835289597632 0.7674325912921773 -0.6154822425053306
-1.538561824501457 0.9080516778965428 -0.33944884101607276
-1.041657586386492 0.505838140717783 0.4554203434779458
-1.7873537170815297 0.8422237722320176 -0.32971516410567236
-1.1666071440604924 0.3391856936862805 0.4550872727229409
-1.9906148921191686 0.7546078107478724 -0.32315150062300635
-1.2309630763579378 0.1375487662650201 0.45129188736222314
0.5334254675507566 0.8549830326022931 -0.5517653540775962
-2.1160666827056787 0.6055220998541824 -0.3229297713444419
-1.2065228488951192 -0.13592141508172872 0.4418071194484048
0.15924567863267214 0.8728718310177292 -0.5316270903752036
-2.1435837022903144 0.36423687295219054 -0.3312734679386802
-1.2016343490753911 -0.40871897617155817 0.4330492897822671
-0.19835497977010164 0.8808104711069866 -0.5127996520207114
-0.10310536828926331 0.7961623475104282 0.32241710861466455
-2.1722287810592036 0.12270962277316677 -0.3396262244389243
-0.5276279011031164 0.869501791824387 -0.4962572173283286
-2.144096327407766 -0.1665061425723966 -0.35273972312666846
-0.8943028849112693 0.8762844722236505 -0.4771231726811118
-2.103665260386933 -0.4945951162357396 -0.3680929259464927
-1.2578655857706025 0.896472924871393 -0.4576677397892661
-1.038086067901645 0.7128855562976444 0.3575158997371011
-1.5657981782175625 0.8755725368857821 -0.4427765921757407
-1.1780015473597985 0.5585888312931733 0.35820349891923
1.346375100779099 0.7778657589044933 -0.6940197066471763
1.1658525366480461 0.9132463792926337 0.16722211082718896
-1.8420000522756936 0.8315994943811198 -0.43049612800337744
-1.3184325721324512 0.4048239147436927 0.35888370712540674
0.9104005634970491 0.8376385445812158 0.17566308220170068
-2.032130118950988 0.7206594920734659 -0.42538347999312354
-1.4437472197629404 0.23912276123755305 0.35853180130265283
0.4714741479361493 0.9014939243021534 0.19625910957596826
-2.1407587308125784 0.5449673392021968 -0.42711296836592627
-1.5190337791043191 0.03319392708331392 0.3548470421626382
1.330687327020641 -0.016649244497271454 -0.7250994757816978
0.1529583192553048 0.8774674981026642 0.208913890917521
-2.1453073648965386 0.2848536906991619 -0.43763867179610205
-1.5680212780628295 -0.19465866272029864 0.34936293800614404
1.0294975066361758 -0.058235489838763144 -0.7108167723820396
-0.16510972736547558 0.855220329240554 0.22156104286454248
-2.0621353882647924 -0.04817691421265735 -0.45565930167891455
-1.5444783701104967 -0.48257354486500326 0.339010326464396
-0.5607636321558687 0.8935015950709015 -0.5879019812748618
-1.9961619101550525 -0.36957351842785435 -0.4723872260258384
-0.9052034453345073 0.8963699250314363 -0.5696353034184165
-0.8276042031566249 0.8374371453753184 0.24868210991166162
-1.2357296055497784 0.8777060576650317 -0.5530456618473716
-1.1349176873766567 0.8001439152529262 0.2602439804866128
-1.5491021231575672 0.8740650478225795 -0.5367898062870688
-1.36627976971711 0.7314583027132784 0.26757392128251123
1.6402966300535127 0.6402769114236655 0.03044661720536279
-1.6727354253065414 0.7092161642456585 -0.5372094229862876
-1.5804927603649048 0.637237415377454 0.2733057423426919
1.1676191762848305 0.7240287520015958 0.05391797264359521
-1.793059046457742 0.5416915930100679 -0.5379704550907798
-1.7049900349063023 0.4724572454759759 0.27294692238114404
0.7839742386291704 0.7446727021663122 0.0713721199824624
-0.29936147636063026 -0.9219198396070958 -0.6770562247441001
-1.8417497797716038 0.3174890683054077 0.27337273796341943
0.3891328848437752 0.7765851315976562 0.0896368904902749
-1.3759459677057464 -0.3255897529892646 -0.5961779669926353
-1.9324337973115178 0.12533039534041102 0.2706170960261636
0.01495829313273589 0.7956676203113702 0.1065288468196206
-1.5850698412043016 -0.4249090035314538 -0.5896333769962974
-1.9348470091472194 -0.1391730088926213 0.2617691441371255
-0.3109460335212759 0.7804307685999596 0.12013444145463037
-1.3082152394378426 -0.9219558330808333 -0.6250943259403892
-0.6324196267021449 0.7639733060018425 0.1334591790034585
-1.0482649456412219 0.821985497537181 -0.6798247412846274
-0.9691987454140758 0.7615694037241187 0.14786872108719873
-1.3683643725211425 0.8093431036289758 -0.6631011084721274
-1.2700459932063666 0.7333477407113662 0.1598120613887124
-1.4883080415917647 0.6407864229912885 -0.6638707236454673
-1.5313356865697045 0.6758307636171068 0.16901549537919092
1.1204667265397745 0.8375478336979931 -0.04737368385054541
-1.792446185737333 0.6196892871151416 0.17821177681229639
0.7330471702424717 0.8610614261265876 -0.029077442090291505
-1.9131140642798812 0.45252491377278936 0.17756518562577295
0.4181287193339074 0.8327009052502596 -0.0158623770878501
-2.036968120786028 0.2746046644872724 0.17663153847001123
0.03761686871088443 0.8430366105870402 0.0015688820674233384
-2.1072719476572104 0.05298606870667477 0.17186364372513818
-0.3104574305591683 0.8313674146387875 0.016737072069864745
-2.1241777336688585 -0.17309801641382272 0.1646471901728921
-0.6285464895742052 0.8517364738881028 0.03162726600907373
-1.5393180066162842 -0.9239590788786565 -0.7293576316044517
-2.0589073519372505 -0.4948385553817918 0.1505790634944253
-0.9557853549450925 0.8286152242414282 0.0453706665828042
-2.0875238094508006 -0.7409470961065949 0.1430588646724038
-1.291913131679351 0.8278393085991755 0.06023606498978662
-1.588249152760369 0.798068998338918 0.07227572639725732
1.1134707973177456 0.7879929797039757 -0.15587130347945166
-1.8216656768988884 0.7202516494435951 0.07979783256791162
0.7100775072040051 0.8236870399790774 -0.13584891120650244
-1.9536630591687896 0.5625493811331843 0.07998141487381982
0.3513462085082608 0.8286404689120772 -0.11902991096236182
-2.0823184884465036 0.4021917650239306 0.07987555702469873
0.0289826394049868 0.8084296112281066 -0.10483494559981299
-2.137850360140291 0.18253348438969752 0.07440575798295068
-0.32221573213904264 0.8256700621413131 -0.08803025047041846
-2.173579787166773 -0.027520873863187134 0.06837472160599756
-0.6633224752611966 0.8243804090593105 -0.072397144238729
-2.1026058265831296 -0.36630952821337104 0.053013412554483885
-1.0117494778915699 0.8311567837654152 -0.0561913565800376
-2.0999138528109427 -0.6375966073916501 0.0430060311152749
-1.324178655849721 0.8122110757373271 -0.042608650128621584
-1.637156375732559 0.7695532443544781 -0.029913337628621584
-1.860283763953305 0.6969311462550785 -0.022444637219686037
-1.965085247033585 0.5175276719136459 -0.024287612836141115
-2.082226381443135 0.34781539958861707 -0.025267036359090334
-2.200001354992807 0.17847921480139028 -0.026254566113729005
-2.206335258965055 -0.08216441678707476 -0.03567925254561377
-2.1484254254706485 -0.3971629546874098 -0.05005398551680518
-0.8198337192139036 0.9174569791756522 -0.16621247092940283
-0.1690679196478584 0.41582539791796336 0.6300695820643716
-2.1305858809396057 -0.6811512021238428 -0.061531455914754396
-0.2627890290742272 0.22161728242598677 0.6279350205256753
-0.38086009674916 0.04609731541447992 0.6271692200496011
-1.7953664673922702 0.8929698076338539 -0.12124386588789893
-0.4721354975701928 -0.15071777406072506 0.6247878952815347
-1.8994201572600957 0.7134243961216011 -0.1231311873600669
-1.957407937291478 0.49671837438242683 -0.12861815253951026
-2.1057065549234295 0.3520453019435621 -0.12722960273482276
-2.076241887750271 0.06319121260707128 -0.13961878577925635
-2.063693950655704 -0.21368895839469815 -0.15081969062544776
