0.2248281559268719 -0.6520318037707113 0.5960349173889252
0.3144850154935739 -0.1762755833886196 0.5959271521911713
0.23124656355828677 0.2884042927264687 0.5902804465637299
0.5999928730780226 -0.8803870340497966 0.1894291968689057
1.2906487462360445 -0.7730201299620951 0.23692074731446233
1.5058077366790883 -0.5568417646202661 0.24861136392212835
1.5422727792309132 -0.29850393698133004 0.24678460076905218
1.4007982880033296 -0.8911891235166749 0.116234693084726
1.833869524170595 -0.7270040925336829 0.14503470376587835
2.0102970915519194 -0.5037200445035417 0.15401116326905218
2.2095700873078528 -0.4844735390582393 0.03886547998047796
0.2963711659377424 0.429755964722343 0.6769184203491303
0.32664721856278334 0.6949630844627244 0.6746048064575287
0.3475922220188181 -0.47825640285311977 0.5620011420593354
-0.038269255156535564 0.4317340161178862 0.5219749541626069
0.06459672895023516 0.6798860611500537 0.5246881575927826
0.6049288247614584 -0.7536621559360484 0.4514669509277436
0.664940001391102 -0.49804845529195063 0.4514669509277436
-0.37817812590978406 0.008915724170215356 0.3724903197631928
-0.0921379239541551 0.4872300585898586 0.38397160485840764
-0.3995238507610708 0.028851986729257817 0.2368086905822846
