2.1605168160546384 -0.2889825639402517 -0.3870700768448936
2.1036845064895573 -0.09625391878234524 -0.37556161203166116
2.051462843537493 0.0996924118508602 -0.3634022644974815
1.8623261527831403 0.6551222818440934 -0.3333300522782432
1.6922175812276237 0.7487777257111148 -0.34176005639811624
1.5184667713844533 0.8400289710057045 -0.35082520761271585
2.0968971958572666 -0.5994384410501254 -0.6068195275284873
1.2152138571885587 0.8244258579078156 -0.3817790917374717
2.038734275978129 -0.40627625205926776 -0.5950230530717002
0.9457815095027087 0.838910428854593 -0.4069227150895225
2.10835096060633 -0.10235778228490133 -0.5607179573990928
0.6644583388307836 0.8454535079754315 -0.43398560800334085
1.8988133413171369 -0.042726632244498575 -0.5760411194779502
1.1455764570493443 -0.6857436904212761 0.19745693884114157
0.36729789336696683 0.8410539447598282 -0.4636105469681846
-0.427006755111222 0.20489506611306396 0.22470579824665915
2.049725025958466 0.32821443380108306 -0.5278300217606651
1.1142221847595266 -0.46717569591967134 0.21192274770954977
0.0850362234369868 0.8507795839959513 -0.49064482965251077
-0.5417006133381932 0.35434830267950446 0.22593937597493063
2.00311317969323 0.5270847543847665 -0.5146864823319541
1.07635337162381 -0.2552716734359137 0.22523604116658102
-0.22859728881439878 0.8372752963618915 -0.5228165558793174
-0.6636269314208505 0.497972441000865 0.2260428496382607
1.8931807402140919 0.6713682242013412 -0.5127834252335655
1.0356897166411017 -0.04673647678347237 0.23797760687092673
1.6852591413083076 0.7330094177702868 -0.528071778199874
0.9504181005790144 0.12327977032934356 0.24378452978352438
1.473478736175366 0.7925106460721096 -0.5440110138871299
0.8163218035856801 0.25205991125098137 0.24208079061726462
1.2425874837827422 0.8372676664429228 -0.5632456711747276
0.709376190622308 0.403563253144938 0.24443302831868063
0.9121247717289691 0.8012572627912142 -0.5996641091324912
0.5991573772108438 0.5522469416384617 0.24621639929036032
-1.7075413589982844 0.872401917945318 -0.6673630646683799
1.5763923702240987 -0.5061780105952707 0.15524445257405173
0.6077616169419429 0.7891299732834582 -0.6314381531693565
0.5048477866570806 0.7138604854416215 0.2503195830366982
-2.055840725941053 0.845196358394066 -0.7045930794694053
1.5754615503623484 -0.26289459046165575 0.174604994871415
0.32203392147167165 0.7943476812205148 -0.6598919800736534
0.41117750790810703 0.8757289870150622 0.25443087301472556
1.4740778545181286 -0.10737571959122505 0.17811594686726462
0.012716075996820564 0.782488435680186 -0.6922987870194541
-0.34260606664796 0.5046171417963876 0.15970383367756735
1.441265565526848 0.10642589308752193 0.19220362386921774
-0.31264771399094116 0.7599877094966949 -0.7273348740555869
1.3678006107470253 0.28473815774065514 0.19983921728352438
1.2381064318425814 0.4152193275115472 0.19867573461750876
1.139311300035942 0.5716465120980097 0.20221625051716696
0.9838016025366443 0.6808236101873746 0.19696198187092673
1.8883693605764904 -0.5742026447116331 0.08384190283039938
0.7480826282940001 0.7244174909706231 0.17939196310261618
-0.627862573959348 -0.410872170413473 0.7374492712996377
1.841811640129194 -0.37062978838524785 0.09631643972615134
0.4891133886967509 0.7503955537330604 0.15831289968708884
-0.7331555357624921 -0.25126778870101063 0.7401743956587685
1.8336786930697997 -0.13463287443650884 0.11475668630818259
0.3762975549997094 0.8966611318313902 0.1595440932295693
-0.9111949276959876 -0.15088201940135093 0.7330771513960732
1.7853518313044958 0.06536281354430784 0.12664757452229392
-1.0116192573869824 0.012720666382577406 0.7363363333723916
1.719081795851693 0.24914809628038626 0.13556538305500876
-1.2201270424963013 0.08962535324468845 0.7251211234114541
1.630916493321024 0.41369544584124895 0.14091501913288962
1.5547884277993518 0.5880424789163463 0.14805899343708884
1.3538391544190347 0.6573530953578235 0.13555250845173727
-0.18125437730827798 -0.6058852944462707 0.6631752081892861
1.1681435754430822 0.7403461367364343 0.1254397460005654
-0.20705309146690354 -0.3809971437188935 0.6769639082930459
0.9059983659608264 0.7610315294921222 0.10342655859211813
-0.2777984329926255 -0.19431552768380556 0.6844445296309365
1.9805095319617578 -0.30854437088871123 0.020928961851395478
0.61663552043251 0.761118219852623 0.07725678167561423
-0.2977644187542552 0.033391010309209435 0.6987715788863076
1.9425152207292484 -0.09899400945798575 0.03478871069172751
0.3691298944608974 0.7972834590744142 0.05765066824177634
-0.4400450256949284 0.1604294666187691 0.6962691374800576
1.9055113591055601 0.11040244176625436 0.04865465841511618
0.07504533180224371 0.7973345920249244 0.030912501432694306
-0.5974266622513085 0.2755568422514223 0.6916724272749795
1.8318091817175457 0.2873476238633401 0.056481463529862275
-0.2543733214204451 0.7710807908188322 -0.001169102571211944
-0.72735438246049 0.41313568344837037 0.6907678671858681
1.7701953187106625 0.47403467221612416 0.0661288329146279
1.671497513431575 0.6287115214734129 0.06973801336506735
1.5467934439680988 0.7613472257073184 0.06912527761677634
-0.06913694757199096 -0.5843374387293778 0.5780931540511025
1.3538943363819271 0.8372664577286848 0.05764303884724509
-0.0453092902823613 -0.31839843885094155 0.5990491934798134
1.9683413853498735 -0.7949847868083673 -0.11378468789836038
1.1324608595825794 0.878640762420833 0.04070196829060446
-0.017978683725175415 -0.0634616343876111 0.6194444724104775
2.1909953847300727 -0.36537994350188185 -0.05744733133097757
0.8897005883259226 0.9155840308985255 0.021386725523270478
-0.06833275685335138 0.1382116723016118 0.6297122069380654
2.1712022867953067 -0.13994744814087312 -0.04033793725749124
-2.0069657484967536 0.8243879635966493 -0.1582688263871299
0.5736505780367622 0.8942248266098929 -0.00939454355021585
-0.13319017841755 0.32724749304097145 0.6378480025313271
2.137527612375237 0.07218220517145113 -0.025677578828536163
0.2627026912945638 0.8912266473858566 -0.038316624543868194
-0.23403122399116683 0.49857456751931295 0.6417456694624795
2.0763871584338034 0.2715421692265423 -0.014660733125411163
-0.008189807545477379 0.910801069889299 -0.06182088174601663
-0.44453592627962735 0.5694958231780483 0.6295786925337685
1.9730935818079303 0.4220520189850028 -0.011638539216719757
-0.279439139885298 0.9318668728601622 -0.08531035699626077
-0.6589414856320275 0.6383771347001428 0.616889102079667
1.8817186818287723 0.5825165548468583 -0.006768124482833038
0.22902256508062635 -0.8131649599766462 0.4901553221724404
1.631791147477088 0.608750956494692 -0.027640240571700225
0.2663816003990007 -0.534477133914411 0.5136033125899209
0.3013610297138172 -0.25968001344288894 0.5365110465071572
1.962525437316316 -0.5161571821627042 -0.18390740670939554
1.0814970003962827 0.6239783080834336 -0.07731427469035257
1.867551862061191 -0.35530086541119843 -0.17900027551432718
0.9337855868416796 0.739759967590544 -0.08160008706828226
-2.030197245521066 0.7599276760777194 -0.2623156479813682
1.9867263457243922 -0.008885268679982516 -0.13863410272379983
0.6445181261561288 0.7396993705300119 -0.10855140008708108
0.12671323996121941 0.3242347040743674 0.5644956656477822
-2.0876966791176415 0.9570690143884946 -0.2525209359147178
1.9763401282221054 0.22293462915501294 -0.12003363885661233
0.3470635319811066 0.7349820599123866 -0.13671435632487405
-0.23411210404871952 0.27086080476046703 0.5309053488753213
1.899259144741606 0.39636004291290305 -0.11262025155802835
0.05293167301678636 0.7350571005836173 -0.16425074853678812
-0.4374281048011994 0.3477418874321323 0.5196095534346474
1.7964587537910717 0.5474347025848019 -0.10955275811930765
0.21418609558072887 -0.7869149396050084 0.39548359594563376
-0.23008898851847448 0.7461091188404652 -0.18993510522624124
-0.5399869644820683 0.5065491041529775 0.5224515028975381
1.6411527718164933 0.6540304986183259 -0.11518134393473733
1.3530331163467366 0.6498185099458844 -0.14255942621012796
1.060590415017785 0.6440430511237842 -0.17054547586222757
-0.5400131524630467 -0.6773770418035383 0.3410130568526162
0.8517510256337602 0.7093892307587453 -0.18484343805094827
2.1543208003942453 -0.4065418107602632 -0.25889052667399515
0.7809434322084456 0.8890088553783357 -0.17675675668498148
2.029850721623376 -0.27246385582715504 -0.2589734963395225
-1.8789030135770872 0.6486841363712408 -0.35366286554118265
0.50319874674895 0.8996055020036664 -0.20221986093302835
0.09842532300550033 0.5795287572154102 0.4865208693526162
1.913330637440552 -0.13143312751746805 -0.2577847413041221
-2.03525421481217 0.7698416662660392 -0.35905303277751077
0.19803415932325663 0.889908755094158 -0.23202027597209085
-0.4941112610667062 0.3398971569497853 0.41927252493122946
2.0825641452294548 0.25626351615269627 -0.20859946527262796
-0.09609348356504199 0.8912545181969307 -0.25994147577067483
-0.6896901741646531 0.42427030367229435 0.4089046546004189
1.9227297818933096 0.3583496493082272 -0.21497477807780374
-0.3945986646505446 0.8911560436832815 -0.2884701661088096
1.8159928479491612 0.506134165181912 -0.21250237741252054
1.641638523412695 0.5966400757751735 -0.22138489999552835
1.4636400700553338 0.6847587425648953 -0.23088874139567483
1.175295039095289 0.6816597009247793 -0.2586850098588096
0.8787905934481017 0.6738400907687208 -0.28773106851359476
-1.93779696061533 0.8827167173989778 -0.43772448816081155
0.6660443993451963 0.7369379596567889 -0.30287970819254983
0.3588369815080057 0.48210019784878 0.4074345656416787
-2.2235595273657793 0.9049502015622863 -0.46368016519328226
0.36102803572846653 0.7258965105197497 -0.3331602982499229
-0.3592240460953775 0.1358723781444766 0.32059155187825095
0.07084165328819836 0.7290584208126276 -0.3609041146256553
-0.5166223343098721 0.2507026492055573 0.3156443663618935
-0.21594981463323393 0.7369503518681597 -0.3880013398148643
-0.49178930987231695 0.5125207220288992 0.33705864629963767
-1.3441115387642526 0.8028311543803959 -0.49246920861979593
-1.7231349525005868 0.7487567034402645 -0.5339993409134971
-2.0676985238563503 0.7241477295845549 -0.5698379448868858
-1.4497777768259255 -0.8268611886590485 0.685187441923417
-0.6580583370283364 -0.8208142873079289 0.7502938338301552
-0.2623534813885442 -0.6825159332686681 0.7789403029463662
-0.13438681758250937 -0.45245180233439086 0.7828465529463662
-0.061984675749954476 -0.20294830126301378 0.7815447875044716
0.011297160542653728 0.04634774253047169 0.7802425452254189
-0.10176745191144221 0.36352206213683047 0.7615791388533486
-0.2916615510842746 -0.9731373053247303 0.6411801405928506
-0.061167099984089646 -0.7787689410957341 0.6549316473982705
-0.04160166470269644 -0.5114135521813417 0.6487208434126748
0.05875017776764935 -0.27224619206188905 0.6500516959212197
-0.21503115625468183 0.10123142074109381 0.6158948966048134
-0.10789589362774166 0.3392017207358613 0.6176692076704873
-1.30942808474542 -0.008832654930166939 0.394479376890458
-1.13226422551773 0.2080170112693729 0.4030734129927529
-0.11115878548864089 0.12028926534998519 0.49307928762654196
0.4550897926080353 -0.16464119745311834 0.4203497000716103
0.6268111743960958 0.04722953679248931 0.4286471434615029
1.0359664296435511 -0.4534009340964893 0.35120449743489157
1.0896620024195443 -0.20114604172636774 0.347916705229081
1.1396093947585086 0.05274906368179444 0.3441592284224404
1.2948674999120158 -0.8013749624905238 0.25702057562092673
1.4738439869402242 -0.5954087064401321 0.26658783636311423
1.5457765451672856 -0.3514539821796525 0.2651525565169228
