-2.993414759477041 0.9304071833895051 0.010163420166569459
-3.1175483057837994 0.5813923440749456 0.016554945435124147
-3.1145335479519005 0.2521340370014151 0.01589309545953821
-3.0632417611498752 -0.06992770008507776 0.012522333588200318
-2.973548938277979 -0.38671319743840726 0.006982439484196412
-2.8849182712779537 -0.7039571636033592 0.0014496979375655528
-3.1309280286647905 0.7118453673242087 -0.14602649835149695
-3.127457273849032 0.38256879111117925 -0.1466139617304032
-3.1449159212234647 0.05059587167381707 -0.1460655989984696
-3.138843782938757 -0.27761604286231645 -0.14690721658269812
-2.9954389067981353 -0.5868009405842649 -0.15560997155706335
-3.1379338859167163 0.6288113815389771 -0.3092235389093583
-3.2187029333085633 0.287311386874169 -0.30480850366155554
-3.2463976821928924 -0.04570752637127029 -0.30355966714422156
-3.20335005010422 -0.3519133761551245 -0.30648983148137976
-3.159142431581273 -0.6743913841040694 -0.3095635238031571
-2.7941553968848183 1.028697618067703 -0.49333179620305945
-2.710587154275018 0.7099629514727006 -0.4985545935968583
-2.9261600087004638 -0.3127796680071775 -0.4864085975031083
-2.852147329035965 -0.6321992846833133 -0.49128425744573523
-2.949755261878039 0.7572005861416997 -0.6479958358148759
-2.368314098383543 0.545727570062585 -0.6842535796503251
-2.4793206136067525 0.16430909423877438 -0.6775645079950516
-1.892847456664562 0.20263892630818603 0.6100293335576827
-2.092316402680474 -0.1128472646598162 -0.7018746199945634
-1.891202325177268 -0.13060715873479722 0.6090360817571456
-1.8868288353826657 -0.4339216487451587 -0.7149809661249344
-1.8538674862009543 -0.47533109464677636 0.6062365708013351
-2.372249278265535 -0.831434574014736 -0.6851810279230302
-1.8023365659422268 -0.7848080932521775 0.602809065308171
-1.1221272839830547 -1.0004347515684913 -0.763340837035579
-2.3199273691848035 0.9566067125291262 0.46772634359796594
-3.2793137024813888 -0.49240806097888523 -0.7913707557062333
-2.0722040089440057 -0.338356468276757 0.4522467789312179
-3.174102182669543 -0.8227760382644362 -0.798384553466243
-3.072165074974407 -1.1376073547660575 -0.8052386107782548
-2.6600533593997326 0.5074967170636171 0.3196040329595382
-2.894519266092111 0.14248360976266028 0.3310033020635421
-2.9177927512927084 -0.19079962215082347 0.3314710793157394
-2.7119732748109158 -0.47564251955279957 0.3201209244390304
-2.331620380270273 -0.7547621756345109 0.29968177648981165
-2.9070403080416014 1.1165250986792294 0.16958963247736047
-2.897185495269568 0.7870446399088387 0.16855918737848352
-3.0416235478054574 0.43505599509405357 0.17570268484552454
-2.9995863315924893 0.11132149825375848 0.1728593048711593
-2.9488097247325626 -0.21116049899529443 0.16949855658014368
-0.12068662986030176 0.6338153551066164 0.7385398087163741
-0.37105737327916444 0.5917338060224218 0.7646781143804366
-0.5407247568158695 0.5125883894331018 0.7796140846868331
1.5241812461862807 0.9128005096943106 0.18381225439508508
-0.6032941564103993 0.3825821065459074 0.7796140846868331
1.205219473487773 0.8910735966643735 0.22175180288751672
-0.6529424708368268 0.24627327980370595 0.7777472672124679
0.8504708919956983 0.8876924107453235 0.26501619192560266
-0.6585721579115571 0.08818427249186556 0.7696567711492355
0.48715793694351817 0.890688934451557 0.3096119103093917
-0.669298153701682 -0.06788257521317576 0.7621890244146163
0.19185112139382454 0.8649138651807533 0.34422361227472376
-0.1346154172695151 0.8556029398035108 0.3834944901128585
-0.42479686801291194 0.8315243090155562 0.417440527405339
-0.6878025172217761 0.7965272419965927 0.4473925766607101
-0.9506002913239442 0.7631550546247716 0.4773451027532394
-1.1328221228366004 0.6926738108215105 0.49531661840875696
-1.502256582984053 0.7142695353983761 0.5412436661382491
0.9658154532553169 0.8751029794538603 -0.27941597131292273
-1.5730132063089926 0.5919833695222856 0.5425745186467941
0.6433735583696603 0.8587497191196256 -0.23730219033758093
-1.5908869561086973 0.4436029395036023 0.5359183487554366
0.30331408884257627 0.8526923231091672 -0.1922835173944657
-1.6049205847879122 0.29291221607207873 0.5285969910283859
-0.04080052532572154 0.8508808279280089 -0.1465395751337235
-1.6018642770890068 0.1331873266831849 0.5186124977727706
-0.3710167575407226 0.8449584002276147 -0.1029738250116532
-1.630405453325615 -0.011068776877856124 0.5132876572271163
-0.6829264192721141 0.8326823630975788 -0.062312013183039916
-1.6154188925862911 -0.1779457815731078 0.5013071236272628
-0.9989221030038635 0.824493264097022 -0.02092445519964148
-1.495496733638241 -0.39976048928087593 0.47335111471613
-1.2922274089759327 0.8075724623757559 0.016832464661198365
-1.6447359156340866 -0.4828984703484629 0.4859977898259933
-1.6341585811577275 0.8162401644823838 0.06257688375909876
-1.860060074108297 0.7705307027061643 0.08944236608942102
-2.0769666475458024 0.7218029229244642 0.11485587927301477
-2.200785431095383 0.6280435394100259 0.125021093811589
-2.2585232693537876 0.501612240154035 0.12429534765680383
-2.3167082288511764 0.3753657877102583 0.12356912466486047
-2.335700003473548 0.22903938111561928 0.11630832525690149
-1.049136396293079 1.0044733500711338 -0.6491259398798173
-2.372864536114008 0.09169762610339305 0.11195146414239954
-1.3906557241180622 1.0100102938704936 -0.598545915160579
-2.3008476681490677 -0.10267835471598019 0.08944236608942102
-1.5315363293169924 0.9214712910000742 -0.5840944114069169
-2.273558088323732 -0.2748030117295208 0.0741945442815597
-1.406188791295179 0.7044341660251447 -0.6178144278864091
-2.3388644651487667 -0.3987513456486447 0.0741945442815597
-1.0780199520744702 0.3865036011759102 -0.6884654822687333
-2.2954921967166015 -0.5806915559525798 0.05604183050592493
-1.1144793465432699 0.2452685045512233 -0.6932824912409012
-2.1788992697934617 -0.8030147648715769 0.02554618689020227
-1.1426424036056702 0.09966124327470638 -0.6997054877618973
-1.1625540198857323 -0.05040251522133232 -0.7077335181574052
-1.1830644390307583 -0.20054673215628682 -0.7157625022272294
-1.1909982087210267 -0.3575161711902801 -0.7261995139459794
-1.2609896927196687 -0.48297865155142716 -0.7253965201715653
-1.4627527253966335 -0.5398612347454197 -0.7005084815363114
-1.4940269942411106 -0.6849806539590517 -0.7069314780573075
-1.2685049290379524 -0.9662918653088894 -0.7607220473627274
-1.279631963245322 -1.1239445158494874 -0.7711590590814774
