1.5382582637118603 0.3519759446641917 0.1688340976924101
1.3974459779325556 0.610108159094704 0.16049230844680462
1.0294837301818411 0.8374412692062858 0.13949526102248822
-0.7798781320513868 0.7924401787892634 0.03857696802322064
1.8247661975296339 0.29103149835748354 0.03691280634109173
1.7638346741940083 0.5800058946741729 0.03298366815749798
1.7039008052077094 0.8691869380724793 0.02906358987991009
1.830367584824895 0.6684158737348884 -0.11121808736618366
1.936833370091648 0.3734311381973008 -0.2524176761418184
1.8126665963714075 0.6487329708792267 -0.2601972743779024
1.2934253579060524 0.8433220232946113 -0.2920266315251192
0.23654914933605653 0.48711372301090883 0.547787077733914
-1.3358730066575646 0.4738387294578512 0.46816147119704876
0.4557856079251934 0.8987053301420005 0.407533057042996
-1.0957116630354378 0.8640115916317335 0.32631719858352337
1.2645701224830574 0.13646974349266827 0.30295599252883587
1.085812162202636 0.4027268059432316 0.29271639139358197
0.533258548357324 0.607874460306002 0.262360937902371
-1.2735491445937122 0.5469664220488877 0.1647623851985136
-1.4804274388440746 -0.9256217200947034 0.6373165920466581
-1.335535035552759 -0.87329603017095 0.6557821109980742
-1.0906538413223856 -0.8642314756597091 0.6919106319636503
-0.9277109086300506 -0.8217664644555125 0.7135876491755644
-0.7149719260746998 -0.8018407461756745 0.7440961673945585
-0.5521821725506939 -0.7615442438333151 0.7657731846064726
-1.7145464360016476 -1.0430563207202894 0.01566494257156048
-0.416536087979928 -0.7102965127176439 0.7826331928462187
-1.4018531101566545 -1.0584286912105476 0.06951177866164837
-0.3980944370538637 -0.6077053964670789 0.7786187008113066
-1.1985990625867444 -1.0304794571567513 0.1018194034785429
-0.37925908930451513 -0.5051020750929816 0.7746046856135527
-1.004553916292359 -0.9999945361834204 0.13233269006911907
-0.3330623114969491 -0.41470881859887854 0.7754072025508085
-0.7879933234948702 -0.9803369771569024 0.16733349115554486
-0.2955340913515663 -0.3203870567011613 0.7746046856135527
-0.5716282195469375 -0.9620497131234611 0.20233381540481243
-0.29799432706995077 -0.20756512717733067 0.7665757015437284
-0.37352010877705766 -0.9373192264285333 0.23374403268996868
-0.29551284507714115 -0.09666241502882045 0.7593501880854765
-0.20261407167857826 -0.9020162162725782 0.25977028162185345
-0.2702508848062841 0.0038717073156515625 0.7561386898249784
0.08972859867109406 -0.9213602604007392 0.31002701074783
-0.2758161900846119 0.11918547139013036 0.7473076656550566
0.48945970128996663 -0.9906217917945686 0.38182295114699993
-0.2452917762493101 0.21764632739166778 0.7448986843318144
0.5474043571256182 -0.9092856631563642 0.38541258127395306
0.5473773668561712 -0.8017996498166013 0.3773354366511503
0.5925135981706582 -0.7146509389108164 0.3782333210200468
-0.13042620039813357 0.0626233303011432 0.1987437084407011
-0.0778706867177128 0.14992940876170557 0.20053900034133587
-0.02945443817377935 0.23916401596940062 0.20143593103591595
0.8891801680266695 0.013132434501462953 0.3701561763972441
0.8886272453951847 0.12300185640437 0.36118162424270306
0.7873771135494039 0.2836834920524858 0.33156574518386517
0.7835286784232167 0.3964347609022649 0.32169378549758587
0.6223890150100573 0.5897575860528317 0.27951420099441204
0.6941534770400075 0.6651959539041172 0.28489864618484173
2.0883969276395398 -0.5027499776990982 -0.07137738912399616
2.0994356061702533 -0.4036216119754332 -0.07849847524460163
2.084643221630486 -0.2912081508193971 -0.0917245075016817
2.087800348278762 -0.1874179180450195 -0.10088073461349811
2.091388775786111 -0.08350376494200518 -0.11003696172531452
2.086717236562439 0.02503119893500738 -0.12122737615402546
2.086847150810886 0.13148753585545236 -0.13140117376144733
2.1004271743724097 0.23125550080355595 -0.138522736719211
