-0.6715771651004587 0.672483799874021 -0.8506107487549963
-1.0691142210797722 0.6832985971089389 -0.8307161488404455
-1.4740088364516168 0.7022927260551857 -0.8102398075928869
1.7531419422043513 0.7230398692779794 -0.16092015885021116
1.3678647071497494 0.7082597824074668 -0.14591480873729612
-2.0612997558586414 0.5727636463867238 0.09539292670581911
0.94210446816885 0.7241117457667059 -0.12855507515575315
-2.0995143612243226 0.3275929369247077 0.09034465171192263
0.4966067530307754 0.7567787809967008 -0.11002470635082151
-2.1308170845509835 0.0762694673327271 0.08483050681446169
0.15419584578950207 0.7203260947999066 -0.09742905281688596
-2.119346904579089 -0.20832723345839987 0.07679913855884646
-0.2612198163156165 0.7377398037426754 -0.08058382652904417
-2.1331403666315367 -0.47537064573520915 0.07012580252979372
-0.6555323873411112 0.7431037486148355 -0.06493593834545042
-2.0290448453942815 -0.8336555139543655 0.05660460807178591
-1.1140698905127664 0.7973530296261888 -0.045512930380362526
2.2376814928972806 0.6017938638599158 -0.29965306900646116
-1.4340028538792495 0.7548564214052327 -0.03415323876048948
2.1485144398699134 0.38186756957854584 -0.3017821469178381
1.3096478054607275 0.6772766758858051 -0.2592201390137854
-2.008420281601204 0.6279021517233048 -0.015257374273795143
0.937331736853281 0.656606304904102 -0.24442769669200803
-2.118658883192353 0.4361072431002917 -0.016242043005484597
-2.057359744471853 0.11636074255939022 -0.02741505287792112
-2.1175467700252995 -0.11434900509008372 -0.03149630211498167
-0.27832713728719227 0.6796137519537879 -0.19399525307323362
-2.1030052746120873 -0.40230703791019806 -0.04008437775279905
-0.3363904508305211 0.44640257298974717 0.7030975661406336
-0.6701988255345981 0.40947751598352333 0.7121276698241052
2.28240596942517 0.5980114313953067 -0.417945877539176
-1.5643929333366486 0.7796095307896156 -0.13901783608104612
-0.906516223296606 0.3040656181856516 0.7169282279143152
1.8302525316102418 0.6256238209602518 -0.39777757309581663
1.308996385520075 0.7040356662237155 -0.3733005680909338
-2.009651032539722 0.5591582600357956 -0.12730242394115354
0.8956968510109817 0.7117040797785421 -0.35545016907359983
-2.1402014321483733 0.3822246681293535 -0.12710644386913206
-1.4473685418059148 -0.12994264082145612 0.7238824210295496
0.4134863966660731 0.7703700308323231 -0.3332910694947424
0.6877931704070193 0.5526032831875689 0.5610787711272058
-2.0618219780731124 0.03563202746032346 -0.14016319893505003
-1.5509790265167283 -0.34469921221273836 0.7224993548521814
0.015742354299646877 0.7595640285866203 -0.31672670029308225
0.25234702095988837 0.5668408300471217 0.574840291512948
-2.118343858769336 -0.19813773413759428 -0.14465023659374143
-1.6727263356765292 -0.5322728566432922 0.7221495947966394
-0.4360085543370502 0.8036017450758415 -0.2963762440552893
-0.12441027713617814 0.570338234280138 0.5865313849577722
-0.8005590513555774 0.7477185911513793 -0.2826123394837561
-0.5347590639386652 0.5452476753545348 0.5986292204985437
-0.8176687351365359 0.5266595241549901 -0.28825427673961546
-0.8891327475238171 0.5654705856225757 0.6099021277556238
-1.5428344679485662 0.7761608304946801 -0.25065709732677366
2.1088352724717936 0.5041759814013531 -0.5292635121216955
1.6675875331758618 0.5398952335138727 -0.5087046780457678
-2.0168973792101497 0.617570206995957 -0.23552037857677366
1.2641510227698234 0.5525975057729315 -0.49052621506359007
-2.093549180256076 0.38728355235070033 -0.23912526749278928
-1.882366821466249 0.20451767866148707 0.6325101695189295
0.8033012550143468 0.5802221021826828 -0.46943761490489866
-2.0951549800542324 0.10035481951525682 -0.24756909989025022
-1.8445675315473267 -0.11321159599246755 0.6245939574370203
0.3719997162814366 0.590646541478856 -0.45020677231456663
-2.119491055356505 -0.15723996623351333 -0.2542524494996252
-1.8549677321890528 -0.3689137441724135 0.6194159827360926
-0.008804417638955897 0.59619151574109 -0.43338300369884397
-2.12907275615612 -0.4271694429741473 -0.26196242951061155
-1.785563831814045 -0.7001757187026012 0.6101815543303308
-0.4076970117084926 0.6033925701126872 -0.41576959274913694
-0.6922769699206128 0.5314507501707286 -0.40553094528819944
-0.9686237183163087 0.45518612048778095 -0.3958316006531897
-1.5920726551203188 0.633072583754057 -0.3635349430909338
1.8203175220451726 0.5176308627270618 -0.6318893589844885
1.3484635409275683 0.5625820678465896 -0.6090221562256994
-2.066140772526282 0.43396063807431773 -0.3491902508607092
0.8980901435648292 0.5961086006181695 -0.5875282444825354
-2.13702317068055 0.21252535598121192 -0.352943436132926
-1.9411160007076234 0.040155316067082225 0.5200230918059168
0.4731673625493187 0.6151493966468156 -0.5676794209351721
-2.152893127063706 -0.05077965805977591 -0.36038495682384397
-1.8576417631933566 -0.2988942596480353 0.5097758612761316
0.032707536017127836 0.6482106874351601 -0.5467577137818518
-2.338713555137886 -0.21472559755302356 -0.35757066391612913
-1.9939160468992867 -0.48825751103045967 0.5097608409056482
-0.33847866346060584 0.6077679326242666 -0.5312566914429846
-1.9623619046530933 -0.7774303400784088 0.5021893820891199
-0.6831646473445119 0.6059648138226219 -0.5158195652833166
-1.1213441852658121 0.6462848573035256 -0.4949379124512854
-1.5060902501296454 0.6510782253488134 -0.47759915970470335
1.3616309295073137 0.496246791794853 -0.7267742314210119
1.0013728945931888 0.4672176619200812 -0.7107734837403479
-2.08303059134127 0.25327705823579727 -0.46449376724864866
-1.7968334456698898 0.27583083457837 0.4099979243407068
0.5720765700825439 0.4889558829832126 -0.6900177159180823
-2.2146381298461506 0.07660828035341893 -0.46431161545421507
-1.703818112550266 -0.06872648483831156 0.3988883338103113
0.1558245051176783 0.5045952453170752 -0.6701178707947912
-2.3468546025322468 -0.09959256678269135 -0.46413900040294553
-1.792589592176256 -0.279676743041561 0.39685128547046755
-0.2677960303723097 0.5284609420602813 -0.6496696629395666
-1.8103912804443354 -0.5446041798056456 0.39117167807911013
-0.702784655697144 0.5635601105819816 -0.628395096289176
-1.0761691344094544 0.5573934196253276 -0.6113395848145666
-1.5256573784086527 0.6091712463997077 -0.5889692463746252
1.3514572476377964 0.7661574664926292 -0.8329143681397619
0.9358729949376681 0.7610701252309742 -0.8129291691651526
0.9295687886406228 0.7668884085789056 0.10138152457569216
-2.201623452676813 0.27138176079617615 -0.5690140881409826
-1.980647522219627 0.09421566642874346 0.3011414847502527
0.5192728032096028 0.7735252691726817 -0.7923956074586096
-2.2412703795634172 0.026299606987794988 -0.5752802052369299
-1.9129354888499819 -0.23260685852960172 0.2907955489287195
0.1442836976321331 0.7597712237874976 -0.7747669377198401
0.13348172825409677 0.7686940092329575 0.1306993804106531
-2.255418604344399 -0.2251852964183083 -0.5829653897156897
-2.1193388579320924 -0.3408652702253434 0.29516766883228396
-0.20328587809872545 0.7429482517137345 -0.7586107411256018
-0.2917655849932572 0.8067480089427619 0.14718983985279177
-2.0223551887755775 -0.6927441087194399 0.2831191859373865
-0.6951464986078832 0.8173009587961406 -0.7326240696778479
-0.6656633285490869 0.79756433740258 0.16060899115894411
-1.0235600686693829 0.7783044051080434 -0.718213097082633
-0.9821445567589535 0.7498008996413805 0.17094491340015505
-1.4730246068211983 0.8288171470053403 -0.695144192205924
-1.3833754983646571 0.7651972119774371 0.1858746848234949
-2.0002117443991665 0.3946027743492362 -0.6846828617921057
-1.9475752279628438 0.35672638931605505 0.19594071723316286
-2.0005601119535044 0.13418017474768362 -0.6934595265259924
-1.9840735596222032 0.12284449267526121 0.19129823066089724
-2.012189350168512 -0.13202894953982458 0.18577907897327517
-2.0215305830764976 -0.40220477154772816 0.17915414191578005
-1.9469174096718689 0.25463515712242923 0.3183214507231531
-1.8700084735732077 -0.14346168269670478 0.31472919799182986
-1.777041678547377 0.7454455806939855 0.11979173041675661
-2.0665476479233575 0.38191821212360644 0.12820170737598513
1.2954379381480265 0.787142077758908 -0.1810987152924719
-2.004651847545972 0.6870159447173627 -0.06719996117259885
-2.0571387326753836 0.72969981914353 -0.24004985474254514
-2.0489299034573776 0.41602653599012385 -0.45513822220470335
-1.5298753516979815 0.03213774859808183 0.6950445017943201
-1.58305334231477 -0.3546216731497669 0.6954607806334314
-1.6375784616255373 -0.7411687379731102 0.6958768210539636
-1.6075397235476743 0.8214498362568996 0.5043163142332849
-1.9266779192320058 0.4598857921727788 0.5127215228209314
-1.9485185767154292 0.07156382032245645 0.5122790179381189
-1.936909097858404 -0.3202203310842151 0.5108046374449549
