-1.81978112734366 0.887774122646114 0.6164573461373557
-1.9804476875414565 0.7375855027515428 0.33340061014492406
-1.8481904467147245 0.6355883593963085 0.04103792017300023
-2.027940939532286 0.08245429267401505 0.039097669776271715
-1.9937578045076094 0.800774018218533 -0.23735344106357203
-2.167000205470501 0.19145288287566586 -0.5261794298331033
-2.045110536343543 0.7824258790822682 -0.8078447549978982
1.8843428675647829 0.7050071255357651 0.10632980173427953
0.8983867186002072 0.6957060614808626 0.15984523599941625
-0.13216312886498827 0.7125693710280103 0.21631610697109593
-1.26197102870168 0.780001445085766 0.27929199045498265
-1.8373739635585196 0.6112420962687892 0.3064926893075217
-2.011401799421847 0.2674627238691798 0.30767572229702367
-2.1046254772669357 -0.1124438124731526 0.30353629892666234
-2.0492594887439566 -0.5602353659347585 0.28964031046230687
1.111146885658826 0.7534934985545263 -0.048083421532322035
0.06666904397489759 0.774423833328278 0.010964754279445543
-0.9626501088414727 0.7961198943610199 0.06910026377041234
-1.9265860211667558 0.7963702354035291 0.12297427957851781
-2.0908337167312823 0.4488210552985592 0.123582723792385
-2.11053035919079 0.03665821853764584 0.11445176904995336
-2.1045642600331576 -0.38825933721184214 0.10349405115444554
-2.10036273587194 -0.8137532336662403 0.09253681009609593
-0.08568305607218463 0.7539156865445875 -0.17679893666904078
-0.9134360208642249 0.6889989698953372 -0.13077604467074977
-2.0281382255982265 0.7559127688817284 -0.06502878362338649
-2.1104495089059156 0.37227637076833275 -0.07003795797031032
-2.116792905647273 -0.04605180876512094 -0.08036958867709743
-2.165750833499658 -0.4463476283672776 -0.08788358861606227
-2.0015280380141434 0.36480952635543673 -0.2695175378958474
-1.9532517995815084 -0.0782991851801853 -0.2839981287161599
-2.02274570793611 0.07820296757256529 -0.46904480153720485
-2.034830000899859 -0.338671261310445 -0.47962057286899196
0.7200261497278007 0.6380085521224004 0.7593969137032737
-0.19606276264923395 0.6068645444328595 0.8041380674203147
-1.3718256299464855 0.6956805947280884 0.8642414838631858
-1.7693460588973267 0.4491046266968155 0.8785260946114768
-1.8071393053191258 0.0441004914904326 0.8715184957345237
-1.8192109850702707 -0.37350720227382084 0.8628939420541037
0.35055972079565834 0.32594508537745526 0.5743845731576194
-0.5744195080181385 0.30298486572392136 0.6211279661019553
-1.8726900148191845 0.4515213763105308 0.6906870633919944
-2.038136140599889 0.10381167568942118 0.6912440091927756
-2.004533636996996 -0.33353659821972315 0.6795576841195334
-1.9682138539123741 -0.7737182713265724 0.667593839820217
0.28441615113075613 0.7801441981318149 0.3915394574959983
-0.7682846651035078 0.8103379012372116 0.44778144663174047
-1.837811268107643 0.8553492753603891 0.5051711828072776
-1.901440771510508 0.4630695754547105 0.49943244760830297
-1.993909233863107 0.08290302849039932 0.49541509455044164
-1.8329697179496947 -0.41202493471213586 0.4753288060982932
