-0.15713685971273605 0.3272285771070784 0.6684860606518015
-1.7092588046511281 0.02155783091628649 0.7251867671337351
-1.816013532269281 -0.42582170761878047 0.7244190593090281
2.076374160404413 0.5946417817487273 -0.5298543553027883
1.4479183101971103 0.6023208826666107 -0.48124223753545436
0.7546950891334063 0.6494843779494559 -0.4261189083728567
-0.8340589553514803 0.5488186511801274 -0.3089280705127493
-1.714460491261221 0.718696136448564 -0.23470693632695827
-2.0851919552084297 0.6079044468001911 -0.21126895948980007
-2.1744117051702716 0.3391832004959596 -0.21604352995488796
2.0420070876871677 0.6446102014775335 -0.6859760861072317
-2.264651187152893 0.0705987959948331 -0.22081762358281765
1.5585474139355426 0.5745138752467724 -0.6509318928394094
-2.183433614380064 -0.29752109663964177 -0.24295383497808132
1.0141565331656466 0.540497953541653 -0.6096764187488333
-1.0287650021082726 0.6877526225788273 -0.4437695126209036
-1.7348219726808338 0.7607728861074676 -0.38565689131353054
-1.7181857152342985 0.5117689324108525 0.7251424212780222
-2.131442621154804 0.6646245563905495 -0.3590412716541067
2.297273096117749 0.7711774038895243 -0.8473206143054739
-2.1598333255850406 0.36162868339141596 -0.3701310734424368
-2.189500774976821 0.05836701292871993 -0.38122135206792507
-2.160066215002445 -0.2800422215306497 -0.39852195784185085
-1.18069601008456 0.7066628566655098 -0.5723257641467825
-1.7820825919606165 0.7221758108497482 -0.5239306072864309
-1.9488382620830862 0.5604750719251044 0.6021823306408152
-2.295782826874401 0.6924435071399273 -0.48458057448003444
-2.263559937737824 0.35548863930754493 -0.5022197346362844
-2.232840119419862 0.017821459578932775 -0.5198593716296926
1.493259390960631 0.6234746560850084 0.24233478501703587
0.5922130430396066 0.7987218900203601 -0.8534551243457571
-1.025345389107656 0.7155075491718748 -0.7257629017505423
-1.218319280175919 0.501721268937068 -0.7197700123462454
-2.0117622037609095 0.6106631426982858 0.482527198347114
1.5176009371405854 0.37959491913105836 0.07167333558466282
-0.8484303104529971 0.7127406484879799 -0.8820295910510794
-1.2284254101526386 0.6024623258497996 -0.8557277302417532
-1.3175449411287872 0.3310095890366398 -0.860894260850884
-1.66045038745699 0.5076298290439425 0.30014461472894993
-2.0751745869384592 0.42175825532592626 0.32575267747309056
2.1491894848890496 0.6979157051149585 -0.10714298292730007
1.4765237215942904 0.7281803279503336 -0.057266293016411396
-1.1025100552710683 0.8359160665905137 0.13283723786737767
-1.7130136331825696 0.8553015819330341 0.1773986239757761
-1.9880018624686073 0.6904908552166518 0.19048065141107884
-2.085536797376392 0.42639732770030747 0.18680137589838353
2.2005256571275424 0.2902409851404002 -0.27320295378301296
1.2777585239330733 0.4573773855773453 -0.19846683546636257
-2.1022326593025014 -0.20560687085855278 0.16227239564325657
-1.9408818095921987 0.6149196153833358 0.0441126246776804
-2.1297096481823985 0.4022796392722512 0.049122752698920635
-2.2153673284646658 0.13111059388601376 0.0441126246776804
2.272214845705278 0.6631835813996716 -0.4102764706287161
1.463263068168743 0.7655342248626837 -0.3450656513843313
-2.256292455239034 -0.4884755801465559 0.021148623975776104
0.8357547014714157 0.7761625205337523 -0.2973294834766165
-0.9842102335315843 0.8001444281671368 -0.15966182753179226
-1.6774815421621412 0.8649345271380966 -0.10510641142461452
-1.9046462666557318 0.6730943952619839 -0.09615570112798366
-2.0976291282041046 0.4627342557464331 -0.09061437651250515
-2.1138314581629345 0.15198662696241882 -0.10254865690801296
-2.1011355978038466 -0.17650299010752946 -0.11746650740239772
