2.1532523366316525 0.6323287042757162 -0.1578384824514516
2.0439041574974226 0.5918386425767945 -0.7119790502309926
2.006695578140665 0.6754751585339287 -0.15123428781033832
1.8931580192471813 0.6495958958863026 -0.7025367208242543
1.8765826898387132 0.6668098447522421 -0.1495701261282094
1.7731395910856378 0.6080202597549622 -0.7040950246572621
1.750850447057502 0.6443349188238061 -0.14925636727811176
1.6373228740972365 0.6192853168530057 -0.6998931356191762
1.6236672310158724 0.6270935758106742 -0.14849676568509418
1.5031208642261191 0.6262932843542748 -0.6962186284780629
1.475422588880889 0.6819726582212793 -0.14099993188382465
1.8328202407159466 -0.5720910359184517 0.27536545317171734
1.3621512410361873 0.6576901185165909 -0.6899248548269399
1.3387904167310865 0.6991974882985597 -0.13709892709256488
1.6737410260642633 -0.49380379838738886 0.2833822778940074
1.2352387386586088 0.6418498075696242 -0.6888762899160512
1.2120059881613088 0.6834402117783958 -0.13634790856839496
1.53728917677644 -0.4915391539284686 0.28533278028963727
2.281485678030336 0.6681829355520765 -0.22131933648587543
1.1300117747844212 0.5499108747939561 -0.6962238736868032
1.082524644614466 0.6777357158226254 -0.13470043618680316
1.1367264798412293 0.4468273245903296 0.36127315084932965
2.1511396325671086 0.6585074811914389 -0.21959700067044574
0.9667380487806838 0.6642266120450344 -0.6810175367117055
0.9517812195669251 0.6773062554689409 -0.13260664422513324
0.8994286171280947 0.8256398829318696 0.3928547910928599
2.0326366983070443 0.6112662920722123 -0.22153820474149066
2.3140260407280095 -0.3122515813935287 0.21586237471102399
0.8268385329822507 0.6977611314786545 -0.6747294851064809
0.8198337055375617 0.6821684092143805 -0.13006510217191058
1.9083478613003706 0.6215736387620696 -0.8342853971243032
1.9925420071484439 0.3072994203101471 -0.2482010312795766
2.1600488612541398 -0.25521725366179204 0.22256622831820172
0.6977263291074394 0.6934556936353893 -0.6726418920278676
0.6880432035779904 0.6875170807985951 -0.12752642114163715
1.7738528826253628 0.6275305290405875 -0.830449242186559
1.8497315631650508 0.3368538989484442 -0.24283518273831683
1.9720336141688932 -0.08300431306034017 0.23858986418245953
0.5587803768743953 0.7024172291084065 -0.6690350957632192
0.5490506767233256 0.6965669274631594 -0.12459244210721332
1.646239602792832 0.5893317357087415 -0.8315392919302114
1.7276895962970826 0.2535840693577649 -0.2481094785452016
1.7587995379068673 0.13418713676661564 0.25840006392000836
0.43341103377663615 0.7103116615293423 -0.6658503003835805
0.4261881183737728 0.6949025027067721 -0.12290586907864887
1.5142560347870244 0.6332442050485225 -0.8238145299673207
1.541692654749042 0.49976274216292804 -0.22243322808743793
1.5963019516622836 0.2993004348561028 0.2734323553323619
0.30715901441612914 0.6978356518202657 -0.6648217626333364
0.2973517500978602 0.6920986774978664 -0.12127556283475238
1.5726861861807322 -0.04356172982279638 -0.8974896856069692
1.3330335270261031 0.7397037975117504 -0.19695581872464496
1.4132431969655528 0.4483996348434287 0.28748379271029156
0.17844967497374853 0.6954608421976154 -0.66274561364652
0.16860893111326902 0.689779538115646 -0.11964811761380512
0.4071791694978657 -0.3018933273790747 0.8239737562417857
1.2228565079872595 0.666533127401971 -0.20166983087064105
1.2704502614787003 0.4851080419129632 0.2922612241983287
0.05227954195915174 0.6839053072418722 -0.6617247052908071
0.0423990225941111 0.6782753642799371 -0.11892570931912738
0.06316410463995226 0.5524545525407119 0.3815589956521861
0.2689251556773087 -0.2803469515055621 0.8262907079934947
2.257920575281716 0.656422740570556 -0.286102432799352
2.377031700593463 0.26621654775791104 0.19448147337435406
1.0946646876274002 0.6559930359066115 -0.20042957742215473
1.0493548790120713 0.8005812230576703 0.31960092108248395
-0.07747554553783687 0.687286425970572 -0.6591288038015493
-0.08498630763972415 0.6720546894572159 -0.11775602777005512
0.17670944414543044 -0.4423026057703705 0.8167499117135875
2.1349862794771184 0.6230720176880364 -0.28665937860013324
2.2408272777438896 0.2704903393606557 0.19701610128878277
0.9651854341991424 0.6507244965957071 -0.1987334676504262
0.9029395366667359 0.8579003387053872 0.3259423784494273
2.0868607450781127 0.3475617588226996 -0.31100143868924457
2.0533370724745055 0.44199018480757957 0.21343408148287457
0.8357882992766292 0.6459235743481102 -0.19704069573880512
-0.34892042472152696 0.6997342283074177 -0.11181320626736957
1.9265770419065973 0.4338630591344357 -0.2999140210867055
1.8977004965272926 0.5142343564860674 0.2215250543832652
0.7038629243922117 0.6512261615770383 -0.19443335015775043
-0.4717169359972502 0.7244962901080756 -0.6487251706838735
-0.4828971320307147 0.7240139540366455 -0.1079412885427602
-0.3229702939792247 -0.01412199147931048 0.8467937521219127
1.736885213419697 0.6209597438313201 -0.2790266462087758
1.7527573615143552 0.5537331650825852 0.22683821241854352
0.5720924070173652 0.6570184146259272 -0.19182838876248676
-0.592904630662531 0.6959420060700845 -0.6498242803335317
-0.6109194113074778 0.7245593739208749 -0.10632957894803363
-0.5924237267582839 0.5985489998890774 0.39131699125765484
-0.4763348109745067 0.08308155252166749 0.8537989668130748
1.6138946412834514 0.589447286963968 -0.2795993276357778
1.6181502683790256 0.5603806759342609 0.22937117140291852
0.43920545386770016 0.6681160477262384 -0.1887661405325063
0.4497728687073561 0.6111728524349473 0.312342505860316
-0.7130679807635971 0.6629530812428666 -0.6514545865774282
-0.73771586233552 0.7207202239434531 -0.10517277200223285
-0.7219112355140851 0.6043690941623039 0.3928805402994029
-0.599801037420221 0.05447937823298599 0.85267506163119
1.5426909339240353 0.3816354567212521 -0.29744972665311176
1.4823255009161187 0.572305880102876 0.2322989515542857
0.4693479886341123 0.14598628595772567 0.7876714281320445
0.30902008619861476 0.6700793752851855 -0.18662466485501605
0.3256483668882595 0.5890032159003065 0.31204519789217633
-0.8344668996583948 0.6352342249127805 -0.6525627561330922
-0.8600329845784387 0.697929312470082 -0.10582746942044574
-0.8479574098363258 0.5960972515726715 0.3932961038827769
-0.7222641294672769 0.021446536839043517 0.851233582901942
1.316370923579484 0.7046409182630331 -0.26347984750272113
1.3439279185999595 0.5943456890971248 0.23601923506258649
0.2938405982667689 0.3170524307263749 0.8000327162027232
0.18143489773915178 0.6628944636322593 -0.18540539224149066
0.20271572350931422 0.5624581180111452 0.3113540224313609
-0.9700726337250103 0.6710187501211742 -0.646824974608434
-0.9813236076969503 0.6707006122262937 -0.10693849999905902
-0.9696186948091565 0.5688090106810941 0.392181258606898
-0.8926403610277589 0.20314341221681254 0.8635629228830211
1.1923590519236456 0.6793957431105637 -0.2635938115835317
1.2154027734470247 0.5833740662422278 0.23695574324129742
0.14664593835713902 0.38248707986734587 0.8053504041910045
2.3740675486354945 0.4013455104814554 0.14055166761873883
0.05268588606878666 0.6609963666917267 -0.18372978646756488
0.06993394410139331 0.5749960297509062 0.3137801698922984
-1.0978540792973632 0.6733330513811362 -0.644777912688268
-1.096295850507559 0.6147076745252402 -0.11076940972806293
-1.1031255011015588 0.5955090175625717 0.3952642492532603
-1.0263737582043149 0.22473751028275757 0.8655642084359996
1.064234655137895 0.6689665147180612 -0.26231016595364887
1.0138507427873549 0.8319098565729197 0.2593666128396861
0.0072744968709201885 0.4194848039248491 0.8087454847574107
2.1872197586213105 0.6248041217779026 -0.3517939038992055
2.1890805929733688 0.5625352150558705 0.15654264013765973
-0.07355556670388808 0.6499097518800756 -0.18297638375760394
-1.2255205976946115 0.6761143117198545 -0.642733234953893
-1.2325974035620249 0.6564460250752493 -0.10555376489163715
-1.2310964189182414 0.5983500508789348 0.396434884476649
-1.1535506638650759 0.2175639261387765 0.8656834177255504
0.9334884046572824 0.6685952146014458 -0.26009525735379535
0.9304269925247581 0.6636801073977283 0.24717340986727399
2.0568145079467257 0.6154718231436442 -0.34997047860623676
2.0495912930520888 0.5817800042530026 0.16037903349398297
-1.361361732680848 0.7182741045896037 -0.6364714093923696
-1.3716219706840462 0.7133272864342661 -0.09898104150296527
-1.366195521338085 0.6357987741576574 0.4002798609018199
-1.2672326753109786 0.14739356615643295 0.8617235235452525
0.8041744332148255 0.6639159282577038 -0.2583505101919301
0.8089926321723198 0.630191079556008 0.24611244719027203
-0.23036030905261384 0.33024391713463697 0.8046208433389537
1.9133447561639514 0.6494611618426784 -0.3438755460500844
1.9103725002416496 0.6015751223921306 0.1642130426645152
0.024540580032137882 -0.7682487791552006 -0.9449340291738637
-0.34468530570136124 0.7065343436961253 -0.17411722619534808
-1.160958577791817 -0.8451011991381074 -0.8043157048940786
-1.4979421085679832 0.7122502573663718 -0.097841877532018
-1.489751127856053 0.620078756858736 0.3999160341501109
-1.3599358351911661 -0.025000753880002335 0.8511675409555308
0.6710390603759464 0.6741270306365736 -0.2552057691335805
0.6874452026035414 0.5971239069704213 0.24504671614168805
-0.3831148145165315 0.4269681809568997 0.8118628076791636
1.7745688095036911 0.6697304122790078 -0.3392063565969594
1.7771865777370124 0.602829974086796 0.16642318289278668
-0.46594766177082647 0.6775083011926428 -0.17521347482205707
-0.45460051677051183 0.6107672217651228 0.3219007066964976
0.6380413638424187 0.3753318646151289 0.7374321035623423
-1.4517368604017094 -0.07250778368704403 -0.7189442106008657
-1.6231842184892713 0.7067614619686777 -0.09715856988431293
-1.6133227064398028 0.6048008244488434 0.3995493463754527
-1.4857756114674032 -0.04074016188068441 0.850642066407191
0.5393792126090915 0.680041255025758 -0.252530712676061
0.5580648140663271 0.5933791581037768 0.2463661245584361
-0.5133793456950002 0.4320391978184519 0.8130038789987437
1.647468292452416 0.6523885015860076 -0.33834137399197894
1.641290980612311 0.6141427411690286 0.16944251577852887
-0.23403127086807274 -0.8041582610716862 -0.9445039220571645
-0.5975440582873688 0.6925355302293115 -0.17216934640408832
-0.5773463193332731 0.586947914033563 0.32118855040072125
0.4952156079880581 0.4200241833408418 0.74161229650973
-1.7444396070433896 0.6821963921848093 -0.09829153497220355
-1.734950911408447 0.5801793619983737 0.39841280500887555
-1.6096700272865263 -0.06581249483916007 0.8494840673684947
0.40914336107603333 0.6816325789846331 -0.25032629449368793
0.4236981042241581 0.6093809585686643 0.24927626173494977
-0.6401283068604755 0.42300436992327306 0.8131776861429088
1.5400977870777126 0.5686807262982292 -0.3441363759756215
1.505600608696227 0.6259796470344225 0.17245970289705914
-0.7110666619324348 0.6821753874945173 -0.7753831334829457
-0.7233369750387197 0.6837991023926326 -0.17143072564603168
-0.7035258055630891 0.578154925812064 0.32164559881685895
0.35658658588795333 0.45080412901476397 0.7448063902139537
-1.8599847174789232 0.62875597679266 -0.10214914758206683
-1.8547277050893598 0.5462068995174141 0.39650545637606305
-1.7326825962861108 -0.09534765847599846 0.8480075411081187
0.28028196378049586 0.6788855851553697 -0.24859203774930316
0.2920593248513228 0.6162572394512056 0.2513874582528941
-0.7690628554161378 0.424173515907885 0.8139921240091197
1.4016424186258973 0.590426740955829 -0.3394767232656606
1.3896034789917309 0.5713423151988177 0.16978941481112164
-0.8346046968724039 0.6641468422905872 -0.7754022069692739
-0.7861968030317001 0.39878213705809884 -0.1969620176077016
-0.8351833166330351 0.5941156989048357 0.32405577223299664
0.22572063513221963 0.4531337190893705 0.7460239938974254
-1.9672685908845295 0.5316972792009258 -0.11009516198636371
-1.9262494343819014 0.26304599274774976 0.37505422155855817
-1.830178748898021 -0.25673391445503135 0.8380385450601451
0.1515152769154895 0.6766148266302148 -0.24686207253934223
0.16181405532135784 0.6187943768428354 0.2530978731393687
-0.8978813156574859 0.4258011704486693 0.8148032240152232
1.249709545060469 0.6605554689344615 -0.3300601430654653
1.2541011990792867 0.5841538952589751 0.17280064146517438
-0.9570763023534852 0.6417032150574524 -0.7759701200246938
-0.9074462451383312 0.3664412707013671 -0.19854368646146137
-0.9655473952736173 0.6057011912496311 0.32607231657503766
0.09621041844508227 0.4510983109506661 0.746910434174525
-2.0844715252479773 0.4838804738435565 -0.11351313073636371
-2.0033892873309327 -0.0004448450482996691 0.3551143221139781
0.025270727714911345 0.6651747735575189 -0.24607099969388324
0.03535410165409303 0.6073178381883153 0.25360856573580426
-1.0244536800464914 0.4181630526109368 0.8149679712533824
1.121488244619016 0.6499166159946732 -0.32873215157986957
1.1147360908602622 0.6118691139510632 0.17702875654696149
-1.0796188921562333 0.6197010018404656 -0.7765413709402211
-1.0395171221068296 0.38315459190513934 -0.19551910836697894
-1.0989428481968275 0.6323803362903124 0.32926140348910016
2.227180791965239 0.6020453107298636 -0.41907515008450824
-0.038037751581086354 0.4689193476020064 0.7491110376596324
-2.1543146094770123 0.18193574561865677 -0.14053930718900043
-2.1262081907906634 -0.028594729413248032 0.3535595945596568
-0.09613361022623224 0.6348635420840054 -0.24715818841458637
-0.08626862101671406 0.5769542135088077 0.2525194696664683
-1.1552077598598771 0.43049397140158074 0.8164175562143199
0.9933162540140046 0.6397460381027429 -0.3274084516286977
0.9810486084505499 0.620934983554621 0.17962990324495953
-1.2137874316330368 0.6515553372295297 -0.7711268850088246
-1.1650596845603332 0.37115490771843174 -0.19526400048734027
-1.2204751819357682 0.6059708206938241 0.3281408361673228
2.090756875650186 0.611563470767214 -0.4152656980276235
2.0839981586746603 0.5979142783081066 0.09701643507479352
-2.24146435102881 -0.03666515446019325 -0.1598693319082387
-2.256326855951656 -0.017090891084530213 0.3550690225839488
-1.2826634932507233 0.42865820170692803 0.8168986849069468
0.8625403041802855 0.6396410133065134 -0.325134415221227
0.846222318961253 0.6353186574161462 0.18263540785311383
-1.3630790879386439 0.7004942573142436 -0.16271080453397113
-1.3483137683775368 0.6092398761754492 0.32936726133822125
1.9969406403102283 0.48367663323487076 -0.42548574883939105
1.9433125751978935 0.6223312131490379 0.10137019674776715
-0.27769076007209037 0.3896919044146241 0.7455948404550425
-2.329907780429295 -0.3191531519660167 0.3320151380777232
-0.36961375411003417 0.7013250583964004 -0.2371541448354848
-0.3520254956874709 0.6095527823734725 0.257915597367274
-1.4120851004446706 0.43705659551150244 0.8180213979959361
0.7331881828621505 0.6352268411439486 -0.32334055383206683
0.7168450009052663 0.6309750696971932 0.18401203672884625
0.761013115763518 0.4278227498069258 0.6825681738138072
-1.1604030063295454 -0.8156077019857779 -0.9319540448904164
-1.4955537949436888 0.7286310334708785 -0.15875925500394183
-1.478075808291294 0.6227351477883829 0.3313747457742564
1.817056908782007 0.6369643632022344 -0.4071685262441762
1.8159528269914347 0.6043819744161816 0.10199413816927594
-0.43936978540948246 0.52542474862146 0.7557040266275279
-0.49894703773416893 0.7062984490060673 -0.23496736962796527
-0.48284896048033943 0.6193307532005159 0.260012011933314
-1.533302210919942 0.4068365264392524 0.8165615610360972
0.6013407979696268 0.6409017674093826 -0.32059587914944965
0.5823937083373352 0.6463642653574828 0.18701301138399762
0.6271277494219021 0.43827864651581994 0.6845215372323863
-1.28795083399136 -0.8368752737661573 -0.932586807799352
-1.6137325763393022 0.6889940243113468 -0.1612726636648305
-1.601643735739188 0.6074181107467771 0.33102713148592633
1.6883997932972221 0.6242336512399351 -0.40578569848538715
1.6800115196128473 0.6155386455196847 0.1051012090921275
-0.561289682387951 0.4966975321712148 0.7545982412576548
-0.6304125478981746 0.721438373157671 -0.2318450399160512
-0.6180417035998858 0.6490141043826121 0.2637044004678599
-1.6546439891153426 0.3770349969237303 0.8150969557046763
0.4696439614663035 0.6470726554571611 -0.3178545423269399
0.4596287206059202 0.6189123167257087 0.18634853880404156
0.5010772000074581 0.42030093384065914 0.684452872681605
-1.4145760587963565 -0.8625639138783354 -0.9337693639516957
-1.7399693313016655 0.688801513346263 -0.1600967832327016
-1.726212939627004 0.5974205551453293 0.3310681394815318
1.562601997788974 0.6024488556183201 -0.40537371118069965
1.5442807399842735 0.6272184619853594 0.10820589582918805
-0.6821905373435868 0.4635366683527362 0.7531577162027232
-0.6901942197536073 0.42660182291497684 -0.25876488168240863
-0.7484540471026264 0.659785340520096 0.26579700033663434
-1.7761019845082728 0.3476531681041397 0.8136275820016734
0.3418862016376494 0.6392888791752798 -0.3165456243276723
0.32924402381253515 0.6208224253758905 0.1881233267068736
0.3624369148400177 0.45105005768723316 0.6877485327005259
-1.8612879116394225 0.6646462100484261 -0.16123403985501605
-1.850767461471463 0.5878675744295387 0.33110533277987164
1.4284057420606189 0.6097658542075299 -0.40206064660550433
1.410151907830027 0.6346463236774262 0.11089406530855817
-0.8098463484015639 0.45997377962891584 0.7536943964242808
-0.797034537301144 0.33082670155270133 -0.26645531136990863
-0.8742949317746422 0.6515985320875677 0.26628718893526715
-1.8699725419153452 0.1766740849692212 0.8027864507913463
0.21169746671587575 0.6416150889388428 -0.3142854161977895
0.20146398306738433 0.6135642457878481 0.18908057730196637
0.22040934002060908 0.49683876384150594 0.692053895401942
-1.6813894831597196 -0.8443205762538675 -0.9285112806081899
-1.9760321970635886 0.6067060010180807 -0.16561045129300433
-1.933464991336109 0.3634708151547974 0.31386170904635113
1.338529073151605 0.4645871571875091 -0.414250511717809
1.2789662428935458 0.6329989044329416 0.11275015394686383
-0.9385196789600485 0.4617608587361639 0.7545581869363658
-0.9510057477481126 0.44428879272145494 -0.25395788629056293
-1.0022566122009522 0.6535953259603593 0.2675748876809947
0.08163939887514005 0.64441903058216 -0.3120285459280141
0.07129389098459171 0.6164440615278437 0.19084964315889996
0.09715700891764811 0.4706526906379276 0.6913033537149302
-1.8089680678672266 -0.8637601516654234 -0.9291597791433461
-2.0836327779302195 0.5100222357360948 -0.1736937947988637
-1.9886929146831704 -0.012556342399652642 0.2844217828988902
1.149649322405395 0.6642214754553581 -0.39156403024197894
1.150613888381315 0.6222611094421806 0.11377320806978863
2.332616202448733 0.6680414751308303 -0.4793745465994008
-1.0692210172426968 0.47375806574400414 0.7560807279825084
-1.0806394309910274 0.45142336255144855 -0.25179256875516254
-1.1258451694998541 0.6365861588957635 0.2672585062265269
-0.045880791395234155 0.6380644504789368 -0.3107282109975942
-0.06356808297027783 0.6391332700582524 0.19424686949251813
-2.1423468039269835 0.149415424271786 -0.20676340539456683
-2.121633045866389 0.01314010357837958 0.2871810011148326
1.0255412568017164 0.6395761196878684 -0.3916493840932973
1.0169239417516138 0.6311819913044507 0.1164535097360484
2.242601449212188 0.5300211576040157 -0.49072946984769183
2.2047896704994514 0.615140101706916 0.03221545736788434
-1.1976391418832435 0.47648254642638843 0.7569395117044322
-1.18810063597752 0.35684582867552894 -0.25949968774319965
-1.2547102679543514 0.6443808240730178 0.26894031088350934
-2.2462208033950333 -0.004793318258625057 0.28639994184969586
0.893410024500767 0.6441461176138814 -0.3888298459768422
0.8807574517164767 0.6502186520198867 0.1199625543832652
2.0497675234111767 0.7200336987558282 -0.4681288190603383
2.061008152413919 0.6485786083092986 0.03753052275179547
-1.3228319945415024 0.4650457959947616 0.7568026594400279
-1.3518526017430617 0.5255614233859083 -0.24182714898587543
-1.383424482583223 0.652643944904673 0.27061996977327984
-0.30658986882457384 0.6509076969413767 -0.30575050790311176
-0.32429011353745807 0.6521710462582542 0.1981814913034312
0.762741725347098 0.6444106193094079 -0.38649763543607074
0.752712090066936 0.6409437004682079 0.12097702543734234
0.7867664190347057 0.47593052495112076 0.6156800798654429
1.9343928550512004 0.6636358972320817 -0.47112526376248676
1.9365938548686756 0.6206727314065885 0.03734717886446637
-1.45413724103787 0.4833555820349744 0.7586494497537486
-1.5173882576006577 0.709614432696192 -0.2227355428457387
-1.508945240478127 0.6467517951482575 0.27109489958285016
-0.4384592495602817 0.6653274302199685 -0.30254806954861957
-0.4480662211903734 0.6327545640675787 0.19790015738009137
0.6321901724922867 0.6451664382304392 -0.3841682859182485
0.6221376627527064 0.6417532027876955 0.12281952421663922
0.6530061720145568 0.48627790661222203 0.6177214197397105
1.8086409244567108 0.6409533464866604 -0.47067989785672504
1.796221856818434 0.6456648564909209 0.041812997269617735
-1.5772010407440717 0.4630537043153975 0.7578440717935435
-1.6416225370131627 0.699309884402072 -0.22245373208524066
-1.6344153596791813 0.6413057168531529 0.27156696836947125
-0.5701262176321364 0.6802416415935761 -0.2993480153799184
-0.5775746950635607 0.6380379534095315 0.19965658705233258
0.499204664281379 0.6560163355727449 -0.38087095696927387
0.4929575709841316 0.6382426172216267 0.12424335997103375
1.6800013680016548 0.6282577654721084 -0.4692532010793813
1.6604427607744157 0.6568817004501248 0.045008044648157775
-1.6983458249819279 0.43341011567901067 0.7563715986490123
-1.762900967744926 0.6748122510806258 -0.2235876508474477
-1.7568935058307602 0.6216542970424017 0.27083216230868024
-0.6330576485862736 0.39988149468532797 -0.32530798394681293
-0.7069440513331244 0.6438002357704518 0.20141063253878277
0.370193853959222 0.6529405712889806 -0.3790317960500844
0.3613465041224089 0.6448420177010021 0.1264959387063853
1.5542297497639197 0.6064955088734827 -0.4688154645681508
1.5262782041294685 0.6638552078765194 0.04777727644442242
-1.8322004045907647 0.4678045103354469 0.7592049650430552
-1.8784797254408971 0.6214412589928795 -0.22755064446927387
-1.8842427357723182 0.6268761972195138 0.27209959547518414
-0.7775134871904612 0.4689195235763792 -0.31686081368924457
-0.8361689874576683 0.6500404177293433 0.20316205542086285
-0.7520688839207281 0.23137858612505458 0.6811908296823375
0.24002551638855607 0.655155930838009 -0.3767105527639516
0.23237903022243245 0.6422905341419725 0.1279142908334605
1.418661787901172 0.6186195905650278 -0.46493067224026996
1.3950776894314316 0.661776966810339 0.04969821493624371
-1.8354172466517582 -0.16824134609614383 0.7165869287729136
-1.9877174871561039 0.5342412507709993 -0.23481668908597308
-1.9669449230821243 0.40260106096030146 0.2544981054544322
-0.9540735995553433 0.6842293655253737 -0.29406322915555316
-0.9641680953335197 0.6518960298265881 0.20450220625399274
-0.9337808832895007 0.4666498658292868 0.6983338407754771
0.11121473201023946 0.6530306503204777 -0.3748771138906606
0.10227821950246607 0.6450421083559412 0.1297460607766978
1.2681462016707599 0.6838476217083871 -0.45562424142361957
1.2653750711101992 0.655389423547927 0.0511916689157359
-1.8467214034798616 -0.7850821183391821 0.6752520612954966
-2.0733076744278947 0.32024405314623117 -0.25434030969144183
-2.0297252465517914 0.0658605638277523 0.2276428751230113
-1.0764804778421393 0.6622044713438289 -0.29469885308743793
-1.0931326907169563 0.659086373003599 0.20624909918306988
-1.0580424763551974 0.4493880734016944 0.6978884748697154
-0.017505651057945215 0.6513879010694383 -0.3730465360403188
-0.02527178628594129 0.6386162729362299 0.13074217360018414
-0.0032455259421482197 0.5069003765770521 0.6251255087137095
2.1994906103168574 0.6014452246005506 -0.5472279973745473
2.1873605245701384 0.6050185846596667 -0.03249706704617816
1.145441218736778 0.6539913768784702 -0.456181664061559
1.1371057252481336 0.6446991965997793 0.05225859205721539
-2.1666967726795576 0.14067284000087366 -0.2705818601369985
-2.152313676511767 0.0378129501015092 0.2260719351053111
-1.1968354545777231 0.6308733455179754 -0.2962967344045766
-1.2166744023993914 0.6424004932455762 0.2059477380990855
-1.1886625218348286 0.4618338418674819 0.6994710973977916
-0.14731811175420262 0.6550487127460531 -0.37073339898587543
-0.15394767179273572 0.6374893538873412 0.13215170423983258
2.101464042988539 0.48754466026301735 -0.5562702604055532
2.0435813158746896 0.6385280111420979 -0.02705206353665668
1.019960453577724 0.6341478016719257 -0.45575632531644183
1.0061943089466325 0.6440761741528771 0.05416999380587262
1.0288845275973415 0.5473687793747155 0.554576974320399
-2.2794903493326046 0.034698184122595954 0.22650538008211774
-1.2944613030559253 0.4928766002902458 -0.30843176324368793
-1.3454281990379968 0.650525580282876 0.20768914740084332
-1.3180597193287298 0.4698791328474474 0.7007127813577525
1.9312919821413175 0.6069481936120873 -0.5407682843923696
1.9147639241740109 0.6249710961439527 -0.025923866820348085
0.8891434251586503 0.6339406997318564 -0.45336117227078754
0.8740703531407235 0.6487436046658912 0.05650315802096051
0.8990602477656324 0.5423679604065521 0.5556407980203502
-1.4726550199131765 0.735076804675499 -0.2832218595266469
-1.471993892343093 0.6493683164446082 0.20860920469759625
-1.4534268129161205 0.5076991501883965 0.7039857916116588
-0.4042311391848301 0.654126006032028 -0.36708654839993793
-0.41217575458463784 0.6415003332844558 0.13537917654513043
1.7938120223486465 0.6223724045652537 -0.5362883992910512
1.7773291843689094 0.6405048413425494 -0.022208828520787538
0.7597598369169276 0.6294171610420838 -0.4514624067068227
0.7420991002842072 0.6539038489800557 0.05883322279452008
-1.5897885046855293 0.6905017616194549 -0.28626598794461566
-1.5974772485651272 0.6437929903141635 0.20911608259676617
-1.5743970520011317 0.47762493322518207 0.7025111726999156
-0.537118349080842 0.6737475714192014 -0.36332144219876605
-0.5451178219066435 0.6611952956599945 0.13844905416964215
1.667978824897844 0.6001935694752376 -0.5358220525503286
1.6429839154919819 0.6470264587232615 -0.019359249663365663
0.6291680182911961 0.6301777793498466 -0.44907297570706683
0.6102772346776533 0.6595685055991503 0.06116138021944684
-1.7130734750393941 0.6755817829741932 -0.2864395566702016
-1.7238964316066188 0.6435495827187356 0.21003065626619977
-1.69648174001901 0.4528667013961645 0.7013708166360728
-0.6675042960415567 0.6841763098148563 -0.36053099114896137
-0.6755647545375041 0.6716793688596461 0.14068208258150738
1.5364793035400197 0.5975593614892345 -0.533353466582311
1.5102228673414402 0.6492747434465862 -0.016944546294225038
0.4961346194895526 0.6410503705450381 -0.4456979223013051
0.47988781582746753 0.6609114229271436 0.06306181471346539
-1.8373428207880096 0.6659836080475037 -0.2861381955862172
-1.846352090288505 0.6242232693383167 0.2093022875070445
-1.818643540602693 0.4285318213989333 0.7002259306192271
-0.7955041394018991 0.6853981198302641 -0.3587161489248403
-0.8047290275400201 0.6778039012172732 0.14249620954989117
-0.7833243272082484 0.5360614149625977 0.6330951265573375
1.40091166422539 0.6097437579780518 -0.5293828435659536
1.376211168475777 0.6568151325353746 -0.014099735808385194
0.36708039541530013 0.637977251087805 -0.4438072629690297
0.34836506015730606 0.6675573980281451 0.06538520376681012
-1.9539672363203238 0.6177537978346326 -0.2896772809744008
-1.9459940912407347 0.48791603542372286 0.1987281851053111
-1.8209408633464506 -0.21237636255071202 0.6562884859323375
-0.922297042400686 0.6822224326228188 -0.357391495299352
-0.9337573309200877 0.6844051720336672 0.14430795233248395
-0.9019236224542908 0.49394547414740764 0.6309360079049937
1.2834387128473992 0.5602952664482155 -0.5319382138967641
1.2451212589441099 0.6552979674355424 -0.012122053694737733
0.23562369579681786 0.6450197556538457 -0.4409314580679067
0.22073300030476162 0.6602248409190699 0.06643114607332867
-2.050238423521094 0.4623786498381852 -0.3037754483938344
-1.9885076648782274 0.04843183896260417 0.16270862143038434
-1.0490205865366846 0.6795194973018557 -0.35606970269681293
-1.0604856873311377 0.6817497918669932 0.14528213064669293
-1.0260982074092055 0.47657681807756624 0.6305116228341929
1.1317657541983692 0.6308884892856099 -0.5219499059438832
1.1168775871978909 0.6446715387022941 -0.01101221520901996
2.347574862314417 0.6458750172182803 -0.0961934514761098
0.10801427824387133 0.6380863728363417 -0.43954100091458637
0.0907047608703806 0.6630122169536632 0.06832395117281598
0.11456998693920184 0.5514244841677627 0.5640934519052379
-2.1217613282013303 0.17029066280612337 -0.33132471520901996
-2.1221707987991465 0.07901417067931327 0.16605434935091656
-1.1767251903680034 0.6821267671956948 -0.3542634435415395
-1.1850143419049175 0.6698153765241655 0.14541779081820172
-1.1566574220485961 0.4888931838781181 0.6321726850747935
1.0115873728791058 0.5919307218070138 -0.523508209776891
0.9859810722112456 0.6441280543762389 -0.009040493559850038
2.263131853987872 0.5038744124878347 -0.6293059774160512
2.1886484540587503 0.7262083390763561 -0.086214680266393
-0.021957516800597432 0.6412775677193467 -0.4371649213552602
-0.03556467540825281 0.6517908840470632 0.06893907110689801
-2.1780956391586415 -0.21470350517518533 -0.36801733453275043
-2.2411138182179258 0.03167979365186646 0.16282997648714703
-1.3074503956809593 0.6998119498794644 -0.3509975858450063
-1.3137116168236673 0.6778173568586094 0.14722118895052594
-1.2849567877716623 0.49194394501837024 0.6331349424600474
0.8740168711948968 0.6157338644174262 -0.5185429044485219
0.8552067737830669 0.6440611407907282 -0.00707091767789203
0.9201796288698461 0.39261334682990956 0.4810496381997935
2.070151972801213 0.693708473467824 -0.605832714629186
2.0911325821094096 0.6122505175344637 -0.09427942712308246
-2.2718955657025504 -0.5056559063583039 0.1185289434671275
-1.4164181917649046 0.6157228304946667 -0.3579727597952016
-1.4402050485029747 0.6765477591184847 0.14818678419588727
-1.4244117251140267 0.549150080647884 0.6379273943185679
0.7419698990715915 0.620856152350771 -0.5155879445791371
0.7232378303166342 0.6492923049849457 -0.004671949934972108
1.9532301370629739 0.6420161552805848 -0.6083909459829457
1.9285230514698242 0.7080218864539667 -0.08298172433377582
-0.29328055995480895 0.6974416512489201 -0.42747082192899066
-0.30920499223134357 0.7178515488856965 0.07781587164400738
-1.558161321892527 0.6879025954867668 -0.3493482061147817
-1.5645978623375356 0.6659682914865312 0.1483124307870738
-1.5462381755677086 0.5238659553535632 0.6367941908120982
0.6113644822117976 0.6216906708015584 -0.5131384320974477
0.591425731201781 0.6550237400819112 -0.002274889540684999
1.8230641975704884 0.6335364175592284 -0.6063591428518422
1.7942221122660555 0.7139451681370295 -0.0800482221365102
-0.4087703355863539 0.6440622215269167 -0.43104090173245746
-0.42463229850542916 0.6644686486343891 0.07459340612887067
-1.681460858124808 0.6728755725927114 -0.3495041318655141
-1.6889824578093595 0.6558428426838168 0.1484347395181529
-1.668157646211398 0.49900816215399146 0.6356564573526255
0.47960584722386557 0.6278100171227612 -0.5101887174368032
0.45976848959648464 0.6612448409988341 0.00011954824923199325
1.6986880500709418 0.6064933454391186 -0.6063734479665883
1.6600916027595787 0.7203826415050241 -0.07711805779935199
-0.5393873624780952 0.6540045969136958 -0.4281794019460805
-0.557483900075681 0.6842070376503635 0.07775030653475445
-0.5425301003310778 0.6014439736239634 0.573201995301234
-1.8067247715845696 0.66804675654737 -0.34868826348782855
-1.8143229291269876 0.6510448355774967 0.1489721349954478
-1.796003599196439 0.5039224504888704 0.6366077474832408
0.3505265941299882 0.6247937290451704 -0.5082470365286
0.32826494436157816 0.6679640582583053 0.0025118402719370714
1.562945026842371 0.6180492166108396 -0.6023041196584829
1.5303743797249467 0.713023597805682 -0.07551159341336566
-0.6630787454636788 0.6353626083140691 -0.42829288918973285
-0.6878425215150088 0.6947376854716376 0.08005366842745465
-0.6641761487226319 0.5730798457615194 0.5720962099313609
-1.9223625409970282 0.6148295252716114 -0.3527571149587758
-1.9223698775463305 0.5586874281967775 0.14196978132723492
-1.9103320422938026 0.4407751843085119 0.632669072556483
0.2190458589128781 0.6318983675322434 -0.5053020902395375
0.19940714664859627 0.665529243498173 0.004034142899500548
1.4232225322849672 0.6444427607510681 -0.5967036672353871
1.4049274551511814 0.6917932854165674 -0.07523121316434223
-0.8045538862939594 0.6947639706424331 -0.42048181970120746
-0.8180272298393874 0.7057571734101034 0.08235559980868024
-0.7859258223869716 0.5451440368358123 0.5709858946084849
-2.0495708470995027 0.6206424975396487 -0.3509718366384633
-2.0215795478929834 0.4177298910897971 0.13076959173678082
-1.943237211690274 -0.048158903305363765 0.5983365587472789
0.09018021710858193 0.6298464840030764 -0.5033656545400746
0.07186796521449423 0.6587363844716654 0.005120377945887267
1.2782872166068273 0.6905017937496831 -0.5890580602407582
1.2794549468498246 0.6710123472998486 -0.07495417077542621
-0.9258476316170174 0.6673574739880239 -0.42159141976834613
-0.9458539986758865 0.7075365888625518 0.08380256216524762
-0.9066731873554232 0.5127585051994785 0.5695143751382701
-2.12862863085752 0.3726514405079664 -0.3745933957815297
-2.097676323220554 0.14974327200447934 0.10866246740816754
-1.9462440852997247 -0.7137428835039179 0.5513893179178111
-0.038592868825389814 0.6282739837592128 -0.5014335103750356
-0.05440230965524506 0.647583816884918 0.005769830155359923
-0.027162656854002876 0.5205362850524038 0.5000337175607554
1.1637879317258637 0.6319064434186918 -0.5926658101797231
1.1526000628896895 0.6554795837535003 -0.07424034554959613
1.1714629806592427 0.5506332785480899 0.42595229666231793
-1.052612434944919 0.664654035512406 -0.4202267118215688
-1.0724918893351827 0.7049246353363143 0.08482084791659039
-1.0243241927404796 0.46619747334218076 0.5669675878763072
-2.2066075624802863 0.11011640207788176 -0.39970030267239887
-2.2072832386862586 0.0533365938488819 0.10120664160250348
-0.1565475637519853 0.5837100877755921 -0.5040341802358754
-0.17587445816020875 0.617540512137329 0.004679780411707579
1.0395778018666704 0.6072143453113545 -0.5926977582693227
1.0203698110378099 0.6595796423377891 -0.07176603753568012
1.0428898546973073 0.5402990960225518 0.4267521909952037
-1.1782455269117094 0.6575617051664109 -0.4193612523794301
-1.1969406832400011 0.6930356334758994 0.08498297255037945
-1.1644532109939405 0.5223690458043784 0.5719097666025035
-2.3334893793945923 0.04551460290965892 0.10128984968660992
0.9126510434404764 0.5925430448018565 -0.5917111821890004
0.8909443700612343 0.6545836871979711 -0.0701757856130727
0.9942249800284344 0.2421201883218247 0.4052387289285533
-1.3017508303422716 0.6411873464929698 -0.41949095208646137
-1.3224182597126628 0.686465777619202 0.08556829016207379
-1.29158550224831 0.5205604983545173 0.5725678018808238
-2.361120582272875 -0.5161662527279267 0.05396376173494977
-0.418540319837291 0.6022111333528608 -0.498169083189977
-0.4480785995911276 0.6798413264656631 0.013341765809046446
0.784430555983505 0.5831389873564099 -0.5902153440237172
0.7589771037769992 0.6596773207524871 -0.0677057691335805
0.9435950815057055 -0.056132412798697295 0.38370500128267926
-1.4355261301067799 0.6739395014474505 -0.4146615453481801
-1.4488770635988715 0.6852198800412763 0.0865768007516734
-1.4278677931442019 0.5631487263259247 0.5764378122568004
-0.5595463349904009 0.6557670047808566 -0.4907051511526235
-0.5797092884643433 0.694817349212193 0.01615129034517926
0.6536727200574575 0.5838044695789479 -0.5876995511770375
0.6258680501501885 0.6700728509407972 -0.06479658563138324
-1.5629348364245317 0.6779650398890542 -0.4128118940115102
-1.574246073300415 0.6795517787689898 0.0871559194803111
-1.5516620398013714 0.5476490548219983 0.5760198644876353
-0.68659545021643 0.6517364343820908 -0.4892894216299184
-0.7077559774411384 0.6957158719210268 0.017655473160731017
-0.6884628310528029 0.5926386415862126 0.5109404138803355
0.5204703236925354 0.5945660170647402 -0.5841618963003286
0.49422192967067247 0.6761628848986208 -0.062331337523473085
-1.6852735941476737 0.6580761926316097 -0.41344751794339496
-1.6995677600075112 0.6743413474617874 0.08773170034884137
-1.6744867864319843 0.5277003185919984 0.5752402357339732
-0.8168949824392939 0.6627143148038881 -0.486363548827184
-0.8368115676776284 0.7019517705361658 0.019591670441614806
-0.8057133979004902 0.5453439495050514 0.5083693079233043
0.39124676661856483 0.5914093600260522 -0.5821634717702993
0.3639998054249389 0.6779300184261388 -0.06031050164700824
-1.817405312974529 0.68741384602734 -0.4091197438955434
-1.822887087159657 0.6598092671524407 0.08745012800692242
-1.7895630291268247 0.4690429118399333 0.5715950540780894
-0.9437460585634767 0.6596236230885788 -0.4849535413503774
-0.9635408659563893 0.698939804127261 0.020655494141565978
-0.9330044043534826 0.5422341377427715 0.5090805105447642
0.2510568467925225 0.6064164381199184 -0.5781713910818227
0.2303300470428553 0.6689705624931035 -0.059230942320836366
-1.9342678314169461 0.6086458476200294 -0.41578211266995746
-1.9350934875657373 0.5565293086095906 0.07941351454256695
-1.8288488964191316 -0.011351941274052813 0.5371130518197886
-1.0623141273435692 0.6486115394377201 -0.4844991155386098
-1.083062101314141 0.6928594712988572 0.021337132859217345
-1.043388799590744 0.4922287750702665 0.5061896852731578
0.13061957417500025 0.5961497295316356 -0.5771490522146352
0.10638973189547585 0.6732574215284037 -0.057161469054234804
0.12958171241392336 0.539135899943636 0.4367319158792369
-2.0112395321614116 0.38602772247428696 -0.43725075204373676
-2.007562805309206 0.30916456976139184 0.05865488569735211
-1.9154222297644168 -0.195660673125869 0.5241917185068004
-1.1850930561932103 0.6574422248428737 -0.4820295758962758
-1.2004179271912818 0.677448897004159 0.02114544432161969
-1.1741288120898474 0.5351618093234984 0.510239701676356
0.0029329318017374817 0.6152443040758335 -0.5730534978628286
-0.01256538425117526 0.6586706379428922 -0.056863922667516054
-1.920586727901025 -0.7310830884140573 -0.5497285314321645
-2.0889873357002386 0.10106938407676314 0.041300158905970275
-2.034546098766242 -0.21315501696356165 0.5234323553323619
-1.308774667756552 0.6715766646705505 -0.47905697305203754
-1.321968215247466 0.6819246732358009 0.02269135038851422
-1.297202089984097 0.5444428237570706 0.5117295793771617
-2.199837116960765 0.0449764715587051 0.037194114136683165
-2.1528013708578015 -0.2351536183897478 0.5223113111734263
-1.4453559220898882 0.6579896127963893 -0.4787799306631215
-1.4626118198264635 0.6878891118542887 0.024501901078211485
-1.4476111890539158 0.5942579664219334 0.5163410715341441
-0.25329074032163135 0.6083772159637597 -0.5695935674429067
-0.2826888797037981 0.7100022610257408 -0.048862595152867616
-1.5718020307747196 0.6571776850213489 -0.4773837514639028
-1.5879655927767118 0.6822730425749128 0.025115352082239806
-1.5662592002534268 0.5544015017818165 0.5141109041452281
-0.3876687120409912 0.6322436273477141 -0.5650450177908071
-0.40627391526012957 0.6904484416902248 -0.04907097299100238
-0.15483843048517087 -0.4501104901539694 0.882986169266688
-1.7002801254581925 0.6361008629594531 -0.47806896646024066
-1.7263838987325215 0.6795491697834066 0.02604828398226422
-1.7022292824262593 0.536942962315039 0.5135921053171031
-0.5175470388645067 0.6116322164056562 -0.5651737638235219
-0.5451158408121728 0.7086663181464754 -0.04579414803983051
-0.5220478328944864 0.5645814113381675 0.4446860365152232
-0.3013264382448142 -0.4181545660171899 0.8857441953897349
-1.8227443894925557 0.6166993205785829 -0.478701252532018
-1.8416695154858616 0.6565413949125514 0.02496824781893414
-1.8179972369512285 0.5138361938399223 0.5125075392007701
-0.6583070469950769 0.6655783471129544 -0.5575481839895375
-0.6720237742626551 0.7045983202981905 -0.04468025643826801
-0.635921702284648 0.5021613028660807 0.4409638456582896
-0.426544851574306 -0.44736428744721923 0.8846059850931041
-1.9528914884007094 0.6367817680136065 -0.47529282052518207
-1.9506989686228877 0.5691788656963119 0.01815782110689801
-1.9370797338265646 0.4752494234820652 0.5102618746042125
-0.7874742873722482 0.6715991509211996 -0.555058617186559
-0.8077507185784327 0.7398237563822159 -0.04002203423978168
-0.783483757182168 0.5859227999767054 0.44844852011202496
-0.5629777458130576 -0.4274791168327807 0.8865047506570689
-2.071565779807287 0.5987332507159593 -0.4779554792165883
-2.062131065022342 0.4919457135673131 0.012210946488367735
-1.9841691778417072 0.05994381081011824 0.47977433722017926
-0.9132204100604326 0.6635372940919355 -0.5541130491018422
-0.9354636440491078 0.7415516558847353 -0.0384689756155141
-0.906277617883859 0.563267858125772 0.447709184098231
-0.6980782707089901 -0.4119518227665031 0.8880973867654673
-2.189658916907277 0.49827959930737986 0.013675551819788634
-2.0810127056063266 -0.10550282452126591 0.4679668955087535
-1.0378538769928554 0.6510873710950706 -0.553685326170934
-1.0630702605854765 0.7437591063907716 -0.03691877801419574
-1.0118896300743785 0.4631653337179271 0.4409795812845103
-0.8275835857528904 -0.4202891273548435 0.8881658128976695
-2.2358044339453613 0.06422352872749748 -0.024157185149205507
-2.2024041947063466 -0.14320145107707116 0.46568880598543805
-1.1667144470554547 0.6585107035451294 -0.551203865599645
-1.1895102025312099 0.7415738590606944 -0.03581489999295551
-1.1584159603253426 0.5485001373224234 0.44846306364535016
-0.9612898395447758 -0.4086428165480571 0.8894494585275523
-2.3460180452430137 -0.03171546775315459 -0.03188433129788715
-2.321325320878458 -0.19519431082466276 0.46230326216219586
-1.3016936940302344 0.6955884424214203 -0.5456391759634145
-1.3054305673145592 0.691140178301552 -0.03915419061185199
-1.2875460310194455 0.5564185414104363 0.44995842497347516
-1.0885589025579634 -0.42578574644151956 0.8889020494699351
-1.4229757631795366 0.6699141738426979 -0.5467630811452993
-1.4359904777533643 0.7093267930272713 -0.03628076989651996
-1.4268051097668035 0.613615426591247 0.4551967195749156
-1.2240614261584142 -0.40341013605593723 0.8907900861978404
-1.5443498590978493 0.6446715399001199 -0.547891754698766
-1.5592571408747062 0.6938600075226127 -0.036519665312779725
-1.5473880956121349 0.5834549368317576 0.4536911062478892
-1.352250975963159 -0.41474376385938516 0.8905414156198375
-1.6658095181045809 0.619851096650117 -0.5490247197866567
-1.68354413604132 0.683713529160876 -0.036317963194859804
-1.6710785104433228 0.5683776495152664 0.4533053449869029
-1.4843955736582757 -0.40604104762528426 0.8915096334695689
-1.805854123220712 0.6642419183793757 -0.03700890023709613
-1.7908811201816661 0.5341795000329563 0.4514156393289439
-1.9176714595611486 0.591441678134097 -0.04259647805692035
-1.8513985873352397 0.1970370157240433 0.42625818769930524
-2.0270838825940984 0.504334767602173 -0.049526352477086366
-1.9160689364580037 -0.13030957078056193 0.4018262438058726
-2.0815222697737568 0.12395263643259646 -0.08317102868558246
-2.061526397616589 -0.041173786867149786 0.40928969900606793
-2.1893749743789215 0.017749377051538673 -0.09190906960965473
-2.181770680667725 -0.08383777284086502 0.4066124967813365
-1.9466071280613164 0.7032109366465038 0.1099692396402232
-2.0729985800221726 0.4835230859750048 0.11647377531527203
-2.090662592938685 0.2559685179439857 0.11647377531527203
-2.283207042667115 0.042911215154518345 0.12682185690401715
-2.2924609408859595 -0.184767222030648 0.12623081724642438
-2.3571973431369457 -0.40752605344414317 0.1288915685891978
-1.8630869142493793 0.7764194510526492 -0.009448666167271913
-2.0041518532104305 0.5574224037710991 -0.0018392987966664442
-0.9687907634110218 0.4800944200251047 0.8654006532907359
-2.111104394478744 0.33662572551582404 0.003639083313929259
-1.1458036312051973 0.26114147569748614 0.8729101232766978
-2.3282490887374934 0.1254576020006235 0.01581416647432965
-1.3036331939328107 0.04173683192871991 0.8794804624795787
-2.312348633294917 -0.10416991648970342 0.013683419632898985
-1.452224851962967 -0.1774747413733122 0.8855815939187877
-2.317142500661859 -0.33221190743243767 0.012770276474940001
-1.4721955868891001 -0.40719053983791387 0.8855815939187877
-2.3177773951202454 -0.5607449195092888 0.011553149628626525
-2.0135988663458733 0.7288164811869429 -0.11506189782620746
-2.179690652756804 0.512331913455319 -0.1056696363210805
-1.7854286444846394 0.4825415950848857 0.7888527921914927
-2.2171466403554945 0.2867262194961757 -0.1044174619436391
-1.9275635485555682 0.2638245892460338 0.7949372343301646
-2.349878073860012 0.06911531466412058 -0.09721674401761371
-1.94599583660073 0.035758061590239976 0.7949372343301646
-2.2446876323249967 -0.1681705064406076 -0.1050435491323598
-1.955260830338716 -0.1930928694500178 0.7944503835916392
-2.3739699237593612 -0.3853298700617991 -0.09815563638211566
-1.9404652131873235 -0.42417920597215275 0.7927466444253795
-2.300254297674428 -0.620624124068514 -0.10410465676785785
-1.8071512790356792 -0.66655003963713 0.7852018884897105
-2.0491165631598136 0.7531880382869414 -0.22725500543118793
-1.5941474748709226 0.7090412795210641 0.6652241758584849
-2.0558858530802127 0.524797124926792 -0.22789873559476215
-1.9048132742716177 0.5019606684380156 0.6800976804971568
-2.1380633594472016 0.3022678794189586 -0.22371496636868793
-1.9423166752530392 0.2753841320264945 0.6811057142495982
-2.1961434079598803 0.0782125949479795 -0.22114052255154926
-1.960705226997959 0.04737527434143729 0.6811057142495982
-2.264924694705428 -0.14464740989657 -0.21792330224515277
-1.9201812657459385 -0.18570181561416188 0.6780808977365367
-2.150597496977454 -0.38351051270930103 -0.2266112752676137
-1.8954305850103594 -0.4177914951283883 0.6758121065378062
-1.8167986646358258 -0.6552033346768598 0.6707702688455455
-2.033420497021936 0.5907305744452298 -0.3436266370535024
-1.6674613427047262 0.5405613159493763 0.5532358698129527
-2.065628632938399 0.3641911034200467 -0.3426352926015981
-1.913913713007318 0.32946113647176034 0.5652328542947642
-2.1284661062222057 0.14024497977316397 -0.3396603055715688
-1.971929847310193 0.10458978955802589 0.5673194936990611
-2.2020071400172725 -0.08248896320212218 -0.33602489907742816
-1.8914092672747955 -0.13177902358224802 0.5621033720254771
-2.2315760551738606 -0.30871056596709145 -0.33536400277615863
-1.9012778734751663 -0.360848932725081 0.5615814737558238
-2.147674505015246 -0.5452846821559811 -0.3423043676138051
-1.8920501313364753 -0.5917428803314317 0.5600167326211802
-1.8786735053290187 -0.8232549423470363 0.5581913999795787
0.9133533840524137 0.8853904799914423 0.3004888109445445
-1.593174331803155 0.8220323242461482 0.43525062124727887
-1.8542323177372282 0.41561029422325824 -0.4713007398367055
-1.9084059678354066 0.614794456725245 0.45142207663057965
-2.1108137032339016 0.20641599935995014 -0.4550186582327016
-1.9554836170652692 0.38896879260268946 0.45303926985262555
-2.154294410107582 -0.01893092708359667 -0.4533225484609731
-2.018261046546627 0.1646107479095793 0.45546470205782574
-2.188623588356691 -0.2448973878621814 -0.4523049779653676
-2.0420182086215704 -0.06271339732487302 0.4557345918893687
-2.1541721723587415 -0.4770042021115781 -0.45603622872830707
-2.066556327968172 -0.2899433739484216 0.4560040048837535
-2.1453967459204364 -0.7070751848815311 -0.458071369719518
-1.922839400812279 -0.5324793749644678 0.4471095613717906
-1.8744620274369197 -0.7671430484600483 0.44333634893892926
-1.8169304866112554 0.5840118991422507 0.33153591673372906
-1.9984859935193953 0.36829208666691216 0.34071789305208844
-1.9767392733670022 0.13724819523242537 0.33849201719759625
-2.1746995015899984 -0.07550799721027701 0.3485084585428111
-1.4502961601174746 -0.35662633271600264 -0.6187931485891469
-2.308682205809319 -0.2926347449769242 0.35490785162447613
-1.3814784056047529 -0.5945239532585864 -0.6250559278249868
-2.294259585508968 -0.5225479812127061 0.35296044867037457
-1.7207028153357982 -0.7943303890550988 -0.6027895398855336
-2.0023340054128766 -0.779096015743522 0.3354311994790904
-1.8817323084597888 0.8171833547740253 0.22135506193636578
-1.9330794067113288 0.5915373455309014 0.22336397688387555
-2.039944578655792 0.37043065565501454 0.2285288385629527
-2.3018012057977018 0.16250733305817722 0.24258957426546734
-2.330530564732527 -0.06340776745047272 0.2431634477853648
-2.320262298560536 -0.29268814279203603 0.24144135038851422
