-2.0680002900507546 0.3282494268834526 -0.7065965274987054
-1.6331729842524396 0.3273719205353842 0.5166896243872809
-1.8758544523850134 0.4577823290384728 0.11394676168586493
-2.0345621692793046 0.5647807524699431 -0.0845891575035882
-2.113064994876048 0.15332593689412022 -0.2909990886864495
-2.001592103780112 0.9385312397593921 -0.4980875591454339
-2.0627584086194872 0.5255961989000397 -0.49798503915642023
-0.6795314044168563 0.36422555907422094 0.7301515003028083
-1.8342628788972704 0.7268931275981245 -0.15240732232902765
-1.0721798299920806 0.29832622017370625 0.7574957271399665
-1.2287437821722733 0.10534320820226384 0.7614024539771247
-1.2478657783862275 -0.4436073675822243 0.7397006412329841
0.8797085679961612 0.6855419753475047 -0.5234519581017327
-2.1759721433236336 -0.18896306844336408 -0.16703573266838312
0.49086628006227784 0.6077059769506619 -0.49163929025505304
-2.1997335215321954 -0.4536312786893575 -0.17813221017692804
-2.1598039027857183 -0.7555818596875881 -0.19679609338615656
-1.8179165219617133 0.7305285549995162 -0.2756268123802972
-1.2507034154971635 0.42203862634929834 0.6412857433142829
-1.5596714732366195 0.31347731855282746 0.6608045955481696
-1.7291689360985671 0.12954223678198673 0.6661275287451911
1.2645920217596966 0.7101233039702777 -0.6843215564904046
0.9680428308130331 0.5818079794057311 -0.6629287342247796
-1.7224744231640727 -0.4312200860669293 0.6412857433142829
0.38338225916948687 0.6068768462141847 0.39555438955451727
-2.1530418899871577 -0.4673905860305254 -0.3053862194237542
-1.4546310788236312 0.47639806970222764 0.5371220966162848
-1.7371033468776602 0.35427397190115784 0.5543092151465583
0.587595347064827 0.8915370882384508 -0.7381536106285882
1.0834670773890238 0.6051384829652307 0.21284374197150946
0.5089095787744142 0.6239097781902458 0.26078590353156805
-2.0630021095018165 -0.5754993053995108 -0.44169584314201593
-1.7377520708131442 -0.7601217763949819 0.5050094981970954
-2.174668273099016 -0.7915315958419811 -0.44273963968132257
-1.773493270170313 0.4559024839881687 0.43964847524787665
0.9252034023556135 0.4887900795217348 0.0946396251502204
-1.5983705016719938 -0.7279515119384641 -0.6156193355736566
-1.9024787478866898 -0.5838653054050198 0.403230037290113
0.38171454676948 0.49291063256418965 0.14019807775642157
-1.6049144118734944 0.44530825062475543 0.30317481954719305
-1.9091269716505295 0.33593485374928633 0.3233712573828864
1.4975814728260488 0.741735402667203 -0.06920496026848078
0.8784479856965888 0.779936607086654 -0.014671955507738588
-2.1326773625346007 -0.37117714358846143 0.30928071935798407
-2.1700769193112137 -0.6288294540901092 0.3003571887793708
-2.0962975129752337 -0.9510810843925057 0.2792218585791755
-1.1665627104563328 0.745551012461874 0.1575382610144782
-1.627897523639497 0.7187609184894512 0.19532855947639227
-1.8965187769983842 0.5897167497164659 0.2120712657752204
0.698935624029609 0.5486168851775233 -0.13556543390129328
-2.0173399723111842 -0.1730667790196776 0.18671831091071844
-2.0799049540029557 -0.4161540522867355 0.1804994006934333
-1.9791025405591256 -0.7528341996882446 0.156103458005445
-1.8156219747218145 0.5029059236961828 0.07922204931403876
-2.062860098978966 0.3630969695683035 0.09383377035285712
0.8199323904258122 0.8501177886609597 -0.2582823375878167
-2.1476140732139655 -0.42089267751974546 0.06363614996101141
0.3519830813982594 0.8136123532754667 -0.2186237911400628
-2.219825808758891 -0.6588097560838975 0.0582788844885993
-1.7156847849413097 0.8051723348123403 -0.037185821932299135
-1.9665339902723105 0.6667916560013651 -0.021818313997728822
-2.0518219793817707 -0.11454139434285082 -0.0520578960594964
-2.083860627354241 -0.37458457186588845 -0.061972294252855775
-2.02184179151633 -0.6889474301870564 -0.08279291192863703
