-1.5753176643033555 0.624857126708962 0.6214118361007033
-1.7394187433943387 0.2918679110700335 0.6171328782569228
-1.904717749659838 -0.04059562983765996 0.6128499269019423
-1.8121662355222554 0.6317744404019603 0.4355478643904982
-1.9244383510430794 0.24903561258163087 0.4307995199691115
-1.9199950978880622 -0.15832806829180335 0.4260847925673781
-1.2900303689863648 0.8087014980301088 0.25347951645959
-1.8984214112719258 0.7240629273441925 0.2516665815841017
-1.9968954637762124 0.35532731250213345 0.24695399994958023
-1.9621170450606087 -0.09005623013434949 0.2414471268187819
-1.9476085762573234 0.6685030790557356 0.06622914071190933
-1.998429649531218 0.2728024546393293 0.06097773308861831
-2.024858052155153 -0.13803899861829816 0.05550745720971206
-0.03433421525339497 0.8002979489490372 -0.10131140952002426
-0.5346911237221121 0.6483927531975997 -0.10260006194006821
-1.9056159460375142 0.5614452286811638 -0.10156401400458237
-2.0177952780333896 0.20003526958480222 -0.10647174124609848
-2.092287871867754 -0.18357219438742423 -0.11176582579504868
-2.164000461535352 -0.5697718196872268 -0.11711438898932358
0.7369015519802957 0.7237137282157615 -0.3113022685517015
-0.018407015008506278 0.7078461291787992 -0.308993423031682
-0.7945344875637375 0.7087270301054431 -0.3063809514511766
-1.3948911702947413 0.6168938133252428 -0.30575641398322007
-2.0905939809216534 0.5825638878784467 -0.3039695859421434
-2.1113989252153544 0.16992441884034282 -0.31010445361029526
-2.186046282458946 -0.21341110106995753 -0.3156371951569261
-2.0890043990255407 -0.6967790932227986 -0.32325419192206284
-2.008704339420035 0.5380390137823508 -0.4896256566513719
-1.9731453150496492 0.0930451330422235 -0.4968690515030565
-1.8831642418891619 -0.38511570984185095 -0.5049183011521043
1.4110182698108957 0.7055960190054993 -0.6934651971329393
0.6240126234876016 0.7025211841247394 -0.6884379029740038
-0.11800399109789339 0.6801922425509446 -0.6840390801895799
-0.9770722471186133 0.7278771895009744 -0.6777476907242479
-1.70375568344528 0.7077240111730205 -0.673451864765996
-2.020042430594927 0.46118077307052197 -0.675564730213994
-2.1630539595419265 0.11738501194504636 -0.6804232240189256
-2.0774366110784115 -0.35780113667110314 -0.6889490724075975
-2.0146122555450603 0.6761395588269057 0.4699714540969191
-1.9807398124322333 0.44769830352794315 0.46988514657128433
-1.992329503590554 0.2137232591217817 0.47057608361352066
-2.077949343939551 -0.017060082288089085 -0.4489843488205614
-1.950130980498301 -0.013660623302000019 0.47031692261803726
-2.144974817944174 -0.4879841138613559 -0.4452359319199266
-1.9376661956750212 -0.47668981511612607 0.4710080980788527
-1.311287280442258 -0.6418221585222561 0.46055499310601333
-2.0052650707559394 0.3854275615947085 0.35507360692132095
-2.0071398060895973 0.15276920590124732 0.35564426179040054
-1.9800543105073274 -0.07631289104947303 0.35564426179040054
-1.9630624356640283 -0.5385564505508444 0.35631004567254165
-2.0464852394874526 -0.6403192472473966 -0.5629450917710008
-1.764392388943719 -0.7493699755249494 0.3529811262618361
0.2239322603364684 -0.7783247932022306 0.3154105305205641
-2.053831428874574 0.6340743147250585 0.24005917306054214
-2.0498672046348787 0.4020784137124007 0.24057844872582534
-2.0566476181125495 0.16896756276941982 0.24130526776421646
-1.992518249772317 -0.5196708818520239 0.24161676163781265
-1.4706779685682534 -0.6960125706091969 0.2312326788436232
0.6221223328351613 -0.7145929076167636 0.1880350470076857
-2.073671595495142 0.5723414714145321 0.12532643075097183
-2.079841286805703 0.33922196187103637 0.12611428494561294
-2.0719606947130984 0.1080203517716436 0.1265646576415358
-2.084744378893845 -0.12543555473035273 0.12746504540551284
-2.0034958316932006 -0.5798987959429001 0.12678960557091812
-1.3824174698489458 -0.7461665167174925 0.11328188176262954
0.47658682689946374 -0.7906578771600881 0.07174543137658218
-2.0980212918452423 0.3010814079399964 0.011413133097773587
-2.0803396309397613 0.0711347798447548 0.011655604792719876
-2.083327073578772 -0.16112470350674268 0.012383377505427395
-2.0222087361710948 -0.6177679181862255 0.012140905810481106
-1.9282121586080763 -0.8395001722967779 0.010442888690119778
-2.16238927430463 0.350100934549463 -0.10230323080908676
-2.109799036545269 0.12453676846092865 -0.10295327906500717
-2.1076301770154657 -0.1070726339865784 -0.10230323080908676
-2.0814476513556173 -0.3358010423982538 -0.10230323080908676
-2.011343321055179 -0.5597357042537121 -0.10347350840460678
-1.7637375545069034 0.5149104385692045 0.6976261496077834
-2.124958834530176 0.09845194298150606 -0.217626178311223
-1.7701204240472208 0.2807543623668156 0.6981086492072401
-2.083164561969582 -0.12848958311560388 -0.21804233794104477
-2.0620258206619297 -0.3578626862433856 -0.21790369753729721
-2.031754309357183 -0.5862093800046786 -0.21804233794104477
-1.5508003663670422 -0.39381652727871863 0.6961783527861891
-1.992334518827377 -0.8136294112916032 -0.21845849757086655
-1.908488859130017 0.449134729043573 0.584183371020442
-1.910142298407763 0.21610867682748935 0.584649360133296
-2.13108961139082 0.32860296377507403 -0.33342083697211167
-1.9076584354526176 -0.016223861447993926 0.5850376247893629
-2.128200780290797 0.09698832183888229 -0.3326835275162401
-2.105003395991602 -0.3637666659868195 -0.3317987561691942
-1.8753104047401905 -0.7095509560575879 0.5857366680632887
-1.9406023090151194 -0.5773622286938274 -0.33592768912207505
