2.1521213678162745 0.19353104841101043 -0.280617634067279
2.0087192015343973 0.4957205958223554 -0.2949158346745788
0.774753230381183 -0.8596294778789471 0.460065206280011
1.8667685009549473 0.799228136639762 -0.30924955965016476
1.0724275637190601 0.41424696292672536 0.43053110479380496
0.983362384023394 0.6935570266912379 0.42108615278269657
0.5342957855644883 -0.9407832584978522 0.3507147633936585
1.0182699308857401 -0.922312408168473 0.3600858056452454
1.959345063770499 0.6594631225376943 -0.40787831903432004
1.3330503851969837 -0.8310343253464936 0.3639431798365296
1.4202647613755204 -0.6383415763437839 0.36029513715769657
1.5308754761833718 -0.4563494357404778 0.3573983514216126
1.5604284823246815 -0.23707650245165013 0.35177834867503055
1.6089584651343287 -0.0261416250039872 0.3467541539576233
1.6537707585965649 0.18688382627423294 0.34156926511790164
1.6001011796767273 0.4471145387827349 0.33302744268442996
1.8352170306875308 -0.3880061556198555 0.26678689359690555
1.8469841228742716 -0.1611574711235022 0.26043637632395633
1.855146520867855 0.06805334425294518 0.2539127671625794
1.8687591400470325 0.2953554570249395 0.24753483175303348
1.7976636081072925 0.5639172778902051 0.23809846281077274
2.048273333590455 -0.07035851673840199 0.14631780027415164
2.0659037884478053 0.15406810050359354 0.1399622762110413
2.034841809963897 0.40241251429880975 0.13172586797739871
1.8923461958387193 0.705568376590513 0.11921771406199344
0.11342790587763574 -0.6351986372146143 0.873082956066388
0.2332422878594933 -0.45251995019330593 0.8701141679194153
0.24887778975236685 -0.22302162267777703 0.864688237896222
0.21995158540724802 0.027417614076256314 0.8581775033381165
0.24203564242384346 0.25537892984085886 0.8528297746088684
2.028985740551782 -0.13184721371263208 0.04244001745249637
1.9063215705719116 0.15876445020208507 0.030425866832989534
1.8120898267491228 0.43764095287522053 0.019450505962628206
1.8001883467898097 0.6784825684732994 0.011664947262066683
2.122051316348582 0.31231248009775214 -0.07446257234547726
1.8621465363157519 0.671337372329738 -0.09274140954945675
2.058048862915495 -0.11229575679900705 -0.1679746306035339
2.089089465684925 0.1056288676267414 -0.17415920854542843
1.9196881058319981 0.6545283001412159 -0.19676438928578488
2.221968373814427 -0.41674088746311355 -0.18758670450184933
2.1018482894882062 -0.33277478686117234 -0.18795220018361203
2.171981915630088 0.001824629203511563 -0.1653021967503845
2.056323174682632 0.08994248959288598 -0.1653021967503845
2.135739664979951 0.4312927289788462 -0.14192167879078976
2.042978478656625 0.5471123372529902 -0.1393644011113464
2.000245720716375 0.7265557022277207 -0.7019404566380798
1.9783538996198473 0.6985442625513443 -0.1335190928075134
0.6611263638595233 -0.9746337284978992 0.31791981100108035
1.8932799194874868 0.823096030675238 -0.7010721361729919
1.86821004486659 0.791247295295193 -0.1331540739629089
1.6907489789543462 0.7989890146874998 -0.7136594450566589
1.7646101417409916 0.8921496371635413 -0.13205782533619992
1.5250358146460599 0.8226103396209936 -0.7210380232426941
1.5960509799278881 0.9115427546880426 -0.13863364816640011
1.3591758400755154 0.8469923033445141 -0.7284170782658874
1.2773056153079132 0.745198654197992 -0.16274491907094113
1.2151220585536961 0.8992386453346981 -0.7327572500798523
1.1485557138418478 0.817061002579905 -0.1645714438054382
2.1051802650580314 0.07184245148860668 -0.2371873056981384
1.0585185055895856 0.9366574273192967 -0.7388338244054138
0.9947695239982757 0.8585163165323664 -0.16932074190114133
2.1203972813905843 0.3301975027523625 -0.2211040651891052
-0.2871410762711015 -0.47230411419016605 -0.9081098234746277
0.8441207096528984 0.9045060181704088 -0.17370430589650265
0.6776839491392117 0.7134960345339181 0.39656599401499637
2.0486101073387637 0.47369416843115175 -0.21586791635487668
-0.36633347144486095 -0.3295498526747309 -0.9029010927769958
0.6457828195208499 0.8935235377193749 -0.1835681593510925
0.5454180313171086 0.7837518998269815 0.39479168294932254
2.0051035828973163 0.6526823535986992 -0.2072655356023132
0.8306001512575776 -0.8417024470581964 0.25480588315989383
1.9536505364329209 0.6452688531463266 -0.7898062861058532
-0.4576169704197639 -0.20195653112148904 -0.8994287645909607
0.45024040717176916 0.8873637601722493 -0.19306675554249875
0.18959314137342886 0.5861873737772996 0.3723216855433167
1.919430610067245 0.7766739188278606 -0.20389906526539914
0.8846426970150354 -0.5291092789170264 0.27185066579844364
0.8395467519842335 -0.5380391395137352 -0.9339772856328308
-0.5579629129731636 -0.08558561284110056 -0.8972586786839782
0.30562465123123417 0.9432916177401722 -0.1967198050114929
-0.13262828308396735 0.4327621096526073 0.35310371755625614
1.8095741048526435 0.8695786657323268 -0.2035252249333679
0.9374459344166262 -0.22122225431640885 0.28859122633005985
1.7085811948059657 0.7999938594008995 -0.792467752704364
-0.1758692576363856 0.6127656879565535 0.35960825323130496
1.5291915487119248 0.7483532683292324 -0.22372261644337765
0.9080944545034129 -0.019508161490968234 0.2971134984400452
1.5677593362431246 0.8546902758288013 -0.7964603102299987
-0.28937798332804476 0.709078558444503 0.35960825323130496
1.3506267562526162 0.7570432303775121 -0.23157707811329953
0.9454358734192319 0.26374334723897164 0.31202777265574344
1.4145217230888996 0.8944465655365761 -0.8022269404027282
-0.40580259168870114 0.8019942429779547 0.359312614193219
1.1091315577915388 0.6890159961654163 -0.24691192270253293
0.8369710306141869 0.36390172000174914 0.31263645528818973
1.2957143082526592 0.9774598050780696 -0.8031143343541443
1.3755193429394375 -0.8090099982702696 0.201806625118512
-0.5969535683355325 0.8084521243510707 0.3522168004419983
1.0210588969033516 0.8117811302024407 -0.24391976953480832
0.7982056326429543 0.5495694416159722 0.3199416005518616
0.4596829132592042 0.18081364383994014 -0.9051429426762878
1.3209725820703575 -0.6350791043670014 0.20838125585581668
-0.7916719762811155 0.8120822081774932 0.3448251092341126
0.9240328696268811 0.9231867731652343 -0.24204961420033566
0.7604110763522769 0.7351045325997276 0.3272465073969544
0.20876773889942513 0.10940022641346303 -0.9242178595158874
2.0958592904451514 0.5952767980083209 -0.27879301668141476
1.3376685552568937 -0.3704866549935346 0.22215684293772586
-0.9538180271612795 0.854222969067088 0.3403902852442444
0.7385997746731263 0.9272211889386739 -0.25065199495289914
0.6568533226238991 0.8396880952092047 0.32815941213633426
0.1220581736832358 0.23890937811285795 -0.9202255404088318
2.012955491491912 0.7229492888497973 -0.2749659216496765
1.2545055022502467 -0.236204221398026 0.22560056089426883
-1.1655415855957116 0.8409582622585816 0.3315201604273499
0.5496814297880412 0.9283175179427161 -0.25962893129323117
0.5505142510284067 0.9407679870105596 0.32876833318735965
0.02636535845786625 0.35714562429006946 -0.9175638353917419
1.9183097507487794 0.8351270073752346 -0.27266947389577023
1.2460308296843472 -0.007619766869069622 0.23655875562693485
-1.3478671547861154 0.8623613707666351 0.3253115022089661
0.39885711442909155 0.9762166840481825 -0.264116922626239
0.4317329055938579 1.0268856164519349 0.32815941213633426
-0.4961202677548897 -0.0809140443416041 0.8470447862055481
-0.04323196228750703 0.5061723087652936 -0.9113532698247253
1.8210393711582853 0.9436611739813117 -0.2707559263799011
1.1985364399795841 0.16976975309647457 0.24344619154002078
1.655089889130032 0.7806928040702914 -0.8694698011967956
0.049364119161914743 0.8006311442821286 0.3025923573877991
-0.5991708048957989 0.031788972308476104 0.847983440151471
-0.02856554087597374 0.7542002350015196 -0.8936094439122497
1.5811850726921826 0.8732319026230684 -0.28644768358204953
1.1270589630826997 0.3158872072896486 0.2478297555353821
1.539042682517234 0.8667164821778144 -0.8699223196599304
-0.12811708219970797 0.8200800913998094 0.2965048158075989
-0.6597362320084734 0.1942882818028906 0.8519724213984192
1.7323916658767722 -0.8546338038437398 0.1384673917200745
1.4529585872733932 0.9439790631433667 -0.28836123109791867
1.090672278835033 0.5048789338128898 0.2556567990687073
1.423288797658536 0.953160864283781 -0.870374599704486
-0.3155240137127393 0.8290023221196776 0.28950436948801883
-0.7389908985527782 0.33403428075839514 0.8545537793543518
1.6589741528681685 -0.7053447351228286 0.14329441427256473
1.2715892544257805 0.9493524303065897 -0.29678122163746945
1.0050355327922418 0.6316693563960172 0.2584744298365296
1.220021807929765 0.9317061961407305 -0.8834911978337585
-0.5064667633627451 0.8350559233633348 0.28219922422434696
-0.8697726336784619 0.41339394633539683 0.853380521526593
1.6559586424011918 -0.4647601235029981 0.15552218793894657
0.9954414132452918 0.8396824071640481 -0.3166827356908142
0.8978898210174826 0.7315905929491748 0.2591005170252503
-0.015923981999407033 -0.388919317880827 0.7745567166712464
0.7769621980916384 0.6181320922681266 -0.9309820330235778
-0.6780755619294183 0.8646649158233046 0.27672060369517215
-0.9905208975087731 0.5045824052133767 0.8529113137629212
1.6147441167854986 -0.27598109522358527 0.1635671460535706
0.9111830445854245 0.9665746017642931 -0.3132383024785339
0.7341147513662811 0.762455642005321 0.25409110425974735
-0.03466542556824592 -0.17352485560270026 0.7821012341883362
0.6887656551944517 0.741885795214948 -0.9273635542485534
-0.8760813520135535 0.8650235518101184 0.2688070142176331
-1.1701327057771884 0.528520256167134 0.8482180440333069
2.1526112032736044 0.6585029587601667 -0.33724729181264035
1.5837097588559672 -0.07549116991367555 0.17257722257639774
0.7194751084448754 0.9630397096625103 -0.3228065168950378
0.6910967973497968 0.9401808907076585 0.2609790170099915
-0.06179354375199253 0.030041238141180315 0.7889159524347962
0.6169858559293502 0.8850327650232614 -0.9214839136693298
-1.0513545985077783 0.8925869196473144 0.2630239331629456
-1.3763194385405342 0.5233175446292293 0.841647466411847
2.0699199811016733 0.7859787907370972 -0.33334151864979855
1.5598974846974762 0.13267144278257348 0.1822310292627991
0.4827560579860197 0.9068211439816523 -0.33773295045827023
0.5914985169194971 1.048796634086628 0.262231429806012
-0.08143944239782641 0.24106681307713274 0.7962172830012024
0.5235527791432659 1.001514665605228 -0.9187702334019958
-1.5696369421964498 0.5341112945228801 0.836015781154889
1.8984588822999164 0.7999983128349797 -0.3407620585057556
1.506383982283893 0.30137306881470494 0.18866666196848758
0.35104396749845534 0.9779127004295844 -0.3400291597935974
0.26780808667277256 0.8901208013553301 0.24156792997385867
-0.08710661499219086 0.46712498313983986 0.8044920766260804
-1.7366273462606259 0.5756635499133864 0.8322611653711975
1.8010660052304814 0.9086069218480262 -0.3388091719243347
1.4227554888926548 0.43092763954463464 0.19188459753062137
0.06829826138407569 0.8819652759712397 0.23311479925181278
-0.20434868837998366 0.5593129214477415 0.8042488896753968
-1.983798331062836 0.5288380370014636 0.822874625911969
1.6015376521531977 0.8888992879029232 -0.34974495531056515
1.3428242393180163 0.5645649344469561 0.19542439817454227
-0.09601781961529454 0.9166183699931096 0.22810538648630985
-0.3730709050025105 0.5910643891467515 0.8001111352350891
1.376586250908563 0.8391061373612558 -0.3638052141759216
1.2322608435619884 0.6594630615218051 0.19574626325632938
1.7958926419087682 -0.5964471440046637 0.0800429189112366
-0.2766670253473116 0.9330785155626131 0.22153051733042606
-0.5419086524566552 0.6235983519446435 0.7959738576319397
1.2387747514636835 0.8989985945038157 -0.3669294512364685
1.1189060830439495 0.7508588715994904 0.19574626325632938
0.30987608192558014 -0.23704989848837954 0.7151585423853577
1.814259200304825 -0.3284631516634633 0.09491546987559207
-0.561865620401786 0.8295247500130998 0.2049372994806946
-0.7304243255044476 0.6342364284987596 0.7903762662317932
0.9876963203819784 0.8203488849536384 -0.3841139471623718
0.9459786878122003 0.7691586513940507 0.1896320187952698
0.32592261706947667 0.020128440224077337 0.725746473064679
1.7642929328240804 -0.15203903811083563 0.10218652128245242
-0.66479875963336 0.9384783361751019 0.20587643026377567
-0.8995574568473366 0.6684048816315595 0.7862387502100647
0.8843884785098552 0.9241542949185018 -0.3829423582646667
0.8203420114162832 0.8461238795267789 0.18834503530527957
0.2705450125754574 0.18801776534113657 0.7305363023188294
1.7488232796014387 0.06773518792972766 0.1130927407648743
-0.8461949645600164 0.9576419127677624 0.19930179952647098
-1.1082638766901667 0.6582669878534944 0.7791806065943421
0.6766804568084126 0.9015020371493918 -0.3946587240788757
0.5900121728079171 0.7966593318706003 0.17643888830210575
0.2223794663795644 0.36358800866543106 0.7358301484492005
2.030280142129371 0.6668132911529412 -0.4221667444798767
1.7100471345870396 0.255726865926583 0.12135513662363895
-0.9320948172482666 1.0862391810641512 0.201806625118512
-1.297570272261293 0.6716676157870722 0.7735832536127747
0.4812487869244748 0.8952302943936417 -0.40481344819996945
0.4228688001670342 0.8251075296803663 0.1709683740046204
0.1751056111388749 0.5390898776284345 0.7411242329981507
1.938480885956853 0.7828661041339231 -0.4193658030125915
1.6876732260346508 0.46320972206592614 0.13127025007273563
-1.5037030183221276 0.6673230481476722 0.7667685353663147
0.3815314737368318 1.0045232716065442 -0.4032510912511169
0.24277349842121154 0.8390314825786049 0.1642108762171448
0.04849692727032462 0.6188703289266826 0.7401157224085511
1.822462293428046 0.8678861689215935 -0.41976610780690304
1.5952803112384757 0.580414707624989 0.1335838639643372
-1.673604529090202 0.7049734310807523 0.7626310193445862
0.056008596293722235 0.8461964718015835 0.1568094098475159
-0.12944307590419157 0.6381001097595203 0.7350738847162903
1.6694772281558308 0.9065217664551923 -0.42496744752858273
1.5375718191968986 0.7408036418000847 0.13953288435007938
1.957549088171092 -0.6994731069908653 0.006859382381695589
-1.9003957815134527 0.6803243719263747 0.7543562257197083
-0.12133761182632696 0.8656764742642551 0.15037377714182742
-0.3172882960212391 0.6467652863739772 0.7292757832911194
1.51957357635429 0.9497278983978816 -0.4297691977116882
1.4213788373386258 0.8272409276051249 0.1392021977808655
1.986748056301142 -0.41553973809226363 0.023480495205181917
-0.31186363801749195 0.8708381959808094 0.1426506841089905
-0.5021548186659004 0.6601422974308733 0.7237296903040589
1.2318914735514603 0.8229643291978377 -0.45217601419423215
1.255324261259215 0.8519858665545641 0.1335838639643372
0.35318853223352775 -0.24143564427498632 0.641234000911969
1.9934570438195927 -0.1639863278125162 0.03738816617991336
-0.47987289941800526 0.9033923252863758 0.13718016981150516
1.137973769091527 0.9375594528526463 -0.4497753775212585
1.09542312704869 0.8852365674745428 0.1286261880304993
0.3123321297643322 -0.0540196572360756 0.6474932038691223
1.980374901978795 0.05938881031931231 0.048920949688214144
-0.6774441069013903 0.902818292660541 0.12881358503367313
0.9182131489741074 0.8981818647391577 -0.46337978006337277
0.8753726623001441 0.8458752234022313 0.11738952039744266
0.31676318816681714 0.18733473805493617 0.6574040257837952
1.956350878597469 0.26665515311907484 0.059097369900006136
0.7930123123144703 0.9752972954143715 -0.46498004556630246
0.6960034756048081 0.8576938514982544 0.11044891714121707
0.25898048599499646 0.35124205711353085 0.662098487606305
1.9150936511154306 0.4500471828634929 0.06723817228342899
2.137518147585453 0.5720659737820242 -0.4952565825078308
-1.2803387966424573 0.6814010775944439 0.6987725102808655
0.5915801352523076 0.9608761287718437 -0.4761838114354431
0.5578363436034373 0.920258367215169 0.10780485509898075
0.24989337898932718 0.5727434434062388 0.6707053983118714
1.8409792989157516 0.5901212880023792 0.07164772390391239
2.0238530720557044 0.6603029982727335 -0.4952565825078308
-1.4897251255159887 0.6732572734478097 0.6914616429712952
0.42811053924439335 0.9933457591705661 -0.48258558870289914
0.37816311291358673 0.933648560920723 0.10086449026133426
0.1554751574301534 0.6905403473527656 0.6722701394465149
1.8015118788019961 0.7734014122859847 0.07978900312449344
1.9535609382028163 0.8038219861806937 -0.48953262926076047
-1.7028455259149773 0.6624544147164002 0.6838990056421936
0.18861371006395444 0.93645792525313 0.09293254255320438
-0.009268571102609258 0.7246163055544557 0.6680973374750794
1.6575262416238026 0.8237484108353925 0.07639702199961551
1.8345194130043758 0.8848741366103496 -0.4903504049870788
-1.889669956198972 0.6824363442425181 0.6783529126551331
1.9481171432425093 -0.6610188540145003 -0.06558481813405148
0.011667921045066976 0.9554161386019544 0.08632238744761356
-0.26137055872438 0.6566879728762842 0.656882365932721
1.5042262567663265 0.8630115968329761 0.07198699354197391
0.5498032662276273 -0.534667978398474 0.5603783929255188
1.6443644487597808 0.8766931737417565 -0.5005711710545837
2.01065995296052 -0.33341781672476145 -0.04471007944081418
-0.16871395791060806 0.9714242094146073 0.07938202260996707
-0.3714798474314662 0.7570911077828697 0.6571434342768372
1.3634158555685723 0.9184991058899641 0.0689342820551575
0.6008070631296007 -0.23044083037517993 0.5749326550867737
1.41955148179726 0.8266771449956423 -0.5152887499425232
2.0328697175766663 -0.06221409900117436 -0.028705993900042692
-0.3688491846383428 0.965608838229592 0.07045849203135379
1.1880902052769038 0.9319566947227145 0.06215008138682254
0.5564395938887294 -0.047457820350714996 0.5811315381434143
1.2629486368803278 0.8631344565568995 -0.5210122263524353
2.0323709830270538 0.17676692653748205 -0.01548544527028195
-0.5366754135074601 0.99850149016617 0.06483991979624637
0.9936137458022856 0.9230816479862796 0.053330978145855745
0.5570978915876665 0.1896860665770177 0.5911038720514954
1.0591281276237048 0.8423015075463525 -0.5328683054539978
2.014928815721298 0.39166404355255224 -0.004352012881976286
0.8272813292861194 0.9498284172179794 0.04756410955454715
0.5148215418535962 0.37231632837477235 0.597302755108136
0.8990452270379237 0.8764692773877059 -0.5390006697270691
1.9404629755347003 0.5314951073600724 0.00017078756358035463
-1.1941428229883861 0.7237778572845457 0.6276717984583557
1.9606663875226538 0.6161151729290637 -0.5738157427403747
0.6385313575493932 0.950463193098031 0.0394233071711243
0.47031367425393356 0.5509857326522436 0.603232463588971
0.707173252873055 0.8729195550956987 -0.5492211973759948
1.8820494262060556 0.6910694526937533 0.006433089962261995
-1.3536143297596723 0.7713177852099804 0.6240204179194153
1.921014710443636 0.7990033488001913 -0.5637952482793152
0.45265864696597546 0.9558524398678685 0.03162153600718387
0.35658472413261677 0.6450401694593779 0.603232463588971
0.5213259904381111 0.877987087008826 -0.5586239492986023
1.7657135114489897 0.7762854446177343 0.0060852372553528156
-1.586231715813831 0.7376064883233866 0.6146312558558167
1.8050508002631354 0.8840859304503539 -0.5642129576299011
0.2729257527634843 0.9697887535117999 0.024498065700787386
1.6496518348702445 0.8619095038442381 0.005737146129864534
0.4434446286116156 -0.6424699716162579 0.47664245008494266
-1.7894024791584258 0.7385517461355846 0.607589563122052
1.6210602436685733 0.8838552392019068 -0.5738157427403747
0.08006472601946868 0.9693563698482421 0.01601799367930301
2.1850133894518216 -0.5762765778327221 -0.12475554109547726
1.4683950055929422 0.8662078450775113 -0.0019168055150329266
-1.9728138807932538 0.7627416015541826 0.6021126115229309
1.449232997512535 0.9000583156820241 -0.581748644122821
-0.09046850459829159 0.9964497628939242 0.009912332287091097
-0.20861908949549957 0.6629904838837604 0.5843659245875061
2.1871415329312818 -0.3286875515095602 -0.11049071908925168
1.3463563611844513 0.9451255351788035 -0.0029606020543395672
1.2584096007652406 0.8938195641174076 -0.5921868479344665
-0.29039533295332376 0.9902851276588862 0.0007537209894836749
2.208742383105953 -0.05766285702555507 -0.09408632875416867
1.1679444538102892 0.9548352088601888 -0.010266700992327848
1.057796575411448 0.8769314718345242 -0.6038772261235534
2.1865850978464856 0.1532999186283277 -0.08303109765980832
0.9292492204691847 0.8920522812737772 -0.024183431873065153
0.897809533545626 0.9111341219667395 -0.6101400053593933
2.1595117025959425 0.3560924352880974 -0.07268945337269894
0.76277588697981 0.9190740435243967 -0.030097881564837614
0.47024013281738064 0.5757770295880889 0.5303419434931458
0.7123684854115737 0.9153325543425197 -0.619743028888446
2.0359424981267153 0.4324158871339705 -0.07375923753712765
0.5770514681563199 0.9238386014048388 -0.038099685916644255
0.3853026206784058 0.7043996019954051 0.5328460538294495
0.5043311530853174 0.8936129017653016 -0.6322685873601257
-1.1639506693095711 0.7026140324236536 0.5522924268152893
2.096094665362706 0.7331638323869782 -0.6313323175999939
1.9616271685657942 0.5721647506876621 -0.06912294984791867
0.3974335658550743 0.9371590584862233 -0.045405784854632536
0.2048529164341204 0.7183336519627375 0.5270031297114075
0.3022172247018169 0.8805944019001402 -0.6439592039677917
-1.300296513768238 0.7761915386320908 0.5504058205988587
1.9891395052044416 0.8293840791197411 -0.6304797327611267
1.9064371470530759 0.7355699020011812 -0.062347570667010466
0.6789921260592742 -0.8293775442692208 0.4009817445185364
0.2336479633805446 0.9704168340243129 -0.05097238183949582
-1.5360903613583972 0.7384747172075166 0.5404337251093567
1.8053592118168993 0.8282140119342074 -0.6402827894780456
1.7871628441736007 0.816787033867655 -0.06306068063710324
0.7677613882669192 -0.47360902335183397 0.4202073419001282
0.03750594049265743 0.9663855279784457 -0.0600182211491882
-0.2148747083069118 0.6802727551589811 0.5103090608027161
-1.7724971349252385 0.7020082589729952 0.5304611527826966
1.646068124016569 0.8591201099361214 -0.646675983676654
1.6215634135093282 0.839898042834534 -0.06912294984791867
-0.12335908225849934 1.0050578388277884 -0.0652367270085632
-0.33788082661062546 0.7653291338514236 0.5094741189387024
1.4586557275914842 0.8557588407513421 -0.6569050943944275
1.4495739355371775 0.8559868303894334 -0.07589880586598508
-0.5159776666420086 0.7865161960462501 0.503909429302472
1.2896730245044061 0.8765723359316198 -0.6645771658513366
1.2711242747906937 0.8651247662984787 -0.08338777185414425
1.0733935706182471 0.8401804578390468 -0.6786421930882751
1.0735400844161838 0.8518916629997548 -0.09301654458973996
0.8597000483758208 0.8087619085613937 -0.6922811663243591
0.9197871910505278 0.893676708409977 -0.09765259386036984
0.6777948004090959 0.5981081294720738 0.46497138380076297
-1.1304781155298222 0.7651847965972252 0.480537732830304
0.6359641760099457 0.7669098466937285 -0.7071985399815857
0.7628292130442738 0.9322871222048121 -0.10264507890675656
0.5292949696678342 0.6490746370480096 0.4618149602320374
-1.3030067951984705 0.7975302924726222 0.47552951215769657
-0.902596736217653 -0.856834497360559 -0.898143211612445
0.5675828723465024 0.9255627666070296 -0.11191717744801633
0.16077391292055054 0.43570831365120455 0.43885906576182254
-1.5022247632642092 0.8008733881377097 0.46829517721201785
-1.049994950967605 -0.7923793904345899 -0.9019793665501892
0.38476861653791516 0.9351150202589977 -0.11976281763051144
0.014618428341396594 0.4925519156504379 0.43598969816233524
-1.711770910031177 0.7940695247572549 0.4602263772394837
-0.09609579145548253 0.5920168914470807 0.4362765157129944
-0.19676236651805468 0.7032754375020787 0.43742426275278934
-0.9757148953583688 0.7150544455121093 0.4087293946650208
-1.1679457716973793 0.7241657458291257 0.40184267400767215
-1.3439194426902503 0.7529112431518641 0.3963905179407776
