-1.4549056858853504 -0.6155140318116707 0.5254547663414781
-1.3888895097555434 -0.6026119270152925 0.5328462191307848
-1.2971390038109973 -0.6193408241683933 0.5489323206627672
-1.2291502928558913 -0.6052556721779432 0.5563085146630113
-1.155951762035798 -0.6063221277944706 0.566965348311693
-1.080707463421163 -0.6058652692239797 0.5776093073571031
-0.9960886957132402 -0.6169149606237525 0.5915143557274645
-0.9211360196785421 -0.6172372332098206 0.6021540232384508
-0.8463261184465978 -0.6179331743864331 0.6127922602379625
-0.7841720175069753 -0.6040297419283966 0.6190779276573961
-0.7158096303423775 -0.5979084430998896 0.6275355883324449
-1.1140320796101406 -0.8389599913055399 -0.13321804325935194
-0.6568508859858895 -0.5808215085872526 0.6327278681481188
-1.011096392831007 -0.8707845233319489 -0.10878681462165662
-0.5886100774022935 -0.5753223356976314 0.641181714125902
-0.9623123263303626 -0.8411758950942776 -0.10641359608527967
-0.5204659602802764 -0.5701424720011801 0.649632699080736
-0.8724752920394252 -0.859310575788772 -0.0871760777747328
-0.4432100611139873 -0.5766798680034348 0.6613462038719957
-0.7923068498761694 -0.8669178300761367 -0.07183193486091444
-0.37615873247469267 -0.5666324022144167 0.6686928339684313
-0.7133302697340298 -0.8694573113455064 -0.05779909413215467
-0.3083032607532772 -0.5624533046000089 0.6771376200402086
-0.642854473293383 -0.8668140266190782 -0.04635214131233045
-0.25566890237845996 -0.539450048409261 0.6801388331139391
-0.5817858918236851 -0.8534035208255197 -0.03880142491218397
-0.20600936755931798 -0.5128275815794545 0.6820490427697008
-0.5053098390798425 -0.8588335467256876 -0.024762862137525765
-0.1764701966827289 -0.4650020396884855 0.6774380274498766
-0.43631489531304624 -0.8644246336359309 -0.012000315598219125
-0.1317836215584265 -0.4365303177815463 0.6782667704308336
-0.35402268156580874 -0.8780507105448194 0.0046317644799058755
-0.08779342298078063 -0.4026611832118121 0.6779902048790758
-0.2780425898308465 -0.8846107922513511 0.01866460520866564
-0.04368128783207226 -0.3689444095123342 0.6777103014672106
-0.21741947962722463 -0.872784864993541 0.026205784865648063
-0.0024021538146286048 -0.33149134106340483 0.676337964125902
-0.15077837068385236 -0.8687596478025128 0.03634048182609728
0.04124854686770618 -0.29250578906266256 0.6749479838097399
-0.0851234752023231 -0.8595892265739842 0.0451624460900133
0.07990294821668442 -0.2514193690572668 0.6724798746788805
-0.0006753389769471596 -0.8789148467437364 0.06308341700676134
0.12096904568919342 -0.2087916536491825 0.669992692061693
0.06773765797474596 -0.8742394590105178 0.07320047099235705
0.1628611965409874 -0.17187446779256987 0.6686065264427965
0.11314572911571474 -0.8449018270438664 0.07423663813713244
0.19977657687505257 -0.13279011693638765 0.6661417551720445
0.17509312407322852 -0.8457387697392527 0.08438850123527697
0.2196477467979605 -0.07010655991620851 0.6571376391136949
0.23317462551776202 -0.8375576008407215 0.09192729670646838
0.25980040026708195 -0.035136428924836594 0.6557557650292223
0.29414188022596477 -0.8334619542218391 0.10076356608513048
0.2853274458285142 0.025154131310486605 0.6478173800194567
0.34761598100516267 -0.8110296490319158 0.10437370020988634
0.3281023263926528 0.061545705361396585 0.646412140914232
0.3508301835279468 0.13132068978359612 0.6362693377220934
0.37163563830490887 0.19949936499530807 0.6261375017845934
0.3928113082443758 0.26768971026437427 0.6160008974755113
0.31706214538837685 0.48218646144795585 0.566599137374193
0.3559969734848778 0.5265668917769517 0.5629890032494371
1.7992847434855577 -0.49719579602012587 -0.7490894727027113
1.9085720579797396 0.2264638750526231 0.09281898219230822
1.8529852237493145 -0.4862445073657895 -0.7430455617224867
1.9379433201790022 0.2824391519034144 0.08331466395500353
1.891779548361157 -0.45129777663030524 -0.7465875081336195
1.9484242877780247 0.371887208694897 0.0633828707421129
1.945525755166443 -0.44073968526307183 -0.7405478886878187
1.9689701468963676 0.44463016400555233 0.04865575511100939
1.9918924152019883 -0.41824460283787346 -0.7393028668677504
2.0358828592253104 -0.3918574407212354 -0.7396585873877699
2.0872385610098547 -0.37783431508246323 -0.7352240018164808
2.1289619841834337 -0.34770225424066226 -0.7371833256995375
2.16840707384479 -0.3136185445735542 -0.7407438687598402
2.212761541559445 -0.2878487745508771 -0.7411115102088148
1.9743146023422042 0.10613177227365966 -0.12622665684577772
1.9836711948797614 0.3542675192664859 -0.121112101486891
1.742204984056798 0.5399899413850413 -0.13499473851081678
1.6272114614964721 0.7578278194898616 -0.1393783025061781
0.7612538403779325 0.7962725237606492 -0.20038675587531873
-0.41101134412490126 0.7684874415108389 -0.2844107083594496
1.9016784623332796 0.002537452115003447 -0.2532222203528578
2.099215535949199 0.2985033014461109 -0.23339914601203748
-0.16853071584795032 -0.2599548034205199 0.5794155665123766
1.9447410587217036 0.5052167645547421 -0.2408792905127699
-0.17486867821870078 -0.008089383066238298 0.5827629633629625
1.805434444079026 0.716362524231986 -0.24723791401740858
-0.20452721364677018 0.23768660607650105 0.5845897265160387
1.1287279429690784 0.7987392364116133 -0.29511284153816053
-0.41284590558092304 0.440272992771245 0.5751540728295153
0.07821863259788131 0.7970873082041976 -0.3717877797400648
-1.1839110618822986 0.510671324301061 0.5304114886009996
-1.167324019012142 0.7572461075557904 -0.46342348378059217
1.906427492311792 -0.18007513712381495 -0.3763573102271254
0.35287781803924645 -0.31654422713763 0.4868600435936754
2.238207720949333 0.3957885480804819 -0.3407642773902113
0.36081498886593977 -0.06272054632390223 0.49124313075187853
2.11310092194978 0.6092818061140655 -0.3461224965369398
0.4036122746387889 0.19921336949787616 0.4978182383263414
1.8675840175242087 0.7939613642226604 -0.36104845326301405
0.38922532206225924 0.4464854167265102 0.5006358690941637
1.055361468233997 0.8441279143992446 -0.42075371067878553
-0.1629207765192433 0.5645668483142998 0.4687016077721422
-0.1697338485720934 0.8023857638931489 -0.512990706375807
-1.1570429646037184 0.582022674439191 0.408276326247484
2.01911471478212 -0.6557630038449425 -0.48536180775520155
2.01595555950108 -0.4095686957541922 -0.4806744984900648
2.2152354636179012 0.13392895657892723 -0.4548981122290785
2.156970944268778 0.3642610566715483 -0.4548981122290785
1.9688650048340435 0.5624675758205413 -0.4654428891455824
-0.03861218076221462 0.06580892539859917 0.3458082743370836
1.786168086668738 0.762962402728995 -0.47559761326667616
0.5767324394324618 0.4682182660762635 0.39053750712516955
0.6976877405936364 0.7469990727816764 -0.5587856702124769
-0.978709058455081 0.5997174127896372 -0.689232104233473
-1.2750222373888818 0.52969060844163 0.27533603388908556
2.0103761413480896 0.5003017725391636 -0.5950925282752211
1.9533920728253236 0.7313422125609321 -0.5950925282752211
-0.062410789518594356 0.2378501500435135 0.2239034243309801
1.7567000357930311 0.9286993659056044 -0.6066968373572523
0.7333009794900534 0.6819408163033245 0.2820713587487047
0.6138573702831849 0.9024603982823862 0.27777505595329455
-1.0546164252090193 0.7613697284949517 0.16804910380485705
2.06280575354711 0.26921131509479324 -0.7152297429358656
0.95592749807318 0.41363133689920417 0.17090678889396838
1.763202438202569 0.43997741623774544 -0.7356707982337172
0.9228836839477026 0.6542210951896763 0.1726028986656969
1.5801606680047797 0.641074988598703 -0.7463009290015394
0.6141126272774073 0.8288707255229859 0.1549642153466051
1.572109292004356 0.8852928263541457 -0.7422125272071058
-1.2464341002162058 0.8964163029056778 0.032849556990892204
1.4313117233838 0.3338662972471731 0.08043981272819689
1.3689011260056105 0.5657400435898126 0.08009172160270861
1.186087627668286 0.7685790207091543 0.07104564387443713
0.6350865901199114 0.8847981543909569 0.03555894572380236
-0.24132124949932177 0.9284849238702861 -0.02323793690559217
1.8486485454276362 -0.04137781163709775 -0.017769568375318734
1.8091036425301183 0.1951096846949234 -0.016343348435133187
1.6978107230423376 0.41360967284421335 -0.020266287735670296
1.3595856011111351 0.5769154064343915 -0.040949576309889046
0.5514091601459086 0.6288987418029137 -0.0962254933631117
-0.6259730649372841 0.5987077917916714 -0.17860388081428358
