-0.12991242750120335 -0.7434065614679177 0.29021303556339895
0.6733579334996307 -0.7577976030768916 0.2968394031323687
0.5581269181147874 -0.4193187156293945 0.2892293205060259
0.4397417386479603 -0.07787850242106131 0.28151886365788137
0.5638254353501893 -0.9365498149366722 0.16272990606205617
0.7274916255427186 -0.7066002584754045 0.15959923169987356
1.473455253573583 -0.12169427524295529 0.15466611287968313
1.4124257314861097 0.1958167858046984 0.14753882787602102
1.7622888274053707 -0.26729517986352747 0.025129245737959494
-0.5384089756827635 -0.39468934323764415 0.8495865335263506
-0.3462903728077009 0.12679327031358056 0.8408399095334307
-0.23491942807553556 0.3815313662118385 0.8365737666882769
-0.9956138432808359 -0.45950712906686775 0.6965880861081377
-0.21913811607637257 -0.45966010569825855 0.6989275684155718
0.37005617031083915 -0.39226045630309514 0.6994854678906695
0.49358871815329053 -0.14551159879432518 0.6954271068372027
0.5343371049835071 0.13398340576778622 0.6905230750836626
0.5946823289757717 0.40609834710935644 0.6857985725201861
-1.0844155993899776 -0.7256149803489258 0.561481641749312
-0.2285570483248378 -0.7533728177406473 0.5659784545697466
0.4675791812947523 -0.7256051825815781 0.5686948766507403
0.5107968202606372 -0.44825270771075054 0.5637549629010454
0.5550452379477662 -0.17085670047015356 0.5588061084546343
0.5771181446746425 0.11581180518482626 0.5535694827832476
0.6003010685978438 0.4026810128363678 0.5483210553921953
-0.4597783279424945 -0.6069553849313856 0.42355983159916555
-0.15971163575569136 -0.42562506524340193 0.42197267911808645
0.7508562363538331 -0.48421352313881627 0.4287826289929644
0.254987920921387 0.30215953967599063 0.4105643501080767
0.5339374317340315 0.4875314661200747 0.4087080230511919
0.8132899692819748 0.6713054675703347 0.40686981580631887
1.7904306933678455 -0.6923028512239675 -0.11401946642024363
1.9764095284083965 -0.3337821930988092 -0.09775145151240672
1.9766216963711614 -0.10940318256674786 -0.09187705614192332
1.973786398440268 0.11173744032261723 -0.0862284431658491
1.9555719749558094 0.32112790807979863 -0.0814836750231489
0.6442410549639064 -0.5904653880546284 0.5970188846387163
1.8930749700123712 0.4990766000881308 -0.0792241821490034
0.7184432273245065 -0.311421064192988 0.6038909425534502
1.6994167567976248 0.5867782389405498 -0.08419497110469187
0.6868535919210714 -0.10668717642270664 0.6067022552289263
1.4356340751405199 0.6277431902750621 -0.09300668336970652
0.6850839133322708 0.11755996895742626 0.6106068362988726
1.1674656079269283 0.6673925757522383 -0.10204465486628855
0.6760536953801335 0.335859512976306 0.6141990890301958
1.852414262088807 -0.7373180339925014 -0.20524985887629832
0.8575494116052482 0.6807695917215177 -0.11334164239985789
0.6430967813182349 0.5371750030792697 0.6168541183270708
1.8101739399358365 -0.5409856491698193 -0.2014952430926069
0.5263936849588688 0.6821282467170384 -0.12576873399836863
0.29467041875911804 0.5281382492884887 0.6076392402447954
1.9807829204003866 -0.1947080765853073 -0.18553836443049754
0.219734750334581 0.7019432635627005 -0.1368399391375288
-0.054347367751027775 0.5211800419520785 0.5984246005810991
1.9530235740507464 0.009333342390828392 -0.18107969858271922
-0.26597368787524545 0.6066108683181959 0.5943638553418413
1.913876245991979 0.2046294502003967 -0.1773253212176069
0.6863660796556772 -0.6283828824449458 0.5036466588773028
1.777002305490747 0.3316167896841904 -0.17920239069087351
-1.0594439947256404 0.5420827441053895 -0.18925888635737742
-0.9872862223601899 0.5885955073971161 0.575153516749312
1.6651931140260885 0.47616266257170636 -0.1796718368731245
1.5497476920298041 0.6183163210782752 -0.1803756485186323
-0.07467730905569425 -0.46628081485577866 0.48600189588444387
1.2444876263571985 0.632153914259181 -0.19187409975154246
2.0192105479970976 -0.5597110275448927 -0.285937620183061
1.0134348806044216 0.697890719819771 -0.19914872743708933
0.7629912183553387 0.5519683102849413 0.5277227630414263
2.0793562260796605 -0.29163016417327725 -0.2759590873919233
2.0470272540820815 -0.09061662933581971 -0.2715783844195112
2.0278476575071025 0.11885267582292514 -0.266467405339311
0.8069543991260275 -0.7257213572197045 0.4113567342557207
-0.09116400011946979 0.6551748148982348 0.5061202516354815
2.021908103081863 0.33664690392219754 -0.26062638856990183
0.7612227261607529 -0.529322626994027 0.4139609803952471
1.9676620764209645 0.5200581575944092 -0.2577057609759077
-0.9502859444431806 0.5459191128635936 0.480395125369002
1.8771012828394902 0.6780662581645025 -0.2569757232866987
-1.1203988726289111 0.6624892562432443 0.47775666616337453
1.4692087044414777 0.6200025809211134 -0.27498562433345164
-0.13944400659373457 -0.46324079135485263 0.38947980306523
-0.3037591225405052 -0.3454884317802964 0.387049006442
2.0965962179966624 -0.5141895440281985 -0.37336070634944285
0.7775511058094011 0.6075386991768319 0.43670611284153615
2.018542441196132 -0.3448271698695322 -0.3715961704455122
2.018636815947147 -0.12053979722765362 -0.36504180528743113
0.7722884073962604 -1.0012327158104668 0.3202168216504351
1.9788950142279802 0.07470205556770182 -0.3610082397661909
0.7704253828680763 -0.7729158258002897 0.32493524454014455
-0.06788123405417679 0.7164691155376879 0.41430835626499807
2.042453271147508 0.3411846288742595 -0.35067231752497996
1.9676684328832863 0.510332878791143 -0.3489077816210493
-0.9394316136146017 0.5994038950189804 0.3867017497815386
0.6558013935483658 -0.16931109969499758 0.3340089788235918
-1.1093865563973537 0.7159837766410497 0.3839236964978472
0.04243877358216963 -0.36105297778239276 0.31168751619236623
0.9052733719455404 0.44980904014714085 0.35415272615330373
0.8062665390162849 0.6058363502836457 0.35433428190128957
2.1905947096722187 -0.2770343563518516 -0.45395977594477976
0.6994939597597991 0.7566560680925676 0.35415272615330373
2.0889709044353424 -0.1253854400957337 -0.45369894601924265
2.004223881896081 0.03808325511466393 -0.4523950348101362
-0.25215202885613053 0.574592610549189 0.32166867158787404
0.7771534839413903 -0.5840189787145782 0.22606580160038625
-0.44701058667561 0.6719325582176161 0.31767623327152883
0.8799149940772466 -0.2853152527801832 0.2358102073468462
-0.8726212650246339 0.6212182781402689 0.3037026395596758
1.8854058575824766 0.6203166655824006 -0.4401369819842085
0.9430489521644105 -0.015987974713485897 0.24364392660038625
-1.1308424508093111 0.6809351027307251 0.2969880571164385
0.9827520755310744 0.23563638269217435 0.250331329325606
0.9616077172799251 0.4446147517162551 0.2541527023114458
0.8667271359618383 0.603233389397122 0.2545348872937456
0.7142141572158067 0.7233555694405389 0.2522420158185259
2.1920078668366045 -0.33077882075252774 -0.547024799367021
0.6578518934757156 0.9075886831499709 0.2543436755933062
2.147206782537431 -0.13869512138041884 -0.5429819355211958
1.446869588111099 -0.6354012809831602 0.15313975713627492
0.013332706270446693 0.7052281980630362 0.2295049896039263
2.1032287631084756 0.0533313914603859 -0.5389390716753706
1.5114973215771528 -0.3632503477559439 0.16153066060917531
-0.2689337571116397 0.7443035087434353 0.22128908536808645
1.5201667947857302 -0.13198740072293091 0.16712467573063527
-0.5682517584152009 0.7741424867483175 0.212308811167647
1.45602480652677 0.047586782760600244 0.16912262342350637
-0.9099626355513308 0.7787311693736854 0.20141808889286672
1.4008449241658738 0.23290994670642817 0.17152016065495168
-1.222684532170632 0.804137590750198 0.1918646564282671
1.3010556529556396 0.38724634891179477 0.1717199554242388
1.2018116300644905 0.541913066466357 0.1719197501935259
0.9249055459316295 0.5769504754002881 0.1635286083020464
2.0016856036539394 -0.21816723385703796 -0.6435418853960737
1.6832195371787009 -0.44386862735441923 0.07305018804447805
0.6892541832579226 0.6413134719761331 0.157135414103438
1.9982694708954867 0.003064960416569562 -0.6365860233507856
1.654568896553883 -0.23872252998396348 0.07701198957340871
0.31195170358209623 0.6130987287637701 0.143949436167647
1.9508518440644167 0.19251148443480304 -0.6326907406054243
1.6309279209061955 -0.030884173598963116 0.08118193052189504
-0.024346089404929216 0.614624252108257 0.13276116750614797
1.6328367848729641 0.19381715767935148 0.08660333059208547
-0.33189321144534745 0.637260278301941 0.12297170064823781
1.6234455816764637 0.40964651292704346 0.0913988818921343
-0.6691673282179451 0.6426706762098533 0.11178367040531789
1.5449022506272954 0.5772892641013847 0.0926498641766802
0.15238447647105602 -0.36212636670013865 0.7769462337292925
-1.015361516151657 0.6446693588516794 0.10019581220524465
1.3801546314924167 0.6862608732679547 0.0895222892560259
0.04226686989976969 -0.20904764748188143 0.7768074741162554
1.0912889895785867 0.712380641599907 0.08013956449406301
-0.054891310154616235 -0.04721061128447701 0.7770849933423296
1.9230054869035484 -0.7127136201910531 -0.017498804112504374
0.7896107472484246 0.7318368289600166 0.07013122938053762
-0.15562024026393573 0.11216245812460812 0.7772237529553667
1.9580912071608054 -0.46144908087847725 -0.009896112462113749
0.4958676026392581 0.758561112747504 0.06053988836186086
-0.343284919155856 0.21392047565077377 0.7744490375317827
1.9781030177374461 -0.22235689786713309 -0.003161979695390116
0.17673656215852418 0.7705150024038723 0.0496973266400591
-0.2718398163741398 0.48682149041618317 0.7802759876050249
1.966578023064642 -0.006761602520207077 0.0018340816296831264
-0.1470345911736075 0.7816092271478894 0.03864662549870168
-0.4795160060199066 0.5759093660169974 0.7768074741162554
1.9478354754789393 0.20282076453798226 0.006395982722212423
-0.46707444800307485 0.7973245804750881 0.027804302195479025
-0.7794254236911087 0.6063348374892001 0.7702868451871172
1.8479227196549246 0.3552767886495616 0.006613182047773947
0.5895152307478995 -0.5165972550339575 0.690725969294478
-0.7917487141170554 0.8122201792179027 0.0167533626355425
-1.071256772787521 0.6439013476500364 0.7640437354840532
1.74442825120272 0.5052299880803304 0.006613182047773947
0.6641812199197119 -0.23764016233046448 0.697214292506148
-1.1674148862801417 0.7967930642773844 0.003200458506514181
1.497056230460494 0.5569812165222885 -0.0009897480211957799
0.6494403012961811 -0.021564323137294394 0.7004583349026934
1.1833531525040542 0.5652733386842428 -0.012068344136308085
0.6273944565694833 0.18863830938328263 0.7034075727261797
0.860892688849134 0.569823234164943 -0.023581100483964335
0.5067358036797103 0.33169850092669506 0.7028176059521929
0.5587099991169779 0.5901293118888127 -0.03400809862239207
0.26182804232099954 0.3920158473750419 0.6978041400708452
0.23948737905752893 0.6011605975800229 -0.0453038940630659
-0.04153468508169311 0.4150451633585277 0.690725969294478
-0.09690166258639721 0.6030815623234105 -0.05746848680598582
-0.3410981517774587 0.4425784426064183 0.6837954988278643
-0.39197290895598513 0.6342877786392016 -0.0674608478747114
-0.6661345746959526 0.45545671531202814 0.6759800185956255
-0.9706461275233949 0.4838266914504459 0.6689019670285479
