0.36387924826124873 -0.4786942037419344 0.3520943147072053
0.4130300394416153 -0.10876368472464115 0.354826114786551
0.46790833498596385 0.2447053418353935 0.35775961698381664
1.01627304045536 0.0874935435417612 0.073543213022635
1.4756048199366205 0.14416551003484201 -0.08196435152204273
1.4493180946148811 0.47198539669407147 -0.08246789156110523
1.4194024289914324 0.7984156496287209 -0.08320317445905445
2.077593222203859 0.2072944639021106 -0.21209750353009937
1.685068733650354 0.4343682264512392 -0.23206839738996266
1.737193085780362 0.8145012450810505 -0.3895128744712615
-1.3068243935980632 -0.8239308962049288 0.5904346925148225
-0.8934586586620767 -0.7835569656966745 0.6436835748085237
-0.494783667484036 -0.7428705032732763 0.6949354630836702
0.2234267748904415 -0.658287493606017 0.7867890817054963
0.28323679623627385 -0.5493171016478575 0.7914482575782991
0.3434057099293142 -0.44067374464459164 0.7961074334511018
0.35565336572654616 -0.3211623776126924 0.7941104394325471
0.363501202967349 -0.20050661632455036 0.7914482575782991
-1.002274044854147 -0.9235451710945686 0.19313587964861156
0.3573306600725985 -0.07635130783417221 0.7867890817054963
-0.5849973052158504 -0.8847002433218982 0.2519504052528596
0.34680820660384626 0.049110453416870925 0.781464241159842
-0.3081995872142542 -0.8188283452811742 0.28970732511369945
0.31751088071553113 0.17949245248945722 0.7734767419227815
0.5633506597865718 -0.8834848883981659 0.41677441419451
0.6513445074185142 -0.7819204414398699 0.42621435941545727
0.7830837662668984 -0.6905956677010163 0.44218792737810375
0.842704439650042 -0.5836555790627678 0.44727053464739086
-1.534087404372869 -1.0687018381862945 -0.4488147276511931
-0.3421842732407683 -0.0644051449243852 0.2606631738075471
-1.1031827421717324 -1.0279966440683381 -0.38137517152936695
0.12046372725435361 -1.0311037669522483 -0.1862820166221404
0.43958784787833594 -0.9768066314898665 -0.13730797945173023
0.2092610292216719 0.3001940217649519 0.32673849881975414
0.9660800454847163 -0.9695318332441039 -0.05381188570173023
0.4543783639359589 0.36216611435476054 0.3594128114113069
0.4839079044370891 0.4779224115431848 0.3594128114113069
0.5904361295208957 0.5736174743658573 0.3710304719337678
1.8311227762866054 -0.8072901174372529 0.07785572828142406
0.8263562770139359 0.6345276907552329 0.40225281537859203
1.8517582039359866 -0.6952175782470755 0.07705368818132641
0.7564925993291993 0.7758953162333491 0.3870049935707307
1.8391482927237526 -0.5753086592457439 0.07063069166033031
1.850994775486086 -0.4609393354647082 0.06822218717424633
0.5994550776646292 1.065656019258924 0.3536044579872346
2.088694463853976 -0.40114432947062806 0.10354771436540844
2.110754286111437 -0.289909562015775 0.10274472059099438
2.118843451488029 -0.17514670313076586 0.09953322233049633
2.1177841701541915 -0.05792481893635415 0.09471621335832836
2.0932570943849953 0.0655402494008559 0.08588471235124828
2.0739803714693323 0.18803255265078533 0.07785572828142406
2.0504134063043864 0.31201318457203087 0.06902518094866039
1.9987190467076559 0.4439325971332142 0.05537619413225414
1.7713616822373943 0.6242155982980329 0.012022159708426017
1.8405855506455886 -0.21062905485761263 -0.5896347540488982
1.9588032000634712 0.6921020750691369 0.03851618589250805
1.868107214677046 -0.09970396861252073 -0.5896347540488982
1.7434436624297227 0.04981214697741265 -0.6183527487388396
1.7766396115844003 0.1598504753016634 -0.6174553412071013
1.8102088360995765 0.2697559170476307 -0.6165584105125212
1.4006301334098836 0.7382002471998668 -0.7107895392051482
