0.3537715387858924 -0.4245008012808693 0.3539951036433484
0.29090172641598144 0.043320596690652025 0.3502671907405164
0.2928148298329347 0.5000471569564962 0.34863163928787966
1.7780204779136994 0.2733207102092532 -0.046527128412315655
0.6700620335802512 0.5205670105275946 -0.08683894176680784
-1.802625025329732 -1.0003860067411203 -0.14711592693526487
0.7218879029429957 -0.8068579827909428 0.03481413821976442
-0.7840293020625779 -0.9561827232929243 -0.1978571226139758
0.3641432123362449 -0.8474353387112394 -0.11332772274214964
1.2055003178574566 -0.7078934885033821 -0.05198786754805784
1.438804301593322 -0.4952112119421521 -0.03665278454024534
1.4454062772920793 -0.2537471762858736 -0.038522939874718
1.4380381512018943 -0.010198592214766933 -0.04151556987960081
1.401926865972328 0.23767998424088432 -0.04675171871382933
1.3716507503119146 0.4852089061888698 -0.05161355037886839
1.5931143902039366 -0.6953573140645855 -0.14367936153609495
1.8313495614008701 -0.48484816744923087 -0.1276051809330676
1.9022286355853737 -0.25335397625301503 -0.12454340954024534
1.9146301793823284 -0.014083139668850109 -0.12607405681807737
1.8637051006955971 0.23427970081944416 -0.1325800230046008
1.8076920380190842 -0.7335863458103322 -0.23503087063033323
1.9815176202289706 -0.5154032248781668 -0.2237045576115344
2.1362741136889554 -0.2956781607549761 -0.21394083996016722
2.143589999219415 -0.05655157577725767 -0.21589348812300901
-0.6907094582623614 -0.49030522200725635 0.4266126344661023
-0.3822870437854249 -0.2805544546132719 0.4451205919245984
1.9593940519231126 -0.34307877461118963 -0.3591091444035266
-0.46890998485140756 -0.020249320545177696 0.4371884057978894
2.1146968295285262 -0.12358042986198825 -0.34910605449874144
-0.4161474761081223 0.22187473005244485 0.4385106752375867
2.1966586366107776 0.10531529439935916 -0.3451053907414172
-0.3922030352304091 0.4678979588648833 0.43784930209915895
-0.3772707460642408 0.7152907977178344 0.4365270326594617
0.20048248944894453 -0.4288530497871932 0.36190726260941286
0.23203459368745882 -0.1863604656600817 0.36190726260941286
2.135818518683365 -0.605298303454477 -0.4619281103153918
0.23477470248629118 0.060035915480881386 0.3598721216182019
2.117350944551717 -0.36299819411475553 -0.4660160352726672
0.21368213650688972 0.30995852670123725 0.35614087085526247
0.17373745906083116 0.5629588544775253 0.3510525415400769
-1.68405269387992 -0.654028153404294 0.11063363055985231
-0.2526485780159078 -0.5804691031050169 0.20909335117142458
0.41653237585862257 -0.41863352008026844 0.2539737413386609
0.40362124681523426 -0.17100473573520425 0.250842351720741
2.120588569843477 -0.33834500315910354 -0.5857450773258899
0.4212497189052158 0.0727929690596465 0.24979903201859255
2.191939805068216 -0.1079630625024226 -0.5824053098698352
0.31622933747033244 0.3338137274997166 0.2400572488765027
0.296134431559139 0.5836660255829589 0.23623015384476442
-0.98037800099641 -0.9763492332268111 0.03728749255936403
0.5195933234523977 -0.9090367832660817 0.14320256213944216
2.1119030482034304 -0.6360171903263403 -0.7029349615116809
2.2217405478463235 -0.41066384850965854 -0.6961152364750598
0.30811757413698615 0.10158728415933105 0.11895300845902224
