1.9029382930191119 -0.05996407808897075 -0.10318139802677928
1.640988328204152 0.3607155943809808 -0.11949185144169627
-0.5954718385490381 -0.6703952205791417 0.5913190482928008
-0.1369997381653647 -0.6384995793682329 0.596162521727249
0.08314528925294695 -0.4815910413054816 0.5956148742510528
0.14542306892357715 -0.24005959999158932 0.5914528011156768
0.21302094684735096 -0.0009614572759026885 0.5873844264818877
0.2209522436219089 -0.5152123873367955 0.47715898741023244
0.003233737730312214 0.4324747778710538 0.454140627272293
0.3835632169751051 0.4998788158901064 0.4577595828844756
-0.9921250254115321 -0.4899113129084718 0.33758755911128224
-0.28441123837105664 -0.03623890978456856 0.33829017866389455
-0.1722198409795439 0.18036565709858365 0.33519288290278615
-0.050506155642771944 0.39177928942365625 0.3323299526049346
0.5133756670903011 0.3576983989905145 0.341453277952835
-0.6602498955434939 -0.6382551734678472 0.22376343000666798
-0.08814253077850509 0.16150567574986852 0.21502538908259572
0.03787488157345109 0.37021460081845703 0.21230169523493947
0.40058103898646635 0.44735278187476624 0.2164587615801543
0.7194596891594998 0.5467992548930667 0.21936103094355763
0.7249026510043848 0.8214146807569875 0.21307512510554494
0.9840978327017282 0.12248989624970363 0.11331721533076466
2.209122757898932 -0.0646615184972319 -0.38761810075505077
2.244623568777648 0.160804448677478 -0.37519696962101756
2.2812764747106513 0.38568048278514766 -0.36277631532414256
1.1117618941785636 -0.5419110933474478 0.15869041670100392
2.186441896368855 0.5043752409845581 -0.36277631532414256
1.1386680690614952 -0.31968079728791565 0.16815158117549123
2.1154868970233096 0.6419484093059715 -0.3605842949078828
1.1823692729902007 -0.08560082816729775 0.17879554022090138
1.8881662208415904 0.6565571431667543 -0.3730051876233369
1.1094516206537293 0.05541086524370442 0.180569374449417
1.1276697155196516 0.26713609413332406 0.1891436218096465
1.0166277980179217 0.3776430537386517 0.18796082723872365
2.177874785362526 -0.3563970462889152 -0.48018959771855174
0.9296879664853179 0.5068282196710818 0.18855210531489552
2.138411163475695 -0.1900790789986182 -0.4745793701337129
0.8432222951702286 0.6362908640195641 0.1891436218096465
2.1229473772436407 -0.005002635307260306 -0.466724908463791
1.542601614903873 -0.46478303307366886 0.10331984747187795
0.7413010217410161 0.7539753940324694 0.18855210531489552
1.495377265429191 -0.30286777723604175 0.10727688062922658
0.6437680609023388 0.8750451270596713 0.1882567046953887
1.4917718361749621 -0.10673327681778488 0.11458178747431935
0.21053494097776593 0.7458366191044306 0.1631252406908721
1.453902812848149 0.06119870382442372 0.11914726484553517
0.01667437810894512 0.7975141558349321 0.15573378790156545
1.4363946741010878 0.24448011041103968 0.12523456800715627
-0.22954705331184755 0.8117959936821713 0.14449855077998341
1.3764767887041174 0.39376699834502205 0.12797423589961232
-0.4519221260504196 0.8451159916095996 0.1350373863054961
1.293502567871002 0.5247890587019413 0.1288871406389922
-0.7068427875638434 0.8562465810113338 0.1232108711077422
1.1358721983447637 0.5982278855568275 0.12401720274226369
1.7702056612223132 -0.42886581933916545 0.03769751775996388
-0.9621295254804352 0.8688329011750291 0.1113845943285674
0.9505720064978718 0.6512305302400243 0.11701675642268361
1.7579270702253353 -0.23939788244315707 0.044585430510208024
-1.1852773266771166 0.9060675601825992 0.1019234298540801
0.7572605644770007 0.6991645160835844 0.10940738905207814
-0.16083191222453763 0.002774483347458556 0.6783873676134795
1.7504471173320013 -0.04706219192427952 0.051786386854812516
-1.4493420354700817 0.9156887063362511 0.08950563658015431
0.5598675344007376 0.7451178492140471 0.10149356115595998
-0.21709584490341882 0.1600383035784425 0.6807341216875762
1.7282666586947641 0.13254558825654428 0.0577346919848174
-1.7342094784162896 0.9124739571393583 0.07560940969721974
0.33039122194492165 0.768217900923041 0.09114500273005666
-0.21269738917794 0.3622168654329947 0.6866006492449492
1.9916168919460588 0.5273465053023756 -0.5260415435956269
1.6991002745192674 0.30578807230829597 0.06305738676325978
0.11666699474934461 0.8044877187903978 0.08201380956904591
-0.35573025380524115 0.45389784214282614 0.6837844489886016
2.144289926509302 0.8410198627589089 -0.5019300342725068
1.6079084627669076 0.4295925218738432 0.06337019193904103
-0.10124780638778219 0.8389699796452632 0.07257839430110158
-0.5427985350460816 0.5136574452740241 0.6783873676134795
1.5132287641339275 0.5506360608897225 0.06337019193904103
-0.3556270057649016 0.8481245540080629 0.06040354955928029
-0.7500551325607319 0.5596477766972079 0.6718167899920195
1.3755586205150365 0.6384190185735683 0.05992647398249806
0.274101243628472 -0.2138363720723575 0.6089388965441436
-0.5780686199550544 0.882191080747301 0.05066343534724416
1.9545575977762297 -0.49695196698539235 -0.03367284547550975
1.1984974138421123 0.6964283129095605 0.053351604826614274
0.24054117776247352 -0.03946048739095431 0.6128327487780303
-0.8371569074095788 0.8912218230413131 0.03818413007991017
1.9456371292199606 -0.3046561886354624 -0.026271617524459945
0.9817443346421513 0.725088250168465 0.04364606130854787
0.24748013789820078 0.16510086736104768 0.6191606162859649
-1.0763331755572807 0.9162575716999299 0.02722665060298146
1.9298740321063974 -0.11891750547306401 -0.019513881318405257
0.7886374649556132 0.77300902618272 0.03581901777522267
0.21956885429877815 0.3421420966073505 0.6232981323076934
-1.38903000719462 0.890623165142646 0.010790550596877946
1.903321147510347 0.05722259816308295 -0.013721740357711898
0.5675164403749235 0.8009639946767386 0.025800430662795915
0.1365692691538527 0.47703522669863574 0.6240281699969024
-1.5799826598658484 0.9531128129096906 0.0034856437517851724
1.8736735103723987 0.23009927848684342 -0.008251226060226546
0.3501568575335554 0.8331199096411765 0.01609512556330861
-0.025980788252880416 0.5524385135618424 0.619890892393753
-1.905895012308953 0.9221931407079538 -0.013863599412277328
1.7978595377928244 0.3656954442269651 -0.006642139069870101
0.10451414498592726 0.8456701593944658 0.00419780004756154
-0.2366011705340938 0.5929723250477963 0.6128327487780303
1.7721934289106471 0.540466187103462 -0.6078448654340058
1.706878126454825 0.4891581605971318 -0.006320512406662093
0.2684062291365805 -0.6306663420348002 0.5162806152178496
-0.11734557256905731 0.8773553119921687 -0.005820787064865218
-0.5278376421554327 0.5754774496804309 0.6009072898699492
1.5691223711189934 0.5760994038345295 -0.009860313050582992
0.32361857322497656 -0.38520028873960044 0.5261122821642608
-0.35555434302973765 0.8984883193033291 -0.017091786973312484
-0.7026688533028391 0.6450808607569769 0.5960397361590117
1.3723782451759945 0.6178530021834767 -0.01822665940983592
0.3564128660087178 -0.15880398429702325 0.5344311832262725
-0.6142529320638062 0.9063241541754934 -0.02992824327214061
-0.9583383242064798 0.6569638452745998 0.5863046287371367
1.1755043368866964 0.6606514383066227 -0.026593482606247054
0.37847291895518964 0.05789532410093656 0.5419940589739531
1.9587890706297557 -0.3523041223434831 -0.10503391038639842
-0.8328341552088148 0.9447810769424478 -0.039633548371627914
0.9467720883918815 0.6802756609390563 -0.03753451120121776
0.3896945354700705 0.26501239850435354 0.5488004325701445
1.9582921482702034 -0.1539705303370127 -0.09677151452763377
0.745592620117371 0.7222663579113799 -0.046222722642257796
0.29444570332256603 0.39030836158570636 0.5488004325701445
1.9626500027592257 0.04715463423479349 -0.08817843209965526
0.5004146652659358 0.7323400987519193 -0.058450734727218734
0.1956437047977886 0.5129357902982008 0.5485484241320342
1.9523941225460177 0.23545247830674398 -0.0809073806927949
0.2788627633984362 0.7617103906709346 -0.06874803315861522
-0.5630125373451236 0.14303253783812409 0.5067009567095488
1.8961318550360602 0.38629507252657547 -0.07760242234928905
0.053073401631245076 0.7893296302721566 -0.07936719667179881
-0.2454353211767355 0.5778987700401252 0.5326664089037627
1.8012944471522019 0.5063297211471252 -0.07760242234928905
-0.11267988240764737 0.8625619487552854 -0.08515933763249217
1.6990153085283453 0.620550536167304 -0.07826355706913768
0.19321561183689795 -0.5361122684047501 0.43626710165278615
-0.49995439809710973 0.7747350026253557 -0.10865024339421092
1.5655839307067865 0.7106875837251287 -0.08156851541264354
0.05965750679634141 -0.437663819721692 0.43391987074153127
1.7928750906596846 -0.7476006134678741 -0.20829705011112987
-1.0117154252619756 0.6096884805918243 0.5024153827501983
1.388886804874467 0.7679354042684281 -0.08850888025029002
-0.07365118660355563 -0.3386250644729003 0.4315726398302764
1.9026285505140734 -0.456680949762724 -0.18998006593449412
-1.1827654432413155 0.6844512405247407 0.49762555349604787
1.1606548011268671 0.786688840295934 -0.09974578630192577
-0.004385641198020096 -0.08435987713189519 0.44252654302851857
2.0062410807215088 -0.17316580940535786 -0.17234138261540233
0.912266162950246 0.7916246332333081 -0.11263517152531444
1.9366368499623547 -0.031598632698106144 -0.16996697198612987
0.7590921819504715 0.8700432115494579 -0.11759284745915233
0.32956863989562635 0.5658969955472983 0.4769532321764678
1.9883426782699516 0.20674683855838438 -0.157077109925583
1.8889783784008216 0.32336241925395726 -0.1574161411450654
-0.17911073494576613 0.5791224315681625 0.45608874548213185
1.782170391203536 0.4341521111057425 -0.15843395005924998
0.500211988458986 -0.7496508746811799 0.36217328298823537
-0.26924663128986026 0.7093602412404394 0.45634933698908986
1.687508768813693 0.5545893159205839 -0.15843395005924998
0.3857396395591408 -0.6370939638907629 0.3610951541735381
-0.6812886327996353 0.6040340107060089 0.43574544180171193
1.6247639225841723 0.6998511668750673 -0.155720269791916
0.05534361844181035 -0.6933019309749682 0.3451933502032012
-1.082391726202495 0.5100599928899712 0.41592403639094533
1.4283633660374804 0.7415703539067096 -0.164539849870041
-0.2758766383711162 -0.7475450993923403 0.3292913078142852
1.9290358178816973 -0.39376749807352596 -0.26348880540592967
-1.140321964619325 0.6667759175082182 0.4182712673022002
1.0338783112739307 0.6325957231124022 -0.19031933557255565
2.0019612058543714 -0.1356335762827321 -0.24818066369755565
-1.3113086475753022 0.7421947941091354 0.41331573713557423
1.909190327258905 -0.012834263447210503 -0.24783281099064647
-1.449656372682547 0.8416166856462794 0.41044708479182423
0.5658896176462918 0.5004954777904445 0.40637513387934865
1.9844040899624034 0.24417109584032204 -0.23252466928227244
-1.8040452124514488 0.7891599817629427 0.39375516165034474
0.04105520135126994 0.3003583084555004 0.3772666095568389
1.8773526429027 0.35460052439479384 -0.23356846582157909
0.48529749043358805 -0.7397879088584709 0.2820536731554717
-2.0856147439374624 0.7904008919142136 0.3817579387499541
-0.05805883528280731 0.42388007077359546 0.3769971965624541
1.8921094314854514 0.5611273871078879 -0.22382692109806834
0.41791447244457913 -0.5901112267108495 0.2842793105913848
-0.16076436429209906 0.5447779200529546 0.3764578937365264
-0.2911803038403207 0.6453037384064437 0.3740324615313262
-1.0132826257713958 0.31252136923968266 0.33198662985102834
2.2085805256045106 -0.5523124324198214 -0.3328736187146455
-0.4725502978340117 -0.6736387093253953 0.24226566541926564
-1.112393178027851 0.4397777185858054 0.33171721685664357
2.175966430971073 -0.37951944092865375 -0.32681134950383006
-1.1989255076376821 0.5761647861825487 0.3322560428454131
2.1750477572516402 -0.18161827002171194 -0.31789592515690623
0.41215332750183364 0.404699936174147 0.3179459213091582
-1.2849657419398 0.712820838447918 0.33279510725276173
2.0743578063233556 -0.06568848490039514 -0.31825236093266307
0.4808150767562793 0.6531587294409604 0.3293537734820098
-1.4803355061567345 0.7715805011320356 0.3260569213701934
0.7803648145147122 -0.9098708328087532 0.20936723936335744
-0.08864305586746468 0.4220959408315288 0.2962436317278594
-1.7654499654201743 0.7680040288714025 0.31338950384394826
2.1079463494425497 0.35402969607886803 -0.297568357102707
0.7356173692042205 -0.7423091693423451 0.21338459242121877
-0.20738204412165118 0.5311917705488227 0.29457422483699025
-2.034704688101094 0.7775540489445731 0.3017999767138213
2.0989549027192567 0.5415075278496282 -0.289722955338791
-0.29366456376504857 0.6644975267296651 0.2951306938006133
-0.391538414935674 0.7892290321218347 0.2948524593188018
1.9107822924734492 0.7804907585629586 -0.289722955338791
-0.0627335263266744 -0.7625526243303185 0.17665501821772756
-0.8685425457081664 0.638340750881909 0.26841994512812795
-0.27197289319251894 -0.7213767826493722 0.1686203121020049
-0.9827169106120905 0.7534197477862357 0.26702877271907033
0.708725823895044 0.23810462845457891 0.2469575046374053
-1.0965450553499991 0.8689640962729364 0.2656376003100127
0.8512460071536836 0.5442872160370023 0.2641744254900664
-1.3198618423614477 0.9068551578676747 0.25673409689204396
0.7529957121542452 0.6649515281889826 0.26388760793940724
-1.5637581027809304 0.931584610199625 0.2464391826464385
0.5953676927338023 0.740885205502547 0.25929638136164845
-1.8202011334121906 0.949098890558286 0.23530980337397756
-0.18552104620054166 0.3509004876363342 0.2099411128832549
-2.113868580145244 0.9424225010965266 0.2216760753466338
-0.10017729735584169 0.6122008270693229 0.22285386312739552
-0.26651244221713455 0.6858587059541037 0.21768876302973927
-0.4851322011370698 0.7220013039149826 0.20879312742488088
-0.6958606662492173 0.7652178644576502 0.20047160375849904
-0.9431668566392233 0.7832842429011535 0.18956753004328908
-1.1664438831686752 0.8201968319579471 0.1803853153063506
-1.455002822763909 0.8120518598248125 0.16661187399165334
-1.7359128667509012 0.811355992790542 0.15341182935969533
-1.9804983807071252 0.8380749602735769 0.14279481161372365
