0.34393045799015454 -0.06331990268027354 0.6264659691126369
0.36778496961156293 -0.009650160565460197 0.6265622902185939
0.3918210449429722 0.043932039750608 0.6266557503016017
0.41604712632044993 0.09742791750452895 0.6267453956873439
1.3822706980250388 -0.2859618072766814 0.13284605028939467
1.4447444311225013 -0.25421779634547903 0.14464061739754897
1.4416746467063888 -0.19214313268614802 0.13690441134286147
1.4956175378452343 -0.15675656342846622 0.14608877184701186
1.5278348336946266 -0.11128866166809814 0.14876096728158217
1.5602039750865515 -0.06595913303860002 0.15142934801888686
1.5840257005321376 -0.0165619661834171 0.15149086001229506
1.6080172831088646 0.03275113926709139 0.15154998781991225
1.6235309799493791 0.08625913492709358 0.14900224688363295
1.6435603563822525 0.1375855464065694 0.14775341036629897
1.6637770380766597 0.18885627158105223 0.14650028231454115
1.6884913877748318 0.2378911008488025 0.14654653551888686
1.6832750240918415 0.30221370323572927 0.13747804644417982
1.6869321313526342 0.3622399666871807 0.13100975039315443
1.7036784773924438 0.4156450203227884 0.128442935970547
1.7206243987308625 0.46901684388584286 0.12587278368783217
1.7377791634735331 0.5223688416544157 0.1232997703821681
1.7423518318949647 0.5824945798577978 0.11681907656502943
1.7556782728207736 0.6381084687556964 0.112937622097256
1.777710494183566 0.6891191168748279 0.1116573143274806
1.7829874030526298 0.749327600500191 0.10516708376717787
-0.059121533810440496 -0.34620020491356485 0.6416384506495021
-0.06596728123628282 -0.06292760177860401 0.6463691520960353
-0.005088565162964187 0.241052153235767 0.6552392769129298
-0.0716876076751447 0.5043516639658101 0.6561261940271876
0.41737845756770753 -0.575498896492185 0.5285326767237208
0.42859493655423364 -0.28739075949003734 0.5346204567225001
0.4124041172302242 -0.008772066701389747 0.5388814735682033
0.4258108145417765 0.2786836700676396 0.5449687767298244
0.4403285099271699 0.565756896147807 0.5510560798914454
-0.2737974360453279 0.6276263474092225 0.510574512508633
0.5987461546495609 0.4049356243376323 0.422383480098965
0.6089413358189404 0.6898332806358489 0.42833202364754897
0.6295027969707689 0.6692175921883603 0.2943774986536525
1.065014862111056 -0.4024989714551701 0.1654135513575099
1.2618776461351473 -0.05664497024604742 0.1849128532679103
1.2749654982708307 0.22822056229366083 0.191522769954922
1.2273121561957367 0.4931444227211017 0.19383638384652357
1.1425105371114057 0.7462067904753482 0.1935054588587306
1.7028482762178356 0.0035458104685766045 0.08050077441048842
1.6543528092499002 0.26712768386986596 0.08287542345833998
1.6020598070095673 0.5292492911733682 0.08491104128670912
1.5697518432245658 0.7974235310870448 0.08830278399300795
1.941043825835436 0.41594102362994434 -0.0283125114171483
1.6562682109056226 0.6032519656217801 -0.043272800418613144
1.5766180492859831 0.8563067774623008 -0.043272800418613144
1.822177164825547 0.3928742103996541 -0.16978628155874986
