-2.0559073455182215 -0.7618275566672033 0.6012086334881683
-1.985916015136894 -0.7649709531146058 0.6155108872113129
-1.9195569382788733 -0.7651623513450758 0.6285061302838226
-1.8637724555548516 -0.7556842330814391 0.6375846329388519
-1.814645474971897 -0.7463867135489615 0.6453618469891449
-1.093427705942915 -0.710104096673156 0.774989074772348
-1.0386174087870899 -0.7046653751743435 0.7840384903607269
-1.0003968802903387 -0.6819109442045921 0.786560005253305
-0.9555343255411657 -0.6663677737308795 0.7916893425640961
-0.9237877565129224 -0.6368647142925035 0.79159540564393
-0.8723322201610415 -0.6287856975605948 0.7993316116986176
-0.811149381390095 -0.631638338002638 0.8109821739849945
-0.7208970891638131 -0.666972419135341 0.83438105017518
-0.6406850338263013 -0.6920665844631522 0.8538617554364105
-0.6251298165727661 -0.6456825026790192 0.8472299042401215
-0.6670604222187819 -0.534358461483535 0.8170928421673676
-0.634856176902332 -0.5058639657076505 0.8169831696209808
-0.5993675045914841 -0.4811109385383858 0.818176216190805
-0.5669807259864257 -0.4528567195448474 0.8180617752728363
-0.5376508124110302 -0.4210590161970664 0.8166388931927582
-0.505054298672377 -0.39301726285841454 0.8165196839032074
-0.47071768409333004 -0.36369501618269595 0.816391891544809
-0.4285729256688313 -0.34694506034596273 0.820185607975473
-0.39571613675950346 -0.3192845043661414 0.820058769291391
-0.3565830809137509 -0.2991519199006234 0.8225421372113129
-0.3299431406743736 -0.27076137306002934 0.8211183014569183
-0.29682330700448745 -0.24344548029676716 0.8209847870526215
-0.26360483039027827 -0.2162469990514495 0.8208493652996918
-0.23333210807055593 -0.18541069257650022 0.8194050255474945
-0.20294399149261722 -0.15467574102127557 0.8179583016095062
-0.16773696028398888 -0.12646593913888537 0.8178080979046722
-0.13711590415512376 -0.09593684781452794 0.8163566055951019
1.0438148208687892 -0.9901551537227853 -0.7258000907244782
1.0230063910581038 -0.8978329198614645 -0.7647643622698883
1.2026367714289847 -1.0154827924169325 -0.6751843032183746
1.2357623203215695 -0.9972810646626336 -0.6732965049090485
1.2742396707905357 -0.9866334181814196 -0.6673245963397125
1.3021593652634778 -0.9612537242949983 -0.6695261534991364
1.3433136688555578 -0.9546214374114257 -0.6615138587298492
1.4157983298993742 -0.993063583374667 -0.6289845046343903
1.2526432640857337 -0.09681276672174732 0.2538537445721527
1.4333318418513414 -0.9531488604221892 -0.6393642958941559
1.270927079200959 -0.051177734726795876 0.24403376013611755
1.4872990312586012 -0.9658775714080932 -0.6211395797076324
1.3226678062511326 -0.0573848156796295 0.25506300360535583
1.5642621129278211 -1.0127865356227943 -0.5845242080035309
1.3463425521603796 -0.01987531926306474 0.24844545752381286
1.5972902599405785 -0.9959169406249444 -0.5826483306231598
1.3853615448107632 -0.006448997469821194 0.25145048529480896
1.6252766960733709 -0.9715956371765273 -0.5848618087115387
1.4294292458164648 -0.0012017308169518515 0.25766271979187927
1.688840826398561 -1.0004906709945196 -0.5584655341448883
1.4659588823043492 0.015924606793170426 0.25906080633973083
1.7243983819880668 -0.9878803680714263 -0.5545507010760407
1.5000498920791614 0.03694726529775849 0.25885195166443786
1.7950882749056802 -1.0287812464575303 -0.5220232543292145
1.536686147820916 0.05380920778453202 0.2602452698407074
1.837974293654156 -1.0280406970922655 -0.5119791564288239
1.5856534430647855 0.05029753172032159 0.2696599426922699
1.868395751123657 -1.0083410625142832 -0.5121560630145172
1.6223027295151695 0.06684272609710717 0.2710494461712738
1.893940393582966 -0.9810794408890722 -0.5164237555804352
1.6565711718148322 0.08732138479308915 0.2708329621014496
1.9367977839633 -0.9808111085001556 -0.506382995540152
1.6957391023966863 0.09952834154593404 0.2738241615948578
2.013776778428948 -1.0346978783295846 -0.46772437661315003
1.7181222726557053 0.14016071557551513 0.26557917029236755
2.0514584381451613 -1.027200987781928 -0.46177487939024964
1.745482691624872 0.17256986209780933 0.26054090887879333
2.084293711247909 -1.0121190246466583 -0.45991426079894104
1.7801198932882016 0.19261667941877292 0.26031536490296325
2.114765948485193 -0.9932785108020106 -0.46010070412779847
1.8148303824440575 0.2125426301891835 0.26008791357850036
2.1453039445943887 -0.9745478371380472 -0.4602885779681305
1.8425746365640379 0.24468727760902098 0.2550424996075531
2.1759118493238034 -0.9559195511944303 -0.46047883599425354
1.8774621291017013 0.26439458081868494 0.2548107567486664
2.192412454133695 -0.9139778931120013 -0.4729390677752594
1.9054706743659295 0.29636863159547033 0.24976009756897888
2.220879678242703 -0.8916055229636868 -0.4751778182330231
1.9382377873358934 0.31999323854701345 0.2479180756268402
2.2494430896203426 -0.8693199074556723 -0.47741942971373597
1.9665306016099748 0.3518080236918628 0.24286264807557068
2.27345548029966 -0.8392729534105605 -0.48375230401183167
1.997244644909074 0.37938665429188134 0.23941034705018005
2.302220793549033 -0.8171612707012983 -0.4859977301898102
2.023572752791978 0.4152019388071899 0.23274320990418396
2.3333723192623808 -0.7990856257958789 -0.4861999091448883
2.041112561715707 0.467636363080949 0.21964926153992614
2.3554737608663743 -0.7653063271775089 -0.49458461373473206
2.056723793418243 0.524248384813145 0.20494598776673278
2.3800076714483396 -0.7355361022718263 -0.5009279784503082
2.099221280307404 0.5306453138675167 0.20951313406800232
2.4114457602536987 -0.7177313241390273 -0.501136356288443
2.0955202147341225 0.6249319310959116 0.18034643561219177
2.436229980255874 -0.6881112183323346 -0.5074830588641266
1.6362887128260013 -1.107506231887541 -0.06729178994322815
1.6849931535584375 -0.8419511085677378 -0.0577931937518219
1.8343514386043296 -0.5446331182609541 -0.040622764522085575
1.980245169947338 -0.25014257535289275 -0.023818546229849247
1.95631059617034 -0.011215770539251935 -0.020165019923696903
1.9189742455364325 0.2231472736706337 -0.017608219081411747
-1.1016870930272376 -0.7108610984584232 0.7374538841900726
1.7586584606815734 0.4191808570745508 -0.024549060756216434
-0.8600437104116736 -0.37887276526073066 0.7569670143780609
1.7419726983858794 0.6598306003690837 -0.0205307540240387
-0.8317112181856317 -0.11447860162444101 0.7631759110150238
1.4063570071397606 0.8037679858967657 -0.04098849862242737
-0.831025758053741 0.14080567989430648 0.7676109734234711
-0.8054322970401131 0.40297400961321017 0.773524231022348
1.6761957431195498 -0.9309350166198627 -0.17938666909361878
-1.4492087534691365 0.4674807580913303 0.7380446854290863
1.8298685729434112 -0.6317773974832654 -0.16143327325011292
-2.189198957281633 0.5084019203934851 0.6966523590741058
2.127203538522849 -0.28803712108385326 -0.13225942223692932
2.050842748788156 -0.0662264918901343 -0.13263373940611878
-0.029791620233709182 -0.7165176006772782 0.6764521065411468
1.9847818355198825 0.15887295469409324 -0.13225942223692932
0.02089616046602316 -0.446709812289253 0.6843656960186859
1.909964224969471 0.38121066546976934 -0.13263373940611878
0.048844843994572784 -0.18491958122164576 0.6907576981243988
1.8311749662727692 0.6023701365482665 -0.13338142007018128
0.039624966299342645 0.06469853346845866 0.6947140160260101
1.67202237055848 0.7992302595831617 -0.14048772423888245
-0.0402812726113666 0.2924189031973121 0.6941055718121429
-0.11941007810898441 0.5204483755154463 0.6934971275982758
-0.762501786384874 0.5818821324416952 0.6569723549542328
-1.664687010218529 0.5720795997634838 0.6040114823040863
0.189082935705585 -0.8358188222068961 0.5657758179364105
-2.294382209171303 0.6470553250669155 0.5683998528180023
0.12984578615720466 -0.6011894024202391 0.5667151871380707
1.9990859205087048 0.22593694319244406 -0.24753957360411682
0.06666739831337054 -0.3679045318027008 0.5673412743267914
1.8911767194326075 0.43789774140183724 -0.2506013449969391
0.09014158036434594 -0.10784142939836983 0.5736030998883148
1.8602476727947277 0.6737278735158263 -0.24753957360411682
0.004857589592447198 0.11821640198687788 0.5726637306866547
-0.07965357447653787 0.3446171432304439 0.5717243614849945
0.17614372377128973 0.6726801945628154 0.5930141869244476
0.42012634973869467 -1.0389019830528774 0.4547218743023773
0.22241912927360374 -0.8493426239563071 0.4463552895245453
0.1774010993617594 -0.6102911664852009 0.44828600317810974
2.029064559960574 0.22419038258424706 -0.3513985213580231
0.13323423804445156 -0.37118743021091305 0.4502167168316742
1.9544866559786556 0.44637997297478904 -0.35178905099059143
-0.03394648331823191 -0.1704574459864432 0.4437808457074066
1.8902075436729717 0.6717652584453653 -0.3513985213580231
-0.20531945836206944 0.029715059420500012 0.43702358633851013
0.3498301560119188 0.4504883905909445 0.4791783753094574
0.37051783767469715 -0.8765136818668608 0.3339590492901703
0.04970158050231532 -0.7259057779186335 0.31677288443421325
-0.2708383415588429 -0.5733077551243859 0.29958767325257263
0.37110309976357314 -0.11912741872528798 0.3491625252423187
1.9202918850105135 0.6085993442402646 -0.48019128411437073
0.06642336713740349 0.03846577553919417 0.332967704838266
1.7850513744457146 0.8123679308557854 -0.48579316704894104
-0.24271037118208483 0.19649370830702395 0.3164429131207367
0.34207884448856873 0.6244463187582312 0.3617209854779144
0.3406405049922796 0.8738300202555607 0.36634821326111755
0.3384587811521129 -0.9617768694628595 0.20912212759827575
0.4307941478069921 -0.6789559208585629 0.22099441916321716
0.5243034441826495 -0.3970424929343146 0.23286718756531677
0.5999279547689866 -0.1219892909916176 0.24338240057801208
0.7672455170695116 0.18023972444711234 0.26034254462098083
2.0363974667085074 0.4005050513163866 -0.5939875182452301
0.7688519920939143 0.43012957697419907 0.2654303970990082
0.6949898449027216 0.6567641175832506 0.26509136587952575
0.3732658008662497 0.8097569125112187 0.24711365134095153
0.31985777336529964 1.0434123940621554 0.248131221836557
0.8248233662153126 -0.7527268290028282 0.124779171055307
1.3122622578358119 -0.3457616010566511 0.16583246619080505
1.2166772209854742 -0.12709051111746206 0.16409248740052185
1.3218316897018951 0.15434191176241896 0.1769656601605316
1.2422474025842263 0.3775452365032024 0.17626995474671325
1.8611054091507384 0.6294322142346189 -0.720153861934195
1.1586487512721106 0.5996058228884884 0.1752261582074066
0.884741172728269 0.7646273187304828 0.16026634604309997
0.41034258614811847 0.8717732339939701 0.13069338232850036
1.6642227441869295 -0.9655311270152964 0.056882328098764035
-0.3034624679571323 0.9119305641315094 0.08372492224549255
1.8557103462721471 -0.6537948125429622 0.07685274512146911
1.8540180959330002 -0.4065152532643559 0.08220238119934997
1.8817733730407582 -0.15038149856888694 0.08969110876893005
1.8059033291253144 0.07230694574834473 0.08933443457459411
1.7307888943641245 0.295268805548897 0.08897776038025818
1.5944931901173476 0.4994462890698692 0.08398479849671325
1.1152686409700578 0.5999136405963057 0.05331558615540466
0.46399813644174515 0.6518807142896783 0.009808487003793331
