2.208498226966128 0.6933781517072743 -0.6014768321611577
1.9669026509295833 0.7515877423176738 -0.5844809253313237
1.7746939106641548 0.7604880277890098 -0.5737487514116459
1.594937127668544 0.7544493042003664 -0.5648156840898686
1.406317677222873 0.7485335947968537 -0.5554634769060307
1.745693215319875 0.28574315905998127 0.0266450207135982
1.2179789400049401 0.7435250851366693 -0.5461150844194584
1.5226615067114437 0.32344593765302765 0.038605527152807184
1.0209789642290161 0.7513560028975137 -0.5354205806352788
1.1628573541693612 0.5459876095565583 0.0679963390729732
0.830120856799482 0.7396047161736519 -0.5265552241899663
0.8582523107000384 0.6859790189203903 0.08978350566843218
0.6426857498100986 0.7372948649557056 -0.5172154147722416
2.16987837777161 0.7666173408872643 -0.6722189624406987
0.4465026793094893 0.7354154806495119 -0.5074574191667729
1.9620772191595108 0.7563944444796604 -0.6618024547197514
0.26873432449646373 0.7353104223733675 -0.4985458095171147
1.7851439518781689 0.7707676921539566 -0.6512581546404057
1.9214646541296645 0.5911550794141185 -0.04764287067434125
0.0705634910564612 0.7517938034262599 -0.48741595340749555
1.5871402646168917 0.7632242963930924 -0.6412793834306889
1.6651721389983436 0.6584638351441674 -0.03188817096731
-0.10399199920448154 0.7368304903413323 -0.4798876483537846
0.05338730575734019 0.5006799774295505 0.11162503169992632
1.3925376439848804 0.7652639913965755 -0.6308199603655034
1.4339334058604578 0.7079780070801283 -0.01843850208303266
-0.30141944330738113 0.7551313803462598 -0.4687639911272221
-0.06410695748445505 0.4047170486334064 0.11028893398264117
0.015307931029809652 0.28965265132110485 0.7024038593671627
1.2042749550378176 0.7602791734129051 -0.6212798793413334
1.2333723753384618 0.718864096553137 -0.008875532875268988
-0.18727076683610733 0.32980532203543156 0.11049492763498492
1.0165729002793569 0.7812845630734344 -0.609855814705103
1.0364741737284788 0.7518511111981105 0.0019048015973872623
-0.3139945416248935 0.24689667081237054 0.11028607295969195
0.11087536503440276 -0.3635311067010578 0.6645844738385982
0.8167309907095017 0.7689763788048856 -0.6003758151628666
0.8334595951166364 0.7435503231614771 0.010242776145727106
-0.2978968847178862 -0.058303584095641625 0.6941040317914791
0.6114707265405599 0.7782201546925709 -0.5890390117265873
0.6427845191885808 0.7327691842363935 0.01782687114694781
-0.3749764778262801 -0.2147911699874614 0.6882141392133541
2.254209517954095 0.6041422901051288 -0.1401030261614018
0.42177537626851347 0.7934082349346783 -0.5781079967119389
0.4498973751735349 0.7519793686137106 0.02740652965524859
1.9754108985062686 0.7125085234295447 -0.7438284595110112
1.978672875728492 0.7057084355624976 -0.12077633930227094
0.23515117364715366 0.792952234027462 -0.5685826976396733
0.2718268002768127 0.7394028080387187 0.03423436092355914
1.777106566987186 0.7139101239633261 -0.11097971988698774
0.03426411096820914 0.8135576536080951 -0.5567681033708745
0.08522560008620417 0.7397721902064776 0.04222615169504351
-1.5735833146909783 0.7651757667091879 -0.4067184169389897
-1.4847100756011145 0.6164586444873228 0.18093331264475054
1.5607984681307556 0.7429145767211347 -0.09919898105642133
-0.10105237085463159 0.7410130314698709 0.050214604606420465
-1.7208350898137326 0.7202967520620396 -0.4032704074480229
-1.6158949344120117 0.5464250475631829 0.18146403240183062
-0.9326240885984731 -0.47874819207218167 0.691650704612524
1.411378502483231 0.6882073928192298 -0.7150856692888432
1.3841778390623745 0.7213400451705239 -0.09258429599782758
-0.2783558030947546 0.7309418241056811 0.05703289913156695
-1.8791397076165453 0.6926073924436711 -0.3980247218706303
-1.7831215225004087 0.5308838612861972 0.18693097042062945
1.204948449270077 0.7070706703323859 -0.7025553424455815
1.1837468210934787 0.732442681018231 -0.08279530597707563
-0.46117812172400363 0.7298294451079785 0.06462653087595172
-2.001709130426363 0.6115348722136069 -0.39864031864187055
-1.8898134738756767 0.424473744653282 0.18403132366159625
1.0109069547380471 0.7109797803490121 -0.6918956477739506
0.9777524926700636 0.752501786655813 -0.07221428943654828
-0.6408277096683008 0.7254735624080135 0.07182820247629351
-2.154557881054629 0.5767399954714705 -0.39430443836232953
-1.996966326119093 0.3183785184753214 0.1811250011823482
0.8142357821642463 0.7198239626416729 -0.6807710368730717
0.7930026356925453 0.7455428326108233 -0.06441752506276899
-0.2802097541442379 0.008137332604193581 0.6207416813276119
-2.196161377974718 0.37130518048995054 -0.40845172000905805
-2.0367062459259273 0.10802560916293391 0.1687057773969478
0.6268066996604631 0.7175733935701851 -0.6710492808916264
0.6055663272811813 0.7434530434988078 -0.056226416359155706
-0.40805255789783246 -0.07444944096882278 0.620460347404272
2.329576236745126 0.5821321409882003 -0.2234603602983647
-2.2470121152756946 0.17829608096920513 -0.4212576587297612
-2.1046420487771655 -0.060543341660724614 0.16007931636789507
0.4308596415449699 0.7282773004814134 -0.6599308688738041
0.4125520005119654 0.7503005994756355 -0.047243281135767035
-0.7902373046465669 0.21383405699588653 0.6489456455610103
1.98959717037647 0.7659399279311039 -0.19518105579397016
-2.2720968925587783 -0.056755704330297974 -0.4385806758501225
-2.11438782291782 -0.3215260396283295 0.14307482646921343
0.23238646142183939 0.7439401215229315 -0.6483475406267338
0.2286850413741064 0.745961897025385 -0.0394560535051518
1.8398665730345272 0.7068910401452353 -0.19205252719899946
-2.26386095645897 -0.3467273843227998 -0.4617773730852299
-2.0802835895636207 -0.6544560941155018 0.11958964275339312
0.045968831800706766 0.7444057279068526 -0.6386353213884526
0.03635923859324919 0.7545991538355006 -0.030478640327661566
1.5719359435999536 0.8028573347982819 -0.17310444904348188
-1.5689737338471588 0.7700614876025735 -0.48082654071828657
-1.4792373335025815 0.6333936051037439 0.10000212596872515
-0.14110151951810224 0.7438880420091767 -0.023491545448511175
-0.8526341037560456 -0.5038055977479337 0.6112812321088619
1.4557582116719345 0.7017913452346534 -0.17444722248098188
-1.713434989325691 0.7210185191166456 -0.47775857044240766
-1.6436381734752956 0.6130496117700943 0.10523684429147906
-0.059926770386567796 0.41887504987046764 0.5597646992109127
-0.32699170546582934 0.7461911388452771 -0.01531521869680219
1.261159919302898 0.7045886079266896 -0.16524331165334516
-1.8910375735623006 0.7223321159133329 -0.4691855151750737
-1.799614435566994 0.5809673583441786 0.10929949687936968
-0.18637291452121474 0.3355002684498123 0.5595105450055904
-0.5154205129256582 0.7534171088084589 -0.006744070778101019
1.0101647390826685 0.7841400951969071 -0.1483294208147221
-2.013499323895772 0.6413046204596844 -0.4698006351091557
-1.9170985152703395 0.4912785581435788 0.10790284084299273
-0.3130944809111327 0.2525747009245878 0.5592506687543697
-0.6863604103390628 0.7370367404791294 -0.0005623538591557065
0.8700471795202702 0.7169799884264894 -0.14643828464528852
-2.1362512043878468 0.560707214200427 -0.47042100025197797
-2.0322047360454434 0.39781925158438813 0.10611040996530718
-0.48280086510109754 0.2315690447307004 0.5639093677900142
0.6262061392635161 0.7907556422289748 -0.13034073902150922
-2.15076545363425 0.3134781670002038 -0.4894234378435307
-2.096072913527692 0.22526683491784638 0.09690459178903765
-0.6410288670165016 0.19488479671029602 0.5672515194318599
0.4892237233380001 0.7210353090395882 -0.12886302066823774
-2.1829232008475827 0.09103959924422433 -0.505680723915308
-2.139253698724204 0.019209755773333725 0.08457072185495562
2.1594481046205516 0.6217107785997538 -0.2909986217119389
-0.7597354953108066 0.10122385398428424 0.5659912388227291
0.2993071302271204 0.7244231152949538 -0.12007968021413618
0.4613997065257678 0.4854057010181023 0.47626526760080523
-2.1486810224112958 -0.24157652749747438 0.0671566288373775
1.9969955957954966 0.5778237268222632 -0.28613488269826703
-0.8844100737119192 0.016218809606231233 0.5653823177717037
-1.3862556977139633 0.709268405003133 -0.5689870555498295
-1.4102238187515468 0.7409924910826016 0.03010256694772906
0.05723004876547577 0.8014501800936245 -0.10398690296193891
0.26509064806603533 0.49730108089901304 0.4840920727155513
1.731479555538101 0.6691055842664282 -0.26718489719411664
-1.0037940433387007 -0.07662903772851148 0.5641105930707759
-1.5588365049861324 0.7008184784798717 -0.5611712176897221
-1.5604888961995584 0.6996117759144793 0.0334814350507564
-0.07369116164085199 0.7257597186038094 -0.10333506656667524
0.10112474104039393 0.4655074273056776 0.4882214825055904
1.4759766352531898 0.7499232490368968 -0.2494794566728764
-1.131862492666727 -0.15664393266107002 0.5638182918927974
-1.705214637849437 0.6505652474299399 0.0360596935651607
-0.3001647380698671 0.7846083870824847 -0.0892769534685307
-0.09166335847572782 0.4751028445863641 0.49570687221506304
1.2874745034110617 0.7446112529145665 -0.24089400363942914
-1.2574329110857434 -0.24034826817260058 0.5631917278669185
-1.8757826707679612 0.6447523212502286 -0.550226851234644
-1.8417287879943842 0.589645985234907 0.03743870662668414
-0.48855881185886574 0.7916737272639516 -0.08050410343190961
-0.2754451449079198 0.4733800385761251 0.5021813671491451
1.1231841578542117 0.708291724156787 -0.23562876773855024
-1.3778055351257166 -0.33194881447943647 0.5619023601911373
-2.001252644274956 0.5678431541479512 -0.5503765781023198
-1.9509669487878227 0.4876106446853754 0.03482850002268023
-0.4532048493977072 0.4643262738289655 0.5079806606672115
0.8994263539282059 0.7526370355493182 -0.2220746715166264
-2.126974648716242 0.4913621681967024 -0.5505310733415776
-2.0660864199561217 0.3942528359391986 0.033008889426977106
-0.6307256057930601 0.4560779106566297 0.5137770931623287
0.7326018652999835 0.7219704398439353 -0.21640269351980024
-1.8926086029449039 -0.14027791464021622 -0.6129495341875248
-2.132754251033546 0.2259870538465787 0.024009064903051325
-0.8080032976517373 0.4486561319812772 0.5195701877973384
0.5157410912514564 0.7603480700474261 -0.20368258548757368
2.200546626200193 0.8072393187665394 -0.3584877688982182
-2.1760328681340724 0.020020430520752974 0.011412934531957575
-0.9737581831704318 0.4255581200560252 0.524015263786108
0.331747829736841 0.7555008272879054 -0.19552676273366743
0.5149911889113952 0.48802169924676697 0.39028437541940875
1.992706037028853 0.8220680621424616 -0.34715907169362836
-2.150704702219386 -0.2953160706579485 -0.011559649238794378
-1.1029065031352587 0.3495451185621903 0.5240844051740474
0.16264285403499912 0.731311690910788 -0.1894499499895268
0.3507412031045334 0.45516212417174273 0.3945525448224849
1.7913864413576022 0.8300404485760327 -0.3366800983049565
-2.052585196550467 -0.7291451501052295 -0.045712633857935
-1.4920886448466888 0.7059778439223683 -0.6385266025163823
-1.5499831634672034 0.7617052186761315 -0.03687111927053266
-1.229506193462342 0.2698768094492161 0.5238116543195552
-0.041203935577229345 0.7564546804880097 -0.17839686466237836
0.23020868279598972 0.3622297127017733 0.3936360638044185
1.5965163578910335 0.8310714460231816 -0.3270498950578862
-1.6612281374284095 0.6629176310732348 -0.0391051013567143
-1.3563558565025886 0.19064727294835482 0.5235336582563228
-0.21274803155628774 0.7379549686997491 -0.17191092563649946
0.11223744180739459 0.265650526852621 0.3923676769635982
1.4593147287992707 0.7577060868040544 -0.3254634578325444
-1.8142809080351725 0.6267335150648536 -0.035239382515161566
-1.4779487433728065 0.10357051669307094 0.5225771229169673
-0.2394281610564093 0.4993881872992212 0.41908152507761187
1.2648672256396196 0.7604026025718351 -0.3158413608171635
-1.94532630261088 0.5578983609298787 -0.0346342761614018
-1.5586466515605508 -0.04557510321872904 0.5165656368635005
1.0049774769866673 0.8517342209779786 -0.29690854145070844
-1.2005612607767375 -0.8160738581333398 -0.7777954776384526
-2.0574584331723003 0.4603713247480705 -0.03688447071096235
-1.735754360006382 -0.048473966017250625 0.5223301212690181
0.8859170907487339 0.7565922315673062 -0.29787461353322797
-1.3718234247304508 -0.8327268396081031 -0.7708169658281498
-2.1210883249140835 0.2879704481796672 -0.04647080493947797
0.6184140305812775 0.8622248373796166 -0.2776738841631108
0.73617327776482 0.6999640269466365 0.3177040378949947
-2.1288992098561863 0.02761196668580368 -0.06462018085500532
2.088899952033742 0.6463732461907163 -0.44221798969289594
0.499365410334633 0.7684160204644481 -0.2786490161516362
0.6283452673527847 0.5896309090069494 0.31538041042307086
-2.149917072937612 -0.22873465130833548 -0.08199898792287641
-1.1408498413289152 0.4570065625030111 0.4492491047284908
1.8261847258396102 0.7203653797546998 -0.42377011371633344
0.30638302881547474 0.7632107593440187 -0.26991622043630414
0.5021523415122857 0.4912695643064664 0.3144377033613033
-1.2882604412111647 0.4354052902210306 0.4532011310956783
1.6948192933872832 0.6760428580431146 -0.4203321178056889
0.05292483722618613 0.8687190184038025 -0.25053946567556196
0.4639339750043945 0.29717407031673204 0.3043401996991939
-1.6312283681883315 0.6961403826391876 -0.11225144458791547
-1.4562392964995041 0.41850996034713717 0.45812733577707476
1.4574836521472037 0.7206251002628843 -0.4053432185747319
-0.05741767937996656 0.7647054948531409 -0.25279872013112836
0.17996974637256358 0.4307967221513396 0.3232420246503658
-1.7897321212630288 0.6681050205366255 -0.10745684696218305
-1.5991547629643748 0.3650063443102285 0.4599345486066646
1.2629618585822868 0.723363531341711 -0.39551274372121625
-0.12012061907461202 0.5903438732781803 0.3442700664899654
-1.9261464255502148 0.6075015941304347 -0.10599248004934125
-1.6816279565781684 0.22049786678904493 0.4541223804853267
1.0926792088881285 0.6951220877260784 -0.3891412456133061
-2.0408254721511554 0.5140911727017725 -0.10785977436086469
-1.718300282530251 0.00522920434679186 0.44241602825144
0.8838759427408149 0.7196180164359856 -0.37715689731618696
-2.180342404319447 0.45861914473363896 -0.10598961902639203
-1.7425760097051324 -0.2311174155113891 0.42896826671579547
0.7021885293071932 0.7090742733577722 -0.3690635402300053
-2.2063333665095684 0.227925696640372 -0.12159554554006391
-1.7384277785254056 -0.5138152895331594 0.4116986553571529
0.5001390300910629 0.7274874723169455 -0.3579494197466069
0.6768346877043712 0.48338451759926215 0.23044665264108843
2.20623632714198 0.8348212855346961 -0.5129543979265385
-2.26055991865627 0.03892500032841184 -0.133051558265894
0.307314704642792 0.7348037115131163 -0.34813325000783735
0.4742683710271365 0.5022773532373375 0.23967678951242632
2.026004866646687 0.8141792609512297 -0.5051023204424077
-2.256938584222496 -0.2426098095534135 -0.15367238117238813
0.13820280338885027 0.7107203395689874 -0.3417784412004643
0.34807589240642756 0.41701221259389776 0.2394727032087154
1.8246270400732243 0.821965117527717 -0.494170828590601
-1.2697031750576429 0.6711430100792084 0.39213021205881304
-2.241701115220451 -0.5456754392799716 -0.1763869960405522
-0.08303575361152582 0.7602806429658946 -0.3276454646684819
0.2216079915304192 0.3321962858458898 0.2392624180219478
1.6388073317574907 0.8109713732573747 -0.48544470859548383
-1.5302999009540912 0.7954599080750624 -0.18370596958181196
-1.3923792981181577 0.5879094255243036 0.3915279667280025
-0.23427241733607218 0.7135325657879168 -0.3238918025591069
-0.06132522636008275 0.4672782892667735 0.2586429874799556
1.4864449538852966 0.7572426664328962 -0.48156849933645063
-1.6525198229240914 0.7131598738721205 -0.1843096454240971
-1.5153392264961667 0.5051101967837717 0.3909204761884517
1.2949612498337615 0.7558184952726936 -0.4719683368303471
-1.8109457698623004 0.6852138104336252 -0.17940251422902875
-1.5971176502990971 0.3604722015101114 0.3849852840802974
1.058940076716155 0.8150551762840568 -0.4557615954973393
-1.9472927092963204 0.6246742331493689 -0.17789380146047407
-1.621834589338036 0.1285859114718093 0.37159045146921343
0.9129566039279524 0.7556902946721626 -0.45277754856130414
0.8896028004622707 0.77140139108156 0.1627691547773189
-2.061906599442949 0.53134457714481 -0.17978732181569868
-1.7026152152606358 -0.020136951063547848 0.3652823727033443
0.6779903450489115 0.8170466637653382 -0.43657462192556196
0.8532770048894918 0.5643639189568193 0.15145428585031695
-2.144256388324621 0.38826298758092825 -0.18678204608938032
-1.710650746659752 -0.28159488628793206 0.3493822376630611
0.4939064158948838 0.8113652043353854 -0.4278680522539311
-2.146186908225758 0.11978772100960455 -0.2065240581133061
0.3042256440374871 0.814580782371098 -0.41828171802541547
-2.141628401798414 -0.1617038836044138 -0.22755353046438032
0.11487633431433153 0.8187101853467338 -0.4086996753313237
-2.168195144208269 -0.39739645705694215 -0.2439228732683354
-1.6611513084877885 0.6848910603058815 -0.26024596286794477
-1.5179488593138188 0.4676144470381125 0.3141663830182857
-0.06540356409171011 0.8115915389944774 -0.40044323993703657
0.021686861652270295 0.6743167183225571 0.19228966640451617
-1.8279190981965456 0.6694200922593119 -0.25392644001027875
-1.655149157494904 0.40602065262048903 0.3153699200055904
-0.24542553988003135 0.8052910940769831 -0.39218871189138227
-0.08071131446277491 0.5581581482714837 0.18911679195383257
-1.9697966283680017 0.6172700633756998 -0.2515103061296635
-1.756757073096054 0.2908461257397468 0.31184084819772906
-2.087171772530013 0.5281701183752308 -0.25299708438894086
-1.8370090712988656 0.14258109887454484 0.30539687084177203
-2.155985996436911 0.36430033955552776 -0.26228921009084516
-1.9044154070067947 -0.026458955388058314 0.2971256534955806
-2.2256616444220043 0.2004660626710093 -0.2715899188615971
-1.9375514021012208 -0.24994395792620416 0.28411610530832476
-2.28276389843478 0.015728309256472173 -0.2830659587480717
-1.9665882171236007 -0.4820294639117346 0.27036793636301226
-2.324835397187883 -0.19429241392470686 -0.29715363575002485
-2.3468303013540606 -0.4381470051221239 -0.31472031665822797
-1.5204127912865317 0.8173789779325267 -0.33096472812673383
-1.3845987382522935 0.5999498775760008 0.24298937725046343
-1.6592244412014594 0.7598518887850432 -0.3289171893694096
-1.499176816592069 0.5047117446244958 0.24126608776071734
-1.8009141958264507 0.7070278667468441 -0.32643334461232953
-1.6500940419185355 0.46379299894435544 0.24437506603220172
-1.9426894772961418 0.6547535494402128 -0.3239542682268315
-1.7624767190123265 0.36525947360507516 0.2422679226301021
-2.062660078005308 0.569746677694126 -0.32501427722951703
-1.8670462695901193 0.25458441749660654 0.23903782772043414
-2.142128591068584 0.4225439506690041 -0.33270995212575727
-1.8958654617585182 0.027210415466117688 0.2253735821149654
-2.189870914715385 0.22528164291279218 -0.3457180698015385
-1.9503684605129905 -0.1627038054302723 0.21505053447702593
-2.2225593921370006 0.002770348172035142 -0.3613893230058842
-1.9331787971199645 -0.4659894261035955 0.1946595470807857
-2.2136846028193133 -0.28716610334900317 -0.38414637638112836
-0.18834238667716363 0.6315167854151431 0.44973237918832965
-1.5683134053224848 0.43283419796834277 0.5114150802991695
-1.6184781081248474 0.14749840059481034 0.512770728339941
-1.6497207776576772 -0.13906614278297091 0.5132227699659175
-0.8539328659882415 0.5364011063264371 0.6250522892377681
-0.9386224705900759 0.2509762754688776 0.627876118888647
-0.9964102571287725 -0.3271792222439176 0.6285277168653316
