2.175246089152715 0.08607309788474282 -0.4409890094801856
2.11028918418274 0.44585615321785177 -0.3984923282668067
2.023781390872614 0.7144594105482245 -0.36822652016133794
1.8866775502683382 0.7867124414818552 -0.3643784442946387
1.7176106855102162 0.7397454934416547 -0.3766398349806739
1.538909098434722 0.6599735313164068 -0.393413058857627
1.3979873681171426 0.7194886862783552 -0.39147900734395513
1.2734631360675621 0.8367523035203508 -0.3817982593581153
1.116970227533585 0.839944519577239 -0.38758896980733404
2.1786799297578767 0.07004734641611599 -0.5982623020216895
0.9534761015517361 0.8198986533831825 -0.3965992847487403
2.132184808726386 0.5016667757106976 -0.544679156880088
0.8022340398045529 0.8433126513803142 -0.39979886208028326
2.0483093530054006 0.779685050507819 -0.5122580448195411
0.6326802537833842 0.8054811292811745 -0.41137932930440435
1.901216656577951 0.813523533491594 -0.5135846057936622
0.4841079892140243 0.839557524919206 -0.41327523384542
1.7542248249779249 0.8478853099074879 -0.514903537373252
0.3125352504515675 0.7982627015496551 -0.42549084816426763
1.5929474224930615 0.8301885258078627 -0.5234980503127051
0.14928044313007405 0.7860877097549182 -0.4338288227126075
1.4353710633212273 0.8274260280350045 -0.5301022449538184
-0.011266176178324372 0.7840113823628627 -0.4408707538649512
-0.1764625311427679 0.7683614786532864 -0.4498429218337012
-0.3298510936582346 0.7911478763025883 -0.45364426765889654
-0.493924633566202 0.7814644535257429 -0.46195935402364263
-0.6690270245086793 0.739437613583755 -0.4747900882765723
2.0117606993569197 0.7595792274855615 -0.7462792316481544
-0.8399128100265472 0.7122477987863256 -0.48567723427266607
1.8684108842644136 0.8079127643953719 -0.7455658832594825
-0.9922469000196017 0.7421543255286327 -0.4888091007277442
-1.6220557758645384 -0.6360752116918071 -0.6857275882765723
-1.7213435424504482 -0.43454456097070704 -0.6656060138747169
-1.8307693668978686 -0.2656388985327478 -0.6499962726637794
-1.9342750205960115 -0.08245310206318024 -0.6324372211501075
-1.917363986633056 0.43737965293651193 -0.568339816670127
-1.9940625951165316 0.6858712833908385 -0.5417075077101661
-2.106393253960171 0.8318392051955374 -0.529282085041709
2.0902706318360913 0.24557921907913283 -0.22305726204366216
1.9727512836098242 0.3992489844881568 -0.20880746040791998
1.8281634190813065 0.44772479961484635 -0.2082333484694434
1.6502372094199416 0.37214824000604807 -0.22383069191426763
1.4755735458140151 0.3116595351634146 -0.2375569263503028
1.313578372561345 0.2996954695319598 -0.24505662117452154
0.0021520114224600206 0.11983106821194056 -0.23927830849141607
1.1607382196855696 0.3217726370685199 -0.2481932560011817
-0.1665349742396529 0.09925246882421668 -0.24847745094747076
0.9957018851998782 0.30146686396451905 -0.2569250980421973
0.8111457905767381 0.21505037462413412 -0.27436970863790044
0.6717151378123845 0.28657162983199136 -0.2712616840407325
2.1786114238307235 0.43870498370138655 -0.2813506046339942
-0.650094441185523 0.11707497977352688 -0.26620721016377935
0.507310315709482 0.2729187140561731 -0.2793545642897559
2.040370823250292 0.5104695978794052 -0.27760743294209966
-0.8135718493093975 0.11794200829422863 -0.272924892048545
0.345503595363013 0.2693988351518595 -0.28619717750997076
1.8758536392263139 0.48199400428227435 -0.2871212879225684
-0.9911919387055761 0.07701905106661933 -0.2851691165968848
0.1806453448963481 0.25699812513021847 -0.2942795673415137
1.7033059138652007 0.42541088539863914 -0.30042122993917
0.01845785768608721 0.25472481678004044 -0.3011107364699317
1.5445368277043698 0.4221691178225342 -0.30676602516622076
-0.1453709694936265 0.24832847191227714 -0.3085579792067481
1.3829780282615687 0.40996212776457597 -0.3143696704909278
-0.30941785565016744 0.24256266555844874 -0.3160014072462989
1.21984922661035 0.3935913211385973 -0.3225998798415137
-0.4706398761695496 0.24687125425818834 -0.32219075355977544
1.0564695929311014 0.3778493890432806 -0.3308243671462012
-0.6396157916002778 0.22819659878380882 -0.3314909854933692
0.9024187642188011 0.39610156704958044 -0.3346180835768653
-2.008548177547439 0.010561703379758924 -0.33699559364766607
-0.7996470791615522 0.23847200866062934 -0.3370461383864356
0.735872420408775 0.37205950724095693 -0.344096652607627
-2.155345272121636 0.06802333490723456 -0.33690022621602544
-0.9644434562640143 0.2352332564194306 -0.3444647708937598
0.5760273521405921 0.37244936929820227 -0.35040711555928716
-1.1388639456645038 0.20438507172818277 -0.3556179920241309
0.41887026564606344 0.3829510784929262 -0.3554482379958106
0.25158812023904176 0.36079915402861396 -0.364909640888877
0.07528527310795141 0.31085441601858754 -0.37815999184102544
-0.06774644464535129 0.3705794715979298 -0.3768582263991309
-0.23428329587481755 0.35507818912118516 -0.38567017708272466
-2.069643994415678 -0.0888999192137927 -0.43126153145284185
-0.4296168251505037 0.2504136102940713 -0.40649747047872076
-2.143296523907722 0.1743080304833775 -0.4037127414748145
-0.5803018312504094 0.2882434964298941 -0.4083390155837012
-0.7308882524291818 0.3266240895276926 -0.41017388496846685
-0.8860196825287119 0.3513973497621663 -0.4139008441969825
-1.0395817188380576 0.381439563353954 -0.4169878879591895
-1.7066986067719938 -0.6130219837596353 -0.5655732074782325
-1.8217927417028363 -0.45811858727818056 -0.5521931568190528
-1.9196387796247478 -0.25611556112713174 -0.5324711719557715
-1.9568779803749976 0.1144298762482645 -0.4899430194899512
-2.045013322093588 0.33522714654024277 -0.4676632801100684
-2.1990903292267987 0.3694827238136451 -0.47070550117940435
-2.1054417782350257 -0.3049956811582266 -0.3574776569411231
-2.048631642878078 -0.13579973596817752 -0.35623311195821294
-1.7699265637477382 -0.8257658716209857 -0.7485489765212012
-1.159689624805182 -0.8064891942638077 -0.6700072208449317
-0.6790288472193851 -0.7562233232467417 -0.6094365039870215
