-0.35773514585680743 -0.8346731454660699 -0.04429866922605985
0.8873163003927047 -0.8379607033319001 0.0624751840759421
1.4168828279036916 -0.7152551738798696 0.10587928640138156
1.5405115297353333 -0.5181958023195907 0.11325786458741671
1.5865619719192168 -0.3065724147462454 0.11369226323853976
1.623576043988244 -0.09318221914070257 0.11325786458741671
1.5734680071628944 0.1379146234477009 0.10501144277345187
1.5291171156563905 0.3684950282636379 0.09719894277345187
1.4856266681047003 0.5995418192077047 0.08938596593629367
-0.2872771806845691 -0.8689601568752359 -0.16101505411375516
1.040798158703609 -0.8873849406763625 -0.04434730661619657
1.7071829907786267 -0.790775193317776 0.012433985345473353
1.8256563146736227 -0.5937668774775986 0.01953170644532687
1.8958834355516458 -0.38790084310826956 0.022193411462416712
1.9228340321907922 -0.17365373640499193 0.020862082116713587
1.9407948221594253 0.04252940672700767 0.018644312493910853
1.9253711425092774 0.26577215251164077 0.013320902459731165
1.8084221133969933 0.5107307088178992 -0.0013179982971047721
-0.09299099842195346 -0.857873659630183 -0.2559495176147317
1.1857886646843312 -0.8687797476074 -0.1415190900634622
1.9352419246171735 -0.7887857779728922 -0.07593586099852079
1.9803460963814103 -0.5785219844493579 -0.07548381937254423
2.133683847358533 -0.3894886834453146 -0.06508113992918485
2.1752900184567565 -0.17897870484694245 -0.06508113992918485
2.1541979876740385 0.04426814075779717 -0.07096054208982938
2.153427846442014 0.26377698434087904 -0.07503177774656766
1.9049460075734999 0.5357268541482227 -0.10216905725706571
-0.37884640478034726 -0.872889062853508 -0.39357282770384305
1.905959975769001 0.7564113656044444 -0.10623981607664579
1.1398508136196028 -0.9255881623292836 -0.2543554509948587
1.8206224342466442 -0.8318251131252392 -0.19396688593138212
1.9046998102298858 -0.6286346737224537 -0.18981744898069852
2.082305987177314 -0.44397459757151836 -0.17690994394529813
2.0797712458715765 -0.22456452232167656 -0.18105938089598173
2.141476586440227 -0.017811320484206306 -0.17921497476805204
2.0965961255427104 0.21072068051046067 -0.18751289499510282
1.9015193427211727 0.4713354332692994 -0.21010114801634305
1.873088345229931 0.6982053161388055 -0.21701576364744657
-0.9967047329474994 -0.6002154490182825 -0.5678825582336282
-1.5475812509581743 -0.4879433678965608 0.294091681115737
1.1288402327069775 -0.7674725486835712 -0.36780120981443876
-0.29616098461631424 -0.49043655628187466 0.3929219041992331
0.4599469490664987 -0.40744237932482186 0.45134065496217257
2.040980211173917 -0.5004929506039826 -0.2879567350219583
0.5015010830786224 -0.19109648749243213 0.45134065496217257
2.038243664816335 -0.28098469745614274 -0.292183896429429
0.5438095523573239 0.025112015545580846 0.45134065496217257
2.114390475483148 -0.07700759364531606 -0.28889610422361844
0.4647221769728631 0.2657375196011458 0.4413375650573874
2.137585579868855 0.13755775118218416 -0.29077484262693876
0.4598023187715867 0.49206417839271843 0.437336424462905
2.1420433509327097 0.35616650905216396 -0.2945323194335794
0.3971509224991152 0.7307844838332969 0.4285335336853171
2.1667675905093517 0.5707677158782172 -0.2964110578368997
-1.151432246404326 -0.7887049519680698 -0.6928382123779153
-0.9804025390410942 -0.819389680798789 0.23046682225953585
1.958690996328393 0.8356909871978662 -0.32083370340574735
1.0869863935868835 -0.9690492630799277 -0.4780540670226907
0.2116545621845063 -0.808840953587028 0.3265409265686179
0.6192115480869518 -0.6601886029974278 0.35720250951539523
2.154564063743514 -0.7287557329960528 -0.38142492426146024
2.0679453181430105 -0.49368663196066187 -0.39386274469603055
2.2361448358961624 -0.30801672826658333 -0.38142492426146024
2.034070288515082 -0.04880080971702938 -0.405343076116929
2.1353795556289725 0.1500726949101061 -0.39960243356932157
0.581109077688744 0.4683172148459729 0.3363523279358054
1.98396836818074 0.40118962965514804 -0.41873695505369657
1.8189783445638525 0.6566105059457694 -0.439306756384263
1.1578858749616927 -0.7264185865047033 -0.5854182447265481
0.6687387363519122 -0.6348612430804863 0.25039766179811007
0.851433217563077 -0.44631302094540537 0.2625055109192038
2.035722849971201 -0.4535184806559407 -0.5060296262573099
2.0819932700804316 -0.24363732276781747 -0.5055427755187845
2.119228007442466 -0.0319618572635445 -0.5060296262573099
2.157209279591086 0.17960287285174026 -0.5065169538329934
2.1915436193809086 0.370001000731758 -0.5070038045715188
1.7853422563108552 0.6869682812657381 -0.5522990430663919
-0.5896772796745395 -0.9213933347990704 0.038454989068617884
1.154490331877156 -1.0234565674843328 -0.6902332509826516
0.6704136846491409 -0.9240662103900199 0.1445832048584128
1.0040247454647258 -0.7631313938826185 0.1701559816528464
1.9477384564896667 -0.7310028363830341 -0.6178565229247903
1.039438835463514 -0.54774222381198 0.1697296892334128
2.129819030582894 -0.5471996696536952 -0.6034803594421243
1.0707207395696585 -0.3315237481518949 0.16887710439454562
2.126939620113049 -0.3280296884259588 -0.6079416478942727
1.1418600418506415 -0.12307912163439916 0.17143438207398898
2.1833986979551483 -0.12043309240041289 -0.6064548696349954
1.1257861183274827 0.10264474451434324 0.16631982671510226
2.1625686005876545 0.10283472279542138 -0.6128988469909524
1.008046811325329 0.34956298620316595 0.15225503789674288
2.069493439562841 0.341565126442374 -0.6267795766662454
0.94005201279559 0.5873151240672474 0.14245174276124484
1.641471742946969 0.6520726851751846 -0.6748652662109231
0.7462534907484866 0.8524942840826117 0.12156722890626437
