1.701800358998966 0.7450125955542948 -0.4213012828961511
1.1577635603562086 0.8062931812983845 -0.4108182563916345
0.6822446759304626 0.8189447019440497 -0.4030677452222009
0.19181577803498584 0.8465561132781421 -0.3946107998028894
-0.2425297298062148 0.8339200767072423 -0.38841000939761594
-0.6958204831733639 0.8391814311241017 -0.3813408985272546
-1.12481608007122 0.8283734079103606 -0.3752190246716638
-1.8911780656185897 0.7419298616720056 -0.36666742707644895
0.29533565577529686 0.8733599024031644 -0.5342108383313318
-0.18641194954378904 0.8969458905729137 -0.5253554954663415
-0.6475772958005308 0.9078628245317901 -0.5173184051648279
-0.3764814671315051 0.4594165248609592 0.5696004257067542
-0.8222358036667856 0.46029577476437034 0.5720876083239417
-0.9862247779786344 0.23878321774554578 0.5670781955584387
-1.069285078891518 -0.048062923643652056 0.5598636493548255
-1.6217931959448677 0.4341169258534521 0.4390769824847083
-1.6422943341403453 0.09883585035092679 0.42987021063412234
-0.23814943788200083 0.6531566387380554 0.2972973213061194
-1.7091567716579732 0.4185075881912752 0.30264171217526004
-1.784126067908879 0.1275365194137148 0.29481562231625125
0.6438173854267788 0.6194654603516199 0.14933618162716433
0.11377206848763421 0.6786767881377482 0.1562755927904944
-0.24602952529222222 0.6083035504942291 0.157678447709928
-0.6918105067175446 0.6080319800595646 0.1619807109698157
-1.2228372225239497 0.6787534185436801 0.16920217131222293
-1.5459598192823805 0.5868498207223691 0.16953905676449343
-1.7289961695226168 0.3835487646869513 0.16517456625546023
-1.9088338434836274 0.17777662203113387 0.1606825218066077
-1.982988326748874 -0.14985893413849816 0.1514962539538245
-2.0133042501058114 -0.46187772633467006 0.14234622572506472
-1.7401441319088562 0.814014757271277 0.042062602983365505
-1.8484860600422337 0.5517655616619184 0.03508218382442996
-1.9540332955460258 0.2865403427561066 0.02795370672787234
0.5891611641315961 0.7004452704374611 -0.12666288758670285
-1.9059517265312422 -0.10515120009935686 0.01519425963009402
0.15000369303403716 0.6890543289488509 -0.12151924516116575
-1.8521633329361649 -0.5041254422487498 0.002120815263638942
-0.32385544819916845 0.7079115345689164 -0.11500469590579465
-0.788959275690452 0.7232577141607983 -0.10873738671695188
-1.2336585990551896 0.7257155464261196 -0.10316292191897825
-1.5644564548627997 0.6400333713578039 -0.10184828187381223
2.1660346152107834 0.9124926512300835 -0.28141371156131223
-1.8951221526338173 0.5560811342160736 -0.10050646211062864
1.6888454458913387 0.9189768930375308 -0.27444211388980344
-2.0976328051041335 0.3697971964679265 -0.1040560379162927
1.1926148186125616 0.9433252973614188 -0.26664701844607785
-2.0338693118859794 -0.03411171974537908 -0.11790148164187864
0.6973387736046988 0.970548578968387 -0.25880018617068723
-2.099448396121474 -0.3341370822183318 -0.12684408570682004
0.2623583172714561 0.9547787086130484 -0.25323668862735227
-0.21534824452031387 0.975223809105227 -0.24591485406314328
-0.7078702905897458 1.0107509860985164 -0.2379197254315515
-0.8620843570010805 0.7827112482085976 -0.24333349610721067
-1.5216750819712672 0.9565254893697013 -0.22851768876468137
-1.703465107938257 0.753095556725345 -0.232793964399447
-1.7576099847680595 0.4467896857927016 -0.24226156617557004
-1.809259896720853 0.13709512546254565 -0.25190345193301633
-1.9396864501078568 -0.10951005833605443 -0.2584013118878503
-2.0410358502130705 0.3650340912994938 0.08201416586483523
-1.7244101784927892 0.46625169887309426 0.536753736482511
-2.1260403064184814 0.21797886516638165 -0.39767257119571164
-2.1042360789670056 0.21856271390489823 0.09112890814388797
-1.7303093040439705 0.33666014831670665 0.5400417671069007
-2.1374945621994783 0.08848308104260028 -0.3926281108990808
-2.0539402878796125 0.10826499307798265 0.08982690428341433
-1.717667614061206 0.21318163882161478 0.5418682918413977
-2.1732167073881854 -0.04813561753517703 -0.3850621357098718
-2.075407422946192 -0.02425874715276599 0.09503515814388797
-1.7150155465788544 0.08680337166163632 0.5444258079394202
-2.1021757180324414 -0.15796228006274404 0.10067781065548465
-1.722381887526062 -0.04237115901334931 0.5477136001452307
-2.096075306327144 -0.2813154259067865 0.10328205679501101
-1.7159095918716716 -0.16705881288720015 0.5499053821429114
-2.090437334277908 -0.4045912772884055 0.10588606451595828
-1.714685465404017 -0.29308998490748017 0.5524626598223548
-2.0565777661093847 -0.5193818402359778 0.10588606451595828
-1.6995846691206893 -0.41480286894632457 0.5539239272936682
-2.027906403529805 -0.6356764067808918 0.10632022474850222
-1.6705585694967056 -0.5323470411921374 0.5542894229754309
-1.698574598614826 0.5181959395975451 0.4725554809435706
-2.064086182326349 0.3692013266239247 0.017068706498990505
-1.8088256104357399 0.3553007509091195 0.48415001486385867
-2.085871955344217 0.23586378394756302 -0.4628352298871179
-2.0227793928536855 0.2558145405222003 0.016625009523282497
-1.8519279277939518 -0.8347519861386115 0.0963374004229407
-1.753285762667666 0.24548324253827936 0.48265393827999636
-2.111496642656924 0.10177129674950258 -0.4561647548810144
-2.0769364358809526 0.11256853686940538 0.025053583131680934
-1.6611941337135434 -0.9063697256713219 0.08201416586483523
-1.1727560156264474 -0.7706578795703916 0.5239675865038733
-1.779080113743511 0.11034617514064315 0.48751648520077273
-2.1186417192007383 -0.026146328014345244 -0.4515470638409753
-2.0365114586853963 -0.0008043447554140215 0.024609886155972927
-1.4705539582318323 -0.9792038409589878 0.06769069288815066
-0.8371969708695062 -0.8056073040213754 0.5009525642260413
-1.7863366003184495 -0.018651570160146846 0.4908824787005286
-2.0298286215187034 -0.12449833719622028 0.027271829591641872
-1.111731310024112 -1.0077625761439268 0.03817590330685183
-1.7845495709513628 -0.14459700636161443 0.49350055311764285
-0.6564355327741609 -1.0130491347791732 -1.9468320955784435e-05
-1.773673369774798 -0.26757744084443047 0.4953709468706946
-1.7489028724578048 -0.38628931024258506 0.4961188659533362
-1.7197703489146505 -0.5036655955107836 0.49649294470394656
-1.8259256317901915 -0.5658497599207895 0.021061502443204372
-1.7929908313829301 0.45484458920373605 0.4196897373064856
-1.8179251408184598 0.3194695873273261 0.42466505621517703
-2.0747168333042225 0.21301978889269435 -0.5239860191479822
-2.1627599291053485 0.1852464792104378 -0.03002969170962766
-1.8576787961749517 0.17993774730050127 0.43078883741940066
-2.0840532437148767 0.0840374878246859 -0.03410045052920774
-1.3707346559687394 -0.7825569905811225 0.4770437106951575
-1.7800252730456805 -0.9280183702813058 0.02594073866451785
-1.8694182323577664 0.04963222905580622 0.43461617086971804
-2.126656990893416 -0.05483816721696755 -0.5104202404156823
-2.0484892901887477 -0.030779714831428606 -0.03410045052920774
-1.0545852571561767 -0.8217499467659088 0.4549761638506751
-1.4886555662252974 -0.9727115297127167 0.0019865856036047624
-1.886430575300139 -0.0819197799057747 0.43882616613949343
-2.0514384723207257 -0.1573048640061252 -0.030481971754183323
-1.1202773754151565 -0.9985038618967241 -0.029066003812899144
-1.8609948527698421 -0.20029958424280814 0.43959148977840945
-2.0691820337227114 -0.2879835980027021 -0.02550689126407102
-1.8216470959156794 -0.3144751031688333 0.43920882795895144
-1.7970371585623184 -0.43300957853641364 0.43997415159786746
-1.8015913549503324 -0.5599184370560817 0.4430361614092688
-0.3698149564821662 0.802828288974764 -0.7771848812237878
-1.894724452583354 0.3004071719449666 0.3759845123156409
-0.18466625665376313 0.7280831623689963 -0.7936293258801599
-2.0854544508240522 0.12025836588594707 -0.09551516915713743
-1.9202581319312912 0.16559418752449062 0.38106187437618777
-1.4290934970026612 -0.8314926135875584 0.42122062300289675
-0.20861061073975407 0.5875323118524403 -0.7867330684796472
-2.0592810373945483 0.0025046479148258527 -0.09459296609317258
-1.8701183253221743 0.054618244252377934 0.3798900470599036
-0.7219416088262065 0.4091108237512433 0.7818187103136878
-1.47754749578543 -0.995904519851365 -0.05942884828006223
-2.0001836518204996 -0.10513074314366655 -0.09689799691592649
-1.872798217245304 -0.07257429945310356 0.38301452253902957
-0.7425236035545879 0.27207470752111895 0.7856801376208167
-1.065969337366539 -1.0103008367282449 -0.0951601638928552
-1.8759667779064415 -0.1996260840186732 0.38613899801815554
-0.7827518870598951 0.12955552962889882 0.7908287868365149
-1.8605053526963715 -0.3208510464590777 0.3877013549670081
-0.7661664522264857 0.0045077969561280185 0.7921160087450843
-1.8407027875695263 -0.44065673827874186 0.38887294386471316
-0.7260999423718459 -0.11350454016459643 0.7917941436632971
-1.8117604515397971 -0.5577076566958059 0.3892634734972815
-1.8286133642803435 0.4858304113086316 0.2994750366076331
-1.853397900434551 0.3505109171756118 0.304676853166471
-0.579535079737731 -0.4603398531136147 0.7888980731829505
-2.0442835102314234 0.16986301919225077 -0.1611992492810388
-1.869213191974879 0.218477395663065 0.3090778217181067
-1.362453788844114 -0.8077471708270263 0.36075266455257937
-0.44493790621564955 -0.5523006862125719 0.7821403369768958
-0.36662979063943624 0.5706167900167216 -0.8339766636029382
-2.079736018913671 0.032792044376725116 -0.15415445710574582
-1.9283952439067917 0.07340200159342736 0.31708057974422976
-0.9891823208934412 0.36445605993065655 0.7368634567126136
-1.0416032180067987 -0.8458659110911046 0.3373194560870032
-0.3626478014728036 0.43960516875206146 -0.8302027359143396
-2.0300692894382237 -0.07766545858438612 -0.15556327248965696
-1.9357561300434867 -0.055083904713766785 0.32068141554440066
-1.0242040479046182 0.22391480586473378 0.7418208942278723
-2.0284207776130856 -0.20275699483199894 -0.1522757187024255
-1.9436169297568142 -0.183396711623244 0.32428272818172976
-1.0406909466821403 0.08951772393591284 0.7454565391405921
-1.918537814242164 -0.30155195717549965 0.3250828609331946
-1.0337948791090312 -0.03750033139337461 0.7474394664629798
-1.8986627035559422 -0.42117159100691026 0.326283298478971
-1.0178090804329258 -0.1616261688884144 0.7487614974840979
-1.8939246588431828 0.7189700446119414 0.23757966612423465
-1.8696496490520786 -0.5380263438571351 0.3266833648547034
-0.9783103259294705 -0.2787675362540636 0.7484308109148841
-1.917752434879148 0.5834450361314243 0.24289425467098757
-1.8314654222592637 -0.6522124281595474 0.326283298478971
-1.984814366373044 0.43450098791876357 0.251888595567594
-2.0222222324188195 0.29577272370637075 -0.2275604381695886
-1.9385334815807767 0.3223491494651807 0.25107105825985476
-1.4230848539947232 0.2673743909061148 0.7047105655535559
-0.8971087824745396 0.5288533313840222 -0.8406976833478113
-2.095142734675335 0.14647457221495586 -0.2165581359997888
-1.9639479474128123 0.1876332989722016 0.2563856468066077
-1.4406191899059095 -0.9188111628392495 0.3018759116991858
-1.3392011553219803 0.16489793050565993 0.701318584428678
-2.092638501171841 0.021382051618866527 -0.21320954705630735
-1.9660994593240346 0.06059601498527911 0.2596562728747229
-1.1200046384578997 -0.9573724445053298 0.2778681144579749
-0.5125298395695026 -0.7921231968797375 0.7279401645525794
-1.3463247442731614 0.034444193204466345 0.7043715343340735
-1.9878011701590168 -0.07213533403922234 0.2645622119768958
-0.21018613228988414 -0.8400253035009957 0.7094319686755042
-1.3204902536418501 -0.08580910743666337 0.7050498351916175
-2.00048219030532 -0.20170602311814712 0.26865037535275027
-1.2903073999869932 -0.20470499876670267 0.705389104829679
-1.9611387426916238 -0.3153858032901997 0.2682414874895911
-1.2509681611935903 -0.32089422291083025 0.7050498351916175
-1.9508751484590263 -0.43767524015944836 0.2702856883868079
-1.2072365921112507 -0.4358537820950108 0.7043715343340735
-1.9266972133972544 -0.555735319764139 0.27110322569454715
-1.9992987227228838 0.2829367846430806 0.1960993633135657
-1.4418269154247412 0.3631640706952659 0.6424373016222815
-1.982064303093452 0.16186315042584276 0.19776948546017215
-1.1449564800584113 -0.6730659176260598 0.7047105655535559
-1.6339614935480782 0.17515109515282923 0.6591373309954505
-2.092614727637539 0.0014088447152289518 -0.27319423104678586
-1.9890677831213281 0.03343897083122549 0.20152720068539187
-1.5015615293614246 -0.8109389703173857 0.24330314253414675
-1.545618932772534 0.07484043587993128 0.6553102359637122
-2.066856633111996 -0.11628533564990562 -0.272220291151156
-2.0013346402966903 -0.09626848893637963 0.20570238684261843
-1.2577528791581045 -0.8694939069003276 0.22531493757809207
-1.5530569617554733 -0.054859407849846775 0.658441387163053
-2.0236389065160267 -0.2286412145393122 0.21071251486385867
-1.5370963103824948 -0.17724127129357825 0.6598330364092688
-2.0034919058877705 -0.34793311787918846 0.21196540449703738
-1.5024443884997964 -0.2939660973016007 0.6598330364092688
-1.9933320507862007 -0.4700568450398048 0.21405275915707156
-1.468203406949364 -0.41081091706645445 0.6598330364092688
-1.9597013001639496 -0.5851864286150121 0.21405275915707156
-1.4151956477545582 -0.5222630931505972 0.658441387163053
-1.9025285041943363 -0.6935721130810091 0.21196540449703738
-1.6938002970675896 0.5321942748341772 0.5943842754229407
-2.0178068024028093 0.3075909037120734 0.13624819372738406
-1.7279644322499195 0.3933600426672754 0.5997334346636634
-2.172970267829456 0.1386735532048835 -0.330194391264071
-2.019486057358016 0.1805972353321863 0.1396580562456946
-1.6865688189168466 0.2787889600050075 0.5993767604693274
-1.5169532182135939 -0.9609244255857092 0.1869138107165198
-2.1182032353106166 0.030068949083059238 -0.3321775570050378
-2.031164602908902 0.050791143292569174 0.14392002676571414
-1.7027205291193965 0.14633667988853816 0.6032996997698645
-1.2590377387023892 -1.016362653544892 0.1672902927264075
-2.024296319001074 -0.07296902653373571 0.1464773044451575
-1.7003239183540941 0.01996388473743238 0.6057959422930579
-2.1037126568427666 -0.22262417890870623 0.15670641516293093
-1.7031735644560726 -0.10774110514338986 0.6086488590105872
-2.083542703020214 -0.34165080693620276 0.15798529242123172
-1.6969532684411561 -0.23245037638396226 0.6107886657580237
-2.0733543282343803 -0.46351815052489975 0.16011627768124148
-1.6672808804270716 -0.3500276321410283 0.6111453399523596
-2.0397002302320004 -0.5783687103508885 0.16011627768124148
-1.5230927292083791 -0.43423914209871306 0.6029430255755286
-1.8921191024575421 -0.7853037632031228 0.1528704986437659
-1.7060776165812825 -0.8578157731395226 0.139231763826261
-1.106075858527909 -0.6962367436354278 0.5794063434466223
-1.443301022447173 -0.9102929360975249 0.11877330397213504
