-0.2819468160576193 -0.18188217280136953 0.7389028545927427
-0.3039638156019038 0.017473441200390738 0.7613161083769224
1.2505892774047709 -0.14263204749973823 0.1480768200468443
0.23546293488348624 0.19661154671909387 0.528224277169647
1.1757115856367832 -0.038402579158642425 0.15731315580123884
2.1783522743904697 -0.31248521934050544 -0.32548971208816546
0.16115672004729475 0.299242341978708 0.5360558506559752
1.1036256124430466 0.07039115138257657 0.16734151807540876
2.14544454868588 -0.11738866496121503 -0.29724140199905413
0.07062293673399012 0.3717346957410257 0.5388038631986998
1.0140148569908476 0.14423812745783948 0.17107801404708844
2.160333353811822 0.17535108730351112 -0.24998731645828265
0.038208448393383776 0.548188207168689 0.5590084072660826
0.9338481771720879 0.2358714208285022 0.1779683109831236
2.1322910341570847 0.3744472397973482 -0.22085924181228656
-0.07314183124555029 0.5822433099954907 0.5552218433927916
0.8380930248131335 0.29711749072204086 0.17935352292770368
2.071088722757665 0.5025142426583038 -0.20554323229080218
-0.2234720084537969 0.5478935447298419 0.5398061749052427
0.7702836857647313 0.4110355373183978 0.1901915546965025
2.0127790454021195 0.6350797204451553 -0.1893569949555971
-0.3595150721185405 0.5400082509647035 0.5287569042753599
0.686818197866728 0.49458553250906334 0.19552307096237165
1.9356051977994184 0.7279674451366276 -0.18093795809036273
-0.47359177143737696 0.5713007567295634 0.5242579456877134
0.5990782505720986 0.5696837706416815 0.1992867466520689
1.8369565551092464 0.7769852312504995 -0.18115110430007952
-0.6273844727384201 0.5346108731434533 0.5081270214628599
0.5658259937442836 0.7448301089892837 0.2211649891447447
1.7252134151626421 0.7999457409647412 -0.18654222521072406
-0.7391594968572761 0.5712091733431635 0.5043638226103209
0.4767401172677168 0.8159347928161544 0.22415046659225446
1.613462641084105 0.8233453386571163 -0.19192905458694476
-0.8910943790193073 0.540093599304079 0.488969134957733
0.4189621524209457 0.9434959431566554 0.23737935987228376
1.5016952458324155 0.8471872153400284 -0.19731111559158343
-1.0232280766078503 0.5436961792057033 0.47939710584396344
0.32829040565390244 1.0107270811656122 0.23958806958908063
1.3673564014274646 0.8277039846584522 -0.2113282206941225
-1.1199315907569485 0.6072568483251253 0.4800117489408873
0.12198399131519722 0.8716090790714155 0.2040002819609068
1.2395200502999586 0.8219202541916601 -0.22274894747024554
-0.0854957945581134 0.7335893916689393 0.168414878518524
1.1091817247358478 0.8123324220166381 -0.23502988847976702
-0.1938781848920499 0.7724951440262977 0.16512327161544782
0.9279309387432733 0.7075703253966097 -0.26631374391799945
-0.31694799384080596 0.7861359052026877 0.1571109768461607
0.8315290234379091 0.7644491004544705 -0.26562852892166156
-0.44506697177458676 0.7917538090829019 0.1475284573149107
0.7353451400438331 0.8216512140186722 -0.264937115042267
-0.5633862214281464 0.8149637424614582 0.14110069242233259
0.6088494183918485 0.8229345627149236 -0.27547283205276507
-0.6942689201160519 0.8173959163635445 0.13073854413742048
0.4727222180287427 0.807479376798593 -0.28946180376297015
-0.830369874574238 0.8119081793960987 0.11880712476486188
0.34344052952560133 0.8055622254451791 -0.300853920309601
-0.9692512457648093 0.8027977864767202 0.10609083142990094
0.20916518329175915 0.7956041257263564 -0.31397028002029437
-1.0931036939598684 0.8196690690456734 0.09810619321578962
0.0890820531976857 0.8120017019964081 -0.3218976977754213
-1.2170445556696805 0.837063174952398 0.09012680021041852
-0.04804633720224416 0.7988993034664276 -0.3358690265107729
-1.356546794054239 0.8297292939054124 0.07742385831588727
-0.18789385004993164 0.7821371028306352 -0.3507005694795229
-1.498902882513832 0.8188247381245759 0.0639393803190611
-0.3157887758824387 0.787345133912499 -0.36120767626052874
-1.6363263767398735 0.8169600061995013 0.05203418699020368
-0.4438461215697771 0.7931046944451303 -0.37171001466995257
-1.7713539472267499 0.819886698410933 0.040921973855438054
-0.5795082188372973 0.7866628622731398 -0.38479919466262835
-1.9250343134670302 0.794210471510155 0.024299430520477117
-0.7229124523228521 0.7681024217392967 -0.4004780772615053
-2.052595955346284 0.81089938143311 0.015559959084930242
-0.8565952618798747 0.7671278106584403 -0.4126955989289858
-2.2042545996981104 0.7907506019044526 -0.0002648356843568678
-0.9879582640480251 0.770976507840949 -0.42404384645706195
-1.1398378763635222 0.7416742559903753 -0.4423019412446596
-1.2793468867288027 0.7341160899305876 -0.4562346461701967
-1.4139719890779716 0.735588317673237 -0.46843404802566546
-1.5513832651927686 0.7334706986106134 -0.48149175676589984
-1.6994267606712157 0.7152459515601848 -0.49800415071731585
-1.8373498333751357 0.7143957360986128 -0.5110537532258608
-1.7795758505448802 -0.7911432515207864 -0.27855081590896624
-1.1556787360515628 -0.9548431960949131 -0.2067524913240053
-0.8063368609490666 -0.9500071457124406 -0.17258996996170062
-0.4617242233020633 -0.9445791937112951 -0.13900728258377093
-0.11763230454691609 -0.9412049100857409 -0.10542364153152484
0.22175535785152078 -0.937176349554715 -0.07241935762649554
-0.6776539223391183 -0.34379352472975455 0.6304924961637877
0.560613913311343 -0.9351612372197913 -0.039415550558624446
-0.3530165980468851 -0.32806936573902234 0.6572263714384459
0.8781887952218526 -0.9215207021924066 -0.009306145041046321
-0.2158924811320304 -0.19128364352404148 0.6612618443083189
-1.9593640932635168 -0.9169772948290742 -0.4844576838899233
1.153901086699797 -0.8823252532346082 0.015012550027313054
-0.2691483475654195 0.07126767648897925 0.6420934673857115
-1.545658781242551 -0.9468375615987839 -0.44032783540969866
1.3921651731650257 -0.819896040832127 0.03412036863082868
-1.2210542547141827 -0.9238363578032676 -0.4087211612153627
1.5684959984345994 -0.7172099796654621 0.04454259839767438
-0.8171297239164019 -0.9531480752715566 -0.36578340563064593
-1.1544665818280038 -0.7285945906747173 0.5142553326200865
1.654546312219594 -0.5541303712335406 0.042226600320281804
-0.4684077901802226 -0.9502438347372504 -0.33059854540115374
-0.8590555013722749 -0.6901029205158196 0.5378573414396666
1.7658159095017396 -0.40809004803112714 0.04338436094039899
-0.12441136888531901 -0.9467360615310056 -0.29601020845657366
-0.5095288467714028 -0.6882624415992922 0.5681303021025084
1.82437508908464 -0.2258942215093498 0.03701524701827985
0.23572716004463956 -0.9560649346203647 -0.25903625520950335
-0.2315459355004137 -0.6425592417939328 0.5896804806303404
1.8795999140162607 -0.04092116820555347 0.030067252786102117
0.5661356991876119 -0.9485745264738803 -0.2262365344453432
-0.12044185546338326 -0.48976956919557324 0.5907066341947935
1.8744908734413244 0.18666189582796733 0.01443366971725446
0.8296547424758529 -0.8994245043387785 -0.20297880205398577
-0.04207755180792816 -0.3155515312474684 0.587627696664276
1.7851329985820072 0.47462287439568485 -0.013359260885772883
1.1426453234613234 -0.8846379451620088 -0.17256517442947406
-0.00037872692315232825 -0.11680620684840193 0.5799315449308775
-1.482243907854702 -0.9398634770704994 -0.7261378291535951
1.4965041532441106 -0.8992259473591986 -0.13618774446731585
0.017342667155418212 0.09856660619916724 0.5691564556669615
-1.1578510052157824 -0.9171538836368391 -0.6931535724092104
-1.3281545623834106 -0.7988471050122001 0.4061944958280943
1.668416581049911 -0.7941023471828856 -0.126049232809601
-0.02177128371513959 0.35302493886148767 0.5511982914518736
-1.0536784695347663 -0.7458930922917943 0.4275873180937193
1.7418726502734714 -0.6230331875229673 -0.13022394212966937
-0.7291047453232196 -0.72659380219498 0.45524148908370954
1.8447029903284005 -0.471702740341545 -0.13022394212966937
-0.20806322320996173 -0.8470362715625868 -0.5973140719819643
-0.40914775210188026 -0.7065134396015402 0.48237352338546735
1.976695430324888 -0.3404121370435327 -0.126049232809601
0.1563058353450515 -0.858840416873452 -0.5581066134858705
-0.9116680973159461 -0.15551130973502936 0.4067161556791685
1.9131640147091105 -0.07403256405082459 -0.15050001177078265
0.5117286718430094 -0.8674081325779568 -0.520143699972687
0.17537747199394715 -0.6366322467055312 0.5298550602507017
1.9609069736807356 0.11645415945255522 -0.15884895357376116
0.924560126143291 -0.9162696392179797 -0.47346849474197406
0.23662819428155757 -0.4524937138264278 0.5246370312284849
1.9282201813103441 0.36406666667441456 -0.17912454637771624
1.2703432889460657 -0.9238013303917114 -0.4367506030488588
0.24888072732996136 -0.23544949045695063 0.5131586071562193
1.9250927655491736 0.5921961496117767 -0.19522638353591937
1.6072843221132445 -0.9278809549636584 -0.40127773317581195
0.2414322584187616 -0.004318733946448106 0.499070453317108
-1.431388446422389 -0.8233480144110672 0.30144767728561384
1.8284072702785537 -0.8563966465383679 -0.38322992357498187
0.2515540191070613 0.2161140862289841 0.48706989255660993
-1.3040161786320823 -0.676864139632837 0.3046300884794615
1.934527994856019 -0.7081565135604393 -0.3826071742463686
0.2626650551894514 0.43684656897526963 0.4750688549589537
-1.260086488819006 -0.47753054708587683 0.297203826577606
2.0411542607970503 -0.5602950451776323 -0.3819849017549135
-0.44941565573582665 -0.7692576434561786 0.38685064283126813
2.042029357753414 -0.33968710426595194 -0.39754314455276507
-0.5475317702049267 -0.48076062841638034 0.36138849225753766
2.1173027903925785 -0.1696137916927185 -0.401900005667267
0.15578020038498153 -0.7120819992590306 0.43777399030441266
2.091567190847613 0.07132223896864787 -0.42181463274246234
-1.3296542926041823 0.4866223648141599 0.23514060941452009
2.0061355675018007 0.35563518895935076 -0.4510643008638002
-0.3105038743084876 0.04547224499419045 0.3518403050016783
-0.010854995625003028 0.07441901605637824 0.3767717358183287
-1.345528978319841 -0.7061020336845552 0.2055886265348814
-1.2177997808405792 -0.5599764404425436 0.2088234898161314
0.3148236864536784 0.540050878904335 0.37783269849533063
-1.1733482696386943 -0.36080465150927665 0.20127563443893415
-0.36777425667727215 -0.65190000516289 0.29184942212814313
-0.34423096719090296 -0.4417372503145458 0.2816060062956236
0.21252601390932568 -0.5799519418856178 0.3403709408354185
-0.37158915708803164 0.25868438079904976 0.23739700284713727
-1.6188429418749166 -0.9754495578614595 0.09879188504928571
0.015155222269250146 0.22926230501803602 0.27405815091842634
-1.277061298636518 -0.9626197171139914 0.13001661267990094
0.09624514925393157 0.4033027357705805 0.27082328763717634
-0.9609836793770228 -0.9359205265378527 0.15795450177902204
0.227328328150314 0.5436008264812813 0.27405815091842634
-0.6285136454263309 -0.9217315307297724 0.1880839344572447
0.3137352288606152 0.7142572181559714 0.27136259046310407
-0.4513755314466934 -0.8103543971959404 0.19794445005172712
0.3966905274306285 0.8875122547814236 0.26812772718185407
0.15613045287720695 -0.9773772473928943 0.2642291065763853
0.07022441362341425 -0.698608423505906 0.23957757917160016
-1.0660755500564107 0.2701285451790696 0.07633190122360212
-0.3213564482812217 0.009620977931472652 0.160693931252899
-1.4080472502604309 -0.845489699064256 0.013925361306609929
-0.17078900585556056 0.13787278565247973 0.16671972242111188
-1.0622612830063431 -0.8369841019255091 0.04620103803390485
0.5663721269074173 -0.12743760892935185 0.25053386655563337
-0.7295691011121619 -0.8225331398868967 0.07680730787033063
0.567965909137115 0.09752585278089043 0.2368386265348814
-0.40570328876958683 -0.8046883315055204 0.10630063977951032
0.5253852512790118 0.3535883309064367 0.21711759534591657
-0.09479802024035422 -0.7806540100938228 0.13412456479782087
0.4020669917494075 0.6665126724920967 0.18644075361007673
0.4530929605649803 -0.9129323858669878 0.1936676975798033
0.5590737034306912 -0.759826206979227 0.19422416654342634
0.6697185960201395 -0.609841505130408 0.19533710447067243
0.7105638965818528 -0.41346239059007317 0.18699007001632673
0.8058716156875931 -0.2529913428643553 0.18587713208908063
0.856484431536181 -0.06222014944101062 0.17864303556198102
0.9160988072129541 0.12296573079718698 0.1725214001249693
-0.46341011528605236 -1.0464304903313888 0.010425376565398992
1.0010464318737675 0.29123378137883904 0.16973905530685407
-0.13188412705935093 -1.0346403315492623 0.04155616727584821
1.053938489027395 0.4818789957402885 0.16250495877975446
0.16994055149631038 -1.005970639253249 0.06872539487594587
0.47557251720827054 -0.9817560111995789 0.09646015134567243
-0.42215953615347956 -0.3985787330187911 0.7509911533903502
0.7226345737666975 -0.9212330314385433 0.11627035108322126
-0.40179370770933076 -0.1851957423560684 0.7410762783598326
0.9073649724640447 -0.8210428186603629 0.12759094205612165
-0.37218658842902386 0.022930522656348984 0.7321532246183775
1.0177848033149033 -0.6723019094697555 0.12872295346969587
1.1204427130300374 -0.5184393219092485 0.12872295346969587
1.1906917757581539 -0.3427088629437769 0.12419490781539899
1.2616367476547055 -0.16711620244509717 0.11966638532394391
1.304577697945426 0.028003094880109103 0.11117677655929548
1.311543682373454 0.24857518898273412 0.09759168592208844
