-1.969822712745028 -0.1482293087054103 0.338510628855774
0.7270034952408224 0.5805959811170069 0.4020830356245728
-1.893804944351416 0.7371056652924608 0.5730534755354615
1.4242594328070908 0.6517657663303282 0.2063547336226197
0.8696287531933109 0.6197586241506627 0.24113857380206305
0.242612479376902 0.6339981044975715 0.2822815143233033
-1.734758815003275 0.7613919336466495 0.4146858417158814
-2.0887136452859636 0.6284965830650151 0.4322649203901978
1.284708060655575 0.6426928211182883 0.061059590495178284
0.6614139662905671 0.6516933709348294 0.10277664295489508
0.03481702268992137 0.667042669361706 0.1448770724898072
-1.8771506283915045 0.7592136830245337 0.2746206485396119
-2.1841054858010267 0.5984987780601898 0.2883988582258912
1.8852100228578337 0.6676958582819665 -0.1173738277787475
1.0927957781675985 0.7702205750682793 -0.059571627461364685
0.5087031870736496 0.7571722574912272 -0.02051580318157953
-1.9728295060865406 0.8329020566660574 0.14976656071002203
1.0379730980202595 0.5533695965012342 -0.2335709370011596
0.5956643165737603 0.45831146723838145 -0.20676267512982172
-0.0866111876337925 0.5078562511497324 -0.15754735835736078
1.9032701045104545 0.7614213570593478 -0.4403690136307983
1.0678321074769315 0.888015124233867 -0.37577522166912836
0.6476787338060603 0.7792779635544349 -0.35042798885052484
-0.030196262623022108 0.8242437061317816 -0.30055177577679437
0.5154562252996158 0.44993895020940755 -0.5079015529984741
