2.040352407887312 0.7207187937372694 0.022625628482352056
1.774930597254098 0.8023150747253318 0.0015556249728305716
1.428724686442493 0.8365629602020661 -0.030613717068185053
2.216218739054426 0.8181961108315363 -0.05849104784821435
0.8283619354010483 0.510974978668397 0.5311147604098423
0.6722110835661965 0.6642906857433388 0.5258657369723423
0.2985432102041585 0.6887357058057475 0.4934551153292759
-0.04559342108561282 0.7330981874234155 0.46479291058684424
-0.3814795229972532 0.7845054847502411 0.4372136030306919
0.8162607245169511 0.6782560812296019 0.43293589688445167
1.1689870005492082 0.8181915041174648 0.36740845776702
1.560619986746886 0.5787764056473677 0.28375023938323096
0.91208845180374 0.4303572679311962 0.21334761716033057
0.5556421353150967 0.4628919565776073 0.1815354261508091
1.4575155636327395 0.7995941610353157 0.18163889981413917
0.9703352618382013 0.7510404476669912 0.13172501660491065
1.824147436049813 0.46148633991832 0.09026879407073096
1.723177739240981 0.6446443230198149 0.09199399090910987
1.605888326454945 0.8178177146285108 0.09142560101653174
1.4891762220013192 0.9914223836238882 0.0908691320529087
2.1160088079280683 -0.8461503036789502 0.15438384152556495
2.1218474634384847 -0.8903847110817331 -0.11932974718903466
