-1.822766142120642 -0.8422820339545538 -0.14123477749183344
-1.5538896126380095 -0.8772606253785611 -0.07449807934119868
-1.365762707325615 -0.8800302792377508 -0.03015365413978266
-1.1645277083616605 -0.8897325950613251 0.017937757450793512
-1.0125024057631151 -0.8796335976092067 0.05234632678673101
-0.8561857288286205 -0.8724368194097565 0.08800897784874273
-0.7133486964905842 -0.8603837786403332 0.11994705386802984
-0.5529475160358501 -0.8571000653500818 0.15687475391075445
-0.4590225982074472 -0.8251183581394486 0.1751309413497193
-0.3077400106392929 -0.8196574296359529 0.2095862407271607
-0.20949355220653132 -0.7910093909798235 0.2291027087752564
-0.1420460840145097 -0.7487565731821988 0.2399059314315064
0.04402139260722748 -0.7620464648072129 0.2843528766219361
0.13773616038761105 -0.733309805564403 0.30264482684776617
0.14393008936534102 -0.6636502905038242 0.29602251239464117
0.2858239377251337 -0.658703252595366 0.32803354449913336
0.4231741363851995 -0.6525464836204335 0.35880766101524664
0.5211806567424588 -0.6281739102827686 0.37837276645347906
0.6452244602652328 -0.6171961743011778 0.40542278476402593
0.790834707670065 -0.6177376066672835 0.4387131709639771
0.32277931195168463 -0.903515022427662 -0.4966186504776733
-0.7602872799472351 0.307341028844867 -0.025805852931286566
0.49321834167758993 -0.9118655474681532 -0.4490169506485717
-0.7415142081530135 0.3763569719297024 -0.02993573955848383
0.6331270140805074 -0.9069870461716718 -0.4115857105667846
-0.7655505060367602 0.4674605915869492 -0.0465320568497436
0.7685388431364402 -0.9009317418478986 -0.375601671260144
-0.7418665363939638 0.5343617046047981 -0.04940929226234125
0.9037896446116349 -0.8957277107418236 -0.3396085720474975
0.2134697023100287 0.11493299791984413 0.21834812350914312
1.034571687290203 -0.8892829251611616 -0.3050621967728393
0.223089153131653 0.18523653042829835 0.21175584979698492
1.1651961186347464 -0.8836583170499708 -0.27050723842933344
0.30996249104841667 0.21470333589703472 0.22761831470177007
1.3170933514520229 -0.8894590788755607 -0.22867049984290766
0.3370743235075153 0.2756726870715127 0.22602234073326422
1.3189574297497586 -0.8214454245014053 -0.23775043300941157
0.3686677863320753 0.3342639865293293 0.22567758746788336
1.3125560150707045 -0.7490449824828218 -0.24973859600379633
0.40047058731856566 0.3927459469500505 0.22533617206260992
1.3235326453912393 -0.6851665147038517 -0.25590314678504633
1.8561721954507036 -0.8209208787503783 -0.09357871822669672
0.7507453052402937 0.42589764405502706 0.2992049235884888
1.9051551077852054 -0.7786685107925564 -0.08662643246009516
0.7786405559844738 0.48541690807496707 0.29763517566368414
1.9669420140806224 -0.7433406076933409 -0.07530298046424555
0.8067502559959792 0.5448477982167432 0.2960692424361451
2.0456969114404586 -0.7173141362071291 -0.058151147883679144
0.822471956327 0.6114147768527545 0.2907620448653443
2.094919220856717 -0.6759474980801272 -0.05118503383948969
0.8971701977411968 0.6441135124746111 0.30293235965416265
2.144243407499509 -0.634829196823091 -0.044215581935192816
0.925860714101546 0.7031765285654572 0.30137691684410406
2.206278416547015 -0.6008125468678642 -0.03287305645301508
2.2348151525568625 -0.548729390833536 -0.033174417536999457
2.255161626449734 -0.4921188388367881 -0.0363849621231811
2.2840755520772618 -0.44020815361805177 -0.03668012432410883
2.3090051960678366 -0.3860545475484827 -0.038429163020397894
2.3299650310436775 -0.32961573832005087 -0.04163017086341547
2.3469870267116804 -0.2708488505473099 -0.04628505520179438
2.355952976144607 -0.20732005889066585 -0.053850076716686957
2.377589407636897 -0.15095874083689154 -0.057043455165173285
2.3788040373801067 -0.08255978643598638 -0.06751670650794672
2.3761913662720886 -0.01163273103488649 -0.0794452648575561
2.402672511611364 0.04229672401528717 -0.08117284588172602
2.400640426706495 0.1133702895168156 -0.09309568218543696
2.4193908787894856 0.1721947250806366 -0.09773244671180414
2.4138625827410536 0.24592737555249755 -0.1111086826737182
2.420903018016155 0.3123001050021941 -0.1201099377091186
2.4078890434186064 0.3913177804945178 -0.13639631084754633
2.399307493994762 0.46800896372141665 -0.1512230854447143
2.419429891135991 0.5270514357302645 -0.15584697536781
2.213529904825542 0.729409858450957 -0.24208059124305414
-1.8244459384567406 0.325041336367768 -0.5787943821366088
-1.7733554351521335 0.35709372934122285 0.24445781894371343
-1.8114683393234827 0.08359162944127263 -0.5614241581375854
-1.7492090093951234 0.1251109520870557 0.2580767650191529
-1.8898894140902698 -0.2354090404333462 -0.5301569919998901
-1.726175223378796 -0.10659849193098125 0.27169618793175054
-1.6551601080371583 -0.29595021160959334 0.2787581462447388
-1.5811722344222545 -0.4821362312708004 0.28531513400719
-0.6837354419762818 -0.7235420736813083 0.23134288974449468
-1.9695509001474534 0.19655134693184095 0.17420826144859625
-0.37364801713501805 -0.7164968053473189 0.2066269893233521
-2.0022225329000207 -0.08369750925331942 0.19575843997642828
-0.06299114417952012 -0.7111885280980204 0.18191061206505132
-1.9309478228804124 -0.27227196062519 0.20294199176475836
0.1438377150299388 -0.7921466184394177 0.1708136577193482
-1.8869219507380137 -0.4835686912178687 0.21371708102867437
0.6220004612065466 -0.6559373456282387 0.12440738864586187
-1.7832719379159698 -0.6431521561471669 0.21628246493980718
0.9927773359182623 -0.6095415442145296 0.0921250361983521
1.2474564831510406 -0.6580008875230732 0.07497463412926031
-2.0014654252022055 0.6240325103964963 0.051084615666125543
-2.0280241149792317 0.3462122653029098 0.07247743793175054
-2.03730130302975 0.08539134302269957 0.09126148410484625
-2.1643006681158354 -0.27599851328632496 0.12622032352135015
-2.040989263147445 -0.4184951258169676 0.12622032352135015
-1.9181792537026254 -0.5614227005501249 0.12622032352135015
0.6437510700710334 -0.6272998381131103 0.022332288700793512
-1.833755829968844 -0.7369871202405207 0.13143787570640875
0.9407040771872204 -0.6399408163100588 -0.0007566433365600034
1.3082573376404412 -0.5986037969591038 -0.03308191112830805
-2.032987714594867 0.6967774115435006 -0.048028371852185
1.7000666877483965 -0.5409596125420464 -0.06848516277625727
-2.0367164795846833 0.43862336940458135 -0.02946224026038813
-2.0030756973273043 -0.03707644216902395 0.0013037700240356997
-2.0970648256564814 -0.3687499841619015 0.03207025714561773
-1.9703071996527939 -0.5082428270670434 0.03153953738853765
-1.866729154463897 -0.6675463772036565 0.03419218249962164
0.8956965019792662 -0.7273261764154455 -0.09031667522742914
-0.417155255464273 0.28734393022708815 0.6349941272322877
1.2552320293483916 -0.6922165602659334 -0.12214460186317133
1.7406501405666006 -0.5608547563344786 -0.17066993526771235
2.000150445112922 -0.6099008549890215 -0.18893184475257563
-1.9717019343641695 0.3042121541610001 -0.12136592678382563
-1.9774764441494312 0.046669289241791034 -0.10249652675941157
-1.9131613800721183 -0.14855848904731772 -0.09387006573035883
-1.9024647303881892 -0.38917170592537786 -0.07769670299842524
-1.8060143140128773 -0.5551827220501124 -0.0739225368912475
0.8122976733268175 -0.6951876992357882 -0.18435468487098383
-1.7253844240240568 -0.7342957884778158 -0.06799211315467524
-0.5673850419167081 0.23502169354322433 0.551038839298938
1.1872158424725114 -0.6471222801223036 -0.2188343029434936
-0.5603581716279251 -0.012427751145594357 0.5655985850875123
1.5708065613742832 -0.5950960361753062 -0.2543744068558471
-0.5163459711855864 -0.22756437999026247 0.5754614848677857
1.9905327800194073 -0.5177448356682461 -0.2946886043961303
-0.400540920214155 -0.3821740944301908 0.5764013309066041
-2.1765143011633583 0.3629675443348077 -0.20493068508460688
-0.20846210229505147 -0.47384617674966734 0.5679470080916627
-2.2115502324392367 0.07949210805014673 -0.1813749294693725
0.0335770069861141 -0.5254535464162657 0.5533867854659302
-2.1057292959484286 -0.07917549128144685 -0.17863597683265375
-1.075763017040721 0.29505985265978296 0.48672065921470953
-1.0261810495806643 0.08414107253432235 0.49628791995689703
0.9156109508973813 -0.8017226531419155 -0.2847222309525268
-0.9889552598387468 -0.13634039787108776 0.5072904605452759
1.2594285645410679 -0.7793625129226669 -0.3154529552872436
-0.9146683895773364 -0.32459692964012987 0.5135088939254029
1.6274006762797484 -0.74057951349576 -0.3494180660660522
-0.77243967101343 -0.455501639714214 0.511117078739856
2.1334664784822124 -0.5970720991357439 -0.40225257686927485
-1.9572735144323232 0.26339371331864925 -0.31204166225745844
-0.4505854818933841 -0.4376158284596201 0.4862423915450318
-1.8995242172302227 0.06142283105899082 -0.3020252209122436
-0.1319247231895062 -0.42470627185987553 0.4618459720198853
-1.9591858539146827 -0.2412837904250722 -0.2747577648575561
0.1449527791783538 -0.44826046552115173 0.4427114505355103
-1.1388766699873543 0.2013789665003145 0.40022192187950445
0.5187751851895115 -0.39488284452556144 0.41161832996055914
-1.127514004422558 -0.04155596355008129 0.4148336429183228
0.4954981229432036 -0.6520845835823863 -0.3577684383805053
-1.056567458935426 -0.2326893794577387 0.4216524142806275
0.8618708098315224 -0.6081449284297733 -0.3922800045426147
-0.9940597519182148 -0.43028278736138503 0.42944488711998297
1.197954589349088 -0.5910839816735134 -0.42240943722083735
-0.8980359925093708 -0.5991827474691718 0.4328542728011353
1.4644755895611183 -0.6313742849303878 -0.4426783543045776
-0.687745035155217 -0.6730731662652261 0.4216524142806275
-2.2268371392776203 0.3409312708135488 -0.4007371883805053
1.9933235887210898 -0.46768893303131165 -0.49964942745521235
-2.190936125448758 0.119941236406639 -0.3871520977432983
0.037267369206311685 -0.5752431907906299 0.3607712764327271
-2.1523339336013123 -0.0975906127366315 -0.37413396648719477
-1.4289578728219468 0.2792895610462338 0.32003603168175054
-1.4432630451185915 0.01415271948069119 0.33837804980919195
0.6317868616908342 -0.8311918861873409 -0.45561351589515375
0.9853966967057133 -0.5608783232533483 0.2877145785872681
-1.3681201109307892 -0.17287572564937648 0.3448225040023072
1.0099418010994583 -0.7794771387662607 -0.49234046749427485
1.4670206050972041 -0.6684419224320237 -0.5401977520401733
-1.205017638418802 -0.5343823229277902 0.35572872348472906
1.6084991388757715 -0.8082974055303964 -0.5429805736954467
-0.8956140288896393 -0.5238185384199738 0.33143816180870367
2.18892626424536 -0.6071658936026765 -0.6080883961136596
-0.4363507662140975 -0.39101374756334906 0.28781328387901617
-0.22517302826200591 -0.4667445488183546 0.27641163058922125
-0.013997385571236975 -0.5435146009555396 0.2650099772994263
0.11288488917273298 -0.6898431347419347 -0.5280908565933959
0.49373552184140834 -0.6312320291494444 -0.5660137157852905
0.8755135321284229 -0.5748585109393929 -0.6039370518143432
1.0348188659545485 -0.4471893863183709 0.17776117511436773
1.3048667613995448 -0.48360262799536713 -0.648651979487683
1.4274324779252012 -0.6382075291222051 -0.648651979487683
