-1.3548288555037118 0.750050382671132 -0.6365050837897712
-1.9785492248186358 0.576163884143627 -0.6078881785773689
-1.6655078127997172 0.502134771024739 0.5758071377373284
-2.070363664694611 0.29108120607128285 -0.6051539943122322
-1.82115396172955 0.22968248580539807 0.5803041889763421
-2.1534056827637755 0.004268882441619937 -0.6029076144599372
-1.8507668459590718 -0.06988536316465321 0.5804348423576897
-1.788805075848785 -0.39022831751212905 0.5773764088249749
-1.6751695408199225 0.6244352165159519 0.42672066236501394
-1.9427473462340856 0.376106886704493 0.4354398682213372
-0.6221865064849794 0.9537398950771454 0.0874209835625237
-1.417084223804011 0.8107933372125657 0.11784033323293386
-1.9577947681949013 0.619166710978325 0.13815311933522878
-2.0934628120632226 0.3434570032703661 0.14237074399953542
-2.012641798577107 0.7442497700453288 -0.4560861155890876
-1.991561066645943 0.4350959207898999 -0.45865388368601145
-1.9716336471387024 0.12558021389759233 -0.46123118852609934
-1.9918534457205794 -0.17562232335469652 -0.46199174379343333
-1.7107971027733697 -0.2455282667639942 0.7251820995903557
-1.9011876006210855 0.7664328234104882 0.5837321713066643
-2.0610232302978204 0.25297154078629625 0.5891929104424065
-1.9888290775368205 -0.23713970932444361 0.5885427429771966
-1.9183571001701125 -0.7275847775420754 0.5878928139305657
-2.074789065696507 -0.792497072798108 0.34481267477040944
-2.107293182402344 -0.30011398030100267 0.09712414289479909
