-2.0412258581153964 -0.4871142020790167 -0.0854366710861153
-1.8546696810866337 0.7283543694759551 -0.26023134500579304
-2.028980862258436 0.37721181887165756 -0.2663463047225899
-2.058242049181473 -0.02456242493923355 -0.27288159639434284
-2.112573142563946 -0.41820450140654586 -0.27936515123443073
-1.9425294000019306 -0.8930997097444155 -0.28654107362822956
-2.0698611267494726 -0.10078580071373366 -0.4687083652694649
-0.6031487348893165 0.007282696723994064 0.7162939020912223
-0.926184522600181 -0.2968991053838934 0.7087258407394462
0.04202262693642922 0.6226756265225291 0.5338775226394706
-0.9604926114777896 0.5482310428270765 0.5234646508018547
-0.9653336386497386 0.13497197359943414 0.5177327403347068
-0.9765020712110584 -0.27705559827663606 0.5119590172092491
-1.874752222661897 -0.4356077299242287 0.30626526563568646
-1.7093814271469228 -0.9094850238078145 0.3007442065994316
-2.1039466770073716 -0.3037607960888842 0.05624726503296429
-1.903401743302652 0.8951791871450965 -0.2521069935043282
-1.9484016113656395 0.5799921661815084 -0.2502456596572823
-2.1383256976586864 0.2224120570884267 -0.2463161638458199
-2.128411506815823 -0.07405032794376964 -0.24528214246825641
-1.9430835803412378 0.5202850617971997 -0.3940820387084908
-1.9368485899893386 0.22151644795003378 -0.39283940107421345
-1.9749067558643532 -0.08973023803756064 -0.39089783937529987
