0.2175715860382894 0.8434463121117055 0.4771624357621864
0.7584954739645298 0.9345845294696566 0.2981003076951698
0.14088444116995902 0.7553377807781239 0.29414995025803603
-1.693145148934633 0.2345657911553758 0.2825243027131752
-1.54199937608891 -0.5775112154758268 0.2727976591508583
-1.506581831653861 -0.9715298248153417 0.2679622919480995
0.5087329511121794 1.0564096075048965 0.11684735130478896
-1.7665291718139713 0.29894353314162814 0.10439451049973525
-1.6993320281418534 -0.10300763113823308 0.0992221386354164
-1.5960097708555736 -0.5191160107081849 0.09389837097336806
0.5996906079316204 0.9510610783795812 -0.06669561553786241
-1.7050051544133282 0.2033538409285356 -0.0756670682508751
-1.6570755842875258 -0.19233814632789148 -0.08108727622817002
-1.657877072222476 -0.5721437565285008 -0.08627788711379014
-1.613064861029386 -0.9691462084036857 -0.09173576522658311
-1.7709391079877435 -0.22743788142199506 -0.24263589073012315
-1.6729098915510008 -0.6419084456998903 -0.24871079612563096
-1.6377953424569682 -1.035607640991234 -0.25438027072737657
0.14512947592788805 0.913240381672626 0.8407763690870003
-1.512950425956248 0.3301242565977134 0.8216224462907509
-1.4502682208821795 -0.07087622797549997 0.8177866489808754
-1.3844791400479295 -0.47438831655243163 0.8139481992643074
-1.1373782666361478 -0.6170903294805825 0.6340224296968178
-1.4977991615168804 -0.8717666664907711 0.628925934545298
-2.0794310619232306 -0.6939912249192979 0.08166094135453261
-2.1048713124441036 0.018947967419350675 -0.045775458105306255
-2.0701915991612196 -0.23182868524626343 -0.04472915817091905
-2.0270708647458804 -0.4791129748311569 -0.04387323547194444
-2.032984331768972 -1.005718172889214 -0.040353938825826274
-2.1837622072957856 -0.24871982767292167 -0.1658937184889122
-2.164157052802949 -0.5042219845824469 -0.16443984199355088
-2.0844373326096672 -0.7374044111501838 -0.16433601070235215
-2.000829529829886 -0.9691583883036401 -0.16433601070235215
-2.18277649720099 0.21185924681091706 -0.2928606717665001
-2.166088190848967 -0.04579697638778768 -0.2911723105985924
-2.1081917193123303 -0.2876654175944182 -0.29049687076399766
-2.084049955870782 -0.5416588785325622 -0.28903345752547227
-2.075844978002621 -0.052813915820184576 -0.4166387765486046
-2.0555043776251267 -0.3088334666999373 -0.41494075942824327
-2.064307581270768 -0.5749714841106943 -0.4125149695951744
-1.9942327002912776 -0.8118884844467118 -0.41215114284346543
-1.9344231248007304 -1.0523648943195667 -0.41154460597823106
-2.218816401621879 0.48688366038497577 -0.5417465417463585
-2.2057372270355273 0.22731257358844204 -0.5396664588529869
-2.1544780989903956 -0.2807599967550516 -0.5362860410291954
-2.120900909245478 -0.5311721565468197 -0.5348558871824547
-2.0694739639261854 -0.7747141954509438 -0.533945843466024
-1.965997800027253 0.2902774057606301 -0.670110508688192
-1.9697153579095783 -0.5032721881285731 -0.6623412816602989
-1.9557939929174495 -0.7609307517016006 -0.6602601258833214
-2.005830540457694 -0.6215772821234964 0.32674343895127334
-1.8534371266916452 -0.9863952420317617 -0.6608151643354698
-1.8512575888726133 -0.8281954707014272 0.3257093579690651
-2.0782641487666496 0.08807964008889257 0.20062704395463027
-2.0761406690610897 -0.17501637181248597 0.20202501129319228
-2.042076685018614 -0.688393132913312 0.2042772324006752
