0.3419020215518245 -0.44905136224987885 0.6125056051746132
0.3163461226973041 -0.27695677278807906 0.626914193584037
0.3627390509932482 -0.028936549906529052 0.6548415922656776
0.3018324621189947 0.10282828929887344 0.6621805929675819
0.26881467374394674 0.2634739245070463 0.6746722960010292
0.22289482759124724 0.4096521709806318 0.6845957541003944
0.6888356892646144 -0.6806611386681638 0.4823419355884315
0.14677142252764952 0.5236247900397224 0.6887327932849647
0.5716295402190212 -0.6081036263577566 0.4792687201038124
0.053879454547896444 0.6199696701702813 0.6896597647205116
0.5148041536170496 -0.46923912635784504 0.48809831376225965
-0.04557660189880153 0.7095201940640514 0.6893049978748085
-0.18987256638885697 0.7534140151963875 0.6805941366687538
0.5274884103088198 0.13961799572150824 0.5496432089343788
1.2024249237069995 -0.670562407842155 0.32365482087285535
-0.3068712100897102 -0.5524825534468754 0.40650909180791395
0.986655685763381 -0.7109261407438936 0.29982345338017957
-1.1475094962215948 0.5586985108897373 0.5763685011401893
0.9421861362281732 -0.5583638104197703 0.31172054047734754
0.471376634056881 0.6625201600995645 0.5960275434985878
-1.148314233609959 0.7499231025969273 0.5940644049182655
0.9482477631399249 -0.35070479864574367 0.33392684693486707
0.36865344024952407 0.7470242713328723 0.5949813627734901
-1.3537730851885001 0.7397676719584574 0.5744683050647499
0.9121362284305619 -0.19107068839594277 0.3472077154651405
2.1336296745654764 -0.479676776988164 0.09249608750493543
-1.5240602041619056 0.7652573178021775 0.5613109373584511
0.9002417797076845 -0.005972386602703494 0.3653022551074745
2.169505042011167 -0.23654836498927878 0.12335031266362684
-1.719496553531549 0.7675100951229759 0.5436612867847206
0.869181418290367 0.15701798116285204 0.3792793058887245
2.213265791030956 0.013444064473382866 0.15566842789800184
0.7412198276336426 0.2146212361718831 0.3733450674548866
2.1933167087421737 0.18834622341566742 0.17338531251103895
0.5964398736071317 0.2546915511132397 0.36398284669072645
2.112132892265045 0.292556347309624 0.17723386521489637
2.097064056373334 0.4709601378481061 0.19569127793462293
0.7531574742013092 0.8076560157866446 0.4352366232410194
1.9840307248771936 0.5385104526765296 0.19224851365239637
0.6406919520583187 0.880414872397747 0.43207090134770887
1.9274361124132824 0.6690034743902054 0.201224496318412
-1.1177203681725345 0.7724647500482185 0.46069591279180067
0.4597721436089657 0.8822245467890362 0.41517894501836317
1.8182869693140162 0.7409235158387908 0.1985232138171913
-1.291145401526144 0.7934234825466966 0.44650571580083387
-0.052176221037676385 0.5433912586728518 0.33238284821660535
1.7060017720241376 0.8096199321918824 0.19509904618413465
2.2549946405260783 -0.1848580932052144 -0.32948047880976183
-0.17266437421672975 0.6120556455435313 0.32786815400273817
1.55706040077731 0.8387167038317251 0.18365018601567762
2.198202075827737 -0.0509329647635397 -0.31901724104731066
1.3945772260841665 0.8540087016186995 0.1692878508105995
2.148545823331226 0.09047794360037997 -0.3069675660595177
1.2622520082346114 0.9026585112437182 0.16150348420293348
2.1778611501569713 0.3208404007236787 -0.27593834166376574
1.096095737127996 0.9158391826556063 0.14642493958623426
0.9467203308123757 0.9478222137967016 0.1350042128101112
-0.8712577421123697 0.8653607282178193 0.28617637391240613
2.105325976363382 0.8213376952096034 -0.22314340834467394
-1.0723444342117716 0.8575211478006999 0.26591747040898817
1.9901008311082578 0.8853431701666103 -0.2276700234874962
-1.2596516276720706 0.8645942426669642 0.24841230149419324
1.9049590746186524 0.982660223154884 -0.2250750756725548
-1.4543588069462956 0.865750610637317 0.22954337830693738
0.28972621040633584 1.0226016238832578 0.07698552842290418
1.7600976071363874 1.0147758621115877 -0.236702749775338
0.03588721292906172 0.9523455251308555 0.0437094473376991
1.5213022887576244 0.946064218740144 -0.2704547143444298
1.4196672085763495 1.0268443164103296 -0.27179271941034777
1.2338712852516664 1.0179644462755455 -0.292883226917672
1.0544724601552389 1.0172341365683657 -0.3123853898510216
2.2902754469310977 0.6459271974813525 -0.8106134629711388
0.8883722574058481 1.0317287758395501 -0.32871896986811144
2.1844563145305216 0.7202440612100496 -0.8130100465282677
-0.9107202524051132 0.9527449524762623 -0.05322296385614855
0.7152322095509334 1.0399285327421275 -0.3466261125072716
2.0591080785908886 0.7729953273679904 -0.8206022477611778
-1.044453545320195 1.011172784139763 -0.06091291670649035
0.5281266704855909 1.034796923809548 -0.3676851487621544
1.9602659946831196 0.8554891888513971 -0.8212521768078087
-1.2809843473107208 0.9702123091183914 -0.08974916701166613
0.35786463589862194 1.0483449288570235 -0.3847864366039513
1.8417992929612481 0.9165063502560322 -0.827098200367379
1.7101353636880177 0.9635104692593721 -0.836406061695504
1.6186021871125007 1.054485833684577 -0.8353036141857384
1.4871449594822153 1.1025247762205375 -0.8445981240734337
-0.9933527556640058 -0.5359375483630977 0.7412044310107948
-1.1383233780919113 -0.4854466040577883 0.7335454725757362
-0.21293054228546993 -0.4857048088476503 0.7415000700488807
-0.33323583294772874 -0.41329589852749393 0.7380444311633827
-0.439683748501281 -0.32602028500069125 0.7370793127551796
-1.7749191521564427 -0.1355764373631274 0.7106572889819862
-0.5492780936295176 -0.2419298451693308 0.7355000280872108
-0.6482815727449633 -0.14671707879788443 0.7357899450793983
-0.7642421794769803 -0.06894375185930102 0.7329813742175819
-0.8869348840370748 0.002204844036739928 0.7289377951160194
0.2636578128025988 -0.6238959700745319 0.6925355696216347
0.13974963821158326 -0.5570199255192705 0.6883703970447304
0.08695024396536866 -0.41337012157303477 0.6974536680713417
0.041611831589655424 -0.26246861384812803 0.7078029417529823
-1.4112682654137814 0.2569634741540625 0.7066265844836952
0.00040745789552687484 -0.10799850385096477 0.7187878393665077
-1.5968346969557032 0.2680917118281627 0.6914474272266151
-0.07079213291046926 0.01406749928081652 0.7241036200061561
-1.7401305544717687 0.32182486838095414 0.6837221884265663
-0.16548031304350275 0.11118832095417375 0.7250124716296913
-1.8762856920720097 0.38314528332636755 0.6772462629810097
-0.2598009713432248 0.20863575963524283 0.7259270452991249
-2.0194939676956665 0.4381850161894185 0.6695362829700233
-0.36414973993660027 0.2957182400658773 0.7249566816821815
-0.478613963308959 0.3725476789270168 0.7221013807788612
-0.8768151667349002 0.5496186019151814 0.7034923338428261
-1.0504116191711574 0.5690078207537574 0.6899515890613319
-1.2242099396498745 0.589272798319481 0.6764189505115272
-1.4371491662892595 0.5722082261570698 0.6559640669360878
-1.64344288219349 0.563218325262401 0.6367766165271522
-1.3169521306586063 -0.909407815988537 -0.8827217317089318
0.060399970518275836 -0.9186943617045138 0.2009507917896034
0.5476723585403391 -0.9486878855499299 0.2453390860095741
0.8748337888025475 -0.8893944364663504 0.2710639738574745
1.3359824535454123 -0.8981067876381239 0.31192128892095106
1.4523995998536918 -0.7193836548615309 0.31293075318486707
-1.7473505475389643 -0.9105262033399129 -0.0716179109081505
1.5577553079624806 -0.5217776700886247 0.31192128892095106
-1.2593890225652515 -0.902286350602882 -0.028004953907418084
1.6699802215559174 -0.35303728876805707 0.31293075318486707
-0.8283828002829736 -0.9161415621859774 0.011502911998343635
-1.631662335282904 -0.46535915209483747 0.8155009054675819
1.7882448130368616 -0.17557450211052128 0.3139392637744667
-0.35263804352872796 -0.9329902451024239 0.055115868999076056
-1.5222843974574687 -0.27122891863578147 0.8155009054675819
1.8335727208039998 0.033696516842166346 0.3068773054614784
0.07702089623954578 -0.9519044190520098 0.09462468857915418
-1.276156127377881 -0.18068572077587675 0.8305832647815468
2.002728399452998 0.16765724066360121 0.3144437574878456
0.5286304058646749 -0.9737755866631197 0.13618533845098035
-1.0590364628266684 -0.06192451938113663 0.8421165251270057
1.8320884829063075 0.5359074972426505 0.2801434301868202
0.9783707429210295 -0.9605480948711786 0.17569368119390028
-0.8811274272225589 0.11693926849429559 0.8478838705554725
1.3050309106387132 -0.9034685361975647 0.20186155076177137
-0.7310134633730812 0.2858318056333964 0.8518759512439491
1.610002092309493 -0.8356663856141253 0.22546355958135145
-0.5846929403813519 0.45660043489317914 0.855425050212455
-1.7946214329278263 -0.8450573497710678 -0.19162399535028918
1.906258270475611 -0.7645511811886365 0.2480398916736366
-1.680094764641737 -0.6539647423092916 0.7077800535693886
1.9633473789570743 -0.5521263037355233 0.24188297028691785
-0.6804439199414958 -0.9602498256714682 -0.08361704115717394
-1.2240758416440158 -0.6547981368767424 0.7439638876453163
2.093695686783903 -0.38338807339991376 0.24444835419805067
-0.192048864482679 -0.9851261621264378 -0.037700483845162225
-0.8207512721881187 -0.628983989225631 0.7747194075122597
2.1013309443207433 -0.1402687226883259 0.23213403458745496
0.24368147166898524 -0.9834353280953678 0.0019542479053260564
-0.4870938532742244 -0.5660982662339578 0.7982389235034706
0.6787621280088914 -0.9844139696818104 0.04160897965581434
-0.25724331346605567 -0.44552996858574545 0.8109032415881874
1.1217731319309365 -0.9930432467375212 0.08230750794560926
-0.13489436505362562 -0.26369453429949985 0.8122603201404335
1.4310201733340264 -0.9265487720685108 0.10683076615483778
-0.0763928320176035 -0.04462179457906501 0.8068329596057655
1.73580092142803 -0.8593045611181118 0.13083236451299207
-0.029895046754980115 0.1820221828293178 0.8000485205188514
-1.8355642006470347 -0.9229664220938787 -0.3039487100109337
1.852330202431709 -0.6820110400695221 0.1318761610522987
0.07316659783317192 0.3756473904941977 0.7991434835925819
-1.3366191252126498 -0.9453994621436017 -0.25620777373163683
-1.6944606017955408 -0.7211721652093708 0.5974504255786659
1.965191055010294 -0.502597844378279 0.13239782090337293
0.17692536857209262 0.5689373087498488 0.7982389235034706
-0.8601972076039743 -0.9587941080414133 -0.21111900572626574
-1.26024922610641 -0.709390543398019 0.6320244574084999
-0.367241375844948 -0.9849091884968821 -0.16390878920404894
0.055730302881300986 -0.974737227074371 -0.12518627409784777
-0.38498643650571296 -0.6987052245792817 0.7020942472949745
0.5298597864195926 -0.9968424513892913 -0.08009702925531847
0.05599968191466331 -0.699855477484217 0.7375900053516151
0.9213938524324163 -0.9745728707511958 -0.04508764510004504
0.15162094946262528 -0.5041332511647987 0.7362067007556679
1.08051743050801 -0.8194079200203568 -0.03872186903803332
0.20495231365334377 -0.2836026418886881 0.7302142881885292
1.4372301469863444 -0.7808863180999452 -0.007955381916451287
0.23771150824832432 -0.050440624392859235 0.7219163679614784
1.7892853548634164 -0.7419400055365593 0.022280385448050666
0.17723348966505625 0.2387435492125718 0.7034770750537636
-1.7959743729245616 -0.752747688096477 -0.42167742018549426
0.17794917469852578 0.4929724407596332 0.6914912962451698
-1.3968814549142081 -0.7205175448299954 -0.38555652861444933
-0.8250115465391588 -0.7883167533616735 -0.3278692460521935
-1.1574764988830992 -0.5882845946089006 0.5233380102649452
-0.3796431969638192 -0.7885138843874735 -0.2858169770702599
0.07367644465328027 -0.7963845723570806 -0.24268705611078722
-0.20033705895231435 -0.6268812372508847 0.6036521696582557
0.5176684689785418 -0.8020716089854432 -0.20063478712885363
0.240380698756681 -0.6294591300809564 0.6398174070850136
0.943776708874168 -0.8004802949573531 -0.16073877577631457
0.39219123332961914 -0.4669116253478194 0.6445137762561561
1.3092081402678701 -0.7662658785292429 -0.12839109663813097
0.3899281475327143 -0.21433214437906045 0.6323024534717323
0.2688210114246985 0.10960977756483103 0.6069399618640663
-1.8653141897279468 -0.9549805952126391 -0.530281851337838
0.14932441250571316 0.4347836657626978 0.5815779470935585
-1.3317065889644653 -0.9962327707872873 -0.4765971398815392
-1.4800930208951897 -0.9012787122010977 0.39943235154302137
0.3215601513655031 0.5867900205576895 0.5881535315051796
-0.829434886774294 -1.0238610320449446 -0.4267466760143517
-1.0464617193862011 -0.8898971447398267 0.4353095793262245
0.4899446117265853 0.7405558150471983 0.5942589544788124
-0.3799874747832419 -1.0253307622778642 -0.38346988921015246
-0.5917527667840687 -0.8933919846868896 0.4735786222949745
0.05149127735458592 -1.019736350134277 -0.3423846459850548
0.5082146248455004 -1.031605428976082 -0.298012564228463
0.9168538185895798 -1.0189417300569978 -0.2596662736400841
0.41474872047371036 -0.716450557526219 0.5491592192188026
1.3549892999799908 -1.0262625947949608 -0.21748525862543566
-2.171463940690856 -0.7342472455105344 0.22050922150762098
0.052969693836267595 -0.002651242426516376 0.4845806860461952
-1.6257940677415945 -0.7938066189176922 -0.6282046533092736
-0.1187314968468769 0.35291199280910845 0.4530088209644081
-1.2314022519716517 -0.7598906128508425 -0.591476748035836
-1.3069750745323603 -0.7049002801920778 0.2930795454517128
-0.7076320184413163 -0.8016226450317099 -0.5380547738537071
-0.8907813215576397 -0.6856135882417895 0.3276597761646034
0.48171600155393435 0.5044924462197322 0.49510448212773817
-0.22802512632244998 -0.8220508296279334 -0.4901979661449669
-0.40160983959948027 -0.7106997427771056 0.3705198072925331
0.6157489661945661 0.6783384690398115 0.49749677415044324
0.22059697796373712 -0.8281436757557401 -0.446236441181588
0.6384000266707801 -0.8195784924987208 -0.4061697221264122
0.6129359190837746 -0.7924079635325221 0.4606234335437538
1.077071871636008 -0.8260596070490109 -0.3633206582531212
-1.1358478096870073 0.47686945828369787 0.2502195143237831
-0.8215647006273912 0.5507369517929952 0.2731105589404823
0.19464527957897104 0.20675545969384146 0.3758775496021034
-1.7474306559908541 -1.0427288950977918 -0.7503565049633263
0.32344332794784236 0.3842993327938551 0.37782590623052137
-1.3749976175258851 -0.9950707838842412 -0.7158292031749962
-1.349873748787978 -1.008991448497568 0.19235484833867567
0.4528298941780804 0.5613283661157915 0.37977378602178113
-1.1243539430846141 -0.8817858171350323 -0.6971505380138634
-0.8731992744257937 -1.0220948507129677 0.23449199433476942
0.8082682441846103 0.6010257685002394 0.4075357222095253
-0.9082236456548145 -0.7503747160168039 -0.6830003953441857
-0.48399301975307196 -0.9893203462209499 0.2667147421375038
0.8661626530963744 0.8203863667862343 0.401203801585746
-0.022258986877680798 -1.0003269107484165 -0.5811174607738732
0.1427244936608929 -1.0940121999128785 0.32620208497197645
0.4129049623441503 -0.9993912079993947 -0.5381000733837364
0.5089670848755574 -1.0543844979631594 0.355946233226371
0.9119544309186267 -1.038371223908328 -0.4865926003917931
0.6766066652822076 -0.9025482636022453 0.36288659806401746
0.8704498996004588 -0.7665081471456041 0.37280099625737684
0.983051458483267 -0.5836290627703598 0.3732969069019081
1.0877163616394867 -0.3960970409600648 0.37280099625737684
1.1460240757001756 -0.18089231726571242 0.36685197587163465
1.2265198359509384 0.021470998598569935 0.3633820318713905
1.1630776011967683 0.31125900385461236 0.3430573248401405
1.262403307305803 0.5034026986890474 0.34157006974370496
