0.8022564939140722 0.7087679448319584 -0.13817861458279435
0.6301078525888784 1.0332204998588423 -0.14669063469387833
1.720063495109251 0.2532244915037527 -0.26995685478665177
1.6100665200954651 0.5869373853568387 -0.2756216802261049
0.9137607146245301 0.8022725560872104 -0.30915716072537247
-0.39946943136964563 0.8995486531522161 -0.3720262326858217
1.8665364127210182 0.24766366417938634 -0.4200480260513002
1.6880483928976204 0.5667249345009466 -0.42913129707791153
-0.35151287931267206 0.03141222581519898 0.34486648658297714
-0.6189735484311143 0.34045444665475877 0.3330924234726256
-0.7483276341794323 0.6785912129517069 0.32685014823458847
0.22232909398179856 -0.21238440061203434 0.19153663733981308
0.17427717491940342 0.13967511626163365 0.18869278052828964
-0.5368759454996663 0.37450923951453063 0.1578471384384459
-1.6595621176861428 -0.9219136162005377 0.17319032767794784
-1.133198604358519 -0.8730735523551125 0.2322504244186705
-0.5243190024200644 -0.8448046226027035 0.30115387061618026
0.6195897026160964 -0.7851954327189272 0.4302756510116881
-0.43256549413699474 -0.4097523037336277 0.30115387061618026
-1.294548266466549 0.08689362735153772 0.19056102851412948
-1.2563670599568368 0.2335989747126863 0.19113990882418808
-1.21476083439876 -1.0166822454430822 0.07378646949313339
-0.7918688032600159 0.2817358991402248 0.2426726541855162
-0.5867217721781799 -0.9898814612767239 0.1471383295395201
0.09791701338075853 0.2268439299109133 0.34515974143527206
0.5175372868080004 -1.0652223213937653 0.27893230536959823
-0.042182590852817725 0.41126708504115683 0.32431480506442245
0.6731823459723572 -0.9501366528467994 0.29443761924288925
-0.18631486034913536 0.5979530780404971 0.30289098838351425
0.741728134321967 -0.8174522441510845 0.2992078981735533
-0.5743997277874584 -0.2333006942630096 0.12984392264865097
-1.264042410027848 0.0734047632224808 0.04098770240328964
-1.668371269078932 -1.0496877814224668 -0.2101304807326967
-1.2501171248471934 0.22550765431530984 0.038602086100799404
-0.9869760703211128 -1.030197114065496 -0.12673738380886856
0.02196980504159285 0.0871848402958264 0.19126817801974472
-0.30110670902717374 -1.0163406358322131 -0.04272201439358536
0.0987945421288643 0.22019003262077064 0.1966354570724791
0.4134939484710145 -1.0131841565411364 0.04502794364474472
-1.530534313788614 -0.6048195178500304 0.6873557291366881
0.17122008600850336 0.35392665053035444 0.20140621284030136
0.8314160421553609 -0.9527952272246054 0.094814511332733
-1.2416799923830126 -0.5103225656171322 0.7150094232895201
0.03177493551686439 0.538653578258133 0.17993757346652206
1.132819016877562 -0.870374776532115 0.129665585551483
-1.1666611474348443 -0.372043974987017 0.7197057924606627
0.6596567675046856 0.5361298706056292 0.2532889566757506
1.458542400152261 -0.7952143033567722 0.1676284990646666
-1.139792217177444 -0.22362182673207798 0.7191836557724303
0.7571625079875872 0.6614970551979074 0.261041375193817
1.4451797753766513 -0.6473911158245382 0.16202709296725448
-1.0832570140984785 -0.08171933098168438 0.7217929087021178
0.6096149551328338 0.8484287114278946 0.23838016608737167
1.451730667876511 -0.5037137263589635 0.1589157305099791
-1.0941826998542368 0.0751617817750212 0.7170965395309752
1.4636373269676994 -0.36107561317722947 0.15642616370700058
-1.0657411356911126 0.2233729875118513 0.716574879679901
1.4760595235654606 -0.21841658458286162 0.15393707374118026
-0.33231016375746947 -1.061569563040246 -0.4198329724929506
1.4793336599296296 -0.0734588938771168 0.1502024851181334
0.3232732771425688 -1.0453746898624487 -0.3339693822524721
-1.3009205139248152 -0.7127361911151979 0.6369788370468443
1.4638414740009154 0.07620122115984707 0.1439792833664244
0.9347915174555368 -1.024551529233955 -0.2540967740676576
-0.7593240811058877 -0.6714283346196748 0.6926758013107603
1.4440906348683455 0.22725391537618478 0.13713333228610214
1.623514739014631 -1.0243425804174429 -0.16357400795437638
-0.5875940958508323 -0.5553965836816666 0.7080590448715514
1.400828404549209 0.384493261668009 0.12717649558566269
1.7062407734388216 -0.8982103768657108 -0.1562526502273256
-0.566222699705996 -0.40795547040388236 0.7069985590317076
1.41593367529439 0.5277064400108351 0.12468692878268417
1.9006928607993885 -0.7969786636643548 -0.13362148186184708
-0.5491883961605879 -0.25949267633442297 0.7054073534347838
1.489261506534426 0.6562824958560292 0.129665585551483
1.950271498911654 -0.6646354496397944 -0.13095882317044083
-0.5413313848781414 -0.10887394175958676 0.7027547083236998
2.0292903560574587 -0.5391060075398997 -0.12430313011624161
-0.5765649476407404 0.051698321931295865 0.6953284464218443
2.065247856243097 -0.4040125435988138 -0.12363746544339005
-0.6499489933901472 0.22155416491162683 0.683658333811981
2.0968486044198187 -0.26792941516495183 -0.12363746544339005
-0.6403529115015587 0.3727774250422353 0.6810061655380553
2.13856546163597 -0.13425054140558856 -0.12230613609768692
-1.2747686989159703 -0.6014371649124577 0.5610310755111998
2.1325713396954598 0.010879988846598465 -0.12763145348049942
-0.6115664648902879 -0.587214604238433 0.6311185083725279
1.9731011190069623 0.19391887022393384 -0.1542556562087709
-0.24039206918607903 -0.5148696775446915 0.668857308421356
1.762427375602357 -0.8014897314471856 -0.652406004872101
-0.17516635099643452 -0.3781671838708487 0.6726309976913756
1.947176296323363 -0.6986738822912919 -0.6291711606643373
-0.15801999834489067 -0.2310297019195442 0.6710140428879088
2.059786619306486 -0.5807026042618784 -0.6168268003127748
-0.13550267910064662 -0.08499741694153151 0.6699354372360533
2.069926250205995 -0.44697926155417633 -0.6197316922805483
-0.13834027846673536 0.05935797628134232 0.6661612711288756
2.101375416802881 -0.31091463903319116 -0.6197316922805483
-0.18740927848800482 0.22230188502385495 0.6569964609482115
-1.731226180678263 -0.8168181773625278 0.44016096213839706
2.1862531618469774 -0.18749040787503013 -0.6117441930434877
-0.2551894573655247 0.39028228819134547 0.6456744394638365
-0.9608444549659865 -0.8184013208248668 0.5234272203781432
2.218610039809924 -0.05183430594092009 -0.6117441930434877
-0.24496880826965395 0.5402661833663807 0.6429788790085142
-0.2883350482414784 -0.8050584049001959 0.5957376680710142
2.237017058334011 0.087232501802891 -0.6139228620193178
0.16979644726692555 -0.7511225879279504 0.6439444742538756
0.10301384833638139 -0.5875454046995507 0.6329881868698424
0.14369894335058575 -0.4467354524699161 0.6340839586593932
0.155752565135586 -0.2996321957359971 0.6318924150802916
0.1441007066407991 -0.14703328222247514 0.6269623957016295
0.14270105973006508 0.003532546799721814 0.62312767127536
-1.3958164512352909 -0.705461244708296 0.3974411211349791
0.11765615976670318 0.15986680299680778 0.6165539942123717
-0.7814784441686413 -0.6787650396980123 0.4642188272812193
0.054518800024723646 0.32564945118145694 0.6055981836654967
0.22628142644771287 -0.7396157565567361 0.5760709963180846
0.15956654803459713 -0.5761910585582743 0.5649411402084654
0.2342638096011882 -0.44302283771704865 0.569949837718231
0.24634078595368436 -0.2962298115269846 0.5677239618637389
0.25409564204447577 -0.14831226005982323 0.5649411402084654
0.2672287525374557 -0.0014532475672659473 0.5627152643539732
0.2615385019708967 0.14994868077419987 0.5582639894821471
-1.4335326896466682 -0.8896833139748832 0.3131801805832213
0.24673885618614833 0.3037984724944476 0.5526988230087584
-0.6977385578119595 -0.8850474091476084 0.39525243857882675
0.2856521962488543 0.445062082983279 0.5532552919723814
-0.15701843066750598 -0.845135200268226 0.45468446830294784
0.2623079661994794 0.6015278858792694 0.5465776644089049
0.378604490322239 -0.8078681619643842 0.5135500154831236
0.4367432176546373 -0.37474024389992344 0.5095879755356139
0.48299447678400753 -0.236252776983763 0.5112859926559752
0.3263350507916485 -0.0513803057732769 0.4892112932541197
0.17048053651340211 0.13469530383060224 0.46713659385226425
0.19429912938181815 0.27967538449425966 0.46600458243869003
0.2186368668850207 0.424607124548368 0.4648725710251158
