1.2860447618376725 0.8393531396383622 -0.5105428472765574
0.6519803939431377 0.863704700705739 -0.4982237592943797
0.03937206955609085 0.8625481157019408 -0.4873304144152293
0.8009718056599802 0.8730711134619895 -0.7509698644884715
0.1649536479161675 0.9037429423905223 -0.7377214208849558
1.6569230196945313 0.8604435841319855 0.2373848184338918
1.0192938290724527 0.8871249340840706 0.2478223069898
1.740801458717474 0.661688258482215 -0.022301651597846472
1.1259014303551957 0.6556921234101196 -0.012712456346381629
0.4888109624588459 0.6850529447559524 -0.0015501753100046756
-0.1124131973379292 0.6685481953710593 0.007348559736382043
2.1077567624871456 0.6378589982711418 -0.21915052092157694
1.7888027343514459 0.6109998859509602 -0.21403596556269022
1.4215733584499723 0.7426141924290448 -0.1968660131701121
1.0903991886147644 0.7612328381933366 -0.18846366560541483
0.7568107698768465 0.7906863778156179 -0.17933032667719218
0.4449926084526439 0.7496990916834108 -0.17567727720819803
0.119201839835263 0.7577237240645616 -0.16837070143305155
-0.20069419813510692 0.7478137030074379 -0.16252563154779764
-0.5217215107537427 0.7438971941886905 -0.15631530439936014
2.2135859532302433 0.6624456197464781 -0.3768267408617625
-0.8559738700480999 0.7891694160409202 -0.1464519277819285
1.869316336701793 0.7160648827504872 -0.3652319685228953
-1.1616120525552738 0.7348496340827069 -0.14425990736566874
1.5257519375663477 0.7710718812107871 -0.3536367193468699
-1.4844556196337386 0.7441463569725073 -0.13731858885370585
1.1989183859636938 0.774967758534217 -0.3461565748461375
-1.7822487237574833 0.6631757590478031 -0.13731858885370585
0.8666758710588915 0.7992037312571796 -0.33718011534296366
-1.9995085598169595 0.27966017068402493 -0.16033361113153788
0.5391813377208514 0.8103918498430005 -0.3293251768358836
0.2550808579529438 0.7315140936252504 -0.32895181334101053
-0.07056747702828048 0.7402444539141158 -0.3214707151659617
-0.39036136275851163 0.7310312174311093 -0.3154868856676707
2.149416598158389 0.6544910123873251 -0.5330209509142527
-0.7139846884518128 0.7374063779106308 -0.3083801046618113
1.8007722455439499 0.7226498982892622 -0.5200080648668894
-1.0453005050170603 0.7738259172943458 -0.29902932798944803
1.4544087259534102 0.7874136080713896 -0.5073785558947215
-1.3482880222755185 0.7105596363934126 -0.29753301298700663
1.132052715163944 0.7772782160560041 -0.5008716360338816
-1.6710207193637032 0.7205334039961429 -0.29042718565546366
0.7884126655725083 0.8399480086866618 -0.48862502729975077
-1.9663179710936731 0.6305862704332981 -0.29117486631952616
0.4767467627956741 0.7988362969017118 -0.4847974554308543
-2.0901562455104354 -0.10915524965234624 -0.3424162641771922
0.14827546568400862 0.8162689863393098 -0.4763774648913035
0.23347769359353165 0.470328225928796 0.746507666944634
-0.1728278423171865 0.8110155737483069 -0.46987102186762186
-0.08191867474394599 0.4408884674307103 0.7502646669141164
-0.4909324347648898 0.7973762980113577 -0.46413037932001444
-0.39584053899166705 0.40780948433504705 0.7537083848706594
-0.800718184946497 0.7561336330823849 -0.46068618452631327
-0.71646421072656 0.3999076193834412 0.7587180360547414
-1.1291916464197804 0.7832460705499642 -0.4518828169115672
-1.4532254991956535 0.7972010052531999 -0.4442286268480906
1.6367858728348992 -0.8293624569736977 -0.7735600248583445
-1.7547392655115175 0.7305576047423585 -0.4430804029711375
-2.0384422560996533 0.5975514500507444 -0.4472903982409129
0.5835068004916373 0.49024043375405313 0.5852070077649465
-2.165532467071838 -0.13235615540936863 -0.4989585653551707
0.17311750492547162 0.7828467835436186 -0.6196808592089305
0.2651481909485831 0.4690905946237507 0.5897121652356496
-0.15089870184256782 0.7870668839249362 -0.6122603193529734
-0.05582286778269463 0.4586969640166245 0.5948600991956106
-0.46772342607036066 0.7685465212625644 -0.6067924276598582
-0.36421989098294816 0.4063375289033502 0.5971131547681203
-0.7992579287152388 0.8039789633198353 -0.5970282331713328
-0.6943405236040974 0.4319116205339526 0.604514144300591
-1.1235752467362978 0.8166528058195439 -0.5892176405199656
-1.018648942224388 0.43951756548955245 0.6106281503430715
-1.4145186436005694 0.7103905340286047 -0.5911702886828074
-1.3293905874146894 0.40023237777575105 0.6135239824048391
-1.768442628434201 0.836074180802683 -0.5743760839708933
-1.589274287736135 0.17424490677495896 0.603870890974175
0.657707828772633 0.5645901081715436 0.43220331513799337
0.3550459870987872 0.49050425144378096 0.43319465958989767
0.09952872742314511 0.25460301125316676 0.4229488595715871
-0.30042163022521606 0.5182039249642258 0.44707538926519064
-0.3924328834880022 -0.29656901601893537 0.396839640974175
2.1443624030885466 0.2954735257186343 0.22881510102666525
-0.9800163355815883 0.6429804192472943 -0.7765245214708933
-0.9556201137428957 0.5556500831414439 0.4612870439282766
1.8005506392723625 0.34475098717126684 0.23899128281987814
-1.3231879494003493 0.7236320752098919 -0.7629203573473582
-1.252745225995632 0.4680390620138013 0.4609565957776418
1.4266762579909233 0.4955314325772662 0.2562904580823293
-1.5502031675749777 0.38144875276557855 0.46062567078984884
1.0903620055451952 0.528519777901252 0.2651095613232961
-1.8583104380506583 0.3344424437968456 0.4629392846814504
0.7474434927377551 0.5867047313838043 0.2756252511731496
0.4321168772228319 0.5553643551525056 0.2796960099927297
0.1210747070436149 0.5108038485584672 0.2827487214795461
-0.22587540061305944 0.5920189955191546 0.2946210130444875
-0.5460260616124657 0.5834266623297282 0.3000478967419973
2.0279550424612154 0.4532624882921539 0.08422186219609884
-0.8605560456605694 0.5568258246724156 0.30411865556157736
1.6523097571919543 0.6077724139614276 0.1023135408154836
-1.1802963415584387 0.5506026846797738 0.3095455392590871
1.3291808379153522 0.5969300375906812 0.10822775208867697
-1.4932171062440247 0.5215131496963323 0.3132767900220266
1.00486533211512 0.592086233346933 0.11449053132451681
-1.8021642034842316 0.4791193122230766 0.31599047028936056
0.6565683232116903 0.6697076802793305 0.1266670449963918
0.3387501584373531 0.6482421561637892 0.13153793656743673
0.02248901439893558 0.6231709006873842 0.13606121385015157
-0.30879313711376355 0.6520093608732509 0.1444111093274465
-0.6177987762006545 0.605334641832485 0.14719440781987814
2.269409673432012 0.67193084539187 -0.06330821669184061
-0.9617669424688202 0.6846584829358875 0.15902330720342306
1.9146125142073203 0.7586888767763895 -0.0497565046557078
-1.2597724648623974 0.6018720118881475 0.15902330720342306
1.5740371692292001 0.8039965060411873 -0.039414860368598426
-1.5777198646839814 0.5923035936485093 0.16424181306279806
1.2516157789207085 0.7934282633701031 -0.03335187590204569
-1.8734555509149011 0.5020271915675778 0.1635461076489797
0.9568589326202925 0.6933638253468217 -0.034065224290717566
-2.1695426541531724 0.412786882352151 0.16285040223516134
0.6232164512404381 0.7233537492359119 -0.025149799943793738
-2.2946565779140258 -0.331811366241169 0.11483814561284689
0.309829885641161 0.6876538447939851 -0.021227337480414832
-0.016026769402841978 0.6961948959973228 -0.014094807268012488
-0.33601715141116983 0.686812315873425 -0.008388973832953894
-0.6557760726949269 0.6786082452021844 -0.0026826635607370974
-1.0115336464895002 0.8012794141989872 0.012651465772758996
-1.2945490312553432 0.665781525329308 0.008728526472221887
-1.6384385348179364 0.7525856675472227 0.02121069276250509
