0.071330549442564 -0.002254342940962495 0.7667000212969697
-0.07376543285593584 0.37172409867311185 0.7619531073870576
-0.8533536267553572 0.551299897757378 0.7373883643450654
0.8207489541930073 -1.0351930456275182 0.3907396712603486
1.1899691768708465 -0.4795886185743061 0.40398191598080757
1.128115572826374 -0.07972557095195398 0.4021556296648896
1.025237948474505 0.305309519933485 0.39886402276181343
0.5362879767246511 0.5572042059803186 0.3820788779559052
-0.5813687033209831 0.5979211455570672 0.3433453955950654
1.7391327790944544 -0.24372897499960455 0.2251994529070771
1.7440814630455819 0.17740862417728476 0.22595047143124702
1.6279655554159334 0.5553655349242126 0.22221779015683296
1.314722018046588 0.8654253845635917 0.21121143487118843
0.586018992666574 1.0356643210037673 0.18492054131650093
-0.7774970434567408 0.9972155638114151 0.13530134347104195
2.0806192562567887 -0.12391860128182852 0.04038166192196968
1.8832986085129093 0.22473274120376363 0.033582917720309524
1.6446441249396173 0.5595298609590955 0.02515052941464546
0.43368889282307777 0.5607692709752525 -0.020805605381497116
-1.1286265642323912 0.45097922060573303 -0.08033204886294243
2.1975042560645974 -0.2813483595803916 -0.15278554770327446
2.1221634524175386 0.11010154269020855 -0.15475679251528618
2.1362830679254756 -0.011937766313912412 -0.3517506203351104
-0.486270164420624 -0.4343947378250208 0.3949811377825654
-0.48548931549759544 -0.25158961899302046 0.39671730187558296
1.8654345430723325 0.33148390906710556 -0.10205436560488579
1.9778350859023206 0.5160137967197542 -0.08893991324282524
-0.21145018149732664 0.3212654854468049 0.4253642478289521
0.24960699312514123 -1.0945445133853013 0.3527624526324189
1.6895929654197843 0.6637486314032941 -0.11668277594424126
-0.4908047686893724 0.4775480020464107 0.40235971596860054
0.2430958925415183 -0.9146027987292173 0.3540928283038056
1.510816438575759 0.8228304544741833 -0.13332820746279594
0.1930983386168137 0.7184086198088684 0.4635593810381806
0.43514200253473234 -0.7120432314653051 0.3731677451434052
1.5407762600098422 1.000286199097391 -0.128788240879544
2.1026061257929527 0.34680620305871024 -0.16504026266909477
1.9426686996088947 0.5051244956399552 -0.1799199661908233
0.39646400018546757 -1.0395713221885838 0.27621673730038765
1.8674523879380232 0.672060242564668 -0.18607688757754204
0.44454849915857153 -0.8537729090649337 0.28254913476132515
1.7382909088707805 0.8347654101614266 -0.19787860724306938
0.2973655221584792 0.7105096198011047 0.37361168053769234
1.5353142522448522 0.9921663493732282 -0.21737600180483696
-1.0925295890593674 0.7747944160513924 0.25073360589169624
2.0704265949453244 0.20600520293564006 -0.25695253226137993
2.063505215708922 0.3787816837194864 -0.2559087357220733
2.0225299981522937 0.5483409466541227 -0.2585179886517608
1.9623321725083684 0.7163629901490047 -0.26321388098574516
1.8234286881656416 0.8779681448293379 -0.27625823828554985
0.32692732468537145 0.9290987792596059 0.2879760184588349
0.2530800644605833 1.1023331334064705 0.28254913476132515
1.9801360503039973 0.3023585206284123 -0.35275340887881157
-0.02478341772194881 -0.4611551559792524 0.6976468482317841
-0.04391830969207433 -0.28201001870237885 0.6976468482317841
-0.062427165519430616 -0.10280353394884223 0.6976468482317841
-0.0753558631014073 0.07695740590431122 0.6980559745135224
-0.09261189358921484 0.25627285215540585 0.6980559745135224
-0.1092437980282881 0.4356458325598389 0.6980559745135224
1.78734525434092 0.2867921831146827 0.06483482506894234
1.770811244471652 0.45960686381426186 0.06483482506894234
1.7251386732861036 0.6297874891279598 0.061912290126315384
1.6304836070915343 0.7959201201440882 0.054119817286959915
1.6594038032244072 0.9641999749936216 -0.6441586098370635
1.4917539433767004 0.958935062179024 0.04194378045224312
-0.14042952800377861 0.8227747042879443 0.6076352515520966
1.2047402018177564 1.1109735181572034 0.015156022578707962
1.6640717378877667 0.572942088496105 -0.03230644080019829
1.4056795554074242 0.7248111687935088 -0.05659747931338188
