1.658169076592202 -0.027874852548972484 -0.0875648352180356
1.571882246195301 0.21705567215412103 -0.07971037354811372
1.486583245633554 0.46210183943731664 -0.07184542146071138
1.9907458372168207 0.10702232800894507 -0.17785681214674653
1.8552786733291242 0.3176994762089329 -0.1761869284187192
1.7122530864178316 0.5233267995720254 -0.17555368867262544
1.865891992856362 0.23637748264628655 -0.3068307730232114
1.8302402482541282 0.5135247188820529 -0.29235781159743013
2.13730170886312 -0.1679013263574909 -0.4357084127937192
2.0956106372673418 0.10620730729369754 -0.4215787741218442
0.13876989079267332 -0.5990960184438201 0.3985019830192691
0.23357611132011868 -0.22853390462444878 0.4265953210319644
0.20945397922078257 0.06181767846430475 0.44100867781297026
0.057192327286600175 0.26779144917585285 0.44080649885789214
-0.0943614688670209 0.47434765098793363 0.4406152871574527
-0.501033759488692 0.5178554283954426 0.4116717484916812
1.928510153059392 0.04084483551112683 -0.5671438070808286
-0.9627544459443413 0.5290631138883022 0.3766223100151187
1.8630107257810948 0.2987063949681712 -0.5560945364509458
-1.4293897157384805 0.5403379192708826 0.34112369093552886
0.2428634319882832 -0.48169591569208237 0.2837868836845523
0.1876360862684976 0.4001518843755072 0.3296834138359195
0.19136344167542063 0.7059400674870453 0.3472367433036929
2.1056698671405485 -0.230916478808723 -0.6959861609016293
2.0760450632588032 0.051692547047977655 -0.6797622534309262
0.5114923874469497 0.5365953603364453 0.23482667479173003
1.4958989265968512 -0.7275533250506285 0.054415335985577684
1.5931250047844543 -0.41298306891466297 0.05788766417161284
1.4421028927466182 -0.7500969398642994 -0.13106382813795747
1.7378029736187557 -0.7354588703306533 -0.2696498724494809
1.4854947237361813 -0.7888549760920043 -0.45611799683912935
-0.3945170645460081 -0.09852255520975106 0.7224708703483707
-0.39310948769984577 0.24068972472379713 0.7177845147575503
0.06394770276030215 0.05572527583019138 0.5717807916130191
0.119818100188823 0.3833526845627624 0.5713807252372867
0.9675893912924352 -0.8092230446355728 0.15928136381760893
1.0498370479252515 -0.49008390769990484 0.1614118722404605
