1.3645109857011732 -0.47094912849121684 -0.09463655511688085
1.5192470281879693 -0.05085196605682896 -0.09050142328094335
1.8538050585772226 -0.06504157875108874 -0.48054658929656835
-0.16768710492266337 -0.8222435842400557 0.04787004430938868
-0.33773639896743646 -0.4241832441106226 0.038547401029359385
0.0960269936043332 0.024461317437573626 0.05356920202423243
0.15796999990169525 0.44056808607112075 0.05353963812042384
-0.6023975896988532 -0.5421378483501655 0.4119046970193496
0.39799502705673717 -0.6097837427743844 0.4974106593911758
1.7931987835588785 -0.8083674411757436 -0.1955944256002793
-0.07733563048915215 -0.26058217766508207 0.44923198660064845
1.996647869387516 -0.6597780124728825 -0.1799575046713242
-1.1869968562061857 0.27729517954814753 0.3433259769265762
2.085946930622221 -0.47867288763368876 -0.17642652551483007
-0.8077054105093495 0.3849596649236524 0.37240684469391017
2.1806030974391746 -0.29941859708057095 -0.17239152948211522
0.23982089762378678 0.29061517206321597 0.4622529788797012
2.0187185287959437 -0.042896397278564535 -0.1955944256002793
0.0034429474738573163 0.5771067434300505 0.4353426738565078
2.143359717730206 0.1275876322609335 -0.1885329441244492
0.6971062337347504 0.5809879066261345 0.49307001074005274
-0.893714552346843 -0.6978362908930347 0.27551305730987696
2.1354833971958413 0.33864078473186865 -0.1955944256002793
-0.13283500868516995 -0.6937935842225578 0.3407224460427871
1.9432996825994877 0.6080275606543566 -0.2223283008749375
0.6369471649129679 -0.6975753208460738 0.4068192287271133
1.8195713332086 -0.8251994660658539 -0.2932215885336289
-0.0828022639027779 -0.27936173145544174 0.3349555774514785
1.941748726651383 -0.6530681277641985 -0.286038513582457
-0.8672510813803669 0.16353091823394905 0.25688112219024806
2.0262985857488474 -0.4703590933513162 -0.28295957605193944
-0.5027054558546595 0.27442498158749373 0.2852720065896621
2.0685565141800737 -0.2752451136353571 -0.28449928323577733
0.1673468928854973 0.29187547312022133 0.34205329855133204
1.9448723742066036 -0.0298921429890342 -0.3039966777975449
0.021571882325979175 0.5511366052198383 0.32297838171173243
2.0790631061421365 0.1379556140489555 -0.2957869724447617
-0.6141767230096562 -0.73069535399922 0.19569051702667384
2.0142172523418225 0.3668751720070098 -0.30912744561981054
0.7265204141246144 -0.8906142273857949 0.31690538366485743
1.9408157795927181 0.5994246052201007 -0.3234940723593125
0.9349055332710208 -0.7387490986412004 0.3313788219277969
-0.023979281263898145 -0.2522336575764115 0.23549211462188868
1.9869343058843398 -0.6236362542416618 -0.38293420831512304
-0.7124174739316942 0.16312929336655202 0.16493452032257228
1.9666473598692278 -0.410118981257078 -0.39128315011810155
0.17255641712370817 0.11959838597976713 0.24318111379791407
2.028180644183628 -0.22049231814252934 -0.39076101342986913
0.3504529785289847 0.28123910086690884 0.2544883533303848
2.0570537630383114 -0.021003820587171873 -0.39389144937347265
0.4811262645875303 0.4562837292908313 0.26127279241729884
2.0010724392602697 0.20472206356054556 -0.4064146236593613
0.8932152131460782 0.5444751947522519 0.2947424693887344
-0.7605127823188198 -0.7539157166277928 0.07856119115997462
2.055243917898217 0.39712568919214064 -0.40693580667327733
0.5850675717777207 -0.9132651570458101 0.2025655551736465
1.996223555839947 0.6251466894943967 -0.4199806408102402
0.8652592992322568 -0.7810578114929445 0.2242320819680801
1.155253346757064 -0.6533550955524934 0.24682033498932032
1.2637720775739112 -0.47473610250679954 0.25189102132965235
2.092846936298983 -0.5291627204092713 -0.47548210183929296
1.3298703886693914 -0.2840412794745113 0.2528132243936172
2.053888985049902 -0.3101897993449363 -0.4860912517721543
1.3250441493038352 -0.0722823766455214 0.24682033498932032
2.0919618484016027 -0.11370488732877249 -0.4882131771261582
1.3258024700277886 0.13826639934574203 0.24128854711700587
2.073675702792123 0.10012602790296654 -0.4967004017050156
1.2845013757165873 0.3620989409830422 0.23160779913116603
2.0419756942966956 0.31868684244318146 -0.5067788318807969
1.015781100391692 0.6570573365125085 0.19979989965606837
-0.7791735570644747 -0.5964050403269887 -0.032010670107115224
0.21129937359914663 -0.6589150746962851 0.0595759197061172
0.8990559876704225 -0.6420776436150923 0.1215728565042129
1.3710514315831617 -0.5676050826955077 0.1624344631021133
1.5084798497984124 -0.3982615150124573 0.17041862447906642
2.1122315170798274 -0.37829985522453313 -0.5785680965597519
1.565289684938378 -0.20560943939783982 0.17041862447906642
2.0900818737000293 -0.1744097423174935 -0.5871940807516465
1.6151149653682495 -0.021339313405139393 0.16994893987823634
2.123884593760387 0.02343996559196526 -0.5898901180441269
1.6160928061666482 0.18832390649427566 0.1643132015054336
2.110900174072576 0.2358795749798226 -0.5979767994100937
1.5655361689516312 0.41429738018267415 0.1535104556863418
-0.7335318512332307 -0.8238362300340167 -0.1270223812277207
1.9658550780012476 0.4900244755950389 -0.6211596683676133
1.4778592724139585 0.6526844958824931 0.1389507098977676
0.39597007181569666 -0.9218395850021626 -0.019868965547789053
1.7176297447409254 0.7782853132955161 -0.6562029079611191
1.1264435862221518 -0.9155445918258707 0.04757965048004298
1.578685911536958 -0.8349367176655438 0.08728349645782618
1.7104683280925244 -0.6646457275669277 0.09493720968414454
1.5945879896823314 -0.4328220139334995 -0.7321549610311875
1.7663471202284455 -0.47269707979961595 0.09493720968414454
1.6274495790957744 -0.2334016079048311 -0.7348939136679062
1.8181284632079198 -0.2795251177471201 0.0944589420144668
1.594402616546759 -0.013998926159079161 -0.7453018383200058
1.8133876632456776 -0.06933021453711774 0.08824003179718165
1.7713536889778254 0.15268773822704773 0.07819450338531642
-0.5734832503012299 -0.6190154283202567 -0.22217332879852147
1.715941345536912 0.379607481546941 0.06671417196441798
0.5026643750768613 -0.7069699186895928 -0.1184321598226914
-0.6236038234113295 -0.38912785799767846 0.6054662509744277
1.3573978919860323 -0.7393047979918173 -0.037095184725035146
0.14224263278129712 -0.3917943443000773 0.6672595783059707
1.6376589634826715 -0.6112128435262232 -0.014204140108335928
0.27086919583317837 -0.21516981879408803 0.6735223575418106
1.7605771137602204 -0.43863297076744345 -0.00738536874603124
0.32354612571222674 -0.016795170769370316 0.6731046481912246
1.9889590097555327 -0.2979176254878624 0.010147933561097666
0.3196125310874933 0.1984523687849915 0.6676768108193984
1.974642885231745 -0.08541670922571143 0.002842311460267588
0.29740295854853827 0.4196783587023667 0.6605790897195449
2.0087446751645928 0.11286335906690326 0.0004071040933242287
2.000766943266541 0.32432653862964145 -0.006411667268980459
-0.7070426939887255 -0.8612087847115806 -0.3333531574423203
1.8416207605654762 0.5835520087950172 -0.028815861147154287
0.3310233315292592 -0.9333810347729994 -0.2317281917745957
-0.8000420474600176 -0.6089064805471995 0.49129951437164454
1.1954436065202216 -0.9641363762603454 -0.14794933358978124
0.3446728313287508 -0.7143868923314276 0.5880502506082168
1.633080988282508 -0.8794301342269648 -0.10829126397918554
0.40518078452916484 -0.5190341615656919 0.5884765430276504
1.6404109452938158 -0.6734137563214357 -0.11324846307586522
0.45678966022913414 -0.32114704860693877 0.5880502506082168
1.8347465089701132 -0.5217118981775997 -0.09887229959319921
0.47084641354278745 -0.11223380252707571 0.5842145725076309
2.029467089464461 -0.37117443015398877 -0.0844961361105332
0.47134225369629945 0.10102928671613398 0.5791000171487442
2.057777866283651 -0.1717624111895475 -0.08747016946624608
0.44878960975076154 0.3216524113624075 0.5718544765298477
2.0296878147748885 0.04500627802902457 -0.09639322320770116
1.6790739702266677 0.36164697766555065 -0.13902627984832616
1.8240406216448193 0.5270717770197813 -0.13010322610687108
