1.8474581989587122 0.3973008437765557 -0.055017739852575076
1.4850812726959646 0.7438155319659785 -0.07144764097562195
0.5361986962922103 -0.47120075484009405 0.4967629608310187
0.536093201298435 -0.06334963026438523 0.4952122863925421
0.4683185621303636 0.33343575141092074 0.4911534485019171
0.7510851799985119 0.8439456256229843 0.2988288101352179
1.248860551848054 0.45395266664510103 0.11956283418306946
-0.6847602109614712 -0.7361585633947154 -0.2720358672939813
-0.6831579713797211 -0.5249483678976734 0.5341140922702277
1.6409276539794746 -0.7639231175953629 -0.039500981887487185
0.46930659763511784 -0.5369790749289951 0.6330754455722296
1.9300589208300423 -0.6249937430108368 -0.013271600326207889
0.6029517628264145 -0.3644633706893927 0.6417557892001593
2.0680836112762933 -0.45881189397191235 -0.00267913969388367
0.5903961789929895 -0.1644788419488048 0.6374156173861945
0.6030135306254607 0.03091732564137395 0.635245531479212
0.6065599197186202 0.22830813923229876 0.6322071251071417
0.5961742634249134 0.42878779255375576 0.6278664764560187
0.5572618370290741 0.6355310417286066 0.6209222969211066
-0.7939555685173545 -0.7257163539085152 -0.38336971433987976
0.552655889146358 -0.7682899821526075 -0.24586036833157898
-0.46154926297981547 -0.5842379197079364 0.4446417984164679
1.6292907514310286 -0.7703566881622947 -0.13657119902005554
0.7052845040303168 -0.5993357050151005 0.5471141037143195
1.9770120431290366 -0.6424013655174363 -0.10373285444608094
0.7408214278679068 -0.409132366515621 0.5471141037143195
2.007512186454967 -0.45569639714057075 -0.1042464080654657
0.7721329309501783 -0.21811626422300456 0.5466706451571905
0.7210272128428983 -0.010911986384112282 0.538685530105921
0.7732680693644554 0.17630750855997235 0.5400163826144659
0.6651044033936344 0.3960178538582806 0.5267083343661749
0.7089894115910056 0.5853445549311989 0.5271517929233038
-0.6298423363438204 -0.7135981145287165 -0.46692684324612976
-0.9708674144451521 -0.6526922832293351 0.30072852937349914
0.7535332220917468 0.7745007283661778 0.5275957283175909
0.7408646894376574 -0.7620673595524714 -0.32448175581326844
-0.04391485260918415 -0.6190825685710433 0.383045881668421
1.8563121164536227 -0.772750495658391 -0.20916965635648133
0.9217461853909938 -0.5991046019674791 0.4689819511569464
2.145292266071827 -0.6346906352167512 -0.1820376220547235
2.2295282826058482 -0.4589416125315253 -0.17681959303250672
0.3560840740296385 0.10145579023347473 0.40656539765963196
0.6089014676329967 0.24984420062531676 0.4264666732943976
-2.2153791943645302 -0.718683033915319 -0.7334811988674677
-0.9367712297513222 -0.7385722826219361 -0.5987460914455927
-0.8055222218857736 -0.7416517357080217 0.21686479417452453
0.8314966687685796 -0.8363193562057081 0.36760684816012024
1.4222688367565794 -0.7686887280097618 -0.3504941764675653
1.0130885208264075 -0.6736894351390053 0.38143655625948547
2.0582096121706925 -0.6939635466461915 -0.2852485481106317
0.22639054326798203 -0.3297514968456614 0.3039910492099249
2.1764199717266948 -0.5243858291175556 -0.2762306037746942
0.22375225302795343 -0.13037308593876062 0.30030271379122375
0.2658211702808515 0.06055047657999424 0.3007638153232062
-1.3654997006670868 -0.7124457969331246 -0.7456405464016473
-0.9829920724568524 -0.5774863651330406 -0.7073624435268915
-0.7371252759816045 -0.41996537742134343 -0.6841800514065302
0.9088470550732097 -0.7121382324463639 0.27544900743136047
1.219272158848156 -0.5839481982418846 -0.4723017516933954
1.0320618232330858 -0.5391380549783111 0.2839033302463019
2.119134003106865 -0.560342592758138 -0.3768756690823114
1.2731704754366078 -0.3892737456825639 0.30362960664400696
2.140156224643512 -0.3722331598432973 -0.3784931007229364
1.2898882360105617 -0.19725717413667176 0.30175086824068664
0.8971296646024243 0.07603198124327903 0.2604195770419562
-0.4815660179444805 -0.8571314142176405 -0.7483270469509637
-0.7267223634724544 -0.8038072292237874 0.02512666551241516
0.5228549880509661 -0.8275203122105861 0.14375993577608703
1.5925479337051058 -0.8366034258841211 -0.5237267318569696
1.2478009987631822 -0.763557371746888 0.21120855180391906
2.0424772032963503 -0.7272490293331568 -0.47716358335843445
1.4735427003316914 -0.6110102295065101 0.22986480561861633
2.1019669231786438 -0.5463724135919161 -0.4744246307217157
1.5530338634768412 -0.43189318583972636 0.23417016832003235
1.5940316536013555 -0.24560130242349487 0.23464843598971008
0.47399199208728504 -0.7978986440251639 -0.7440107169949091
-0.578961137099256 -0.5977101171994157 -0.06420400770535828
0.4746333654224344 -0.600590559800807 -0.7479064765774286
0.616413616101255 -0.6168507838486121 0.051226347366663205
1.662691335577314 -0.6260218764822714 -0.6165774169765985
1.3708045370781718 -0.5614730069615899 0.12282201615938781
-0.347695264244436 -0.2384386640295464 0.7470471557773077
2.0508408940725147 -0.5259062378986616 -0.5759547057949579
1.6472582104995084 -0.43911519153696865 0.1471745666659796
1.694933618052815 -0.2447625323095579 0.1481482681430304
1.7414653084158616 -0.05995873379777272 0.14912244645723938
-0.6894787754832095 -0.8484549818763192 -0.17052009733548523
0.5204954285690278 -0.8643428316650379 -0.05154493482938172
-0.789018391875679 -0.6191997252550472 0.6164819893039191
1.5904067783956748 -0.8630557625243043 -0.7256300750576532
1.455612886757443 -0.8383775928139983 0.03966972200045227
0.035386655084089114 -0.56837864865801 0.6851031479037726
1.5517602245177358 -0.6622619826932912 -0.734120637496618
1.7348499320677675 -0.6964468823313474 0.06445619432100891
0.2375336774715322 -0.40695425287969833 0.6995947059787238
1.9264429771583735 -0.5396071295602187 0.08031961290011047
0.2492745431065302 -0.21046313563372365 0.6974632438815558
0.2617225810407149 -0.013923932916602766 0.695332258621546
0.25043475194039644 0.18748794480220354 0.6910698112643683
0.17639544430910803 0.4018912180249661 0.6812669929660284
0.20078801036480343 0.5969356343838008 0.6799885925448859
