-1.6491047013495002 -0.8153123467507228 0.28904595025389845
-1.2760166125082573 -0.9309463161824425 -0.21803651205689256
-1.4097265731533963 -0.81961702240325 0.30369677193968947
-1.0702482772561543 -0.9141582375183788 -0.20447144858033006
-1.1462590837988196 -0.8424223933234245 0.3208960498174971
-0.8647444688953991 -0.8985416895285923 -0.19088921896607225
-0.8833301822922858 -0.8668069997033996 0.33812036164611037
-0.5701466045230486 -0.9473217988485203 -0.16646418921143358
-0.6290775163597655 -0.8870016845492756 0.3545264209112471
-0.3937653294063107 -0.9141397695295836 -0.15628753058106248
-0.42807364532931935 -0.8710860875167441 0.3654707873663252
-0.19327461207818628 -0.8993386947523874 -0.14314208380371873
-0.24755486893507653 -0.8417751776546538 0.3743208850225752
0.04726622040175865 -0.9148365721529359 -0.12505040518433397
-0.07930440327004101 -0.8046966776193543 0.381916900952751
0.4296729937005769 -1.0545100293650194 -0.6373528038659746
0.2430962829998451 -0.8995135913079082 -0.11236129156739061
0.020406946553233607 -0.7186127429331108 0.38233651765196974
-1.573636089809956 -0.8834176222631598 0.2244605029424971
0.5003994006187332 -0.9496923436147355 -0.6400068794885332
0.49482443900188156 -0.9265120851591178 -0.09274802557617967
0.2729231132044599 -0.7450571180310916 0.3988379443487471
-1.2581129032230187 -0.9513501545666472 -0.28162131659180467
-1.2853353567946222 -0.9219163218488191 0.2446631396612471
0.5714961066954335 -0.8451072632195036 -0.6426619087854082
0.6899958526293795 -0.9135925852635296 -0.08002267233521287
0.40475213355248063 -0.6840830551328452 0.40266074784606154
-1.0564980044838514 -0.9317396274086533 -0.2682770287194902
-0.993592545261544 -0.965017176942915 0.2653252089819258
0.6230401773098204 -0.7259302703487549 -0.6481627022424394
0.9287869477173881 -0.9344589169185653 -0.061846593538826156
0.3529185477386606 -0.4867915323615932 0.3870007003149336
-0.8184824373404489 -0.9390000862296901 -0.25041280142456834
-0.7922171127306572 -0.9468932532447667 0.27653541215270216
0.7108430209740161 -0.6336699812973805 -0.6485460793176347
1.0874862275128545 -0.8970094815052434 -0.053534845034187484
0.40169984958379723 -0.3636622480998639 0.3819207156500166
-0.5687062738568662 -0.9562736635411042 -0.23102364889771287
-0.5666891519170492 -0.9471763467375993 0.2903493846258467
0.763254396282935 -0.5148121035650917 -0.6540521179834062
1.3096011510153245 -0.9084043115680771 -0.037298062960212874
1.2178272687800655 -0.8206859571777088 0.45872153886168654
-0.31537481300841724 -0.9779156043089827 -0.21111045233399217
-0.34965006985726244 -0.9429853296589741 0.3033203090032881
0.8438165485227224 -0.4171046793796762 -0.6555765663781816
1.5154477254727179 -0.9090310251680691 -0.0230196510949785
1.2378373738742008 -0.6792357495552608 0.45071544297545607
-0.13531782585313593 -0.9488448044022206 -0.20019708029419725
-0.14913863401722655 -0.9284284775001055 0.3145829642614668
1.1258121992385024 -0.47376876491501463 -0.6280406510034258
1.6972534104234027 -0.8926600949448442 -0.011695245424812484
0.34159770827412594 0.16602565481400688 0.3441344703039473
0.07279961827227471 -0.9411749723644363 -0.18575845114380662
0.030924058448265707 -0.9004008631318641 0.3237024749121016
1.8553814562997863 -0.8780993101894694 -0.5354846512475664
1.8237042118960547 -0.8347192963469041 -0.007292607943123031
0.34959673824155457 0.32308909497050564 0.3343435729345625
0.3167884316006958 -0.9610495874562943 -0.16678557745606248
0.23094747091230117 -0.8880438655603626 0.334997316678459
2.056208755486512 -0.8787384930626843 -0.5192645584741289
2.052316950574294 -0.8568264685012039 0.010007044156486344
0.6728071042869462 0.2355154856112307 0.358575722058708
-1.484157374524906 -0.9128613129619225 0.1653186286291426
0.5322032070611362 -0.9617635256579078 -0.15130410544068162
0.42667994541242704 -0.8738665746267529 0.3458763564428633
2.2606110609620806 -0.8835850380847674 -0.5024574791589433
2.2961021115331994 -0.8925408661472503 0.029312273343498063
0.7402364841828659 0.3458042358345992 0.3551708663305586
-1.9900807977591501 -0.4123980711954758 -0.4412826096215898
-1.290243146202994 -0.8865434298377224 0.17588152535765822
0.731248094580998 -0.9518890735730352 -0.1378134285607988
0.5300338273971933 -0.7926728931738865 0.34681357987731154
0.6868923460391477 0.5516216539941468 0.33855762132018263
-1.03611950240196 -0.9140768529359278 -0.3340834175744707
-0.9740073160331493 -0.9468558092413275 0.19964184411376174
0.9339966442997699 -0.9461160763707923 -0.1238029991784746
0.7094951867510548 -0.7684766099056404 0.35598554261534865
1.4299325977754576 0.12536390604309133 0.40888776429503615
-0.8225607094325538 -0.9043317802484765 -0.31892428747803514
-0.7319038907174091 -0.9575275836347785 0.2155198062261885
1.116529109065064 -0.9265665583531373 -0.11229071966797655
1.2154744841744978 -0.9904151731092554 0.400720497449333
1.4465293579263 0.273626794125029 0.3999711478552168
-0.49159416650180815 -0.9791928009449862 -0.28897223822266405
-0.5268266572991647 -0.9437093351966581 0.22746076234191115
-2.3436712948040572 -1.0496657006955488 -0.4903977905908281
1.4798963062869075 -1.0649526828649485 -0.6753881966272051
1.3187004855667892 -0.9230217290720901 -0.09824691168457811
1.4134172512138798 0.46272645715120575 0.38549508698790724
-0.36802183741208 -0.9087527710380101 -0.2849825417199785
-0.27743582608735634 -0.962896167508589 0.24426188119261916
-2.268915323912351 -0.9381004631460854 -0.49260030142456834
1.542727501383454 -0.9577250774589956 -0.6791895424524004
1.5363690703096582 -0.9326696147106048 -0.08217130057007616
1.337889135565677 -0.7712026368350777 0.39357032426207716
1.3464921982156812 0.6806037732555126 0.36715807565062697
-0.09085664368958538 -0.9492352304347165 -0.2616060768762285
-0.09728999090986001 -0.9341155299468866 0.25359692223876174
-2.2102534964688223 -0.8156671393533301 -0.4968699013391191
1.5980783292506917 -0.8446366850253497 -0.6841686760583574
1.5878035332331422 -0.8164730783189569 -0.08723912588745897
0.4491154793631662 0.06715038181986444 0.28552116998046095
1.2614746376605952 0.9150065309081441 0.34666051514952834
0.10105615117568822 -0.9301174395249063 -0.24891839377075975
0.1270590768694625 -0.9384795730276778 0.2677949870428389
-2.134680715711369 -0.7045706573612236 -0.4990757500329668
1.8701154916410365 -0.898471427011664 -0.6568430458703691
1.6475856680804672 -0.7064564440934689 -0.0913022553125078
0.815483792696693 -0.05328213974028273 0.31512179025023634
0.2806805011928308 -0.9032872586152791 -0.23774752966553514
0.3067576530807308 -0.9118434038154746 0.27716126092284377
-2.0710281177303367 -0.5852992704502853 -0.5028337036767656
-1.5346863126642938 -0.9262728516108325 0.0963813269934004
2.090463026492812 -0.9143334121894142 -0.6371291672387773
0.7639307254099483 0.14821766054497942 0.29865827210753615
0.5282673258285167 -0.927515039231146 -0.21787724844605272
0.4862779103652355 -0.8862002354204535 0.28654136308043654
-1.998741557679212 -0.471865569705777 -0.5055602585473711
-1.2670140216665695 -0.9506157354390652 0.11525072701781447
2.228238351119702 -0.8672095505892088 -0.6297434364953691
2.1992078268953774 -0.8242997751985754 -0.04391656271607225
1.3877859809263406 -0.17809666393899448 0.35703792222350295
0.7273582592071288 -0.9177015387409853 -0.20411668173462694
0.673625614754556 -0.8674780636805863 0.2968188727697676
-1.0524328657040787 -0.9664768250690017 -0.39755235067993944
-1.1183896833087577 -0.8940228805416126 0.12115397103636916
2.054029704934801 -0.5748968553381815 -0.6694115196862871
1.477254308124313 -0.0887817769351571 0.3562640155157393
0.9062143028310555 -0.8941381382780591 -0.1928976570764238
1.0004621459566825 -0.9540212278200215 0.3225804770788496
-0.851154079325896 -0.9479019858041511 -0.38365397802979295
-1.0553525434286721 -0.7781311649060854 0.1176520789465254
1.9826446206238764 -0.3613797811152466 -0.6938131844201738
1.5241143342852084 0.03427304466940484 0.3506967032751387
1.1087418017697153 -0.889488667403235 -0.17859349600464647
1.2108741982624958 -0.9558203483974381 0.33555211671202834
-0.6460613365340296 -0.9333397885547754 -0.36922059408814256
-0.5771276141619545 -0.9556513027633002 0.1599022353491133
2.0248877706516493 -0.23702605013124156 -0.701161245028084
1.5559334808853835 0.16972375320357713 0.34337939866393263
1.3307873725761863 -0.9009952181751117 -0.16171155325562303
1.3256130389127656 -0.886689441410013 0.33792056687682326
-0.4412427090985854 -0.9199418021101522 -0.35477052084595506
-0.3601128664383122 -0.9513430616402729 0.17348065026610549
2.0947259016094 -0.13449118257076265 -0.7043918167749101
1.541831965827893 0.34274217134883855 0.3308180774053877
1.5286625648200802 -0.8956936258296722 -0.1478837525048906
1.4404889531516316 -0.8180926713000218 0.3402942622503584
-0.21244481969948967 -0.9250962903022923 -0.33719096533448045
-0.18390689739490865 -0.9192534626364974 0.18258680947631056
-0.4774739109963558 -0.6899036442245574 0.6772798503240889
2.164946383806259 -0.03217611507140816 -0.7076233421960527
1.4706087803729622 0.56323748539468 0.31169190057128127
1.6591518128686213 -0.8400261269802414 -0.14275298468262498
1.515993831812159 -0.7197039784974919 0.33824123986571486
0.019973873761244487 -0.9344915851835438 -0.3190725838342363
-0.4176824602552518 -0.5731185821099771 0.673625131925041
2.235543917882301 0.06992016262162792 -0.7108572518029863
-1.7570104803715645 -1.0016590282224342 -0.515778878847664
1.8919928185584398 -0.8641022846822395 -0.12427983633667772
1.450027060745556 -0.5118811302589918 0.3202241862615889
0.2077252024743816 -0.9130688044976409 -0.30664334646851366
-0.46622261029153167 -0.37720456194930563 0.6597258056005781
2.3141902145064708 0.16548574393850402 -0.7129124199548418
-1.694401273905045 -0.8837196137662318 -0.5195349251428301
2.1164752676960994 -0.8834312376671889 -0.10680995337158983
1.585536784004645 -0.45944301556527734 0.3248154128393477
0.4634528303102645 -0.942653074268982 -0.2853683029809648
0.508468254889501 -0.949534926691129 0.22843446381896193
0.12120815151509856 -0.6468481458061532 0.7057839835485762
-1.6354487644123896 -0.7631320811228477 -0.5238202606836015
-1.4853888831295419 -0.8478764274531443 0.02787890084593947
2.316999809507311 -0.8856369485496884 -0.0924008881250078
1.6544562491387929 -0.355410828737007 0.32186617501586134
0.630588067570898 -0.9087958132821612 -0.2755030190149004
0.695665184562149 -0.9307538059551845 0.23895611413329299
0.3376088208540997 -0.6475976303237658 0.7169648612341231
-1.5596975632641557 -0.6540453424196357 -0.5260041748681719
-1.1728206298938677 -0.9040997231176107 0.05218805917113478
1.727671594711368 -0.2546854505096192 0.3193592036566084
0.8295261692344852 -0.899575140957225 -0.2614654099145586
0.8746487497983678 -0.9070760440587264 0.24859180100768263
-1.072067049528156 -0.8330962932439547 -0.475028375307625
-1.0975809526451183 -0.7966014982318299 0.05002894051879103
-1.5620466253781862 -0.4524794952456048 0.5332576239904707
1.7817646176307829 -0.13868818506593783 0.3146285022100752
1.0759400038334728 -0.9272479300580514 -0.24116692892700975
1.065397023370914 -0.8933394161876507 0.25959434159606154
-0.8705712733005635 -0.8147660225268041 -0.46086011282593553
-0.8510920174552267 -0.8099010630073167 0.06707062371581252
-1.2409127903361097 -0.5161091234387882 0.5543230975469893
1.8013588420587716 0.0052330499569706035 0.30588926919310744
1.282105782984114 -0.9264307010745796 -0.22605023733765428
1.287671760817199 -0.9046809604546553 0.2742220366796797
-0.5274317033211076 -0.8983265764869515 -0.4282334839502031
-0.45895981801334235 -0.9284982749519628 0.10060419686644728
-0.8231214808964799 -0.6510513805224463 0.5847317183813399
1.8409922314744591 0.1336430831315738 0.299366852124626
1.487925081228901 -0.9267899741069172 -0.2109159027734453
1.4421478235413456 -0.8660570892656949 0.281194826444084
0.8345132255773063 -0.3851487252708097 0.7268248999914473
-0.4845153328932363 -0.7699588815051968 -0.4345835243859941
-0.3149943288074569 -0.8727568462002395 0.10625757821410353
-0.5889907883572056 -0.6579913723083308 0.5977179015478438
1.8580006210087934 0.28090347844094765 0.2901655639013594
1.5670255626477818 -0.8316075426867542 -0.2124417816796953
1.5925896578177743 -0.8252170149682385 0.2877270186743086
0.8877844265131983 -0.2664259294845408 0.722441574414665
-0.9533749020400284 -0.27246988244220915 -0.5079306160607988
-0.09830880010394555 -0.8701899499428123 0.12016501077025588
-0.3997499275507165 -0.6341999389307063 0.6064518893560713
1.887262129627926 0.4188545681649387 0.2822915519079512
1.85517981843814 -0.8976232035965737 -0.18632922522217576
1.6759605152192525 -0.7334463690928317 0.2865849936804121
0.8941868745346527 -0.11124117244543186 0.7134741748174971
-0.15566464746175163 -0.6885851487888957 -0.41563306204468553
-0.557441555483273 -0.35934528168782265 0.5817641223272627
1.8787288203207617 0.5885638981577159 0.2699488604864424
2.0325530945985912 -0.87999402227166 -0.17479548803955858
1.7792808736845074 -0.6572755518684303 0.28770460732787306
0.9091893969800441 0.03805057421085678 0.7052592242559736
0.25746833348320924 -0.8311820868313617 -0.37340054861695116
-0.5728258526185868 -0.1862209894308151 0.5706597770056074
-1.5228988384362876 -0.9744601605171255 -0.03287873617798631
2.2292932599593263 -0.8786513081712357 -0.1606381928125078
1.8671084171452126 -0.569278980301803 0.28701748498290236
0.9091922473803987 0.19980312047820803 0.695506235440666
0.4850871520721659 -0.8407497538175832 -0.35542521826416795
0.5015050806562348 -0.8344925017059168 0.15649428017943556
-0.45499862533229707 -0.11039651525366878 0.5723909343084639
-1.2001721919908936 -1.0552084217894446 -0.5347178970971758
-1.2143460240906538 -1.0269138666647706 -0.008543351809089827
-1.5830273180787473 -0.7618244912063759 0.48332109101622756
1.9082966933942203 -0.44463216100665903 0.28089656480162795
0.9334547124048634 0.34329985842168753 0.6880351508459395
0.704293640429848 -0.8457082475310003 -0.33848605505616014
0.7328590378739247 -0.8486014883602166 0.17231144555419142
0.4551348392110902 -0.6238975165936225 0.6512783969244307
-1.0805343367862568 -0.9788311863769366 -0.5309904610315019
-1.004649306969282 -1.0130412585344928 0.004656454404289079
-1.3600028958355495 -0.7553406592356922 0.49538697846739943
1.981207811653337 -0.34478241759812533 0.27839507706969435
0.9031934227213371 -0.8370486871441329 -0.32417235724121873
0.9198990934786472 -0.8312554398009553 0.1830955947241133
-0.3864626157413955 0.1650796430635353 0.559489389737541
-0.7855885368136377 -1.0255989213058214 -0.5042503868737871
-0.7870785828014684 -1.0060902851852305 0.018805166562492204
-1.0271145233146277 -0.8273731089353902 0.5181657279333418
2.0155808126373365 -0.20613346874583272 0.2708012069067305
1.0894776792169565 -0.8045888670078867 -0.3126939331689531
1.1023210061287436 -0.7959874746028035 0.19230856545775588
0.874139827437269 -0.605521659584241 0.6722299064001387
-0.6826316072234913 -0.9313630672823479 -0.5032824074426347
-0.5416964051772424 -1.0123468725647768 0.03566136010497267
-0.797204405694267 -0.8214069861496114 0.5305670703253096
2.0622062639990313 -0.08475565542978813 0.26511778481810744
1.2919934656221632 -0.809140301875523 -0.29718480459839647
1.2891164771811896 -0.7887109747537338 0.20368613847106154
0.9505239294939124 -0.5131728491011387 0.6706398928961104
-0.8830416467245251 -0.6297991506675729 -0.5418427979150469
-0.3045651625298531 -1.0224455900248017 0.05218042977660353
-0.6810951262146877 -0.7440934594737882 0.5323869193395918
2.1016115845839054 0.042839738631215596 0.2585207427343672
1.5453287298851595 -0.8461027678565358 -0.2754033600488359
1.4675546102933734 -0.7684344716123306 0.21359481461852248
1.0231270520858824 -0.41002688456920566 0.6681629622778242
-0.8795870384528622 -0.4712583953175269 -0.5536473786035234
-0.22974518546056918 -0.9179771725267898 0.050062795957023454
-0.6174773983149882 -0.6295783204139695 0.5290512049993819
2.1377202111192823 0.1735816649987072 0.25146355279296095
1.6089429719111314 -0.7390024724656783 -0.27904067389160936
1.6418446758958143 -0.7461067897782456 0.2230571711859053
1.0960990204756955 -0.3071283511958427 0.6656850779852217
-0.7866927270764172 -0.37643191198692705 -0.5536664520898515
0.11185903340749997 -1.0060408786455426 0.07875027306883986
-0.64637391964731 -0.4481390065953761 0.5165766681036299
2.1590319064267347 0.3170052357813873 0.24258055337279494
1.9322940173664835 -0.8331410694164418 -0.2476762329736406
1.823810438786658 -0.7308263230934671 0.23345484383910353
1.1773112553850313 -0.21058420882653905 0.663988491376335
-0.6090398357506084 -0.34334950918649554 -0.5424178635278398
0.32362902468814014 -1.002553374273127 0.09252895959227736
-0.642123326153839 -0.28969370307933673 0.5072664225897139
2.2193362527813365 0.4287744779177771 0.23823728211730177
2.0704662633282784 -0.7854475714007592 -0.24121651999146287
1.9623899739613675 -0.68283289782552 0.23879398949950392
-1.480931031908705 -0.8108372824982055 -0.10764680258423631
0.2865800571712254 -0.8366975377285684 -0.43507562033325975
0.5230178764323412 -0.9914580047833894 0.10492386468260939
0.1589194509835718 -0.7142771685378051 0.5767079795202559
2.2456914110736594 0.5691180568776772 0.22979392655699904
2.32587147316848 -0.8306663751831351 -0.2188209091821367
2.0501082679502933 -0.5955102311822742 0.23814239152281935
-1.1929434765460436 -0.8501577370915641 -0.08517155996949022
-1.4304636956966683 -0.6741032016798911 0.4200645888647383
0.6741794444646663 -0.9643724334840442 -0.3952854668298418
0.7301272839599146 -0.9873978073178762 0.11827101357787306
0.2548335013075132 -0.626203432615398 0.5765873397192305
2.1263931063755592 -0.4992528223514725 0.2361060584387129
-0.7811241770511755 -0.9970241151730903 -0.5717471634545976
-0.9504437494434395 -0.859780584147515 -0.06788525931031053
-1.1790333650769513 -0.6887855090718347 0.4352926219305342
0.8649556881091124 -0.9492791336480337 -0.3817809616723711
0.9409074762950326 -0.9874890895914277 0.13210405953734572
0.35100672342942996 -0.5385347083548808 0.576468845685417
2.19912379697726 -0.4001622697971783 0.23360719331114943
1.022590926234055 0.5584794573591196 0.6085249389013594
-0.7021270466802833 -0.8937845094337931 -0.5733421837487871
-0.7165119132327044 -0.8650845084967926 -0.05152593008667772
-0.9402868232365912 -0.6963239906031475 0.4493285621008223
1.0714043737573524 -0.9471579520134412 -0.3661116158166582
1.1274199872112076 -0.9708937239862507 0.1431466544470137
0.8104602922180938 -0.7231554285213306 0.6126300299963301
2.2605700170642433 -0.29193883411765853 0.22971953996031935
-0.6227834732260311 -0.7908306266918501 -0.5749376808801347
-0.4829983211733065 -0.8717613212868685 -0.03514562002808397
-0.7385078433605722 -0.6792449545570349 0.4597379172643965
1.2616268571540208 -0.934249228899894 -0.3525751625695879
1.3216493319544944 -0.9613314478742083 0.1551414931616133
0.8902711578661425 -0.625557411005154 0.6109458411535567
2.303090788806354 -0.16821742907927728 0.2235156501135176
-0.5632898141401039 -0.6736990939606144 -0.5792568718591387
-0.22967987092792203 -0.8943069538328459 -0.01636824957520311
-0.6544109065781611 -0.5790562651378437 0.45839943536132033
1.5070379916707348 -0.9644809611004774 -0.3314879929223711
1.4957698731056448 -0.9378044085815986 0.16480841286986525
0.9704105480081663 -0.5282526844418243 0.6092614138922041
2.3538647653603713 -0.050818556863880815 0.21823229440062697
-0.4993178450265554 -0.5596304311198068 -0.5830338989892656
-0.06968847725046845 -0.8513112069219915 -0.008502820650642562
-0.5861411061598489 -0.4675135526315941 0.4554370845159834
1.5662639597219399 -0.854270429598202 -0.3356860672631914
1.6855217727878826 -0.9273281536990865 0.1763655150732344
0.9677641588801752 -0.3676275774769522 0.5991863215765303
-0.43491891426488827 -0.4457420181605656 -0.5868147408166582
0.18682338754605105 -0.8794536882847694 0.010792394956046891
-0.5859454768701099 -0.30631262768064005 0.4455663169225996
1.9055653919594984 -0.9595270510099922 -0.3016341721215898
1.8395147221229213 -0.890568691062505 0.18371405251830275
0.6974870009327091 0.00020351578569233197 0.5619129145941084
-0.358061837094801 -0.34084364673939405 -0.5889609848657305
0.3745330994589393 -0.8591062614259286 0.022019049008781266
-0.589015365685166 -0.14190246431579823 0.4352771247228926
-1.5774112273378624 -0.9532173506874884 -0.17140851370484178
2.059168491076337 -0.9237106525552221 -0.29288039557129686
2.0248767670924246 -0.8790358887741831 0.194830080350334
-0.29683881491373476 -0.22441387458280104 -0.5932916199365312
0.5940567706665588 -0.8634524578474867 0.037071844418937516
0.36262678509016666 -0.6820125403157249 0.5217989886602705
-1.2605942001758867 -1.010985169022085 -0.1451223885217363
-1.4384057537301884 -0.869744735815992 0.3648735488256758
2.27927459294311 -0.9407238571793357 -0.2749465500512773
2.1590012267660774 -0.8286787549090704 0.19985308297484572
-0.23117395800968116 -0.11110866816922993 -0.5970796143212969
0.8091932113086958 -0.8660945567855762 0.05166735299437697
0.48257856744602146 -0.6125806859125689 0.524173399289543
-1.108071166710896 -0.9571250098067168 -0.13811002127320116
-1.1789590212034033 -0.8893053578281922 0.3812936747869795
2.2383840415319542 -0.7358828533269204 0.19830121644347365
0.7539550323481726 -0.6860714855745442 -0.4746631180444414
0.9881063240393352 -0.8431104528470215 0.06199040063231642
0.41127336157342353 -0.4002362683730638 0.5069984401068037
-0.8903034083698983 -0.9497310526865519 -0.1233614479699785
-0.9608349825611509 -0.8818214273435174 0.3936044181188887
2.318077338159432 -0.6433740571258824 0.19674863465636427
1.0715920037828135 0.35603825356245977 0.5594545806249922
1.1196321822068795 -0.8037772983837925 -0.43684611670166795
1.1827189427223228 -0.8331077454675011 0.07423605569213088
-0.5671135351410233 -1.0181393347796188 -0.09602961889893358
-0.763398159157315 -0.8612317964695606 0.40386500008910353
1.0538530602369662 0.5334983579023955 0.5473078692755049
1.3456139681681574 -0.8185399410413794 -0.4181297814050371
1.3968586545893067 -0.839264152520542 0.08888544686644728
1.1129069644134217 -0.6128800869207893 0.5590721572241133
-0.3110427497406979 -1.0521029514323175 -0.6014841591516191
-0.3056359365773857 -1.0453186430880592 -0.07591710440308397
-0.562136904662913 -0.8446430745934279 0.4145556891760176
1.5553480353752036 -0.8225342811716558 -0.40158210150391405
1.5710897546184226 -0.816381526409188 0.0987760032018965
-0.24842564634710673 -0.9389691274473009 -0.6052635704675371
-0.18232737154331652 -0.9756068141550926 -0.07222781531006639
-0.5150673278971111 -0.7189549934733463 0.4095198119482344
1.7017324060104917 -0.7791893657582989 -0.3937748467126543
1.7648405039190318 -0.80965384966823 0.11107077248900588
0.3622547390414732 0.2831412639289823 0.46136417039244826
-0.19748179969876398 -0.8172942024255718 -0.6107085739770586
0.05414127000223301 -0.9879640954012245 -0.05497918478638475
-0.608929126234605 -0.4912977149974864 0.38996829636901076
1.9383603937202154 -0.806692249229215 -0.3733590637841875
1.95043178650532 -0.7979052538497626 0.12242569573729689
0.42980604137149436 0.3944584800193738 0.4579953158697432
-0.14203048758768766 -0.6986300399067389 -0.6156033074060137
0.24586411972198408 -0.9695473884508559 -0.04303632132202928
-0.6370715603858106 -0.3095902617976094 0.37702955849974806
2.131388530268952 -0.801904146512598 -0.35894999853760545
2.1357636113851868 -0.7871863643281216 0.1337954009374922
0.4899268331751312 0.5117395636147251 0.4538053477606123
-0.0660550556997789 -0.5947553477418239 -0.6177276169458086
0.4815273958435511 -0.9845231999186836 -0.02574668280274217
0.13174535940902998 -0.7102075248699009 0.4462763274511641
2.3202056272036353 -0.7951215096819197 -0.3450716530481035
2.2934644211357806 -0.755932350649573 0.14182819970458205
0.5466004925196271 0.6319542127753834 0.44920267709105666
0.006277184655538337 -0.48820490629226754 -0.6204079186120683
0.6966972472045964 -0.9861185863819557 -0.010859349886482406
0.22768977044282912 -0.6220393487019962 0.44624175675719435
0.09895168234737989 -0.3966921009907409 -0.6203115975061113
0.8955101489174501 -0.9770937243776459 0.00210537560790236
0.3198855519832976 -0.5312947728150021 0.4457928145727461
1.2217419383476704 0.4237882471416228 0.49902262338011916
0.12821255417437305 -0.25796652463664316 -0.6291078125634844
1.117947112857606 -0.987065747275274 0.01800026543944533
1.1657621610065245 0.6323666812719964 0.4825512374243086
0.79724767686607 -0.6003038258101938 -0.5483792816796953
1.2922616408403136 -0.9624059032976149 0.02808632500975783
1.2269802360450695 0.7474093056663094 0.47837557442992384
1.4278819786166164 -0.9200034503347894 -0.4725726639428789
1.498107311841789 -0.9627564740766914 0.0420738662084883
1.2727355016842568 -0.7735497937042055 0.5152760947546309
1.582048692443219 -0.8819219745037543 -0.46348939291626756
1.5810315524040437 -0.8706205968939642 0.04100193627684767
0.29955892695245145 0.12752709305330256 0.40274037965148146
1.8306550676675677 -0.9173664670134585 -0.44102702490479295
1.8929773067207267 -0.9548412694800561 0.06815781243651564
0.3428369500190491 0.2572661080276575 0.39684691079466994
2.043316323088317 -0.9268849355262674 -0.42355571142823045
2.0624039429546714 -0.9312116116802329 0.07781614907591994
0.6701139071537938 0.16705548366159917 0.42100491174071486
2.2242360709842575 -0.9131734680880257 -0.41052518240601366
2.2316579496616886 -0.9085018979562918 0.08748783715575392
0.6430587850679556 0.35097348667839157 0.4076007808050459
1.2590282978528342 0.0299491785088577 0.46273841508238966
1.3726298881823173 0.10111609674356004 0.464408298810417
1.272238731930274 0.3427484580721156 0.4430593455633467
1.1848377860553376 0.5759923165697032 0.42294015534728224
2.019758540408313 -0.050108582047108996 -0.04445491186768358
1.8792445170394778 0.18032430840487734 -0.01666150442749803
1.7417124351428188 0.386492330128668 0.008236547788078141
1.6086653694123259 0.5336579262916104 0.026185652097160173
1.4776110714719155 0.6614744246585147 0.04181971200316603
1.3492075072005347 0.7500728250115429 0.05282082208007033
1.2216401890533901 0.8341704177328282 0.06324305184691603
2.2567712744373383 0.2836979869126779 -0.13491473547608201
1.096325807604071 0.874060794570859 0.06845440514891799
2.113471144210156 0.5477702455059372 -0.10211549154908006
0.9714707086208779 0.9094247449006687 0.07308640130370314
1.9775260382677056 0.7232130625029569 -0.08005032889038866
0.846731335924512 0.9501995470318718 0.0782977546057051
1.8436952922441345 0.8843018728810179 -0.059774259249275374
0.7230740575840051 0.9616195264847818 0.08003487237303908
1.7199240735697146 0.8823116319562274 -0.059177735964363265
0.5995096517076561 0.9734762600263025 0.08177151330321486
1.5908592903880914 0.9848634473693423 -0.04605851523072069
0.477383555803239 0.916247385525061 0.07540239938109572
1.4681829608821357 0.9688755613930127 -0.0472510849633867
0.35376590957530596 0.928962775240727 0.0771395171484297
0.36142938938302127 0.045413331779414534 0.5237113440832442
1.3449763309698328 0.9632353798356164 -0.0472510849633867
0.2301847473211615 0.9470766635252446 0.07945551522582228
0.2322247652608927 0.27245454155804083 0.5469142402014082
2.3319465249591396 0.6303857500800163 -0.2836564575830156
1.2213525836764072 0.9679460395935564 -0.04605851523072069
0.10699800306130092 0.9358295269824737 0.0782977546057051
0.10556212456337172 0.39050940494887953 0.5590201819738692
2.1951455882977906 0.8048754809465777 -0.2606299912133867
1.0981471603725632 0.9631692374658627 -0.04605851523072069
-0.01633594639424088 0.939906912561483 0.07887711175292189
-0.020192886609330274 0.49409568935692505 0.5696128810247725
2.062457177121399 0.9353265976805929 -0.2432044541040117
0.9747603711808582 0.9637789176483693 -0.04546199194580858
-0.1396810021760823 0.9642791781078373 0.08177151330321486
-0.14516430389784502 0.5632971358090515 0.5766748393377608
1.9340170293185883 1.0117920122878559 -0.23262486807495897
0.8522851485938366 0.9350539271824587 -0.04844365469605272
-0.2628966169157969 0.9592832677777494 0.08119263299315627
-0.26972899187735655 0.5881641492518881 0.5791968310674971
1.8069884822281272 1.0738685147534497 -0.22391209952027147
0.728704064844223 0.9414864185688216 -0.0472510849633867
-0.38612602957960884 0.9596885766734431 0.08119263299315627
-0.394146377390447 0.6084886968196344 0.5812145675024336
1.6838832552591039 1.0720011948946464 -0.2232898270288164
0.6041543700569462 0.9930222387050094 -0.04069123617798631
-0.5093497611322098 0.9605198018074077 0.08119263299315627
-0.5185521331583562 0.6143260038910157 0.5817190612158125
1.5635299839843904 1.016055853017157 -0.22951302878052537
0.4812349224102328 0.980469234466689 -0.04188380591065233
0.49076289231534564 0.16845812077308153 0.47236384995787795
-0.632571028402458 0.9617816753906965 0.08119263299315627
-0.6431017750642763 0.6056741388443712 0.5807098353704756
1.440256251107495 1.0150403304798346 -0.2288907562890703
0.3584728458623577 0.9534588715140444 -0.04486546866089647
0.35642658623240886 0.6933739185247916 0.5267523730596846
-0.7558625240049976 0.9585123468110339 0.08061375268309767
-0.7678756007397746 0.5875062690701256 0.5786923373541182
1.3172148674973965 1.0094963347251351 -0.2288907562890703
0.2352217714076606 0.9516907509782229 -0.04486546866089647
0.2334325014002372 0.5971226913550538 0.5170034373602217
-0.879185877121774 0.9556664798096293 0.08003487237303908
-0.8936442275661662 0.5250198932333987 0.5721351111730879
1.191392619984851 1.073788163329219 -0.2201779877343828
2.232922161797785 0.8725689857996599 -0.5669401680627519
0.1120574209067991 0.9404242424853635 -0.04605851523072069
0.10814536872069186 0.6853164564626155 0.5262390578588789
-1.0023080680646337 0.9631881399049078 0.08061375268309767
-1.0203029128736558 0.44308594300396464 0.5635601485571211
1.069458400749685 1.0443215981127736 -0.2232898270288164
2.104518347918335 0.9384362443542358 -0.5569561516442949
-0.011348790158852234 0.9593766259586545 -0.04367289892823045
-0.016118425289630228 0.6993454065391518 0.5277782882055586
-1.1257769121621997 0.9562373149972387 0.07945551522582228
-1.1488522210494976 0.3118679154772579 0.5499407256445235
0.9463569176490169 1.045030663015872 -0.2226675545373613
1.9818187798846671 0.9206843799559721 -0.5582870041528398
-0.13455584431291784 0.9489736298939633 -0.04486546866089647
-0.1402442991304709 0.6939175376866942 0.5272654498419111
-1.2790643188706774 0.1562558393207496 0.5337993110021895
0.8235679574037315 1.0362518408383892 -0.2232898270288164
1.8535254725782284 0.9973510903082641 -0.5469716583886797
-0.2578268542459783 0.9439608201847562 -0.04546199194580858
-0.2644052473143996 0.6889178626235406 0.5267523730596846
-1.409383063645897 0.03094534444730357 0.5206848586401289
0.7006050131616008 1.032862212672562 -0.2232898270288164
1.7312335233959217 0.9755220045663435 -0.5489686524072344
-0.3811068678705955 0.9443455697665755 -0.04546199194580858
-0.3885779729128358 0.6893300055060294 0.5267523730596846
0.5777379551902383 1.0249412934558748 -0.22391209952027147
0.5879164302849398 0.2863900883667583 0.4209059680303877
1.6077969272330161 0.9739114472897441 -0.5483029877343828
-0.5044269530930792 0.9401988601440152 -0.04605851523072069
-0.5127440071452642 0.6901733639867231 0.5267523730596846
0.454548742168415 1.03232744774391 -0.2226675545373613
0.45548474622694124 0.6517448354471469 0.45951761849730666
1.4843728269234413 0.9727337450365141 -0.5476373230615312
-0.6276605745490522 0.9464085916818377 -0.04546199194580858
-0.6370305065441488 0.6814974209785234 0.5257259810766524
0.3314961088501681 1.0351869101936657 -0.22204480520874803
0.32929844333260194 0.7739404401901666 0.47256197579711134
1.3611815189865744 0.9670370960094843 -0.5476373230615312
-0.7511596653163596 0.933191723713449 -0.0472510849633867
-0.7612249857751519 0.6832070656103326 0.5257259810766524
0.2085888735294481 1.028553275090843 -0.2226675545373613
0.20536306825688577 0.7772469025641513 0.47308339722960646
1.2367549947828969 0.9914837227489954 -0.5436433350244219
-0.8856967213543283 0.6704337416068213 0.5241867507299727
0.08543446132622984 1.04715559898969 -0.2201779877343828
0.08129672208599031 0.8008820794856177 0.47569241174071486
1.1132608254332648 0.9965499978158974 -0.5423124825158769
-1.0103772307929058 0.6531226756506427 0.5221342051824873
-0.037437324568701774 1.0364154637319771 -0.22142300955445116
-0.04246208733611875 0.7951110099113734 0.47517075188964064
0.9901552044232026 0.9921454712458058 -0.5423124825158769
-1.1363530984718824 0.5915009734062977 0.515464207013542
-0.16041717467013317 1.050913600182021 -0.21955619208008592
-0.1662736527529275 0.804691765537946 0.4762143100103682
0.8671850288189425 0.9832227070047352 -0.5429781471887285
-1.2637961475446207 0.49552809401148323 0.5052024329504317
-0.29015927506129446 0.7550284769347115 0.4709962809881514
0.7443032955729512 0.9697728167749631 -0.5443094765344316
0.7674284247259693 0.11339916557380292 0.33854474671691115
-1.396358357912054 0.2657943121411037 0.4810868705114668
-0.4141828893751017 0.7406086370172886 0.4694310630163496
0.6209926579089907 0.9716173987314249 -0.5436433350244219
0.6351690392339459 0.3686733317068587 0.3661281073889082
-1.528177798645066 0.10116743967762432 0.4636413062414473
-0.538127955046764 0.7465146400809957 0.46995296128600295
0.49800058767140953 0.9590219465476224 -0.5449751412072832
0.5022109432593208 0.7486958351620956 0.4069732631048506
-0.6622232784926635 0.7379340586851626 0.4689096415838545
0.3749331927638432 0.9468596153841133 -0.5463059937158281
0.3774246581175861 0.7961385723635956 0.41227759965270216
-0.785896438241529 0.7596201510490985 0.4709962809881514
0.2516561797028886 0.945034655249728 -0.5463059937158281
0.25498238190579725 0.6899117392235325 0.40113820679991896
-0.9098157663285995 0.7618512506405466 0.4709962809881514
0.12846993161494585 0.9337325045980336 -0.5476373230615312
0.13085819026694884 0.6835348149706135 0.4006074870428389
-1.0337289081770642 0.764510916150229 0.4709962809881514
0.006730517422375681 0.6726167100497875 0.39954652436583693
-1.1577619931068135 0.7626378730702541 0.47047485955565627
-0.11774338434635624 0.766545561680708 0.4096251929601973
-1.2825741150027836 0.7363396040820618 0.46734394677489455
-0.24164706548754356 0.7614693822055401 0.4090947116216963
-1.4087524113908505 0.6756942430731172 0.4605609381994551
0.6682806430984009 0.25189453462922273 0.2900570834478682
-1.5307416966668463 0.739731793575217 0.46682252534239943
0.5329232703852268 0.7112374872507274 0.34019603379576857
-1.6739583667623283 0.27254434191415555 0.4172536338171309
0.40804843865957885 0.7535992002629541 0.3450485671362227
0.28409849510811624 0.7516581338047033 0.3450485671362227
0.16164624735000377 0.6060051051202251 0.3294135535559004
-0.9859635760443368 0.7301736695455219 0.4048513377508467
0.038180785390191235 0.4607772676608164 0.31377877839415724
-1.1101130876945935 0.7281292304135079 0.4043208564123457
-0.08673509083661901 0.44522044141893957 0.31216158517211134
-1.2339964535125176 0.7364618978877857 0.4048513377508467
-0.21174649170901058 0.6786361294483996 0.3375002349218672
0.9106839312563405 0.31027220041392667 0.23218955643981154
-1.3586382880273042 0.7203764022819215 0.4027294123968428
-0.335545728197694 0.7931945704455288 0.34990038522093947
0.7715609924171561 0.7984119874291125 0.28642215379088576
-1.4837620874372854 0.694791092891613 0.39954652436583693
0.6472850531508638 0.8150780168208271 0.2886134589514082
-1.6122041777049265 0.5901638791304791 0.38787688859313185
-0.5977040107529732 -0.5868790833945354 0.20002236016600783
0.5304461423222188 0.47939328474524956 0.2519105876287764
-0.7272322253454069 -0.6499146371300242 0.1930138076147383
0.42385585270122417 -0.5863723320009058 0.134679933865959
-0.8555499045204052 -0.6180576090229977 0.1962484324774092
0.2817170234384155 0.3955897089058311 0.24314560540526564
-0.9967258969424571 -0.5954279448745581 0.19840516694396193
1.1668598814577429 -0.5191232315323902 0.0748802626928633
0.14925931191239378 0.4934227053406275 0.25410141595214064
-1.0789166829491676 0.7787711107371322 0.3472045863470381
1.0304609393891506 -0.10137684492228516 0.12218060143798049
0.035445318147204585 -0.218246560078029 0.17576517709105666
-1.2033240969084553 0.7621507691510061 0.3450485671362227
0.8898146175892906 0.34151546234973296 0.1722637618383711
-0.0953461695875474 0.8397027332996814 0.29244818337767775
-1.327702913912372 0.7509235647523127 0.34343065865843947
0.7528136313998676 0.7650704021759367 0.22012104638426955
-0.21906303854277215 0.5214508205906725 0.2573884929022139
-1.4525183321891153 0.7302112393742206 0.3407353366216963
0.6303147013639155 0.702313558627786 0.21344318040221388
-0.3482559580896471 -0.6710672113773484 0.12591519006102736
-1.577301493575722 0.7148968454160993 0.3385788405737227
1.7016258272157305 -0.1886647564969408 0.03825535424559767
-0.47642245993945886 -0.5659928392811793 0.13741936333983595
0.40411974577002596 -0.6242306554532462 0.0654202903112715
1.5685431163763814 -0.07602575931216649 0.0518399680456465
-0.6051308062780091 -0.5797433923519506 0.13577570565550978
0.2754283011916924 -0.631115371646537 0.06486334451049025
1.4414647077303315 -0.0770491449552182 0.05240549691527541
-0.7331639261930818 -0.5383777503638214 0.1401583159765547
0.13660042243657322 0.4009048232361465 0.18061127312987502
1.3144013205746008 -0.07762642717506907 0.052971502622062516
-0.8541464828831548 -0.113952518330251 0.18672194131224806
0.010772885849546693 0.5042619148047933 0.192297121365959
1.1710925050369783 0.3441983167907168 0.10164894708007033
-0.9624895494260314 0.7679921708196815 0.2836829627355879
-0.11439661150419947 0.6329075676008458 0.20676555283873732
1.0321432723938972 0.7268526453591164 0.14579834588378127
-1.0855240393184822 0.8056177226548868 0.28751768716185744
-0.2387717135067675 0.6228521867397703 0.20565237649291213
0.903709236703096 0.8617663670603264 0.16164698251097853
-1.2098401588841563 0.789022539595237 0.285326382001335
-0.3632142531609138 0.6132352882804142 0.20453967698424513
0.779857220604576 0.8680308301329163 0.16277899392455275
-1.3341277435159462 0.7778273704866194 0.2836829627355879
-0.496681482722294 -0.5536731111205384 0.0737673247656172
0.6516727978709984 1.0535162880416422 0.1842876876196211
-0.6246298416512368 -0.5027593932928127 0.07933201440184767
-0.6276904357347761 -0.20822331785799264 0.6266623938879317
0.5616203798697469 -0.5088402196825683 0.006558080991203141
-0.7338724230419325 0.7956673342182015 0.22457279809325392
0.4268061449714138 -0.143739731745832 0.04844345696776564
-0.8576678722073745 0.7977128053025524 0.22457279809325392
0.2957381210221174 0.1374023266271962 0.08070625909178908
-0.9816728033818537 0.7902545718258338 0.22345962174742873
0.16521943768108122 0.5531380213345756 0.12825216897338088
0.17232323221470308 -0.11766595429093485 0.5715030635198897
-1.1039801680088 0.8527820617882895 0.2301377261480635
0.038595692825595246 0.8302392649785162 0.1599489653906172
0.04469766359877436 -0.0292213607526719 0.5804261172613447
-1.2278595436808528 0.8461840970444428 0.2290247882208174
-0.0852994301185167 0.8892058523961879 0.16674103387206252
-0.08223132756962415 0.039765633109944076 0.5873662436804121
-1.3537134707284375 0.7804270493175451 0.22123422273009474
-0.20876722327923872 0.8691167049371273 0.16447701104491408
-0.20867711017294033 0.10919872077343484 0.5943066085180586
-0.3322915314523456 0.8742985646232526 0.1650430167517012
-0.33475404926158253 0.14424640399898436 0.5977765525183028
-0.4557832186086678 0.8799108157172526 0.1656090224584883
-0.460690782627425 0.164804303180226 0.5997597182592695
-0.5792858308832176 0.8809860512055039 0.1656090224584883
-0.5871029508115213 0.12610131248542444 0.595793625195915
-0.70271492568594 0.8874595902426563 0.1661750281652754
-0.7137857047483044 0.0878370881002084 0.5918277705511397
-0.8261888242975716 0.889398453246578 0.1661750281652754
-0.840828140259619 0.04505016049674282 0.5873662436804121
-0.9493460301352631 0.9066681383646724 0.16787304528563674
-0.9671371264119687 0.05244891248266015 0.5878616774877852
-1.0729947072080668 0.8995374101716536 0.16674103387206252
-1.0936476455334545 0.05034244452532022 0.5873662436804121
-1.1960088820598478 0.9176654055345281 0.16843905099242384
