-1.8664951774472769 0.691626039116322 0.3858189352036332
-1.9637934299896642 0.5658092217031054 0.11313293056496132
-2.0115473210564545 0.49020098679418567 -0.16031458301536095
-2.07535068064324 0.6636734963785855 -0.42911198062888634
-2.0801044084221587 0.11421613488068516 -0.43762781543723595
-2.0865732373420514 0.6120144474150706 -0.7033581964491988
-2.1312847947088898 0.06660501953990661 -0.7103080980300094
-2.1183013752987705 -0.48493743424467795 -0.7197108499526168
0.039971560950647245 0.5297683508975481 0.2075214155197953
-1.0131505010925963 0.5754963478022432 0.26606223659523476
-1.9546097591774014 0.580980965447651 0.3175077207566117
1.0415289045654106 0.6525709476206032 -0.030822776985087508
0.1553963689514859 0.6401327609261003 0.018789745140156633
-0.7828169720423261 0.6356605940425766 0.07144639568336952
-2.005409321776085 -0.8227140892625968 0.10462281780251015
1.5454205626777622 0.7658775584986373 -0.2437577478408004
0.6379485259386968 0.7382726997198148 -0.1917863122939254
-0.2454704842215989 0.7068703904693621 -0.14137985630027305
-1.192263754449229 0.7083352799305729 -0.08659031314841759
-1.9772120670341309 0.6473446866485943 -0.04275896472922813
-2.060270537411512 0.28913314045326644 -0.04682924671165001
-2.1573052858611845 -0.45914075932946474 -0.05997850818625938
-2.0848364296248576 -0.8881528154275671 -0.07500650806418907
0.42882229439793207 0.8637887681149223 -0.36197330875388634
-0.48180977374640577 0.8443702053648181 -0.30823376102439415
-1.4005795644512347 0.8346931631742223 -0.25385095996848595
-1.9831713953260959 0.6880537792223862 -0.2229590646742965
-2.0394594500258734 -0.4724186573462319 -0.24934627933494102
0.4285931345645366 0.5826502808326808 -0.5544724695204879
-0.4821532626627629 0.5650826238120743 -0.4992785684584762
-1.4239536530591153 0.5670315973106099 -0.4417720071791793
-2.061975685860318 0.44513879051112326 -0.4060778848647262
-2.157759816527644 -0.6992596925766463 -0.43053533954612266
-0.9750497887339122 0.49404845864205527 -0.6544256441115524
-2.0353976399285187 0.5506816046848257 -0.586584114265361
-2.098015544396006 -0.6077084758314086 -0.6140599481581832
-0.44680816558266656 0.1691494175386623 0.5942744977951859
-1.900117571321502 -0.0019482249629660942 0.6649465330124711
-1.9931790433030727 -0.337605519684665 -0.7955808870314742
-1.9352477342202121 -0.38276516310132536 0.6582693822861527
0.15992115305019183 0.7111743604334748 0.3899850614548539
-0.7968489964024741 0.7139441247494318 0.44077537136085976
-1.752398307086338 0.7228979007226073 0.4915652044297074
-1.7938568945791786 0.34626507441587506 0.48525283412941445
-1.80012890498719 -0.0464379800072976 0.4766440160752152
-1.7851132503713956 -0.449610885212536 0.466600871849141
