-2.1499503216639226 -0.8940860083001709 0.04117249209304674
-2.065603029101709 -0.913631610962085 0.059439169949492054
-1.9857480450596086 -0.9369230516579563 0.07773159701248034
-0.4929738977917566 -0.655406132951839 -0.754955304080049
-0.43428919422584045 -0.6516042116995955 -0.7455306176481642
-0.38581357053685394 -0.6320684064369537 -0.7425894860563673
-0.3146027667332305 -0.648777481790777 -0.7250657204924025
-0.2837327238186873 -0.6015835836069954 -0.7334699754057326
-0.20025550323528307 -0.638964874162113 -0.707845700198213
0.41386928765774655 -0.7954219904657052 0.4027862425508104
-0.06009637965560444 -0.7695189450465598 -0.644944203311006
0.459198367940715 -0.7749879159788513 0.40379904467483385
0.0938644943919229 -0.925138780527007 -0.5723128442106642
0.47836278327856974 -0.708585329669738 0.39021824557205065
0.16818578404276252 -0.9520865324171872 -0.5515422944364943
0.4979036041138727 -0.6421679695713038 0.3766336317720018
0.23004050585669233 -0.9591129355260115 -0.5388765458403029
0.2844862355505313 -0.9542238932851426 -0.5310735825834669
0.33647514183471117 -0.9454876106003667 -0.524892819338838
0.3884373988951637 -0.9369657395825435 -0.5187134866056837
0.43798874271526245 -0.9245690784628593 -0.5141563538847365
0.4993690149463248 -0.932871971450929 -0.5014934663114943
0.5582630995420459 -0.9373389055058681 -0.4904523019133009
0.6123598159905583 -0.9338387248844633 -0.4826545838652052
0.6687190405579173 -0.934692572806302 -0.4732365731535353
0.7249930509799185 -0.9357902705153585 -0.4638195161161818
0.8474227175022406 -0.23451428327905433 0.3202218886079393
0.769699960117336 -0.9164287716253376 -0.4625120286283888
0.8547904871046228 -0.1384914436318958 0.2973022337617479
0.8327077195584849 -0.9304189176492237 -0.448230278903047
0.8561703696894796 -0.029476925188625103 0.27039240557571276
0.8819374540433671 -0.9197623530400278 -0.4436817292509474
0.8691137935096833 0.05816023160016215 0.2501172896089159
0.9356591936229393 -0.9176273105677986 -0.43588973324875013
0.917178402865872 0.07686713178287974 0.25108765322585924
0.982610792261454 -0.9032055072192655 -0.43296576779464857
0.9287954767023905 0.16883243146848415 0.2294754858674608
1.0451422697701105 -0.918217134982033 -0.4186849717436232
0.990007995998269 0.1613531435637121 0.23841093737502916
1.1074879492337288 -0.9335152206253667 -0.4044041756925978
1.0383837117710613 0.17961660534461643 0.23937557894607409
1.1499088299581075 -0.911346966728388 -0.4047284249601759
1.0847130649154622 0.20204556688119624 0.23900936800857409
1.1924031547691953 -0.8893298911088365 -0.40505458157638685
1.122768234449552 0.24170801865569658 0.23332546908279284
1.2328143466661317 -0.8632476710998844 -0.40700579922775404
1.1672379077042194 0.2681957982261629 0.2316264982881151
1.2969756972860296 -0.8836909142706695 -0.3911042336759962
1.2118136756066633 0.294538996821494 0.22992466647048815
1.3673222607945092 -0.9171015640240512 -0.3703336839018263
1.2565010153825256 0.32072980742758617 0.22822092730422838
1.4140415032236433 -0.9043013205787176 -0.367417347842256
1.2810323416969283 0.3905482064828085 0.21322153765579088
1.4628787870631896 -0.8959215111348406 -0.36288024228195326
1.326080719257277 0.41651001498556894 0.21151159960647448
1.5096120102644477 -0.8834865798374558 -0.35996676724533216
1.355273338331557 0.4774526819963185 0.19916342455764635
1.572965669490202 -0.9052560423948215 -0.34406567853073255
1.3947146654154068 0.5163681331849368 0.19345949847122057
1.6278503392256027 -0.9102781775174122 -0.3346595887480177
1.4205996759475141 0.5860038946058559 0.17844389635940416
1.6723938305764676 -0.8941907309119266 -0.3333730820951857
1.464439767324123 0.6159130183553359 0.17539309222122057
1.6986995101380984 -0.8397935642422389 -0.34670449536422865
1.7757295435535951 -0.8924810303345652 -0.31943608563522474
1.8182883620446475 -0.8726414725494074 -0.3197775010404982
1.8589314694146566 -0.8486565900876464 -0.3217449311552443
1.899675194206786 -0.8248084815868957 -0.3237152222929396
1.9405131272800062 -0.8010946537289527 -0.3256869439421095
1.979508596266669 -0.7732004223187516 -0.3292851571379103
2.016704552060169 -0.7411073036873113 -0.33451129239181654
2.0502322556314425 -0.7004646028485375 -0.3429899339018263
2.0801829224632016 -0.6512362843798556 -0.3547210816679396
2.116057042102092 -0.6150937790938009 -0.36158038418869154
2.1427847767260957 -0.5573063444297972 -0.37656928341964857
2.153184812475814 -0.460358385335752 -0.4061918381987013
2.18990353196709 -0.42439686868731386 -0.4130616311369337
2.206776374303196 -0.34049414000175915 -0.43781806271652357
2.2043020407316263 -0.20843778829981474 -0.48046447079757826
2.2134298557032537 -0.10249644465778118 -0.5133633736906447
2.074088296753608 0.3720111479139021 -0.6828646783171095
2.1228103195248664 0.3863935726660621 -0.6816372994718947
2.1698243716451486 0.404997169864572 -0.6820368890104689
2.220358058073387 0.4146253858013722 -0.6791854028044142
2.2691815829603996 0.4284778969901666 -0.6779613618193068
1.267143895931227 0.28916075647945405 0.24075602251907213
1.6726032393505221 0.638426940153181 -0.6429796342192091
1.2886176477204714 0.536022918279965 0.24696682650466784
1.8494150506846907 0.9240905951456284 -0.6217122201261915
0.9396757626288093 0.684870900081723 0.22504757601638659
0.19999345702031235 0.7345931560386987 0.173537242001494
-0.8106783908462205 0.7201449415773666 0.10156868655105455
1.7679718431520257 0.3418620483203121 0.16098498064895495
1.7944017994111405 0.5883616265382265 0.16771744448562487
1.546999265441002 0.7618508148524796 0.15313051897903307
0.7258708497036679 0.7872775099191962 0.09403465945144518
-0.20693530115171654 0.7897014001702907 0.026336657589872914
-0.13964052384345393 -0.3606369355907866 -0.11072446148971693
-0.16384825484473708 -0.12028304569188464 -0.10766316693405287
1.8646714253250636 0.667994738284829 0.05844019610305651
1.6512690381978246 0.8502955566654649 0.04619263369460924
0.6614817155368229 0.8322024172169975 -0.027673256808320446
-0.33403411878170175 0.8195778086202807 -0.10192204754928724
-1.4077592441492044 0.7942040197702305 -0.18229485791305677
-0.008608876709971014 -0.33588264923720956 -0.20814372342208998
-0.13104843991598614 -0.36952288459221094 0.727527606076201
2.0793673057958912 0.47638460787420556 -0.03356553357223646
-0.09265412703838649 -0.11222022211352822 0.7342853422822557
1.9280802680573288 0.6741161239529916 -0.04098559659103529
-0.10146098131910719 0.13172041488029862 0.7378253813447557
1.309832980335372 0.7494787988590659 -0.0862903718290724
-0.3168423655768464 0.3208272211451799 0.727527606076201
0.39704745977526557 0.7524979552822764 -0.15541888516525404
-0.6130755522997902 0.7369552781860413 -0.23235894482711927
-1.5419164089819475 0.7489971810235048 -0.302659047061006
-0.37418121853302466 -0.5096446992632053 0.5899371977510057
-0.23517477042759083 -0.2238685347225342 -0.3548941735563673
0.15471823961172504 -0.11776967976386743 0.6305885191621385
2.0757277896209843 0.6432786038190557 -0.15763188641647474
0.1555030156936823 0.1279421118715227 0.6348852987947069
1.9394261120990564 0.8450695710941609 -0.1640339021025099
0.13309120372403527 0.3670512900064473 0.6375293608369432
1.49993661921323 0.9683344999993899 -0.19564439099411146
0.07292628051932581 0.5960229403497017 0.6375293608369432
0.46200610138015463 0.9405334829045451 -0.2768697861967482
-0.8851571794535431 0.594072728950966 0.5760564680757128
-0.5913860973868452 0.9161068670184882 -0.35929538052658216
-1.5393538605861892 0.925396238905698 -0.43291856091598646
-0.08140751840261373 -0.4277654831228688 -0.4671330575285353
2.139650660633258 0.4234766039862663 -0.27294207852462904
1.9641727866349186 0.6144485110284634 -0.28275347989181654
0.2768779016590486 0.5771495205874473 0.5317768927278124
1.2785877367373502 0.6712967164806827 -0.33590079587082045
0.31778892045730345 0.6610154906916108 -0.41235114377121107
-1.0685582009368204 0.5480131356365945 -0.5247774247465529
-1.7077489227657026 0.6342581467575066 -0.5738363389311232
-2.0667241903382205 0.7947903508856591 -0.5991830949125685
1.8920190194094033 0.6320034972396229 -0.4041190270719923
1.8713090391707468 0.8650139222250388 -0.40077878277877943
0.3980557746294693 0.6587168779313259 0.42285631853957995
1.3210481882458396 0.9598727291270421 -0.44336606305221693
0.43551280507678314 0.9116433758822673 0.42981432635207995
-1.328695174519197 0.5196302482775046 -0.6675739411650099
-1.1166272545916343 0.7603681756459189 0.3223094816865526
-1.0308716698603604 0.8441043949055711 -0.6366772774992384
2.0629210504512514 0.38095437487368145 -0.5116624955473341
1.9594935403521845 0.5915545309270449 -0.5154986504850783
1.4426241593901779 0.6929176702737756 -0.5559892777738966
0.6074643084405551 0.4837493117257061 0.3158283110322557
0.4677904331196743 0.6780392275304514 -0.6369700555143751
0.4801526088765087 0.6934294764515982 0.310835825985869
0.4038793193283965 0.9045993194053423 -0.6373968247709669
-1.1099485420985502 0.5271457108773241 0.19778822619338854
