2.1443613522410345 0.6144465616051287 -0.14708299255701318
2.033724669117433 0.5786217561367639 -0.7006532630953433
1.9978306033023472 0.6576293079502973 -0.14053268051477685
1.8888335014857773 0.6174165136442697 -0.6933571777376772
1.870639401057801 0.6394810884179067 -0.13980168915125146
1.765895864375139 0.585380950079716 -0.6938998184237124
1.7463224329929687 0.6122705024218389 -0.13997096634241357
1.62724543708444 0.6062029936780284 -0.6886975250277163
1.6148431670446968 0.6093635554348502 -0.13790387726160303
1.497288928814399 0.5989436661791396 -0.6866342506441714
1.4666245344619995 0.6642789299324141 -0.13046331024500146
1.3604688712141666 0.6160445251858242 -0.6819583854708315
1.3300109147629087 0.6815441934988353 -0.1266080818209292
1.6603708541500168 -0.4970839666306661 0.2952645339932798
1.228002946427722 0.6193407391507089 -0.6788546524080874
1.204606965398213 0.6610413098128145 -0.12634152984949365
1.5280985665764746 -0.5091456160000716 0.29603844070104346
2.2756144831569998 0.6407555983798545 -0.2114340744051577
1.1281693352997166 0.5082897815515137 -0.6883103332552554
1.0751241252757069 0.6553727705075634 -0.12473315811487451
1.1277630274416168 0.4293347316611982 0.371678642269647
2.1363224222414203 0.6596176498408886 -0.20701379394861474
0.9568357246870107 0.6513612156890369 -0.6700369796785952
0.9443835127729443 0.6549729708420173 -0.12267989731165185
0.8932425339174728 0.7986118362161454 0.40235977553991065
2.053206362341143 0.49825968481734506 -0.2199313125643374
2.3018600868488477 -0.3205736540242752 0.22755747222570166
0.8209349939292707 0.670556655874706 -0.6653682670626284
0.8111201305678435 0.6646619341680333 -0.11973113632532373
1.9026060819805934 0.594119311504886 -0.8245913467440249
1.9429072296804009 0.4227819576015559 -0.2246472320589663
2.1493941181027196 -0.2682463062046958 0.23381643676427588
0.6891998396620096 0.6758784922038545 -0.6622731170687319
0.679341717378378 0.670060483184959 -0.11723394012781396
1.768093866823989 0.600101385632926 -0.820798107150519
1.833651329470996 0.34288251695774186 -0.22982663727136865
1.95570050989366 -0.07688989963278114 0.25129776382116065
0.552842197139995 0.6752768742674711 -0.6597592315706851
0.541655937303986 0.6743373713856187 -0.11479396438928857
1.641874651542281 0.5571709059174106 -0.8224603614840151
1.7145416537432112 0.25012779477437697 -0.23603553390833154
1.7397786916033056 0.14994919594105216 0.27177601241735205
0.42745661098163623 0.683201793079319 -0.6566140136751772
0.4187930435179936 0.6727004527571712 -0.11314553833338037
1.5084666874246437 0.6058728864414933 -0.8142449340853335
1.5539548008427033 0.41039614359896515 -0.21868533706995263
1.5802452117472399 0.3055716409119098 0.28595381164220557
0.29867757724002786 0.6803817376981307 -0.6545741043123843
0.2899573332266385 0.6699294362175943 -0.11155433273645654
1.5611813727931292 -0.05187044943764452 -0.8856145820650698
1.3270550944091184 0.7124804211323381 -0.18737907028528467
1.3959313939383833 0.45954388966499327 0.30030851745275244
0.1699848034063649 0.6780367564818377 -0.6525375328096987
0.16120986968520867 0.6676440989256971 -0.10996646499964013
0.39800457019869384 -0.3190774181515623 0.8342259445157407
1.214102022150385 0.6489108221478164 -0.1911994895968081
1.2615022264369316 0.46756590698756106 0.3027108230557798
0.04260849129137512 0.6713368789803598 -0.6510283432039858
0.03499747116940455 0.656170579199121 -0.10928125000330224
0.05679274214047325 0.5256094112821375 0.39085464858678565
0.2573317344967023 -0.2878102834259524 0.8371174850430845
2.246060852834063 0.6479774321837048 -0.2743718109163882
2.3739327271976265 0.2293288180813251 0.2037423171964048
1.0859299153804471 0.6384027136190147 -0.18999690628381982
1.0404906783232235 0.7831057117802436 0.3299224891629575
-0.08590960816619031 0.6699388981126724 -0.6489984474215151
-0.08998064857510712 0.6403136507500999 -0.10904950714441553
0.16632898829395515 -0.4545707242913233 0.8272679367032407
2.1320770364321078 0.5861569753783726 -0.2777492485079409
2.2257963014687476 0.2716899545642084 0.20939569854406104
0.9577985002061382 0.6283754720628334 -0.18879766083093896
0.8954443843974218 0.8356621514987248 0.335820487972772
2.016323952344763 0.5294678179613248 -0.28066796875330224
2.0428367610079476 0.4289651317252847 0.22453813933995947
0.8283998687080043 0.6236105064657593 -0.18714398956629053
-0.3586579570957156 0.6874115231852826 -0.10139340973230615
1.9133636626206112 0.4303065265309707 -0.28777856445642724
1.8857943413995883 0.5060392480772151 0.2329628982510923
0.6964773063683225 0.6289427543828268 -0.1845786056551577
-0.4766382024923814 0.6927497940296741 -0.6402985534700991
-0.49144390266233984 0.7068851334565158 -0.09801740265222803
-0.3688775361095935 0.12427440123382993 0.8667247810330747
1.7237778720731853 0.6174711637332573 -0.26698464966150537
1.7466478619382713 0.5264986675774157 0.2366412200894712
0.5647074469780335 0.6347678161010455 -0.1820151290926577
0.5869259324298355 0.5345756839853202 0.31624107741979346
-0.6183145248282216 0.7026207867469063 -0.09689635849329248
-0.5931923836392059 0.5475716557980652 0.39849882506993994
-0.4955410381433438 0.10988035522890272 0.8665078201260923
1.6079382574231147 0.5621511715807435 -0.26991576767298
1.6063551182957525 0.5522800327377606 0.2407143630948423
0.6038238645378158 0.08389773596893768 0.7938883819547056
0.4318189972527193 0.6459014058518795 -0.17899674988123193
0.4587529874088432 0.5263921787039179 0.31707649612096533
-0.7451081633115137 0.6988112974576275 -0.09577817535730615
-0.7250173570317884 0.5631219657552853 0.4007804908719419
-0.6154898110106615 0.06675758970418944 0.8644183196988462
1.536673074127222 0.3543481144087215 -0.28774995422693506
1.473382445867614 0.5547024369592135 0.2428067245450376
0.4577502712214283 0.13844142907450419 0.7985051193204282
0.6799840643979564 -0.7577363635751446 -0.9432980499300601
0.30288867980743817 0.6430795055702783 -0.17735452270838037
0.3306379704650908 0.5186643565456155 0.317909053799188
-0.8663294664022345 0.6711908929121799 -0.09691733932825342
-0.8544348489402438 0.5694476205843264 0.40229969405797705
-0.7345356946110968 0.019181772881117887 0.8620107688870786
1.3076381510628323 0.6869733801330034 -0.2529794654879214
1.3377802949248263 0.5672006639227076 0.24568777465490088
0.28357945604072654 0.30471804977053196 0.8104613342252134
0.5512248831274889 -0.7806650885512472 -0.9433700523409487
0.17280696335780021 0.6455667913058463 -0.17525691604944482
0.1889585184769942 0.5645387806181921 0.32301454925206885
-0.9833044042042189 0.624547110341207 -0.09986610031458154
-0.9706987050564351 0.5178543217779978 0.39924936675695166
-0.905889450895998 0.20581221820510454 0.8745658912625669
1.1836353879141228 0.6617621747890761 -0.25312633133264795
1.2051286005831798 0.5706332216114385 0.24777489089635596
0.13275250576589315 0.38471950355607376 0.8166788139310239
2.3755598902819344 0.350205283842965 0.14854936980870947
0.4126619793104567 -0.764590664567395 -0.9391118965181948
0.04530040998648133 0.6388748482839661 -0.1740786514315249
0.05871170081809396 0.5674631583611864 0.32461958312658057
-1.0936255549475646 0.495866468056243 0.3984768905606626
-1.038460418160696 0.22258080977126227 0.8762105026212095
1.0555232476166907 0.6513690707653117 -0.2518808326754214
1.02529798757746 0.74247089327657 0.26373367690709815
-0.0016865299736679162 0.40240066151264475 0.8187473335233091
2.176893785924392 0.6116256562083828 -0.34052676773401513
2.181561134110595 0.5399475632721265 0.16687517547277197
0.28033517042744904 -0.772094747221284 -0.9375650367769839
-0.0821483830258245 0.6326523414491598 -0.1729037246737124
-1.2313236883261567 0.5425428009494722 0.40303306960729346
-1.166626447049623 0.22033747987408958 0.8766043701138853
0.9247924016056004 0.651036049577634 -0.24970645523401513
0.9269125760000918 0.6270211482620693 0.25590687179235205
2.0538862092963655 0.5785576065367524 -0.34111041641565576
2.0450253354950547 0.5497034861926098 0.1698563613858579
-1.3748005037600564 0.619018411845297 0.4098761596646665
-1.2978071168942478 0.23320387801518638 0.877932361599481
0.7954926734934418 0.6464034926854128 -0.24800033188196435
0.8041031938138588 0.5983508020264541 0.2552106895413755
-0.24048377869738147 0.3180731021474319 0.814885429379022
1.9060012745880357 0.6268460297076395 -0.33364505386682763
1.9057733985788445 0.5695267684442324 0.17364340209630713
-0.35089245713596995 0.6796721594508144 -0.16505736923547998
-1.5063580186236862 0.6954097737516065 -0.08822984314295068
-1.4963064665635954 0.5935699593211785 0.4087150611844419
-1.3881428289013797 0.051136844547275295 0.8667591133084653
0.6623780076654526 0.656651880572233 -0.24489898300501123
0.6812143767833874 0.5701207086677824 0.2545102157559751
-0.3920253188321823 0.4099925793691348 0.8217423477139829
1.7701132118948664 0.6376277298364261 -0.32997006988855615
1.7696763822112729 0.5803503599728321 0.17662029647496924
-0.47448365960143235 0.6603637407065666 -0.16526765442224756
-0.4644633361843944 0.5985667847547509 0.33218269729284033
0.6290107717518651 0.3580521861560486 0.7476456680264829
-1.6305866600583556 0.685076725908556 -0.08803624725672021
-1.619902738730545 0.5783213521629875 0.40831261062291846
-1.5176462971746645 0.055055364856773537 0.8674510040250181
0.5320176172955087 0.6577835348357226 -0.24273271179529443
0.5479627738586288 0.5808393326677983 0.2569807090726255
-0.5199890128972413 0.4053868962269256 0.8222020187344907
1.648671987473719 0.6012309998009515 -0.33103770828577295
1.6323593692376903 0.5964685458635364 0.180000118252313
-0.6049262444469292 0.6705780551682015 -0.1627261123690249
-0.5894569633349818 0.5845020637422511 0.33221702956823096
0.4874833121551916 0.3979703852786507 0.7514460601773618
-1.754795316908286 0.6751872595301771 -0.08784598923059717
-1.7435191243654486 0.563507372792234 0.407905391689813
-1.6489953450929704 0.06923490969720802 0.8687656440701841
0.401782423747008 0.659407667463932 -0.24056882477136865
0.41616565355857915 0.5872512992981145 0.25905208968785987
-0.6478843415204949 0.4012486624298077 0.8226583518948911
1.5172486756490144 0.5986813099290709 -0.328791328433478
1.4980970316809845 0.603564656838131 0.18256836318639502
-0.7307185032137227 0.6618744360008515 -0.1620246849093081
-0.7110861364580217 0.5563159000086504 0.3310778655972837
0.3526280718556336 0.4142942345809617 0.7536080398526548
-1.8751271091846036 0.6462064239559009 -0.0894681892428042
-1.8710086974914475 0.5686979350990162 0.4090221443143247
-1.741539636474812 -0.11193534883952161 0.8575594940152524
0.27292267785702506 0.6566987848453874 -0.23887414551111474
0.28452438418909765 0.5941582342897895 0.26112156295446143
-0.7768139229712148 0.40244432112136863 0.823432735439813
1.3970675073916254 0.5583903209481411 -0.3303420028719546
1.3793047931512348 0.5585292218305495 0.18068151855138526
-0.7815178181868134 0.32346014015429336 -0.19257754898401513
-0.8416372232929774 0.5674451931873676 0.33305387878087744
0.22047027563448296 0.4214763212403163 0.7551119842496274
-1.9898825028462142 0.5883094609594499 -0.09380931473108545
-1.9291611558954003 0.21705043191182138 0.3822558441129087
-1.8419029007511938 -0.2585962788102538 0.8485301055875181
0.14415134643518002 0.6544618284105521 -0.23718328094812646
0.1542829206248797 0.5967303349109478 0.26279096984533057
-0.9045471691431288 0.39924446943205805 0.8238828697171567
1.2409925124497647 0.6428987036054297 -0.31956309891077295
1.2465841915481803 0.5617990521417333 0.1828392066922544
-0.9170714564989879 0.3542786481302427 -0.18821591949793115
-0.9731054167784521 0.5839330853262696 0.33541803741124854
0.08970400241422283 0.4243086593259795 0.7562859573331235
-2.0919187223149294 0.4623084071217285 -0.10449189758631006
-2.0148292565092447 -0.002357706155815542 0.3657796897855161
0.015476880004058557 0.6526979592986359 -0.2354948005709292
0.026601873654030328 0.5901177365150545 0.2636616744962095
-1.034353823633296 0.4062467853870979 0.8249714889493345
1.1141444018300177 0.6275046318379953 -0.3187472305330874
1.1058670907846846 0.5943533369027136 0.18742399596837744
-1.1075637253546518 0.6155151333157116 0.3389509239163755
2.2153689601083215 0.5935773084901275 -0.4072920761141421
-0.04575681039294466 0.44699479737515624 0.7587698020902036
-2.162748607493725 0.16527703209847378 -0.13103026962610498
-2.1330159098130537 -0.05497116979924499 0.362281612392938
-0.10470620980359513 0.6175968554277373 -0.237081237796271
-0.09260932940705402 0.5501115622468697 0.2617457427945493
-1.162962156002692 0.4088641960440471 0.8257372894254087
0.9859699212283743 0.6173647080551987 -0.31746120071741357
0.973542360832127 0.5986522214566401 0.18957643890050635
-1.2332924565613297 0.6086300794619417 0.33936005019811377
2.0893404586004323 0.5698872619922861 -0.40690154648157373
2.07502696529032 0.5801020492082545 0.10772257232335791
-2.2499238683314786 -0.05331359833403315 -0.15034646606775537
-2.2658399655702937 -0.02872839433982488 0.3648956336942075
-1.2914544000577735 0.4119401152571749 0.8264997520413755
0.856514303520683 0.6125006455772555 -0.31570310211511865
0.8413627090091467 0.6034618142778685 0.19172697448400244
-1.3455206684636494 0.5388075711460854 0.33468656921056494
1.94866317081636 0.5942312901111846 -0.4016921005282046
1.9358274086917788 0.5997947676554318 0.11161547088292822
-0.28191705888878005 0.35327608820344114 0.7542088546719907
-2.3297798455358674 -0.3847391271497429 0.3376672782864927
-0.37697505265214204 0.6793032948540585 -0.22764176941248193
-0.36072935571880294 0.592464369505838 0.2678487815823911
-1.4188126104733385 0.4106102415547701 0.8269389190640806
0.7258378635042249 0.6129121218560538 -0.31347341156336084
0.7093400692559442 0.6087579249378745 0.19387464904454932
0.753301875266331 0.4056909101995334 0.6924827613797544
-1.4978452868327565 0.6825329954430384 -0.15190286255213037
-1.4866471563411636 0.6059731830968316 0.3409488716092466
1.8126216956359542 0.604838651470331 -0.39793128586145654
1.807014597106317 0.5866431551930171 0.11261635207799658
-0.44592410491939916 0.4987456117748712 0.7648995437589048
-0.5063076782917193 0.6843094941330552 -0.22549647903772607
-0.49268526718726946 0.6071253490851909 0.2703011550870298
-1.5410609290714774 0.3853008679693106 0.8257682838406919
0.5939911365962729 0.6186198567908203 -0.31077117538782373
0.5864979301236986 0.5808648719497427 0.19318037414220557
0.6181278114404734 0.4210014580533761 0.6947277107205747
-1.6271185897359004 0.696556921342717 -0.14938087082239404
-1.6102006727405467 0.5906891224427762 0.3405659713712095
1.6824999182684195 0.596902250079065 -0.39610261535974756
1.672525514515641 0.5930709653459312 0.11526565932897315
-0.5690082638218001 0.47490736460287497 0.7640898742642759
-0.6366341232696158 0.6946310334500243 -0.22288579559656396
-0.6244336311686993 0.6222935664025417 0.27275162124303565
-1.6633938173370382 0.3604189876178143 0.8245928802457212
0.46230026061888907 0.6248225600869368 -0.30807132339807763
0.4546666980735381 0.5871240583007422 0.195322326656854
0.4920895185143621 0.40305986974695696 0.6946237602200864
-1.746367580609487 0.662252308096213 -0.15146798706384912
-1.7347566267190473 0.5807329937514565 0.3405702629056333
1.5538631099164775 0.5846754343787088 -0.39476079559656396
1.5367975474318172 0.6047804424997452 0.118326477047479
-0.6910331149304767 0.44663067067591555 0.762946895596063
-0.7031957029170854 0.42892236413036766 -0.24695987320276513
-0.7537480009590354 0.6282321614867552 0.27440290832189307
-1.7965026745786474 0.3897997452758828 0.8269513168301938
0.33327716803175633 0.6218863132848558 -0.3063246688875796
0.3242478637533992 0.5890570285220278 0.19705610656408057
0.35347308833901536 0.43384843366167747 0.6978710212674497
-1.874476260205597 0.6723120357030519 -0.14941186523767724
-1.8602609994417492 0.5761001653543536 0.3409626998868345
1.4182875232339285 0.596817410536409 -0.39100713348718896
1.402669373262114 0.6122411128611418 0.12097149276403174
-0.8175699098287055 0.438244920278839 0.7631156959500669
-0.881820802594703 0.6297969595103226 0.27565269851354346
-1.9159574847138572 0.3511153230595099 0.8248031654324888
0.20434977929616593 0.6194316043282688 -0.30458182907434717
0.1914727801859044 0.601132638628191 0.19959860229161963
0.22262503204943584 0.43618564855609154 0.6991031684842466
-1.9420240957859818 0.34683279575719617 0.3233430900540708
1.3339225143872255 0.43254294464178766 -0.4051300964388491
1.2728600461285424 0.6058406293492098 0.12237339400914893
-0.9440668388340612 0.4303209812490252 0.763280204769647
-1.005456024903495 0.6123629311499785 0.2753046073880552
0.07429021487978105 0.6222715026221088 -0.30236548996301904
0.06256105402631817 0.5992156280238712 0.2009208717313169
0.09068257585335004 0.4438433254233276 0.7006681480374692
-1.9973209521711084 -0.02918144732437611 0.293957523342645
1.1423268575001657 0.641791764550752 -0.38157291031214013
1.1417632859265439 0.6047116980217337 0.124185852047479
2.322304989125101 0.6547806588957101 -0.4680354080233218
-1.0780152268608418 0.4569637568728089 0.7657478370633481
-1.1312458450569238 0.6051078605381148 0.2757504501309751
-0.05323246538722515 0.6159475766280158 -0.30110377884241357
-0.07107751723486899 0.6171118161757052 0.2038658180203794
-2.136121273233684 0.05442872605745386 -0.20461816406580224
-2.131157083115909 0.001444272367793431 0.29706221007970557
1.0168712761906562 0.6219654258258043 -0.38120908356043115
0.9986737186317498 0.6472634672080781 0.12972050094274268
2.2263182739229563 0.5357721985606272 -0.47742957687708154
2.1958285919315728 0.5972793240317795 0.04296427154210791
-1.2032578925101802 0.4450999905852271 0.765578559872186
-1.2559470321648973 0.593439036754476 0.2757938423123716
-2.0843884345277672 -0.854587990540101 -0.9135553321871401
-2.2290420075793804 -0.1348298951110083 -0.2215163192782046
-2.2530149370716686 -0.0311558378624337 0.2950704612698911
0.8860804250420813 0.6217808629087243 -0.3789150199923159
0.8745972232282497 0.6231528295298796 0.12945824050573096
2.04396078473728 0.6926134961370778 -0.45836085892053857
2.0505918559068306 0.6355186048857977 0.048650077816521975
-1.3305613745529996 0.4434470101827941 0.7660635032620786
-1.3919784264332833 0.63584304329963 0.28022652053502783
-0.3162854711339662 0.6385304827180169 -0.29525632477136865
-0.33179823183294843 0.6302152097143692 0.20771723174718604
-2.216284316272251 -0.8481465438281832 -0.9115249595675112
0.7554149384331623 0.6220750252923901 -0.3766233406099917
0.7452285363013829 0.6187088289609575 0.13084917449620947
0.7738381127379768 0.47303136553844194 0.6269720115628599
1.927094116084831 0.6409959166839583 -0.46089048004480615
1.9291320530883098 0.5981291642478297 0.04759054565099463
-1.4598189641769466 0.45201775591502624 0.7672064819302915
-1.5164741173378076 0.6251099567972673 0.2802641906705259
-0.44696210328513075 0.648154705621395 -0.29257363891931787
-0.4567364468496038 0.6156845488207496 0.20780830764440283
-2.3454622928256725 -0.8559084904548993 -0.9111334762606265
0.6248640435629085 0.6228636528827511 -0.3743345222506167
0.6172396061534471 0.6099255171829023 0.13182192229894385
0.6427415721475427 0.473793235373698 0.6282814063992856
1.8027806572142708 0.6135843372697254 -0.4609710655245425
1.785871164761673 0.6326913580235276 0.05285149001744971
-1.5859283299427887 0.4464115177389729 0.7673562087979673
-1.6489845450931 0.677606595891243 -0.21333570099207178
-1.6409475013791877 0.6148035507144121 0.2802985229459165
-0.5774699571445154 0.658255008998986 -0.2898938140902163
-0.5862199045914878 0.620998927708273 0.20952349090245947
0.4918770387763516 0.6337495068755796 -0.37108010864588037
0.4854690372253003 0.6160690539326366 0.13403540038732276
1.6769784493090327 0.5913804860484069 -0.4605648002657534
1.6544106447589684 0.6296354496112855 0.054736904140984866
-1.707062844534292 0.4167934483885434 0.7658522644009946
-1.775168958402773 0.6775469838973507 -0.21215505218836084
-1.7654095190766412 0.6049533180209963 0.2803285636868833
-0.6427078631899121 0.38760006164342453 -0.31486720657678857
-0.7155760109517502 0.6268026369793205 0.2112362899747251
0.3628637384575484 0.6307043967009456 -0.36928100204798
0.3551183231287922 0.6178822331504756 0.13583164596227393
1.544095300764937 0.5934897306680611 -0.4577052078280093
1.520231999613614 0.636636295447401 0.057463459011590334
-1.8399249981038537 0.44633381121961335 0.7683074989285825
-1.892737048586298 0.6102178062474453 0.28155594253209815
-0.8436797763563391 0.6282168092837672 0.21253948592809424
-0.7609371485118004 0.21449661115854646 0.6910098113980649
0.23269705229242277 0.6329578674606928 -0.36700028992029443
0.22364686413703794 0.6250070883821168 0.1380398788419126
1.4141412309382275 0.5865510327608838 -0.4558317146334292
1.3876216675704711 0.6393667888891006 0.05976562881139502
-1.8404347981630735 -0.20441287113195994 0.7248161354031919
-1.9745258448230345 0.381062280285815 0.2635705985989927
-0.9716760716874262 0.6301020820691505 0.21383982085851416
-0.9523607912547334 0.4936277163046121 0.7110860862698911
0.10388692589866366 0.6308653956124939 -0.3652064285311343
0.09356245130757657 0.6278022440664177 0.13983040237096533
1.258095251588287 0.6709359732788807 -0.4446165046724917
1.2592900845107664 0.6282271747802328 0.06079798125890479
-2.038314179408019 0.049239110038874045 0.237159542080438
-1.0625443524942568 0.41309798294325617 0.7062233009305356
-0.024830644624771026 0.6292523070495903 -0.36341542816492334
-0.03275768810654256 0.6165739443245606 0.1403735198941587
-0.007287061512954551 0.470430735025845 0.6337516822781919
2.1936939864594223 0.5739764734065202 -0.5373990020784976
2.181400837898721 0.577646246855001 -0.02260322189661279
1.1354141236463846 0.6411191685171111 -0.44520635223718896
1.1296425688337024 0.6223534748779942 0.0622489967313169
-2.1581514956295536 0.006520834235446138 0.234354309078729
-1.2047974435364637 0.47920129343891027 0.7114737548795103
-0.1534566526988499 0.6281132992305993 -0.361628242495978
-0.16143821817018988 0.6154808273659915 0.14174299621251807
2.0484411879806004 0.6121446666622674 -0.5304624519381167
2.036139072854354 0.615942359088657 -0.016779132846319822
1.0126494194580573 0.6117351595306939 -0.44580001449915185
0.9960404302408961 0.631362190553796 0.0649655380216001
-2.2862654274038903 0.008334838816018042 0.23514967345861182
-1.3622682161228425 0.6726987214875786 0.22057991408971533
-1.3268007487030786 0.4531489576275929 0.7103121795621274
1.9254618787416717 0.5795351126584896 -0.5310236892733218
1.9073223391382328 0.6024182527598416 -0.015688606265509275
0.8818340424445239 0.611566168801347 -0.4434453926119448
0.8666063581352006 0.6264666482639552 0.06641130828527197
0.8847736658503749 0.5442157370171579 0.5673430480924009
-1.4825620264117134 0.6423386058323244 0.21901350402501807
-1.4570477841033238 0.4665896428093603 0.7118475952115415
-0.4115626093205691 0.6320876768809667 -0.35757608032556787
-0.42082658920206484 0.6244019862069186 0.14530544662145362
1.787965675888401 0.5949898100025672 -0.5265905342135073
1.7684439798976825 0.6227560879094787 -0.011588760379278806
0.7524479642061692 0.6070732842207045 -0.44158620453211084
0.7346336087030352 0.6316628492286434 0.06869964980748877
-1.5981364751241358 0.6736430609904254 -0.27665252304407373
-1.6049860763984611 0.6221556288017913 0.21825867080358252
-1.5821027447387621 0.45607934054533406 0.7116916694608091
-0.5455832593131902 0.6565869484790561 -0.3533708534273745
-0.5537479495131663 0.6441342340904042 0.14833002471593604
1.6621099394146057 0.5728371521830642 -0.5261589965853335
1.6369678748189216 0.6197634745574812 -0.009642787936651853
0.6218568035649952 0.6078667111978007 -0.43923730469080224
0.6054025428041427 0.6277336983292043 0.070139221188104
-1.7204185820741884 0.6538808167417853 -0.27733916855188623
-1.7284495140358302 0.607293784616953 0.21790819549230322
-1.7051763882665938 0.4362376098991554 0.7108562507596372
-0.6737035001082461 0.6573565459006678 -0.35159320450159326
-0.6841710271519332 0.6546577473582058 0.1505215682950376
1.529184860805728 0.5750009059039423 -0.5232302627596499
1.5027820951200965 0.6268287765930465 -0.006838985446417478
0.4901038065548988 0.6139575579700729 -0.43639821625086084
0.472425794775603 0.6387328925332003 0.07284574889806494
-1.8548333080230748 0.60753223741514 0.21877985381749854
-1.825394092809006 0.40215290390461966 0.7090018310513853
-0.7307089130406865 0.34813003283802146 -0.3808943710360171
-0.8122131360135114 0.6559615726027772 0.1518781700101255
-0.7843422035344787 0.4851307616581364 0.6404316940274595
1.3964038669054304 0.5776700653507332 -0.5203048667940737
1.3687657516975946 0.6344029677721554 -0.004037090304815916
0.35977049665818583 0.6157318002744212 -0.4340545616182925
0.34216339187064193 0.6405926463726654 0.07470302962926612
-1.9544905586149213 0.47126079243284735 0.2082002677884458
-1.827850982060795 -0.23877203914860967 0.6651838340726255
-0.9412364722886366 0.6625893561261158 0.1536486663785337
-0.9030505298712939 0.4430187816385862 0.6382430114713071
1.272011257243804 0.5521504353501223 -0.5203849754366519
1.2363104319939282 0.6376971948950576 -0.0016686401400209938
0.229562551301143 0.6179847678795136 -0.43171376800867334
0.21202204438492345 0.6429374214752519 0.07655840301183447
-1.9989583431101465 0.041574970544310474 0.17306785964635596
-1.070115388418742 0.6696950392474319 0.15541630172399268
-1.0219584174922431 0.40130644040029306 0.6360486068692563
1.123120802606934 0.6132209640439035 -0.5114571533236147
1.1080703984952294 0.6271194824553117 -0.0005962333712221657
2.3446972667995283 0.6089677674466456 -0.08714313125940576
0.09947880934456066 0.6207249113079314 -0.4293753585848452
0.08324156579097064 0.6409299580075114 0.07798653030065283
0.1044674178002083 0.5391015597741173 0.5744927444424985
-2.128886052339496 0.05260394109131905 0.17473011397985205
1.005627828149244 0.564720272788799 -0.5140473327669741
0.9758527127914647 0.6314038011308183 0.0017664947476743187
2.2109977222464607 0.6234477125859428 -0.6036707839998843
2.178259508849692 0.713074603228053 -0.07503623581262842
-0.028059597940071512 0.6143023915876284 -0.42802638626428857
-0.04303036048429476 0.6297392792100416 0.07856445693639502
-2.2469643969787114 0.0003928126089745021 0.17106848144201026
-1.294715594753029 0.4800643182062512 0.6430967369046567
0.8667214092629649 0.5933457481411688 -0.5086285553011538
0.8477576929807213 0.6217759015844315 0.002832225796258303
0.9111949534163557 0.375212548509956 0.49138241195348487
2.0673404977796253 0.6567586485351757 -0.5970885238680483
2.0585486021420962 0.6704890715659175 -0.07652730560632959
-2.282310300172256 -0.5124234572757391 0.12890558623937354
-1.4487144174617015 0.6597357621643267 0.15778808974889502
-1.427979670887325 0.5080306390589451 0.6457522430386899
0.7346760885452 0.5985061472852298 -0.5057155571016909
0.7157947100402424 0.6270388810269907 0.005189708706414553
1.947435164611079 0.6145855152972768 -0.598655887607062
1.9181891056283433 0.6949766424037485 -0.07187957382532373
-0.30058402080796043 0.6753623983423829 -0.41793365097376123
-0.3166567694135267 0.6958741796281354 0.08734398269323096
-1.573093981386961 0.649197721442504 0.1578777351346372
-1.5529042096598857 0.49741082832613426 0.6456273117032407
0.6040703362489666 0.5993681718639596 -0.5033065757784487
0.5839854234701249 0.632799976812092 0.007544330593621584
1.817245524956391 0.6061404053690094 -0.596662708285773
1.7853667362011976 0.6961798490952393 -0.06942815399500146
-0.4172420320474117 0.626850727733073 -0.42103595352503076
-0.4332566204159036 0.6473653344518988 0.08452015304235205
-1.6897783421725165 0.6560331150242904 -0.33990687942835107
-1.6964714043345595 0.6342237110740312 0.15754633330968604
-1.6768277685940234 0.4823634984692502 0.645151428219354
0.472312359245592 0.6055203268544922 -0.5003988227877261
0.45105108288437634 0.643879044573378 0.010329059597527834
1.694277362789876 0.5743520615194821 -0.5972210845980288
1.6541136732972461 0.693118005933699 -0.0674187622103335
-0.548986203073369 0.6416751184511682 -0.41772336578699365
-0.5660853604150589 0.6671378609946297 0.08763246917394385
-0.543301079490405 0.5504835305781137 0.5805509605374692
-1.8150256900235462 0.6512341273853073 -0.33912868118616357
-1.8227827689777882 0.6343360769063882 0.15846329116491065
-1.8065996006060772 0.4970955524185099 0.6467578926053403
0.34197191479542255 0.6073590253582903 -0.4979946098360659
0.32082479145982745 0.6458143628497277 0.012247375484979006
1.5556772645332444 0.5954720408566248 -0.5921761474642397
1.5229677450303711 0.6905547693810385 -0.06541175461145654
-0.6964232748434682 0.6777057943238542 0.08989363097814307
-0.6718173465958444 0.551277924859515 0.5815413513150571
-1.9528342673110188 0.6544747106248225 0.16104679488805518
-1.9189796385417708 0.42419216427846607 0.6421001472440122
0.21175153234351285 0.609677442583827 -0.4955937347445132
0.19196665831040605 0.6434070542175387 0.013729862209832522
1.4243302912949076 0.5932565788105375 -0.5896827659639956
1.3975151824787702 0.6693529565408545 -0.06516618347498193
-0.825480516485527 0.6839035817282735 0.09172802352575049
-0.7968962529517114 0.5379591721124948 0.5814641036954282
-2.029118049302781 0.396183163047386 0.13982277297643408
-1.9500999429685493 -0.07453601456423442 0.6071532287564634
0.08166065583344562 0.6124820422116946 -0.49319572067590967
0.06319892647111658 0.6414822768518391 0.015209964748895022
1.2737930046326227 0.6584420219045564 -0.5800530395540835
1.2706570472608405 0.6533926868722224 -0.06448478317590967
-0.9533087818976753 0.685718953831242 0.09313516997960791
-0.9110539307452967 0.4764265104528995 0.577829650875604
-2.1061941684785097 0.13310575576153205 0.11815958404210791
-1.960647605308509 -0.7009178395666904 0.563115409847772
-0.04589018854605342 0.6061249721118349 -0.49180430984827295
-0.06305693735008333 0.6303626856526359 0.015822700497186037
-0.031171216037250815 0.48405223245267326 0.5085976638760923
1.1524342085470636 0.6237889636186438 -0.58113402939173
1.1424524930346536 0.6426820883496145 -0.06336803055139795
1.1597690433520569 0.542735963936491 0.4370821037259458
-1.0373676446337186 0.46883598643442514 0.5780985870328306
-2.211286315401665 0.012238297983888202 0.10859804534581885
-0.1626635656736397 0.5567484969896217 -0.49493569946619287
-0.18571322908714194 0.6051901202807128 0.015133670803582522
1.0323052143941567 0.5847725456366426 -0.5827309570345522
1.014292939524509 0.6324460608372426 -0.06225413894983545
1.0312439628107626 0.5324531554193106 0.4378445663419126
-1.1922115537080202 0.5932989290970889 0.5879657783475278
-2.3393401258735764 0.014241374930736406 0.10947924041417822
0.9067040906354009 0.5653412140244392 -0.5822903595003726
0.8821916904598055 0.6370735610157752 -0.059823223117315916
0.9705923060166413 0.2775476588546928 0.41970711135534033
-1.3402851629116412 0.7134554974231024 0.09904175185827002
-1.298199994613924 0.494043572842493 0.5814722099271177
-2.369740840111106 -0.5327351842575618 0.06350450896886572
-0.4281532360446505 0.5898211723748448 -0.4876481971773745
-0.45667955677585326 0.66273089061802 0.023267082211053225
0.7758406037596188 0.5655599539127927 -0.5798122367891909
0.7502429766262821 0.6422076280594311 -0.0573951683077456
0.9095928869241874 0.017841620538315617 0.4011800804105161
-1.4635053804646105 0.6976506910152356 0.09873657607702002
-1.4365347546573162 0.5464183962761746 0.5860040702786802
-0.5679792622561735 0.6385866682507979 -0.48074025726648584
-0.5871511314366131 0.6728930053685298 0.025600246426141116
0.6463861989144419 0.5614640761751986 -0.577847667697394
0.6171493274689794 0.6526414371766789 -0.05452890014978662
-1.5793093910062623 0.7000592105691794 -0.3992082557711245
-1.582716673063885 0.6627709390786194 0.09672480010656104
-1.5593112237074678 0.5260681763645048 0.5851944007840513
-0.6736763725353683 0.5425122950105683 -0.4889161071810366
-0.716318668585231 0.6786778525290815 0.02749758147863135
-0.6668691238164683 0.4445076248725437 0.5109179534879087
0.5144736482846355 0.5674503429186721 -0.5748640975985171
0.4868036578073429 0.6539542035502022 -0.052546211245978025
-1.692590859618079 0.6363480557076988 -0.4043352088961245
-1.707029032686549 0.6527087982244684 0.09683638000158057
-1.682138460334727 0.5061500942436385 0.5843804397549985
-0.8453535518108453 0.6849510366521709 0.02939253234533057
-0.8122332573355209 0.5187022658846319 0.5174124755826353
0.3827094914838085 0.5739357194256804 -0.5718829116854312
0.3565821915461669 0.6557541457470535 -0.05056590652796045
-1.8293812853671625 0.6333192026721282 0.0960934677091001
-1.7884738763311248 0.4035046335820489 0.5775030174222349
-0.9709785804147941 0.6771107383103994 0.029984287258660647
-0.9351872005882313 0.4961596450472312 0.5166276016202329
0.2523481207512219 0.5761021691863419 -0.56941527939173
0.22772672899992585 0.6532146090165494 -0.04902953720422998
-1.9326732123641648 0.5165822438607215 0.08682136916784033
-1.8352175191132716 -0.007186684271339061 0.5481493988004087
-1.0922760542036372 0.6502702718389664 0.02883749389318213
-1.0303183532583517 0.34742624624569274 0.5063698806729673
0.11965502663625216 0.5883956866441524 -0.5659276924166323
0.0989734339858046 0.6511471661879762 -0.04749602890344873
0.12074365033063827 0.5219463904648327 0.4468014755216001
-2.0198043090367435 0.31206997732358754 0.069864562984979
-1.9241765348247242 -0.2122566334054321 0.5337493934598325
-1.14433275983788 0.2817804379263462 0.5022933998074888
-0.006784568344869513 0.5770717605507345 -0.564999767306769
-0.02727031528864643 0.6399018105710637 -0.04684753036829248
-2.1027470344696155 0.0783664835899236 0.0503318824735044
-2.05872281932605 -0.18187658512932892 0.5364654579129575
-1.3158330753893779 0.4847670951649423 0.5182579078641294
-2.2170833101301355 0.006490976005128601 0.04486065292028174
-2.185744790317301 -0.19021534796838502 0.5363238372769712
-1.4572273222746048 0.5518511434878874 0.524022392269647
-0.26311297532693345 0.5702901581971318 -0.5616194686922671
-0.2997004664390488 0.7010402071957822 -0.03805703735681787
-1.6024752714804293 0.6642387913479775 0.034630111691033694
-1.5819860114650908 0.5413402219042762 0.5239508666959165
-0.4021787907927745 0.6135480679109984 -0.555069633487189
-0.4209154092957732 0.6718570881809027 -0.03918284988733545
-0.1621266591775452 -0.5025915230894809 0.8909090080228208
-1.7085656265393396 0.6192386918011188 -0.4684531173739077
-1.7257915668163122 0.6493713349619581 0.03433351897863135
-1.7037684675120488 0.5166131860040197 0.522780708309686
-0.5316922059942755 0.6186293026955809 -0.5526172599825503
-0.5525341513404527 0.6867210995736892 -0.0363375625643374
-0.5296502486841064 0.5427228267747388 0.45417671584752783
-0.31617919143452866 -0.41083281183995624 0.8973033943143247
-1.827137724807173 0.5803587075912056 -0.4711367569002749
-1.8491183639583681 0.6349312169800045 0.03403263473180518
-1.8256333386662362 0.4923104953565325 0.5216057815518735
-0.6805639263837691 0.6875341236357331 -0.034820266726935056
-0.6559418882092416 0.5337560029382553 0.45452719115880713
-0.43791693353892924 -0.45458367668702593 0.8952243843045591
-1.9657905023631912 0.5867103475560489 0.030683330532586428
-1.940913800090371 0.43417435040125696 0.5178688087430356
-0.8162701636886425 0.7227968452277089 -0.030210205081427244
-0.7855308419009788 0.5398256263166061 0.45599203490880713
-0.5742986343758645 -0.4346449775040311 0.8970773735013364
-2.063068358933535 0.43614250193344706 0.018191627499139162
-1.9825480686282475 -0.010518657892023775 0.4852512397733091
-0.943968845829005 0.7245714741817455 -0.02869767761560693
-0.9116961879070828 0.5317819349483148 0.4563358344998716
-0.7115298376827042 -0.4093383902471732 0.8992322006192563
-2.1916305669225125 0.44738492860010837 0.02004986190465674
-2.067645225037637 -0.23969654176004251 0.46868973159459815
-1.0464331702335556 0.5631362704294567 0.45965891265538916
-0.8387966172524699 -0.42736267737393696 0.898656181332147
-2.243386684543694 0.04270695163955818 -0.015104480746710447
-2.209287478165635 -0.16954177998264885 0.47442512893346533
-1.1713189013158996 0.5511562352210282 0.45962458037999854
-0.9692733932182307 -0.43030924520563296 0.8989861526456235
-2.3571567758714025 -0.033602435473301995 -0.021104999545538572
-2.3300055709658523 -0.21170260500891214 0.47174387359288916
-1.2888951420201806 0.5054923133913052 0.45697384261754737
-1.097591726538667 -0.44253535136814737 0.8987062492337583
-1.4485378259226849 0.7119766465167912 -0.024886318210089353
-1.4313199132670604 0.5773442240199493 0.4632776298489927
-1.2289679468486554 -0.43966283772982173 0.8993332900967954
-1.5526325347459249 0.6277512085047139 -0.5382196388277651
-1.5686968019516883 0.6819260779924603 -0.026488967898810056
-1.5549893889275097 0.5618513645213818 0.46286039733556494
-1.3551986541271646 -0.4607408212709627 0.8984387435880063
-1.6701145293393296 0.5834692373591501 -0.541440196994269
-1.6909659686522076 0.6620571249314668 -0.02720994568201318
-1.6776916868398217 0.5419263413419042 0.46206550979284033
-1.486433008730387 -0.45692064929948195 0.8990595855679868
-1.8162123230822402 0.6572634398338728 -0.02660531616541162
-1.7975199835823474 0.5077522145699067 0.46014528655675635
-1.6146341310922452 -0.46730531568898925 0.8987653770413755
-1.9222424364565 0.5551782552125069 -0.03487462616297021
-1.8648355102505008 0.20487016175976258 0.4376495399442075
-2.03548788448623 0.4876457354092967 -0.040047832492315916
-1.9294755407005795 -0.12244642862026645 0.4132593193021177
-2.0909172140178356 0.11216950033978001 -0.07319326019617334
-2.071114065362792 -0.05285769702584897 0.4191654243436216
-2.198761803536854 0.005994908225869899 -0.0819451293978335
-2.191337641403024 -0.09548439749161641 0.41645937347081885
-0.8300463659390971 0.8554534705596222 0.04668121719030127
-1.4839127236631384 0.6812565000035056 -0.8399259529146792
-1.9665188293053006 0.7046525858686996 0.11320500754979834
-2.0680167584421554 0.48314684990439183 0.11823110961583838
-2.090662592938685 0.2559685179439857 0.11852698707250342
-2.298126343024961 0.044150283314547956 0.12976198577550635
-2.322294419666804 -0.18218850514240081 0.1300578632321714
-2.3671447690130094 -0.4066284258434152 0.13153629684118018
1.215051044671867 0.7975442351473943 -0.1945845565828921
-1.9825595859332736 0.7849243586445347 -9.078598352685319e-05
-2.0738267579986314 0.5626270845722674 0.004474929806268069
-0.988715727452643 0.48158246326238086 0.8683927574124692
-2.1210524654510294 0.3374027235220103 0.0063012161221860374
-1.1458036312051973 0.26114147569748614 0.8749633350339292
-2.308349953641624 0.12383169268720451 0.016649774548089358
-1.3384821157774383 0.04458556634155819 0.8831766166653989
-2.3322348539179103 -0.10247507413821388 0.01695399665502295
-1.4422812449409719 -0.1783195112783602 0.8871658363309263
-2.322112401189983 -0.33177204086514767 0.015127710339104983
-1.467226679781973 -0.40763570894659473 0.8874002017941831
-2.3227464699455993 -0.5602859973366385 0.013910583492791506
0.8849650025805147 0.7590580642630371 -0.2942835769686343
-2.0434684050538436 0.7309683499374566 -0.11113042450281396
-2.1946170618914778 0.5134597959643781 -0.10267705536218896
-1.7854286444846394 0.4825415950848857 0.7909060039487241
-2.2221148765897567 0.2871163763489726 -0.10205144501062646
-1.9325360939102296 0.264221042061215 0.7972336330380796
-2.3449053607871377 0.06870510878497349 -0.09547633743616357
-1.94599583660073 0.035758061590239976 0.796990446087396
-2.364010439210901 -0.15789888492150883 -0.09547633743616357
-1.955260830338716 -0.1930928694500178 0.7965035953488706
-2.378947281389074 -0.3848858620923279 -0.09578914261194482
-1.9454425708170362 -0.42373519800268156 0.7950432815518735
-2.3101989110057417 -0.619696835779644 -0.10142488098474756
-1.8021747471087366 -0.6670131032119606 0.7870119132962583
-2.12376944489732 0.7585404556126178 -0.2203747711214663
-1.564263189678016 0.7068948810301574 0.665764860149896
-2.21510231163127 0.5367714230607206 -0.21554774856897607
-1.9048132742716177 0.5019606684380156 0.6821508922543882
-2.1380633594472016 0.3022678794189586 -0.22166175461145654
-1.9273854538433142 0.27420869436314543 0.6824026622739194
-2.2458650684290404 0.0822999072545123 -0.21587009048792138
-1.9457817852379407 0.04614366328300079 0.6824026622739194
-2.2549905316270014 -0.14549864348221675 -0.2165133438143374
-1.925161603638628 -0.1852737152688606 0.6803858795132993
-2.1456307444305196 -0.3839525338367906 -0.22487992859216943
-1.8904585299220287 -0.41823450967686515 0.6776133098569272
-1.8068456007819407 -0.656129461826521 0.672319225307977
0.9740373821069284 0.6071684385354112 -0.5402032814058901
-2.028450441663921 0.5903647757391823 -0.34190387344690576
-1.657501015244108 0.5398204423119282 0.5547674217191099
-2.065628632938399 0.3641911034200467 -0.3405820808443667
-1.9039656420350326 0.32868413846557054 0.5667646446195005
-2.0986356334809813 0.13782599711117172 -0.339589782718146
-1.9669561408163219 0.10418488622026434 0.5691118755307554
-2.1473238489360256 -0.08711887720433609 -0.3376070938143374
-1.8764874769203175 -0.13304874585140336 0.5633740940060972
-2.1868471181389566 -0.3126556120087276 -0.33628530121179834
-1.8664642116315378 -0.36392981781986844 0.5618093528714536
-2.1526435798406 -0.5448257599833308 -0.33992070770593896
-1.8920501313364753 -0.5917428803314317 0.5620699443784116
-1.8836427478725994 -0.8227822671104175 0.5605052032437681
0.9332753420544151 0.8840621709804166 0.3014641323056577
-1.5583102247605325 0.8195869055270659 0.4354172267880796
-2.1128806148877715 0.43542500203279033 -0.4516083679232241
-1.9034306099359952 0.6144276645982059 0.45320587539342627
-2.1356754365862116 0.2084035659772363 -0.4512693367037417
-1.9505112394288346 0.38858609285148127 0.45482306861547217
-2.1493279929970868 -0.019345442083142927 -0.4516083679232241
-1.9933863858331335 0.1626042934051526 0.4561708488431333
-2.18365269440757 -0.24533195188808143 -0.45059079742761865
-2.027096585985319 -0.06396936653006335 0.4569793262448667
-2.1492095612139934 -0.47745368034065727 -0.4543220481905581
-2.056609237528548 -0.2908134954212134 0.45751791381505713
-2.125532703107339 -0.7089469979408687 -0.4573747596773745
-1.942733426861622 -0.5306650641576498 0.45024114036229834
-2.1428718640633235 -0.7417178502816695 0.45994406127599463
-1.8318640174110783 0.5851164169255476 0.334423831936395
-1.9552648729927427 0.3764109292288129 -0.5774261436495425
-1.9935061587813578 0.36790524551352366 0.3424926319089292
-1.9782794986665522 0.14884613106651923 -0.5770780525240542
-1.9767392733670022 0.13724819523242537 0.34054522895482764
-1.997106509941304 -0.07904216146561094 -0.5770780525240542
-2.179670227820907 -0.07508718624834643 0.3508396663632749
-1.390664152897017 -0.3618677814519655 -0.6209151229891421
-2.3136552543186326 -0.2921970329698329 0.35723905944493994
-1.4112766114962625 -0.5918009066135985 -0.6209151229891421
-2.294259585508968 -0.5225479812127061 0.35501366042760596
-1.7107855404142214 -0.795271765844376 -0.6014315567049624
-2.0073010933962507 -0.7786264884880927 0.3377626457181333
-1.6420699995301078 0.800294440009595 -0.7123796424898745
-1.8369219624569695 0.8140244008272157 0.22082572364476905
-1.1015745498269212 0.5300186943370324 -0.7523209533724429
-1.9529914433917526 0.5930065008810406 0.22656469726232276
-1.1240510389454812 0.2994523221415486 -0.7519638023409487
-2.0250125315432967 0.36927427359702847 0.22972112083104834
-1.147326547520052 0.0689862468011313 -0.751607604983771
-2.3117570693080154 0.1633159785944871 0.2452166595425962
-2.365342549393958 -0.06046441299538596 0.24722509765294776
-2.315297700573794 -0.2931270159383361 0.24320774459508643
