-1.0438392101590779 -0.8577866835476939 0.5343324442377506
-0.8055165130145951 -0.8126638461573528 0.5587965746393619
-0.642966974032646 -0.7447154684301651 0.574313809441608
-0.5275697764532765 -0.6623750251272185 0.5842401285639225
-0.2145744728139647 -0.2884765652872865 0.6060115595331608
-0.1826121786061492 -0.17983327231409874 0.6058584948053776
-0.15026446419746264 -0.07129031450293866 0.6057006617060123
-0.13627504416260194 0.043773404753682854 0.6033059854975162
-0.14526908491419022 0.16722916326029136 0.5981179972162662
-0.13506815888351298 0.28412471139248296 0.5951568384638248
0.2583889222986073 -0.8398601737608615 0.3934447069635807
1.1457202007983796 -0.7010697885020925 0.10677020745186194
1.2277509578341892 -0.6150680375637094 0.11377494530586585
1.2398574598256147 -0.5048940688012884 0.11084478096870765
1.3084380941502474 -0.4145683403887759 0.11585252480415686
1.3632950631106269 -0.31958056482401886 0.11886947350410804
1.409131546928137 -0.22147391685599516 0.1205574770441471
1.4506581950966364 -0.12184931901473561 0.12157886223701819
1.487877136331477 -0.02066088561316093 0.12193362908272132
1.530078731487734 0.07865110235523787 0.12294500069527015
1.5494481320189522 0.1865805713600146 0.12064378456978186
1.6155188355826198 0.27679408607091815 0.1249524851313053
1.8812247449191517 -0.8379222452638508 -0.27335388465018884
1.6310032582058227 0.38633501194042097 0.12198035912422522
1.915923679528504 -0.738252682047051 -0.2729829053411068
1.9509676490629317 -0.6387063169087703 -0.2726166944036068
2.009637749784602 -0.5476306442456398 -0.26856214804740564
2.0453496032067306 -0.4484124180150353 -0.2682054738530697
2.034966365055027 -0.332288096185561 -0.275239298773724
2.048238642543865 -0.22456162065108032 -0.2785843114385189
1.9461065785336729 -0.07342398245964787 -0.30039484305472985
2.0436145814813074 0.0032498794499531414 -0.2904551724919857
1.3505542687253183 -0.2557786496356904 -0.22168667121024743
2.0501242348587 0.26092980102325214 -0.1734941701421322
1.919990470856959 0.5424705019129128 -0.17645008368583337
1.6607437565283334 0.7891874022762657 -0.18739015860648767
2.0724899218400736 0.4746944261359083 -0.3221791486272396
1.8227327801869961 0.7233042444667674 -0.33283169074149743
-0.2526168696451663 -0.0882691848103967 0.6342493792047916
-0.02345613601134744 -0.6914178035141312 0.47978847222236976
0.0931220547649616 -0.332670512934488 0.49037616448311194
0.06195696771352743 -0.016347990234056198 0.4931494493952213
0.03195638534442935 0.2999059209391923 0.4959222574701725
0.21408562368772266 0.5932614061945429 0.35237806038765296
0.22488320901099712 0.9189382819098206 0.35733335213569983
0.37231479760954755 0.5565016245940022 0.20377223687080726
1.2248420443488754 0.18079025578130015 0.08792798714546546
1.2339860633031208 0.5036227212373277 0.0932146807184635
1.1190698229914915 0.7921669847563138 0.09126680092720374
0.3443605555532372 0.9046974874634124 0.05120055870918616
1.868883390854478 0.04268373066849307 -0.03344471259208337
1.786079810284079 0.33815243455320143 -0.03344471259208337
1.492515256326783 0.5757337034842074 -0.046070406866985714
