1.3474747985317208 -0.024551398777013844 0.142928212487762
1.863730425349047 -0.33216588074071574 0.0005527432799983245
2.0265789080838417 0.08914488578180624 -0.15581265131228683
2.1510384633670867 -0.20299751218551965 -0.3160437647461247
2.1717632161025975 -0.018468386315956486 -0.4796885553955388
-0.6984226392187836 -0.15312385947738072 0.6703759129882503
-1.9982962211653401 -0.9023724835601916 0.18256577810055497
-0.6627385135522914 0.10972686603411574 0.66788682302243
-1.491292706167492 -0.8583177055244597 0.24846133550411942
-0.6684229137262321 0.2464450920797141 0.6635304387450862
-1.0574833934701147 -0.8038433119216197 0.30437192281491043
-0.688123625136285 0.3865513928598485 0.6573072369933772
-0.47293802349476266 -0.7815009033393094 0.3809166844726253
-0.08803976418632686 -0.7238516876062668 0.4301715787292171
0.30652583203280415 -0.6707494572775019 0.480757802331512
0.16209776574749668 -0.5101426583873785 0.4574619229674983
0.2366775174111666 -0.3938667206023583 0.46411761602169754
-1.4205186798083815 0.08180971268074355 0.2331520017028499
-1.392380106921209 0.21370209363928971 0.2331520017028499
-1.5989313978463215 -0.8783114644953587 -0.2460044924377751
0.38379201918188244 -0.03694172419238306 0.4734364446044612
-0.19314295602210052 0.223185623143209 0.39023551305538895
-0.2858523288349204 -0.8564464601246691 -0.05721893945925949
-0.15485112242372168 0.3486050571397037 0.3915668424010921
0.1613508900648526 -0.8113220772899972 0.005951970422332309
-0.34312214254537565 0.5260284409330467 0.3616143163085628
0.5938645116291781 -0.7663299570088942 0.06694468816525223
0.18360568832818558 0.5380902689934803 0.4301715787292171
0.9002005117380705 -0.6986387838594013 0.10905799230343582
0.2808276972488102 0.6483674073547139 0.43949040731198075
1.1629736900259928 -0.6239733996304544 0.144637196862762
1.2273546827562782 -0.5092516565789067 0.15044555028683426
1.253414165772078 -0.3865994907335679 0.15044555028683426
1.2847342957741787 -0.2650906606911043 0.15117177327877762
1.3068156365003034 -0.14157101856149268 0.15044555028683426
1.300375830047713 -0.01158737802119525 0.14536294301754715
1.3281694143334377 0.11080528560919589 0.14536294301754715
0.8634861129778884 -0.9479049257913825 -0.4641269747375798
1.3033898524718097 0.2454313934289427 0.1373759206176448
1.3332600679400812 -0.9128991637353385 -0.39026442209475753
1.3080118756147314 0.37350138199530747 0.13374575933224442
1.2986726967411286 0.5051015803817318 0.12793645223385575
1.9919022086461027 -0.7944486134977016 -0.2891053263305974
1.2609787419023135 0.64389431332628 0.11777123769528153
2.0073025108592475 -0.6724289940391142 -0.2907108370422673
1.1950195564501271 0.7901816950218414 0.10324963887936356
2.037613358575257 -0.5535347434343141 -0.28990784326785324
1.2496006179861467 0.9069130817390363 0.10687980016476395
2.058689727922925 -0.43265751050081214 -0.2907108370422673
