1.0559492474919594 0.03662372768678601 0.17404188107994134
0.7527325935129454 0.3952016549697195 0.16058505963829095
0.4506487927717586 0.7557063194011668 0.14712537717369134
1.8722028209262476 0.03364436116015668 0.010184897895126888
2.011635306507273 0.09173843398839665 -0.358758316521377
0.13583557391107348 -0.30776587135597744 0.5381099123909765
0.12188253846385066 0.034258319063926734 0.5365086932137304
0.09788428813145345 0.45553977917382227 0.5342413325264745
-0.15456543191801586 0.8253354089152225 0.5234829325630956
0.1607985250738011 0.09936437459503189 0.33740581464317376
-1.1665714292208875 -0.8550047088281492 -0.21583448458167975
-0.2979347113741255 -0.8447863967014086 -0.13008390474769538
0.5506844833189106 -0.83604894359868 -0.04635129976722663
-0.7869583221958578 -0.5205931885828043 0.6278411288216406
1.3259927536662488 -0.8162290303369204 0.029815330024033138
-0.16971610804822035 -0.4593030928613615 0.67905773114708
1.7182526873677304 -0.7115693389232085 0.06613315534141595
0.044863276046704925 -0.3073050266612185 0.6942492861702734
1.8832068935672126 -0.5550985462151665 0.07874311399009759
0.09997092723367729 -0.1183765327328743 0.6951171297982031
1.9615893250287968 -0.378480478961027 0.08227409314659173
0.08313532400555346 0.08797691715236056 0.6894747157051855
1.992263465521681 -0.19035260536194443 0.08076108884361322
-0.015145078644572152 0.31489449852133333 0.6764532465889745
1.9994811304748694 0.003762495767883678 0.07672561597374017
1.98811835769137 0.20288226572040102 0.0706731219246679
-1.2485499867540284 -0.6405414874587407 0.47974981259849603
1.9534183766525572 0.4084551326614463 0.0620976824715429
0.5292596526125877 -0.8400402968209502 -0.14657436418983405
-0.505067862872906 -0.6042027515978674 0.5436288256600195
1.8906348440245608 0.6219824554366316 0.05049623441246087
1.381974566106308 -0.8379490741755173 -0.060887680535048894
0.23312599495585573 -0.5717791232911846 0.607064380164414
1.6095069681569143 -0.6946665100778304 -0.04138980913612311
0.24853681730137112 -0.3743404141484117 0.604402198310166
1.7067819678200777 -0.521594270583245 -0.035745964531630925
0.26950540076295937 -0.1780103134360722 0.6021844286873632
1.964110960129858 -0.3877720528687867 -0.013170109276503972
0.2766620253365346 0.021851727505774576 0.5986358065560156
2.0044124966630363 -0.20203286133755682 -0.013682709221572331
0.2506943602720568 0.23016362204674934 0.591981544013291
2.0405423406103864 -0.015210681091604172 -0.01470933962318366
0.2013653454760984 0.44486188912947 0.5831095118477636
-1.6050981170233456 -0.7249555863482975 0.34871066998985345
2.029121820932673 0.18375551041392413 -0.020865784172744206
-0.9004393704093303 -0.6766497055533538 0.4102231402352148
2.02326933060462 0.38172104028555864 -0.026510105614394597
-0.18643620818674833 -0.635322976456731 0.47263969373252923
1.830478476347416 0.6289311837356824 -0.05216489840003913
0.5320299592978088 -0.5999642895735136 0.5355082888558202
1.6531994584965872 0.873827836904713 -0.07628046083900397
2.068826946466075 -0.5680794069284065 -0.09400402117225592
-0.8457083986983633 0.13079732355702411 0.3984633822396093
2.0408519052636223 -0.3662451658040897 -0.10183034944984382
0.48819382200478856 0.011802360259789424 0.5187736887886816
2.0812272173103636 -0.18077343792488776 -0.10235248613807624
0.28336109662030395 0.26363084535292813 0.49525417279747064
2.0402670373525 0.02514741403894405 -0.11174427080604499
0.282479704715378 0.4661623012492093 0.490731372351914
-1.5797475415319226 -0.791455575077233 0.2506185908272558
2.144657789650985 0.1947064551915929 -0.10548292208167975
0.4271025358134395 0.6320075798175537 0.4997769732430273
-0.8752704679544436 -0.7425228185990225 0.31331266355064447
2.138859263185431 0.392303953119594 -0.11122261095497077
0.16381235338518962 -0.7745969677929452 0.4078146357491308
2.0327836655558684 0.6165783193698573 -0.1279190640494532
0.5471481283569801 -0.6623041176509901 0.44008315991905267
0.5816385660788725 -0.47053200806444906 0.43916143369224603
1.988619717477924 -0.6257770112711754 -0.1966312985465235
-0.9812872066388323 0.102592617482129 0.2861143488838964
2.110237430289743 -0.4600267648127456 -0.18814407396766608
-0.8666825927661534 0.28100180661351715 0.2925683398201757
2.164772514603328 -0.2783589391271377 -0.18708311129066413
0.002665372013950673 0.27318520082236475 0.3709355730965429
2.2102828083345614 -0.09450911852320054 -0.18708311129066413
0.05494237309760308 0.46337512979939 0.3713966746285253
2.0925633465124847 0.13065419222546737 -0.20511852312538092
0.10305209089612077 0.6545866955879394 0.3713966746285253
-1.481468106544618 -0.6675864127460507 0.1554647822335058
2.12505289010889 0.31846567547436955 -0.20671020555946296
-0.7090631905207374 -0.6359886443889362 0.2259155650093847
2.047559484450609 0.5350420072192428 -0.22050128984901374
0.5770764907754824 -0.7279931400009438 0.3461519617989355
1.9132555849220267 0.7675687702183023 -0.24065910387489264
0.6743424890304581 -0.5510729402272325 0.35131849240806634
-0.888322614283716 0.215266421256322 0.19115985822227533
2.0889555214365103 -0.3172038560687902 -0.28979669619056647
-0.7443669831639212 0.38609829439361576 0.2005535502388769
2.1439813812379285 -0.13548700194850305 -0.2887185673758692
0.4049479495323709 0.3063999111242879 0.3076387782051855
2.098408337041775 0.07151027405259924 -0.29896198320838874
0.3028807191510978 0.5341212202145602 0.29307903241661126
-1.1701561520504171 -0.940998567907565 0.08875955533531243
2.044007208879556 0.2814508232559625 -0.31028352785560553
0.12458026474004669 0.7824714444621055 0.2710043330147558
-0.43226226020159686 -0.9003286099125969 0.15716518353965814
2.101091803496132 0.46322123591970055 -0.30920539904090827
0.6700731892456986 0.844586862745988 0.31938089322593743
0.5042465416818587 -0.9097519111498507 0.24518360089805658
2.154004864478061 0.6460196211814182 -0.30866609621498053
0.7900709530006154 -0.7759320060715069 0.2691017527535253
1.9578013006625525 0.8952766782496706 -0.33616195726844733
0.819310727691061 -0.5838788234674634 0.2676664729073339
0.8443925240870769 -0.3907288583817081 0.2657529253914648
1.9939910667058243 -0.4785053948336504 -0.3916572194144434
0.6863187866822003 -0.15324733401024027 0.2456618685677343
2.0629421347955557 -0.29996889406809224 -0.3889182667777247
0.737106601378656 0.034574695701589775 0.24614013623741204
2.151783798928129 -0.12655494812251966 -0.38398777056190436
0.7837229221782636 0.22341094398220918 0.24614013623741204
-1.0620668742204415 -0.7281307957669512 -0.0064056973502344405
2.1110853826405744 0.0792153645383813 -0.3938482861563868
0.8116845735403118 0.416944823404922 0.2442265887215429
-0.12521826532674396 -0.7357872947553865 0.08321107816246087
2.1385862541721465 0.2681773048364473 -0.39603982973548835
0.6378469622506628 0.662312712228907 0.2222219843819433
0.5005654234906203 -0.6782115323643989 0.1416565318062597
1.969537513567012 0.5083102365942693 -0.4206908803031153
1.0098008100446307 -0.5975936276449207 0.18841327619102533
1.7630760730189508 0.7599234718401497 -0.44972406435462897
1.2817264720685912 -0.46389217130417215 0.21130432080772454
1.30724755496378 -0.27228034315940164 0.20935596417930658
2.104386279981064 -0.2797363641160455 -0.48092638063880866
1.338286497508335 -0.08188198182397421 0.2078949351265722
2.135427837279096 -0.0920740118703467 -0.4825957875296778
1.3555134016892936 0.112075827799341 0.20497287702110345
2.138230239508026 0.1028366532557019 -0.4876040082022852
1.3396759677767491 0.31460639351717035 0.19864095639732415
-1.08393411707997 -0.9884043922807138 -0.1038578610465235
2.146573441192835 0.2966502990679558 -0.4920557599112696
1.3053209374007366 0.5223629339321398 0.1903611559822851
-0.2735083594087726 -0.963818247618283 -0.02553258944007819
2.150811882963339 0.4918169197996818 -0.497063980583877
1.2139791237919226 0.7455657829980034 0.17623676251915033
0.4878606926850537 -0.9337716677085535 0.047835483069687434
2.0116324224852846 0.7251611931565538 -0.518766747002334
1.1178427397118185 -0.8788182231071637 0.10781873654869134
1.4858918005748052 -0.7670604560958285 0.14103330564048822
1.6119990459548532 -0.6003471446456636 0.14946044873741204
1.6225319882712412 -0.4064150231155601 0.1459905047371679
1.6434326408646953 -0.21476999171478006 0.14351142835166986
1.6457079393513538 -0.01832038535604852 0.13905013989952142
1.6101096753996416 0.18799578409756457 0.1306225199654394
1.551204561241839 0.4008772874235387 0.11971677732017572
1.5158703832294762 0.6084363248716063 -0.6762550931021876
1.5220252087729662 0.6068416983584104 0.11178506803062493
