-0.7164964103484905 -0.8513822761762881 0.07807587778030856
1.178214529386345 -0.7134120321897512 -0.04915786588729398
1.4844573806365489 -0.8312366512054581 -0.18558312261641996
1.6394788481277303 -0.5812513412433091 -0.18782616460860746
1.583455322330117 0.6185260918685316 -0.20866967046798246
-0.3002095799511224 -0.849647340540443 -0.3519394477659561
0.7113361067783472 -0.8346745767584238 -0.3379759868437149
1.6066627885415699 -0.7934913218477462 -0.32611323202193754
1.9106431020759729 -0.5871417422987193 -0.3253874858671524
1.9800941356194244 -0.31363736845895573 -0.32912064397872465
1.973811639367156 -0.01754460428240634 -0.33432412946761625
2.011738569158588 0.2658982055912631 -0.3387131770902969
1.9407144362942432 0.5828987492801616 -0.3452267726713516
-1.361496518933059 -0.8134512764752131 -0.5138888438993789
-0.6187023571971721 -0.7167445819769327 -0.5038662036711075
0.3594868171763892 -0.691605164097119 -0.4889156898313858
1.35127699097184 -0.6771364400975202 -0.47358847463668363
-0.0076729838779598936 -0.2556747091588747 0.6670377174562119
1.8908935597860577 -0.538322657849335 -0.467570312863002
1.965308117419056 -0.26614700229432486 -0.47122288549483793
0.2015605693686453 0.28476570679472957 0.6600626627153061
2.040664645748244 0.0057735357281814 -0.4748802264982559
2.126548368968969 0.27455125703642835 -0.4783411105924942
-0.9253072899495507 -1.009976994473881 -0.6491901954466202
-0.028949010630356042 -0.957051299441666 -0.6344971736723282
1.0255884290749648 -0.9548486213329568 -0.6161668380552627
1.8580536306047293 -0.8965950253687964 -0.602735050564418
1.950419938278948 -0.6298936227895879 -0.6059537013822891
1.9093727227600183 -0.32420937773539293 -0.6122207721525528
1.9893317749269954 -0.05351923077494547 -0.6157784541899063
2.065427558815763 0.2183248333046066 -0.6194496234709121
-0.9528398091994248 -0.6709298158921371 -0.8015146335417129
-1.0017159818685286 -0.8219839087712515 0.3665692726319931
-0.6335107192297045 -0.45813408946646206 -0.799329288845668
1.1185971964566335 -0.6567968966627973 -0.7622408946806289
1.8744174117717094 -0.5794948242565638 -0.7492823680693008
1.9486931576128868 -0.3072824079843315 -0.7529521068388321
2.038298223122368 -0.03959124608037001 -0.7562730392271377
2.1240378236449047 0.22919130583125735 -0.759715088253627
2.1102986265436314 0.5282771224738028 -0.76564265096725
1.973524489262168 0.8660742520494296 -0.7746615489775039
-0.687227369432371 0.838371241709595 0.06780361329971774
-1.0936018033625672 0.8106193962243395 0.05687092935501559
-1.4677853255985127 0.8078861933985095 0.047187558764805626
-0.5224273665962613 0.8784719625814148 -0.031026252155909706
-0.8092592959516907 0.9323055486511649 -0.037787326222071815
-1.2322609848499084 0.8943726326751431 -0.04999018514693754
-0.5029066850208039 0.9439143412639623 -0.13295508230269926
-0.7649213834123145 1.0148390942374164 -0.13903213346541898
-1.1753986929101288 0.9854538056562134 -0.15135956609786527
-0.5627861611241016 0.8782563330113788 -0.22943688238204496
-0.8907506281668347 0.9038826945127525 -0.23869229162276762
-1.4004016395026042 0.8070032056773471 -0.2559323390776016
0.26695701576965547 -0.10806761577076429 0.48944627439438326
0.22614799623190862 0.11819558178942202 0.4918720642274521
0.19039656638180702 0.3472362444704302 0.4944190899079941
0.06612760531962181 0.5122490876717194 0.4942977348512314
-0.05756844593169319 0.6777133809723139 0.49417649900375826
-0.319753244653576 0.7459044123876026 0.48993145620285494
-0.6558427110057181 0.764037770497545 0.48350309526382906
-0.732671257474145 0.9639211880704437 -0.347162016277919
-1.0483676776696953 0.9992278777724053 -0.3563335021787979
-1.4469621988209056 0.9800225446523427 -0.36932612264693754
-0.7392266199401405 0.643614472346492 0.3758914390748642
-0.723123601665435 0.8959383218721726 -0.45244170034469144
-1.1582194513519113 0.8488362104478071 -0.46782518232406156
-1.5777403204768632 0.8156374236648674 -0.48240972364486234
-0.9054921140278509 0.8088005175198987 0.2704319873994492
-1.2587841050456632 0.8190664321138783 0.262524000758519
-0.6237575192015754 0.49797148100967803 0.16762220060287936
-0.7721068612923432 0.6486999050902611 0.16658996736465914
-1.121275135047 0.6605373044773302 0.15833233987747652
