1.999283709136563 0.7497723123151832 -0.4934609094866538
1.7551522561750375 0.7197123328427981 -0.4813497225054526
1.4985659079577687 0.7142301181617303 -0.4673693338640952
1.1354951354342973 0.7924688300347142 -0.44333197271907565
0.875475738204571 0.7699232321820682 -0.43013025915706393
0.5995296478288878 0.7754635167498924 -0.4146859804400229
0.3092991179880755 0.7958987365129064 -0.39775444662654635
0.03442204506710311 0.804506399434564 -0.382321135164144
-0.19580076789539191 0.7741938448469274 -0.37137200033748385
2.020101512910287 0.7545371557005174 -0.5957033792742514
1.7308592806729877 0.7636649174969725 -0.5786841074236655
1.4286946630645048 0.774138294583052 -0.5609162012347007
1.1233888868520552 0.7896856397068825 -0.5427720705279135
0.8687314696312001 0.8106605356873442 -0.5272691408404135
-1.4479946047734984 0.7399332856735814 -0.3058889070757651
0.7942377346046072 0.6840164718963373 0.19438336694156888
0.5980309773573396 0.7994865709324439 -0.5125806490191245
-1.679895380609878 0.7205166365560158 -0.2946007410296225
-1.2829802074903398 0.3408342056614275 0.3611924489728189
0.3041498550233115 0.8231795232242236 -0.4948256174334311
-1.8683741689688134 0.6608126876670912 -0.28779913580501315
-1.2930021433091952 0.10676261426410072 0.35145352685367826
0.055176863484589944 0.8082550402662485 -0.4816687265642905
-1.9780236832381348 0.5256724215643462 -0.28921820318782565
-1.2898668937048825 -0.14154856059658272 0.3404872258893228
-0.22285717122680637 0.8215860543097708 -0.46545578634822604
-2.1095959482566258 0.4117723951174854 -0.2884051958330893
-1.3630673950426768 -0.31711638598580905 0.3359091123334146
-2.1490273963519826 0.2075087247799674 -0.2973096529253745
-1.3836308864140392 -0.5450686240990583 0.32675193154728177
1.5980349210483098 0.6362286004457429 0.06372760140812161
-2.13272525463816 -0.05301634120334331 -0.31219841635310885
1.4348671632445331 0.7310341957035793 -0.6548741022356772
1.286826499517744 0.6679385912119868 0.07992194497501615
-2.1566782374865454 -0.2753654930519973 -0.32298781073177096
1.1989792219882105 0.6972144191524547 -0.6429560343035483
0.8443712491068709 0.8308741411763481 0.10802625024235013
-2.133278387950625 -0.5341560351830381 -0.3382527986773276
0.9060589598694548 0.7277556769819804 -0.624379412294271
-1.4623541708785552 0.8001270101414826 -0.39822699225032565
0.7319676757479812 0.6900018704656681 0.10715745294010404
0.6040633283171104 0.7565032977646085 -0.6054284731158042
-1.4340639389106542 0.5803736919275515 0.29040454232609036
-1.6964892968858294 0.770954344299629 -0.3870380083330893
0.4338073927181796 0.7166534218848075 0.12236998879825833
0.31383964141326715 0.7769153820392418 -0.5876572290667319
-1.3962835802788618 0.302084771460267 0.2763278325787759
-1.8919986833804217 0.7181779987316541 -0.3792870203264975
0.15984582650446555 0.711511756049124 0.13499043786442044
0.03667543065095913 0.7755627188573659 -0.5718605676897788
-1.494257155786599 0.12837914563391895 0.2728640874615884
-2.045724522171085 0.6019069665093344 -0.3773176828631186
-0.13340190968672516 0.7380564369609308 0.14987014138614896
-0.248706125926077 0.7957955281535365 -0.55449177420223
-1.5817879027182187 -0.019230658787410704 0.27006457650577786
-2.0888717904333873 0.41437853317087203 -0.3852679888018393
-0.34528625723945083 0.6918126144971151 0.15766309106266263
-1.6511090320396704 -0.19737088409652248 0.2650477727643228
1.7570892610068967 0.750157091489307 -0.021415011049153776
-2.124718956458267 0.20659221240526104 -0.3947742143877768
-1.7141227593772896 -0.3824689531272556 0.25939534509098294
1.4944458882890501 0.7378099434862819 -0.009097830415608854
-2.1154763812588016 -0.046937082045475975 -0.4092695871599936
-1.1485121786406438 0.9101883759058844 -0.4973275820025229
1.172358516395235 0.7797486732434487 0.00848553979313138
-2.104048992829192 -0.3044633398390726 -0.424158350587728
0.8771479231735384 0.800280857485629 0.02375672662174466
0.6271393462079686 0.7825077081815928 0.03506778085148099
-1.503645866797612 0.5729337740372298 0.20555232369816068
0.3700644883270172 0.7727397551120156 0.04703067147648099
-1.6783305262310364 0.49879746873312136 0.2100894292584634
0.08754398798629381 0.7878333602623426 0.06129620873844388
-1.7885472826110345 0.3629635927581374 0.20882342660343411
-2.011864056275158 0.5315149534169334 -0.47017122900569674
-0.16127380248595102 0.7741662105995761 0.07258866631901029
-1.9064275404424222 0.23445759569679225 0.2081935247174478
-2.029237036733477 0.3062964901337617 -0.4818384805926108
-0.4574295826448207 0.8057707831639194 0.08816121423160794
-2.021208873728895 0.10285776871623398 0.2072341283551431
-2.0761959744658185 0.10873923378514849 -0.4903810182818198
1.7162520261331622 0.6146812584513417 -0.12634970343196628
-2.069030504346742 -0.09503642030878456 0.20014642083561185
-1.9788268243224394 -0.23270799618953397 -0.5149953523882651
1.3337008728230018 0.7084078165385388 -0.10282160437190768
-2.0921489225632115 -0.3309122788908052 0.19013379418766263
-1.826076173728822 -0.6448692069441293 -0.5466907182940268
1.0335599470754175 0.7080498075080608 -0.08779980337703464
-2.0617787893024087 -0.5970772328875524 0.17627833688175443
0.7765790583814152 0.7196763276100611 -0.07443501150691745
-1.5704848235499185 0.6473601671154023 0.13329718911564115
0.5080599309006715 0.7192541184073873 -0.061098353029134245
-1.7629001067087984 0.5907237177612275 0.13960193002140286
0.22152645896824197 0.7370315646600174 -0.04607178366267917
-1.9740270826517872 0.5658303144756456 -0.557550684572103
-1.9122440184888916 0.4933691914842502 0.1419422467938638
-0.03125702207229608 0.7261138176337218 -0.034102694154622526
-2.062600997846303 0.41017039655692944 -0.561459318757894
-1.9760539090719504 0.3130511761654162 0.1363570531598306
-0.2873349744948257 0.7199164888085301 -0.021800772310140104
1.9846166021653033 0.8642761358185136 -0.2204406420000815
-1.1589631196113288 -0.7192083462367735 -0.6770999590166831
-2.0228793773993488 0.11528935009669627 0.12911389672672513
1.8762001032828977 0.7162780077842235 -0.22167994177425143
-1.3089875964351023 -0.8218665081231462 -0.6746256510027671
-2.056459061317497 -0.09659905375615274 0.12054227197086576
-1.491095793208828 -0.8922847890904775 -0.6685545603045249
-2.016791581175511 -0.3825909195040449 0.1050312360516763
1.107644346002786 0.9062798026232 -0.17305065786922214
-1.9787007678460782 -0.6692831095251703 0.08950970971500638
0.853796380328049 0.8903952200417917 -0.16074396765315768
0.5705488116738735 0.9024647206262943 -0.14566065466487643
-1.7571782303842127 0.6560708303413088 0.04646180474674466
0.2878562640823361 0.9160985079398376 -0.13058306372249362
-1.886081521221854 0.5149778623772949 0.045795663236734896
0.044107038495795337 0.8844910574232205 -0.11969734823787448
-2.0259726968916567 0.4208758789737779 0.047882779478189974
-0.21917655813642511 0.8842990397428179 -0.10637118017757174
-2.140083720550379 0.289702007118235 0.04689191186344388
1.8843413622930285 0.6592618515233823 -0.3167383829363608
-0.02847482983986538 0.2978771998781724 0.5742256482831216
-0.5150341836237828 0.9159163210856676 -0.08991886770808932
-2.084182817687264 -0.00928494202614516 0.029595120786783724
1.5913859394486565 0.6726968502596535 -0.3005440393694663
-0.24884985370589163 0.25854677091073164 0.5814750035992837
-2.112264866231868 -0.21497328225742152 0.020794137357828646
1.3297140499909261 0.6848593233531801 -0.2861163774737143
-2.18367069380065 -0.37852876126959867 0.01606009805118802
1.0154807997848962 0.7212499788546687 -0.26779343283260104
-2.1811118064092483 -0.6295867402615638 0.0034897168866372397
0.7205684897706846 0.7427811610888542 -0.2512591043719077
-0.7047848272190294 -0.02219280931979295 0.5884587606183267
0.49297590211131137 0.7058471657847822 -0.24114920294368503
-0.7410086712138906 -0.233851883285495 0.5814821561566568
-1.643361470994293 0.7980642956312649 -0.03937985098445651
0.1880252372254887 0.7404685264024415 -0.22355581915462253
-0.8070233354949465 -0.4179694687624158 0.576724274992106
-1.7668923422995988 0.6759883282206496 -0.03932072317683932
-0.09644367966261314 0.746689500463781 -0.2084772745379233
-1.9076224792376877 0.5585065836228158 -0.03823973333919284
-0.36701324631340526 0.7542842273509134 -0.19410587942683932
2.0420731164727357 0.8359934495421899 -0.4087441126116538
-2.0104906723886273 0.41651594069668185 -0.04028441107356784
-0.23900669693173882 0.43044675400445964 0.4984667142621255
1.7619178944086542 0.8248358252621073 -0.3939759889849448
-2.013092302245454 0.16389386205904266 -0.052799002290608854
-0.4649791672690924 0.42194537989245173 0.5074131330243326
1.5016859396634743 0.8223775768041484 -0.3799245516070151
-2.0793794100868865 -0.0031832870168750915 -0.0579788843401694
1.1722763332906112 0.8705286639332468 -0.35968043005550143
-2.0109352913017915 -0.31699648491478616 -0.0771138826617026
0.9145564893886444 0.8576589884717811 -0.3463814417132163
-2.0112777647938174 -0.564697149597392 -0.08964277899348971
0.6423537624838076 0.8594620166928206 -0.3316276232012534
-1.0295208693897138 -0.008292747417255164 0.5128977140179849
-1.7803413770077157 0.6634247490610901 -0.12651230490291354
0.3580595953708041 0.8860685607227965 -0.3150413194903159
-1.0973545869023127 -0.20129502027507407 0.5076987584820962
-1.937900969324545 0.5501673206199817 -0.12434126532161471
0.09427513458754788 0.8841546743246087 -0.30102945959651706
-1.1124141111001933 -0.4464650139424693 0.49818156564152005
-2.0575900481159977 0.4124953606417865 -0.1253760019549155
-0.17870809588441716 0.880477324560522 -0.28666998541438815
-2.137153668497831 0.25969546331657334 -0.12924219763362643
-2.134710206379765 0.01325533009417601 -0.142056242586019
-2.17599731638947 -0.1914288883922275 -0.15059544241512057
-2.1689304871447064 -0.4456532945784941 -0.16414190924251315
-2.1631931336909673 -0.7003589867869255 -0.1776988664873862
-1.6440100323538616 0.8078318422451551 -0.21335007345760104
-1.0503439735306728 0.2302090078615473 0.4349529584637857
-1.7782977900572376 0.6961163234779355 -0.21217610037410495
-1.103790895650178 0.03696224189620256 0.4290377935162759
-1.9308779085841792 0.6022389593093047 -0.20918203985774753
-1.1330186511207643 -0.18060184631355458 0.4210421880475259
-2.0228607318973957 0.44991706432533896 -0.21240927374446628
-1.1239271363130001 -0.4366741561980376 0.4097821553937173
-2.0620008353070034 0.24548923022017632 -0.22112967169368503
-2.0701598708598965 0.009414955068985265 -0.2331493059405112
-2.0618383158146116 -0.24459432124795466 -0.24700714743221042
-2.0795514774894173 -0.47440436745314063 -0.2583143869646811
