-0.02998247262382847 -0.8451154521501962 0.3740959751201577
0.16750799715915576 -0.560353528185825 0.3700346338344521
0.3516384797979413 -0.27189633848246686 0.3660029160571999
0.44186071969269136 0.047310876955091175 0.36215132351645896
0.5284465038199357 0.3678543839408306 0.358301578719706
0.40881952992157267 -0.8836077325671567 0.20692539091834494
0.8152474351428012 -0.6689423914846699 0.20302981014975974
0.8518405357241505 -0.33408600067765093 0.1991839396549172
0.8280514348697139 0.021518694929568483 0.1953288304401345
0.7725233153931299 0.38889949846319993 0.19145643587836692
0.5908174812259759 0.41435961155696077 0.026243089397043673
0.46318363725890066 0.17645784170330714 -0.1364049923824363
0.3987446134044177 0.5483683404692812 -0.14092302445641092
1.840233209240317 0.12713342559089824 -0.2834788573192649
1.82314776044511 0.4786702606653819 -0.2879853260921531
1.1288907589583843 0.752990748479462 -0.18296432618370584
1.2848913353827598 -0.6711178369316144 -0.3091527235912376
-0.475761710950124 0.42795389335306666 0.2809592473102517
-0.5533827417271269 0.6561713725970577 0.281212328631968
0.3999597229302836 -0.4259509966699042 0.15425813074836203
0.4183692018354179 -0.15288417626576134 0.1558839070392556
0.3672202421409594 0.6105216111625076 0.1592558013988442
0.24028394858471103 0.8127974314862954 0.15889453764686057
-0.236037436532321 0.8553573287529943 0.1538968669963784
-0.7993183717127224 0.8616596839251613 0.1477550851894326
0.8161787790915724 -0.7511562558008258 0.03833794470557639
0.8015849919408851 -0.49403231541797155 0.039716838557810275
0.8092456256062235 0.29717213111137397 0.04454254980811545
0.7039157614989904 0.5083569638317549 0.0444736468387551
0.5947752336556889 0.7178050831395453 0.044335721690744845
0.7256219202888374 0.8319392859034735 -0.07102930669060281
