-2.223483367627381 -0.7480539380980495 0.34729102145504687
-1.7430681884682002 0.7630150741747315 -0.08525273312258985
-2.0834286572347054 0.5380939145063479 -0.06442925442385938
-2.142200098687013 0.25183620460096634 -0.06479451168704298
-2.085300299723272 -0.06090555720527746 -0.07392785061526563
-2.0587295134873784 -0.36750396118386774 -0.08086869229007032
-2.0867108374499708 0.6424295299051117 -0.20932242382693556
-2.1597115244382934 0.35945488591379515 -0.20857426632571485
-2.1850632090608855 0.06571817550713277 -0.21156641949343946
-2.153180568020886 -0.24153508976349514 -0.2190470408313301
-2.0981845283124017 -0.5549377642298055 -0.22839734066653516
-2.0540756055641367 -0.86663782068646 -0.23699995983767774
0.07822641923863216 0.6861205847297107 0.6852379132397148
-0.6821968997149099 0.545081058380589 0.7300091076977226
-2.123152343432139 0.5746020911389138 -0.35452696789431837
-1.2817806109482461 0.37356446609509675 0.764447717774627
-2.1574752199395277 0.2830258050464849 -0.3568229388110664
-1.3605991099639425 0.0888892960599108 0.7653875638134453
-2.192826516683539 -0.008537282917160383 -0.35911938656497266
-1.309041238799196 -0.2254681725472274 0.7578735638744805
-2.1661012953013454 -0.3147152555827901 -0.3663911532275703
-1.1857629484484562 -0.5573440415518753 0.745663194764373
-2.0580163873413113 -0.6407533529473923 -0.3801693629138496
-2.0578826730774864 -0.9422457172509446 -0.38552758206057813
-0.08117877097865289 0.7496758354073272 0.54588797580075
-1.036387832546012 0.6512822252374271 0.6047759343273613
-1.635573232525843 0.4807950537832042 0.6401725102550957
-1.7432268864125149 0.20391232880348653 0.6430688191540215
-1.7155938149581402 -0.10351702722574885 0.636954813111541
-1.6696602265854352 -0.4158767732915898 0.6295533467419121
-1.962934373861387 -0.6491862283528675 -0.5202359866015938
0.36694923937082535 0.7450538963402273 0.36679080020260546
0.006551242590106199 0.5156042342018026 0.3869514752514336
-0.9830071250408281 0.4265556554631438 0.4497466374523613
-1.7287056522223025 0.289817110052514 0.49601605426144335
-1.6472444765500143 -0.029719917118896433 0.4861011792309258
-1.5670191275680452 -0.35004414077694435 0.4761863042004082
-1.6434634346635164 -0.6347258383481673 0.4768472005016777
-1.7208956503210828 -0.9191053957405089 0.47750809680294726
0.6306463648108434 0.811132526329498 0.19937327395748827
-0.15703588502714183 0.6567917583199332 0.24957564364742968
-1.1267545776482564 0.5629077774400884 0.31266787539791796
-1.7941652426343637 0.4085070775000652 0.3547296811230156
-1.9798986018167142 0.149798066821635 0.3632102299816582
-1.9913956915628717 -0.14799185634897327 0.35947897921871874
-1.9602545616126577 -0.4561188486327552 0.3526945401318047
-1.83318519086275 -0.7876759287263759 0.33912613879513476
0.6827246112939065 0.7220267881358069 0.04326155673336718
-0.3554744708580415 0.6373621295043996 0.1128440190441582
-1.305523361246955 0.5404991130797612 0.17616465579342577
-1.9144160802020735 0.3741129601322335 0.21513035785031054
-1.983485088991543 0.08946629509431858 0.21547892581295702
-2.043819313393712 -0.1971594307280391 0.21513035785031054
-2.0371565514707015 -0.49949181965427414 0.20991185199093554
-1.9636759074858645 -0.8182296237832567 0.19982245456051562
0.3451807562533844 1.0838240565949349 -0.07923075665164259
-0.7020801498519234 0.9991464337825811 -0.0071940134875800865
-1.6172597766720855 0.893162977030741 0.055214433778044913
-1.9427115606138585 0.6640686141308407 0.07447150241207812
-2.0253698550165353 0.3827574622315737 0.07589772235226366
-1.8366255373695992 0.04006848177396449 0.057354002106902335
-2.0477875440940494 -0.21236699989212937 0.06805184375118944
-1.9974965574667607 -0.5249238526525453 0.05949357043575976
