1.5564782245762743 -0.6047807820256388 -0.04434775822669401
1.4279097347357492 -0.5001489969562165 -0.04523229115516081
1.420340569587708 -0.256979229299386 -0.021620745592416668
1.3879120593574186 -0.043956788745905584 -0.0032925557425631524
1.3138500869275376 0.1206363166151121 0.0064420748421536445
1.9373251423489748 -0.42581524274445925 -0.15971040242225065
1.9677845416941366 -0.1385988446453048 -0.12734698765784636
1.9252228796081923 0.06189323777234179 -0.11059045308143034
1.8478468505972216 0.22121077820658996 -0.10129355900794401
1.7613869541256335 0.36948052389324815 -0.09402417653113737
-0.41459248879969124 -0.045772182827587216 0.4837021876046048
-0.5243530676778221 0.08393935315554302 0.48596716410606966
0.009238793105843968 -0.2809783785601674 0.4126205492684232
-0.017516467679044467 -0.061263549339390266 0.43001413828819857
-0.059994579953425387 0.139994834444245 0.444393639630972
-0.16915596377217668 0.2685071208407095 0.44668674952477083
-0.8034201476791907 0.5744792200056033 0.4202723551461087
-1.0590402859363124 0.5518059190817866 0.3966040659615384
-1.3083097011849247 0.5376119341277104 0.3741550493904935
-1.4821177367067548 0.5066330207026226 0.2705955553719388
-1.8585388062077044 0.5504267885026195 0.155267720288931
-2.0707950216169877 0.5792788366545985 0.13905478007286654
0.6112907875948039 -0.7254544358537274 0.08146715647667513
1.0981693963495474 -0.741027505951724 0.028635029859243488
1.0736989806139192 -0.5155046904516709 0.04853868967980013
-1.9414634620352018 0.48018952754319955 0.054966454572378254
-0.907664072195594 -0.5947337051401611 0.6470003176400052
-0.5989808183044047 -0.4543419215050868 0.6700143862435208
-0.524214537716432 -0.23131872342444382 0.6695447016426908
-0.44866135918620387 -0.008550178165346978 0.6690750170418607
-0.37232246961240634 0.21397216121530604 0.6686058092781888
-0.32785625348395087 0.4484130720474724 0.6648483324715482
-0.08901509659705908 0.3730234358466511 0.5702085543343411
0.3699188959206339 0.6648321468115554 0.36614084727257357
