1.7316606432960668 -0.4652086673261877 -0.30213632989366435
2.0939504592305127 0.4204759345559843 -0.2792295496507444
1.747479175697947 0.7276716671236123 -0.2938560526414671
1.7572881523761055 -0.5677796970408764 -0.4510544817491331
1.9615599651173454 -0.2731450247450198 -0.43902101922471903
-0.047298850397567094 -0.24733842291537655 0.6823817212537966
2.166825571487635 0.020057987685774492 -0.4270094912095823
0.08828974577028248 0.05439986668036312 0.689195247407361
2.1834110973347833 0.31647891019257557 -0.42434301782091044
0.15996612926991816 0.35677766420436896 0.6937066037611208
0.6390637334738756 -0.48356682311833765 0.5537496526197634
0.6938691496258684 -0.1824469737102561 0.5578313786939821
2.1757779773087123 0.09622611422247473 -0.5748461763902464
0.7697118532984177 0.11787821555659406 0.5626350362257204
2.1676524291436863 0.3932199732075432 -0.5734361689134397
0.7417118349204088 0.42032628607604394 0.563554378266736
1.1049579057225287 0.47051821111229586 0.05827531408826925
1.238521575952518 0.34484936953506207 -0.19326105523546122
1.4732145625669943 0.5025632035816123 -0.4388946573777952
0.5630646310063128 0.8233660382517236 -0.4673689882798948
1.438304157838843 0.4437942252206284 -0.6695174257798948
-0.15079212879112447 -0.6732174837134295 0.7845293004469118
-0.1426160243557888 -0.14390076675363161 0.7877796609358034
-0.06927151618123162 -0.07363536782886371 0.5329705197767458
-0.23463553281487748 0.41611932121908524 0.5314441640333376
-0.3983096489363618 0.9066391058877485 0.5299182851270876
-0.28995757255475496 -0.6499819722932614 0.2657710034803591
-0.11589645697458195 -0.0830042714346888 0.2744713742689333
