1.668206216501133 0.6879087169471347 -0.4717243200476928
0.8538213176835363 0.6896477805994756 -0.44714431821663814
0.45175925793417804 0.6913310143414826 -0.43503265439827876
0.7114811516095934 0.5010608497364331 0.4438511842552857
0.05038061399341842 0.6953869808158437 -0.4228933340247436
-0.3297126878827292 0.6877101004517172 -0.41183786451180415
-0.7133335565842884 0.6850865574071747 -0.40053348600228267
-0.07716836495538715 0.23157550189959863 0.4508401864830689
-1.063494745775401 0.6619204079644234 -0.3909862524207397
-1.478698810772066 0.6865622437289538 -0.3778446203406616
-1.0956857561566054 0.40356510883578167 0.4740311616722779
1.7474919516682448 0.7444369826077448 -0.5851591116126342
-1.7338106668443842 0.6014860119472694 -0.37338476239998775
-1.4253505117404899 0.36901035826023687 0.47900314272086186
1.4024142937711268 0.7020932788122778 -0.5757525449927612
-1.8911186973437673 0.4483858868923001 -0.3742783552344604
-1.6242054612157197 0.24374987356182487 0.4790734762016968
1.007819919095617 0.6949424670963964 -0.5635569578345581
-2.0366861759889012 0.28723879924061535 -0.37583999692757564
-1.7135437431317122 0.040952575880925934 0.474991511708899
0.6055285225674787 0.6956875980248007 -0.5508726125891967
0.7547970922781957 0.5532402679872348 0.33285160005728764
-2.1016859935571865 0.06829209092406074 -0.381881046884851
-1.7023067732928254 -0.2346779986884222 0.467047643071814
0.21218340527567037 0.6932037910877646 -0.5386221891578002
0.6009654323138953 0.38792398147669616 0.3312103265587525
-2.086730312035222 -0.20929977588518867 -0.39241342603524165
-1.680233222974401 -0.5196442086877298 0.4586255067650513
-0.19291818131964078 0.7014748863574809 -0.5256503111060424
0.4466082765344481 0.22324084739982197 0.32957191408316655
-2.0852061292154964 -0.47858664988111244 -0.40228824674447017
-0.5808393603702875 0.7008141392743674 -0.5135753637488647
0.011700162459185037 0.2517167842713839 0.33892793596427007
-2.0205750733892707 -0.7957059527358616 -0.41577224790413814
-0.9681325913977261 0.7024400975805847 -0.5014727598365112
1.773573890078417 0.9301427862502649 -0.6922557836707397
-1.3342822267363879 0.6920409602667199 -0.4905021673377319
-1.0031218141772946 0.41937301143167005 0.36356992662589116
1.6374457283876787 0.7499184489830171 -0.6943338400061889
-1.5895074639893352 0.6062725780662852 -0.4857714658911987
-1.4596315059890195 0.473371509831928 0.37400360048453374
1.3133337329407624 0.6943449700731819 -0.685653019541101
1.4377074101128215 0.5830288897219233 0.20752019823233647
-1.803928865281236 0.49301376190395985 -0.4833491331275268
-1.6785732012320018 0.3625969110700922 0.375046443349524
1.6625161887136741 0.191394953948123 -0.7157156950171752
1.0012545691003965 0.6039145348119135 0.2174436563317017
-1.9249566541426972 0.31413414387639804 -0.4862645155127807
-1.7959586987242382 0.1803498686497207 0.3720304483238892
1.673107257918037 -0.08865630684398695 -0.7264292722876831
0.6485377054888843 0.5715933204076435 0.2240035051171021
-2.0425652399369945 0.1327657492342489 -0.48941307126839595
-1.6907853106198374 -0.16192337410977586 0.3600508683983521
1.0456362922646179 0.06226097847153511 -0.7002423292334838
0.3417386899588415 0.5104512432207962 0.2287175172630982
-2.0393908247954435 -0.13603636489246895 -0.499549675577478
-1.417378211922884 -0.6284628374475218 0.3411938661400513
-0.2401244582258073 0.6676854182885954 -0.6356146818335815
-0.12989024399904991 0.563780951132987 0.24025745332877202
-2.045562464324682 -0.39942138669060867 -0.5092342382605834
-1.6876822662508673 -0.7027388290228593 0.34418649614493413
-0.6197716732289145 0.6617487393947634 -0.623458195322351
-0.1723953291198903 0.3252617845651642 0.23411054552237553
-2.0086726687051133 -0.6956985099829005 -0.5214984899695678
-1.0357602275654223 0.6836344137043255 -0.6091111189063354
-0.844223760135673 0.5223518492705814 0.2540599817101197
-1.3813476814982124 0.6593765772089242 -0.5988247877295776
-1.1084720871247953 0.44031661737467687 0.25715322435538335
1.6635111232482025 0.7313158627375351 0.10546321809927983
-1.693796206230946 0.6141070027293409 -0.5904410368140502
-1.483008379655704 0.43736088271044693 0.2648798936669068
1.3059495375530474 0.6977582488542815 0.11258811891715093
-1.9244292366244764 0.512831456730364 -0.586858082407312
-1.6571926968992905 0.2949329933876328 0.2642399782005982
0.8906142603351945 0.7051050726541064 0.12221879900137944
-2.0210031395855914 0.3169708720994855 -0.5912249571021362
-1.8276874352911072 0.15037584917177327 0.2634331697289185
0.34899125082245064 0.8157906213183956 -0.7603343015845581
0.5008814885006707 0.698181087847825 0.13081426561514897
-2.057501579184663 0.0776053181515799 -0.5992162710364624
-1.2603440558590755 -0.5247166043549214 0.23137969911734624
0.32837435073169274 0.562295937986903 -0.7692931181128784
0.1324288329005192 0.6795255958032769 0.13854761064688725
-2.0546231525902385 -0.1912434446292579 -0.6096346861060424
-1.6721876772621158 -0.4972744255109234 0.24068612993399663
0.2860067520695111 0.3225859134266109 -0.77702026426156
-0.23963177943206304 0.6658270946454401 0.14648408830802007
-1.9965297241515003 -0.501766467141902 -0.623453426950769
-1.788609365684195 -0.6825726381264658 0.23745651186148686
-0.5987935086153193 0.6457868386341659 0.15391130388419194
-1.9963310954316036 -0.7717271449963086 -0.6339023595984741
-1.0868628509613742 0.7328673060183917 -0.7145441061194702
-0.9533481589992618 0.6249805017866805 0.1611845010582642
-1.299219663753977 0.6004836028065483 0.16812391222159428
1.9649522765705143 0.5882239097164259 -0.03040437757332759
-1.5955879551203935 0.5434677171749804 0.17293949068228764
1.527595927601606 0.6058130571509643 -0.01921205579598384
-1.810185429898997 0.4303041590927208 0.17419118822257085
1.0951878994576063 0.6232503715524373 -0.008174229257897903
-1.9029395690655733 0.23110584097059572 0.17007226885001225
0.7050499231604803 0.6154083047035996 0.0010225290123657693
-1.9315561775571766 -0.014565677521936493 0.1630770677391724
0.3072352248168997 0.6154653306436444 0.010621737844152879
-1.1298756640110597 -0.846906027742552 -0.7748210912879272
-1.9289032292992232 -0.28392470178363993 0.15463323534171147
-0.07341996930297867 0.6065958726317326 0.019499015218420457
-1.8911920503373416 -0.5802564418620797 0.14455575884024663
-0.437018086224473 0.588628479496613 0.027651023275061082
-0.8083144913665699 0.5784543229453369 0.03620309770743413
-1.170847831916575 0.5647167021609398 0.04440517366568608
2.1816253403211547 0.7993638792111533 -0.1427243238623901
-1.5124071302785822 0.5387162035335571 0.05168933809439702
1.8736645973139758 0.7299095780333609 -0.13695030271370845
-1.7923255911887779 0.4713740929753776 0.05616636217276616
1.3198275717895989 0.8245261858601651 -0.11963205396492915
-2.0110669915952215 0.3620434874399727 0.05782670915762944
0.9295886924504764 0.8146827863873227 -0.10989694654305415
-2.0919587068382626 0.1547196273584852 0.05306739748160405
0.5233344600456036 0.8182509728135443 -0.09935169278939204
-2.0603154757385305 -0.1344762777073285 0.043003272420568894
0.12190019809199626 0.8214273357275168 -0.08897380887825923
-2.082583497068967 -0.3860802180861711 0.035384845143957566
-0.24994706930129595 0.8073010071308033 -0.07994155942757564
-2.1180785607629105 -0.629102992072724 0.028324794179602097
-0.6212521369792761 0.7953441341695857 -0.07088308393319087
-1.0084405130283756 0.7968903060835792 -0.061012554758386184
2.0166863032230715 0.609803380285328 -0.25795202314217525
-1.3416664276210994 0.7636187839722766 -0.05367450773079829
1.6751815565189005 0.5636477913852822 -0.2501504903968139
-1.6335726768051906 0.7035655522523321 -0.048285294168786574
1.2133905229721158 0.5996832590208321 -0.23640184461434322
-1.770165375843174 0.5356290546042963 -0.05037670194466548
0.9143600546259094 0.5300226431994339 -0.23059587537606197
-1.9195299814127154 0.3768977599589931 -0.05187397062142329
0.42090079866769514 0.5934371776475338 -0.21514873563607173
-1.9556589185739135 0.13728990249269657 -0.05890636503060298
0.011158559904444587 0.60364692828702 -0.20376329480965572
-1.972587456973379 -0.11711127858151826 -0.06693821012337642
-0.3731554818623408 0.5993186762310643 -0.19357948362191157
-1.9462312762499963 -0.4041527061777579 -0.07716207563240962
-0.752738378398103 0.5944041704849887 -0.1835744863684936
-1.123526457648424 0.5859848916680299 -0.17395381986458736
2.143529652087029 0.7848642890045063 -0.369216251962976
-1.4978265588040678 0.5825926884488126 -0.1641023641761108
1.6559227745855623 0.8334041159478822 -0.353530216806726
-1.7858306758579516 0.5208374535476281 -0.15855150281746822
-0.5925483526393371 -0.3511350175103054 0.6651246064964966
1.2193611532881725 0.8518449095904153 -0.3403614050086303
-1.951518774094371 0.37376167393134097 -0.15917139112313228
-0.6228436330381975 -0.6009652640974004 0.6591011995140748
0.8459688104533036 0.8313870236593495 -0.33035640775521236
-2.0648348989948317 0.1895525577411057 -0.1624720579322143
0.44819535315546943 0.8298016945205369 -0.31904678403695064
-1.9641612954694985 -0.1493200181045431 -0.17672853528817134
0.06761000263010075 0.8193688723981829 -0.3085625654395385
0.44159690420189435 0.5513360176042816 0.561342191106482
-2.091486997669417 -0.3247418020393482 -0.179422665232019
-0.3123903403113246 0.8111530093276471 -0.29805259763558345
-0.030283079173411664 0.6038167269582431 0.570673655873938
-2.219422398589277 -0.4997176947730999 -0.18211727201302486
-0.7082920831737596 0.8164782441148652 -0.2866604810889526
-0.29508655235566295 0.5177691596838159 0.5728337282005982
-0.9719941751480796 0.7332281285486495 -0.28209238111336665
-0.6667481204182728 0.5070286564576278 0.5787612909142212
-1.4242607414464494 0.782694368931903 -0.2676504141028686
-0.91480865207458 0.4127433719148037 0.5803768152062134
-1.7160267896578034 0.7230033974723362 -0.2615421301062866
-0.9828684552063507 0.19343937531572664 0.5756341928307251
-1.795430263185601 0.5150000848074754 -0.2665842062171264
-1.0477571881343763 -0.028713052190131094 0.5707399362389283
-1.947056875193546 0.34468544768769505 -0.26832561551888423
-1.095512906652182 -0.27718900492605414 0.5648309701744751
-1.9874179180064608 0.10805599390012333 -0.2755268102820678
-1.9761827410551334 -0.1667777217366293 -0.28553848325570064
-1.958174523108049 -0.4480063105013876 -0.29599599897225337
-1.925411360753209 -0.7416105284342471 -0.30733280240853267
-1.971567925014135 0.41873152438070704 -0.7787545210059448
-2.1767251416115663 0.023289543508724364 0.27210946024100346
-1.9869474484146998 0.045447282986501136 0.25908846796195073
-2.2286901007361664 -0.8573406001383574 0.32940287531058354
-2.1152660978291458 -0.9096504089600614 0.32549662531058354
-0.9500200793726208 0.21964213701689772 0.669881533986731
-2.012681151766916 -0.9728256192765663 0.3228921407524781
-0.8937820963683016 0.1040011129294065 0.672804068929358
-1.679782309659025 -0.8161825549620616 0.29250950754324956
-0.9317707115337512 -0.10131090497815975 0.6852249616448121
-1.6815123921320314 -0.9804732908912186 0.3024925702873902
-0.8587609624051602 -0.1996485583855403 0.6863207334343628
-0.6582103280244773 -0.17764980811408293 0.1896416658226685
-0.811527370020368 -0.32213997061910504 0.6899740213219361
-1.7171676300433916 0.20382627333460945 0.6503047460381226
-1.1819837700073101 -0.8350518701964056 0.26212663591544194
-0.7102383079613119 -0.3935655169088328 0.688147496587439
-0.9693203508996078 -0.8001382573830007 0.24650115907828374
-0.6018215207824511 -0.45860985591820835 0.6855902189079957
-1.4055278394490323 0.17289894679874607 0.6353437417809205
-0.8952168057091825 -0.8947969250342673 0.24736924112479253
-0.6254858244170549 -0.6458762522430597 0.6961845868889527
-1.3171355496855028 0.090002836713861 0.6349696630303101
-0.8067816143657396 -0.9762302761285184 0.24650115907828374
-0.620728236235049 -0.8057300081719418 0.7038564199272828
-1.3577719524167726 -0.11829499261823528 0.6480605119530396
-2.2017049747003448 -0.9787178037603397 0.2707259172264771
-1.334965952118658 -0.26369862809983147 0.6544191354576783
-1.2948719391070966 -0.39171994611108474 0.6589071267906861
-1.8244297360086499 -0.9396717798303875 0.24410982072989507
-1.2156324333596729 -0.4819271986868223 0.6592812055412964
-1.906593790420743 0.1400201594844397 0.6035804265801148
-1.143970614654851 -0.5792457925110455 0.6604034417931275
-1.5038227463212976 -0.959821581943821 -0.2515323644812866
-1.8642431911346407 0.013136749328239716 0.6081733220879273
-1.0981360920335028 -0.7006542168078376 0.6641435140434937
-1.7374703293333944 -0.02955215423672186 0.6035804265801148
-1.0090661648260522 -0.7813101224266568 0.6633955949608521
-1.7493164066246898 -0.20915758166243847 0.6139139646355347
-0.8873199681747685 -0.8318328726077127 0.6592812055412964
-1.7050613234250385 -0.33266066747826883 0.6181239599053101
-0.7399150898747067 -0.859306479980738 0.6525487417046265
-1.6542102528122733 -0.449236204985791 0.6215686315361695
-2.174174764230976 -0.9859180148065754 0.21084852159659428
-0.5776612833414774 -0.8740841793271485 0.6443202012840943
-1.5859213799730938 -0.5485851242048874 0.6230995172325806
-0.426287994504154 -0.8997545923605195 0.6372141355339722
-2.1356912045543055 0.25553199429052853 0.5556122773949341
-1.5432445290569383 -0.672237780669068 0.627309512502356
-2.064589818875479 0.15751262912099406 0.5571746343437867
-1.4649837674170314 -0.7615703866104226 0.627692174321814
-2.0782799812751485 -0.025492782320345242 0.568110179311438
-1.3834203614970342 -0.8477428891308421 0.627692174321814
-2.054134151979426 -0.1693780104418927 0.5747496599022583
-1.2621379481617439 -0.8967182456211589 0.6234821790520386
-2.01299941805204 -0.29560027419590185 0.5794362539116578
-1.1007331975350318 -0.9089082424010151 0.6150624269310669
-1.9582319132384534 -0.4078284284308289 0.5825604909722046
-0.9464392773769212 -0.928706222412206 0.6074077600304322
-1.9003912510423824 -0.5166660503141536 0.5852944368187623
-0.780957868200634 -0.9391935213902052 0.5986051076714234
-1.83228745802651 -0.6152080225686838 0.5868567937676148
-0.6078701083217375 -0.9438386046226732 0.5890371316734986
-1.7932866762041009 -0.7415996063051224 0.5915433877770142
-1.690043654754465 -0.8059539755088245 0.589200209981604
-1.561654846892818 -0.8467072486955196 0.5841228479210572
-1.3897444291694327 -0.847026763688735 0.5743588918511109
-2.2302136231155494 -0.29660689271834784 0.5263881200615601
-1.2575522800623098 -0.8857503957896391 0.5688912385765748
-2.1717844259580765 -0.40469386239698935 0.5291888231102662
-1.0997833326954343 -0.9013464622791432 0.5606894010369019
-2.1173685368946202 -0.5163953946176036 0.5323900693718628
-0.8429667227102833 -0.8264370168378754 0.5419430249993042
-2.070556441773075 -0.6351566739038361 0.5363912099663453
-0.7432677648449726 -0.8979321655694683 0.5399901384178833
-2.0135664996720273 -0.7435381360062401 0.5391921514336304
-1.939115798589846 -0.834724274196919 0.5399925226036744
-1.8542080667925411 -0.9157925596637817 0.5395922178093628
-1.7009870185703946 -0.9318758241425371 0.531589936620398
-1.5403392771345956 -0.9418957365532421 0.5227870458428101
-1.4194399300150238 -0.9902838493794945 0.5183856004540162
-1.0142229844892334 -0.7741408731373944 0.4827744478050904
-0.7973854599252839 -0.7366107795817278 0.46796984613577886
-0.7414250436854743 -0.8487273833338129 0.4707705491844849
-2.222789734781518 -0.7856940171030047 0.4949109071556763
-0.6638548019252113 -0.940787679485652 0.47117085397879643
-2.073420721534678 -0.8032228985812431 0.4871434682671265
-2.1846545801869475 0.2265982024605968 0.37400550783316655
-1.9418123893721244 -0.8388183820667408 0.4814199918572144
-2.138150353157318 0.10393106140952924 0.37859840334097905
-1.820946296677338 -0.8853904084207151 0.47692294061820073
1.7629786344424971 -0.6456161823626303 -0.6532552725013061
-2.1940929384789065 -0.12122541271350329 0.3952991479698853
2.027840669182087 -0.5897806672416976 -0.6787167078192993
-1.701332334240373 0.20356244821762814 0.346867036229773
2.113800558138088 -0.6849682860840574 -0.6792474275763793
-0.9426524833487804 -0.5441423834853616 0.40537877023856206
2.168779786939645 -0.8057994762343093 -0.6755342966254516
-0.8894921917583076 -0.6593244423887938 0.4086493963066773
-2.1812429043050443 -0.7710411353695399 0.43287606180350346
-0.8148910598383772 -0.7542770430910792 0.40946693361441655
-2.0889849170475117 -0.8442993182941763 0.43162364900748296
-0.7149643662814391 -0.8258573719655367 0.40742273271719975
-1.9969513623959578 -0.917919750118056 0.43037099779288335
-0.762896512287 -0.06703193934508178 0.3063675874535279
-2.0362836557214017 0.24816286788162856 0.3037771695915894
1.5381858326018616 -0.9603981259663676 -0.6769500261481567
-0.7187580198595889 -0.19328870688651634 0.3109602445427613
-1.9371556111623995 0.17811900756054655 0.30207247675101323
1.855772234161595 -0.8597254736996405 -0.7103760725196167
-0.5443618907474495 -0.19686399484199413 0.30052227914969487
-1.8593538262485545 0.08654374901055562 0.3029248231713013
1.921654825213551 -0.9701668596179296 -0.708219576471643
-0.8218141420599849 -0.6224282158543168 0.34185666978995366
-1.774829235997938 0.0017417031758029111 0.3029248231713013
-0.743426372577499 -0.7142295676167016 0.3422741407219605
-1.6870577705396492 -0.07985844522358221 0.3024985307518677
0.9821385429312066 -0.45219903435872766 -0.7305739408667846
-0.6617051118641228 -0.8029229290624293 0.3422741407219605
1.0010025082783578 -0.6023486517659755 -0.7212615495856567
-0.5802906529245071 -0.8918992959252172 0.3422741407219605
-2.1586358715795306 -0.8727849859175443 0.3787910455528931
-2.048795091031753 -0.9288443197962195 0.37538142145316167
-1.70178740273899 -0.7577607749528923 0.34384150446097417
0.3474929060068632 -0.5402057947269512 -0.7343647962744995
-0.7761921967143905 -0.03901328550304228 0.24410719812552495
1.3426026875881334 -0.9703591061568559 -0.7234528547461792
-0.6921117874169198 -0.12759575045457794 0.24410719812552495
-0.47399787907156465 -0.09025988250413164 0.2283370012108521
-1.0166501860593904 -0.7644161271538898 0.30164618433157964
0.7948942214838226 -0.807671725276446 -0.7521720415290161
-0.8985547192386427 -0.8182972630803711 0.297383975392981
0.883806964566002 -0.8952439976088513 -0.7532849794562622
0.7994069646189672 -0.9762109271740123 0.2604403013054566
-0.8992601954726815 -0.9738194523465857 -0.6648524290259643
-0.6888688750623189 -0.7883960080997419 0.28246636331717534
1.0240496394303342 -0.947163853272663 0.2445742601219849
-0.09233005024454854 -0.39841645058757535 -0.7769234663184448
1.2340282423721476 -0.9323157303496608 0.23037881792227788
0.39233237238723717 -0.9550731700765098 -0.7757914549048706
0.9474468390770845 -0.9731988150291784 0.18827266634146733
1.1685991994835767 -0.9482978724792268 0.17250294626395268
