-0.11909137329001318 -0.564442135882615 0.07682284979093534
1.6322685084409905 -0.8909530949902944 -0.47903528543245333
-0.3832012750656286 -0.31872185687556254 0.05767378477323515
-0.46810251667655756 -0.10083978083893186 0.7232697930740164
-0.46092360256629483 0.07237037351811182 0.719113680403118
1.959399674314941 -0.482658726839027 -0.47310414644014376
2.0229273602448554 -0.33437970152316865 -0.4743029150558664
0.9701239171837166 -0.010578490517517025 0.1104622807906912
2.0582270104848828 -0.17797726858751162 -0.47748055787813204
0.9873635015047242 0.15514666799037968 0.10632381109464628
1.9697277231391919 0.015243735427077354 -0.4892374548507883
0.8768692993025748 -0.9126887441869016 -0.6051653894973947
1.4731973479265594 -0.9060934985026279 -0.5689877543045236
-0.46061977343880933 -0.347906718176489 0.6454292264388846
-0.43057255984310316 -0.1640272300703387 0.6417437520431326
-0.4089451492552616 -0.012626945806694323 0.6385782685684012
-0.3870101554384391 0.15634189580855207 0.6349450078414725
1.3131736637575298 -0.16941073003971496 0.049286934416179484
-0.4172594039535831 0.3405589248093861 0.6291216340469168
2.047451909411004 -0.23339289562648702 -0.556615022142048
1.3490198061294052 -0.010513658108756374 0.0461922612594412
2.121391023074562 -0.08836555687673808 -0.5571056875778391
1.4141551909842676 0.1397869086247283 0.044705006163005656
-0.5200095740733328 -0.637279766931492 0.5664730992721365
0.9457711004816769 -0.889217577996817 -0.6836585077835275
-0.09043512092834582 -0.5791724129910705 0.5803199735091971
1.305886983880992 -0.799745016535681 -0.01360287996065157
0.011359883108189806 -0.43401690731116105 0.5801878896163748
0.07028941572311886 -0.2773724403697386 0.5782004323409842
0.08407441810749994 0.06533882872456331 0.56966457037199
1.7650395001806203 -0.25801099526797344 -0.007419017274494344
0.09672220589157199 0.23546426762040795 0.5655909505294607
1.7622562975853349 -0.08945828025456848 -0.012724784333820516
0.018903624944787367 0.4323742567439055 0.5575664964126394
-1.2045986698111797 -0.6402466629180026 0.4566212621139334
-0.5574723666474739 -0.6362466928346322 0.48075470594633085
1.088194765426902 -0.9361603180074738 -0.7466887507034494
-0.11825861295264062 -0.5805390933321846 0.49572477010953886
0.09915908628468983 -0.4669744596635397 0.5008524384902762
1.8991111197212742 -0.31369362518717736 -0.07963815065156954
-0.14224070785945742 0.29563143879931886 0.47141894964445097
-0.21983454214152154 0.4933453332292146 0.4631551232742117
-0.9359568767045268 -0.40367897445337064 0.37539062170255644
1.119385155859737 -0.8270441046924759 -0.8382414850784494
1.1578554820761795 -0.8269682940798475 -0.1830543551040842
-0.25049645607910165 -0.4147996143088619 0.40246376661527616
1.614760540810499 -0.7846710835824524 -0.16035642953645723
1.9477237226928175 -0.3779698023075113 -0.15556803079378145
-0.23682375252989374 0.2789499258327197 0.3841000523971365
-0.20901195703680742 0.4460684453353423 0.3805542912887381
-0.4009196966862909 0.6783353537770154 0.36664638189542753
-1.3494945962632947 -0.6911116290485211 0.2811289754318045
-1.006532184763202 -0.6049691635769392 0.29282912878263456
0.8510385998351317 -0.7943892686995255 -0.2822271856857492
-0.4126961851504092 -0.5884204955859502 0.31661591200101835
1.5872367006749606 -0.8273858913260312 -0.2412818941665842
-0.5759593196688346 -0.3698681895352536 0.30401405958402616
1.4326628851992353 -0.7450859293307701 -0.9016174349380686
1.9917804910552483 -0.44079428267901477 -0.23158636422884005
-0.46408737556160595 0.1245707086274237 0.2949276891158865
1.983551841748156 -0.2717744748010489 -0.2374371561599924
-0.4416315400003228 0.29377318439030375 0.2911110845016287
-0.3418329834772553 0.44064699726354917 0.29102358488309843
2.031205794938062 0.048386830762048305 -0.245220569093342
0.1177233934262496 0.48104128067853225 0.3084717717574881
-0.3363752864027987 -0.4179438445915977 0.2309614148544119
1.5957810766416891 -0.7965368562252877 -0.3225952658249094
-0.5084289163013711 -0.1962218418781987 0.2174864736007498
2.0600773937890793 -0.8937025880655227 -0.9340824160171701
-0.46304956353176685 -0.022789394427654486 0.89034328130949
1.9590106244671546 -0.6998719401474176 -0.9480022463394358
1.9957818683390371 -0.4088382626653484 -0.31271448465120333
-0.21711992344842912 0.24650209769584563 0.21729716924894316
2.035604657038718 -0.2537474935061681 -0.31554308267366427
-0.199004983848857 0.4163291821278037 0.2131997075485037
1.9945936933389365 -0.07478850575233764 -0.3236838850570871
-0.18984830889867155 0.5890132793649201 0.20860991148221952
-0.1513341611822323 0.753223006389014 0.20546779302824003
-0.49694721800535824 -0.5488791025525188 0.1434205499099539
-0.49878830518582085 -0.36520439692361606 0.13816795019376737
-0.5128860902815369 -0.175537284335185 0.8081670728133963
-0.4867412046649786 -0.007638271342351288 0.804804655592327
1.9300035805283162 -0.5484284932256216 -0.3922580751968576
-0.07689112012905497 0.031683976173162876 0.14541396764982206
1.9693368481724924 -0.39311667914878257 -0.3950928721023752
0.14682341977037439 0.14156505029431088 0.15206036237943632
2.0044231970676485 -0.2365421852623868 -0.3982528719497873
0.27484711406772 0.277981928735322 0.1537035432266043
2.0496393758179163 -0.08287631539496942 -0.40077629419099825
0.3026758838547412 0.4433578654657069 0.15007600454557402
2.129878894624712 0.13934189053843227 -0.7911328348709299
2.073869630621603 0.5246947175089076 -0.7603158030105783
1.9499404738974135 0.6762057198217022 -0.7507671389175608
1.784730613992087 0.6898706682178286 -0.7538055452896311
1.651813462691612 0.8088498169328915 -0.7472948107315256
1.4835282223416382 0.2643957178641756 -0.14606061311494845
1.489814684004159 0.8331374854809255 -0.749464896638508
1.3687619865868967 0.4462967801175779 -0.1358317408157541
1.317284315717222 0.8247780301110268 -0.7546733889175608
1.2505772855931916 0.6141889132990386 -0.12669864030611055
1.1475689914129426 0.8265691090230902 -0.7590140375686838
1.1075157487096838 0.7016384692594784 -0.1237761053634836
1.000757314965476 0.9000781422273221 -0.7568434748245432
0.9571978228181521 0.7658263314434919 -0.12268009515535372
0.830976288249234 0.9030821365212987 -0.7611841234756662
0.7931556837399807 0.7878834413376197 -0.12487211557161348
2.082110079217953 0.49917522919550805 -0.8522123369766428
0.6547627938759444 0.8878258165341393 -0.7672604593826486
0.6322330623428858 0.8200083264838156 -0.12633338304292696
1.940002812917644 0.44956078209060735 -0.2051033052993967
1.9566141633286112 0.6458754835360949 -0.8428968462539865
0.4782601776154589 0.8732563289306654 -0.7733367952896311
0.46817849050804305 0.8432620563694968 -0.12852516504060763
1.75083053982239 0.386889109029255 -0.21370616288911837
1.8189035939506262 0.7500362013945505 -0.8375734362198068
0.30308684613151726 0.8640971873663332 -0.7789796862198068
0.2976919024566733 0.8482348457838498 -0.13217869134675997
1.6358606937111286 0.5680359376734287 -0.20323338838350313
1.6641353579661775 0.7975093324342879 -0.8375734362198068
0.12928842172265753 0.8603430408053114 -0.7841881784988596
0.13030422545534925 0.863298241158688 -0.13510098787080782
1.4893532527665574 0.6447126523448716 -0.20098915429842013
1.5095330523636932 0.8455242203827638 -0.8375734362198068
-0.057813771535958125 0.8196173666004043 -0.7928689989639475
-0.03716589920904667 0.8789857928343281 -0.13802352281343477
-0.3215663878591428 0.08652636171638761 0.4683590856002615
1.3432152894696365 0.7218662628830828 -0.19874515863191622
1.3490876732311765 0.8750879789216413 -0.8393482241226389
-0.24207059322689872 0.7890587643506919 -0.8006819758011057
-0.19643603982488145 0.9188224054987586 -0.13911953302156466
-0.4537876578046127 0.212102060204991 0.4727939095901297
1.1913817042549866 0.7805042426075559 -0.19799676271211641
1.1734923358369276 0.857794809563309 -0.8455585512710764
-0.4250676365094712 0.7639433803220399 -0.8080605539871408
-0.3840251600172966 0.8793596899970453 -0.14642610879671114
1.0367231282204319 0.8301714302897238 -0.19799676271211641
1.0022112514645656 0.8554064144835465 -0.850438025910969
-0.6185388803258647 0.7114400934410767 -0.8180436167312815
-0.5585759539218262 0.8782140905310385 -0.15080991121065157
0.8713898417739134 0.8472031772433297 -0.20061507554780977
0.7717729533866802 0.6738487956261849 -0.8721746477676584
2.025012148139904 0.3108717288669638 -0.2952231440139963
-0.8074630887492056 0.6737948209491762 -0.8267239603592111
-0.7554740182753754 0.8168220829074144 -0.15994277330171602
0.696601896884097 0.8364402113740042 -0.20547762246858614
0.5806681559078974 0.6162605083631334 -0.8823775324417307
1.9247637278384424 0.5438044766934382 -0.2802967104507639
-1.245955657018193 -0.04101679826811733 -0.8983410868240549
-0.9254744422505361 0.8311557694556839 -0.16323080392610567
0.559551341619791 0.9398428449757859 -0.20136323304903048
0.41434392427088085 0.6350034675492182 -0.8854826960159494
1.7779946908921094 0.61952356097013 -0.2780002626968576
-1.5508896928636347 -0.3797389529738169 -0.9352344545913889
-1.0990465351007614 0.8367880518072113 -0.1672493490768625
0.3894613687518209 0.9444877883198615 -0.2051033052993967
0.2143386706022259 0.5553408518076282 -0.8979033503128244
1.638948245575591 0.7195421131872379 -0.27379026742708223
-1.2439214245713224 0.9199595878938069 -0.8197793039871408
-1.2640135838499518 0.8664359246253 -0.16944136949312227
0.19983518250792187 0.8931750681705566 -0.21333208413850802
0.039486870362393844 0.5518954147825923 -0.9032267603470041
1.501913418159937 0.8247404291772114 -0.26919784875642794
-1.3698088253758804 1.0526346196778746 -0.8128346476150705
-1.4555041282629624 0.826762415764847 -0.17711296411287325
1.4857242874286918 0.8814025067852569 -0.9166392359329416
0.017828967060877332 0.8662087790157358 -0.21969023080598848
-0.1139515264677815 0.5109514523989276 0.4135287728713797
-0.29409254104330174 0.09279571603789094 -0.9515794787002756
1.3489111155286135 0.878077932296101 -0.26881494851839083
-1.6421144190378634 0.8018563253083002 -0.18368878694307345
1.3043163968474918 0.8446022033596705 -0.9247802767349436
-0.14806350077506458 0.8870311447501393 -0.22230854364168184
-0.28109899428333307 0.5322045768442081 0.4113982644485281
1.193072256243001 0.9224412154539152 -0.26919784875642794
-1.8038885615449374 0.8428122729923331 -0.18515005441438692
1.1559630371596459 0.9128316990951078 -0.9229716333938791
-0.3173289506973731 0.8990675610550056 -0.2256747755600168
-0.4449579050567838 0.5634900206444087 0.40987620023954374
1.023536685357671 0.9246743482425401 -0.2730249437881662
-2.0019371223504407 0.791485065070276 -0.19391765924226778
1.0079172961080314 0.9815600185247177 -0.9211625132156565
-0.4984669228783254 0.8788973722251328 -0.23165908189546602
-0.6222515377373892 0.5577915463219583 0.4059194055007742
2.14778549952921 0.1246043934909764 -0.3802951845718576
0.8258801693112066 0.8422830896397286 -0.28374114366304415
-0.6714506837894305 0.8828884708166242 -0.2357734713150217
-0.796379389399366 0.5621745589267135 0.40257129339445097
2.084521077491532 0.4863008226324297 -0.3545187983108713
0.6902779882456755 0.9500065514020477 -0.27914848657381075
-0.8480221998083053 0.8781878666061971 -0.24063577981721895
-0.9741053190437903 0.557854001934821 0.39861449865568144
1.9273948385090218 0.5280775855721842 -0.35490908952486055
0.5203491666788942 0.9541544648277807 -0.28297582002412813
-1.021361555398812 0.8835336921819845 -0.24474993081819552
1.7936411008984994 0.64669554786893 -0.34905090661775606
0.31820906829740103 0.8645466889709539 -0.2944575819565012
0.17865765600885908 0.47917158125381576 0.3349674668716238
-1.1966082499417574 0.8848825253871766 -0.24923816056978243
1.6693702003159832 0.7942866831502258 -0.3408493074966623
0.14441210957194706 0.860677224144716 -0.2990502390457346
0.0553889803106955 0.6267603120119034 0.34122929243314726
-1.3614679558749145 0.9148962599154231 -0.25148239465486544
1.4939487599261874 0.7756723782651846 -0.34631696077119845
-0.026319844087433708 0.8669002688368721 -0.30287757249605196
-0.11127086243433304 0.647395502527857 0.3390377488540457
-1.5441110370915148 0.8989446888295376 -0.25746693940889376
1.3437792639310846 0.8385422514400958 -0.34514513345491427
-0.19389196968471545 0.8831866797446182 -0.3059393438888742
-1.7127055916866993 0.9209434332294109 -0.26045909257661837
1.180204080201575 0.8591851634621221 -0.3474887880874826
-0.37488269183811695 0.8625260354327935 -0.31206288667451876
-0.44137142217338976 0.6999364349244459 0.3352807488845633
-1.8886000335386548 0.9250041672042997 -0.2649473223282053
1.0242791557356075 0.9041444798539473 -0.347879317720051
-0.5477852811710591 0.8660479848898603 -0.31627288194429415
-1.0114467201237929 -0.3999594747445343 0.2582624879287527
0.852975860554885 0.9022873743212045 -0.35217514367830294
0.36008843169806326 -0.6016089492732846 0.19001350073087675
2.0332384465359254 0.14500548445200678 -0.471827653367634
-0.725955891286933 0.856176645716964 -0.32163110109102266
-1.163398433904419 -0.3238363333240102 0.25951490072477323
0.6783465990262165 0.891623654050413 -0.3572525057388498
0.3403848199450117 -0.12752750768835597 0.21865281728971464
1.9507695681475656 0.43998636093837007 -0.45102134080659884
-0.9009561999858562 0.8563736641576583 -0.32622375818025606
-1.316739181917022 -0.25189250184909895 0.2604540315078543
0.5209063218646008 0.9336300648299982 -0.35803356500398653
1.8412421776755306 0.6396115316049773 -0.4382173094345285
-1.07788196834883 0.8525796431842991 -0.33119907708894747
-1.1571763524331367 0.662655350475454 0.31774816183317167
0.35236581808768896 0.9431504607149463 -0.36154880853425997
1.7051211710390568 0.7489433049454135 -0.43301549287569063
-1.2130228012764377 0.9615143275080982 -0.3269890818191721
-1.3315138671097628 0.6691233086830763 0.3143042054580496
0.16914665636532078 0.9108737317176931 -0.36857881875764864
-0.02885363808919017 0.3340801985825337 0.2392476525710867
1.5577519842819036 0.8206061714061406 -0.4310151609970285
-1.4306388838345647 0.8517434471516054 -0.3407672915054514
-0.0046718330111499284 0.9076011834473547 -0.37326517434846895
-0.1817904926279148 0.3974339780292837 0.23989090589750273
1.4032293694283524 0.8689931945408063 -0.4310151609970285
-1.6349596727036548 0.7802016510017467 -0.3514837297989084
-0.1770470014238974 0.909702321477603 -0.3775614771438791
-0.3708433063571466 0.35773498282765104 0.23345527319181425
1.2307081652861598 0.860940306025725 -0.4358164343429758
-0.3479268221773424 0.9171692892940371 -0.3814667734695627
-0.8591717886724801 -0.522859101789976 0.16941890386808378
1.0288755000799945 0.7634266485725547 -0.4482203993393137
2.2765067258285416 -0.18909013598703694 -0.5748657259536936
-0.5239935915111555 0.9112135242173665 -0.3865443739486887
-0.9964534729820933 -0.4049797673481308 0.1736019578384207
0.9020032543620733 0.898936369136031 -0.4410182509018137
2.22466627843051 0.22032669754919 -0.5437950167251779
-0.7002935375589523 0.9059511072832791 -0.39162149759065645
-1.0871511306437078 -0.16005425871453127 0.18647370008695585
0.7227412654638687 0.8738969129242165 -0.44742002816926973
0.24287264994695335 -0.5782676883228177 0.10479817060697538
2.131680389040085 0.48141413886973794 -0.525397685487385
-0.8768202559236826 0.9013795330132055 -0.39669885965120333
-1.0886960940854422 0.32384418949651916 0.21575674680936796
0.5668255079762048 0.9204681599912234 -0.44782033296358126
0.2432456645634904 -0.047390254263227405 0.13817867902982695
2.0160331788097903 0.6614524304560092 -0.5139507326675608
-1.0501116869016052 0.9068565734884118 -0.4009946856094553
-1.156461163977486 0.6200665127167042 0.23216805128324491
0.3950950892552534 0.9203811703630649 -0.4522217783523752
1.8522685721379286 0.6796291546419297 -0.5164038214279367
-1.22706117087467 0.9036625960293847 -0.40607204767000216
-1.3484426859767105 0.5798102683953914 0.22541055349576933
0.21511665334487162 0.8973727083617007 -0.45862355561983126
1.711890819552215 0.7746198775582513 -0.5123154196335031
-1.4042313237279629 0.9011707065492445 -0.41114917131196993
0.042941881266868265 0.8986342700376113 -0.4630250010086252
-0.15051995549046815 0.3395082439575958 0.1540423360275076
1.5601708553689875 0.831983024211894 -0.5114978823257639
-0.13105151020425154 0.8958584507252567 -0.46782651277315157
-0.3067118434438818 0.3938606539212657 0.1540423360275076
1.4026932597764397 0.8708593432759244 -0.5123154196335031
-0.30359189887599136 0.8984491217972703 -0.4722279581619455
-0.4826856864186624 0.39231404663498637 0.15007671980131132
1.2256347591745573 0.8485672065184175 -0.5184477839065744
-0.4830158889963112 0.8829389263363936 -0.47822990747224825
-0.5176833418132549 0.7860383017392749 0.17387232450712187
2.105465158422323 -0.09590341206529729 -0.6541625532699777
0.44955317974731024 -0.6453417619316681 0.02054032949674589
1.0237652506244803 0.7510929565652305 -0.5311216387344553
-0.6559565526466251 0.8868949873460537 -0.4826313528610422
-1.1356070053147 -0.4391276501695245 0.08364615110624296
2.0284813205841683 0.22286285432590347 -0.6303638491226389
0.26495661108813984 -0.6688873030423892 0.015113207380657023
0.8937582104913417 0.8771361883506827 -0.5245801481796457
-0.8307725332641347 0.8868415285921998 -0.48743262620698946
-1.1334488329446408 0.059118251282910705 0.11471328405607206
1.9592878750095402 0.5607033262602172 -0.6048952612472727
0.37959843837208673 0.20751022315302237 0.07413491873014433
0.7222394018745995 0.8757939716058729 -0.5290771994186594
-1.0057906106097434 0.8874635786705127 -0.49223413797151583
-1.1470464174837538 0.5053069042850353 0.14214453367460234
1.8313993403411928 0.698260231055805 -0.5969621214462473
0.3822730458571719 0.7327361265371195 0.10805568365324003
0.5584297350545562 0.8987371710476708 -0.5315300497604563
-1.1844820356640113 0.8794364995236634 -0.49783602090608614
-1.309639937296982 0.5444384685659074 0.14082250265348417
1.682316042182178 0.7647371460771808 -0.5952919992996408
0.23549791746038906 0.8088302306755892 0.10975179342496855
0.3850303155324877 0.8939657743037017 -0.5364362272812082
-1.3581487319461303 0.8861032770207871 -0.5022374662948801
-1.4721524782901199 0.5841734260432361 0.1395007100509451
1.5350139541104308 0.8364771467036789 -0.5932044062210275
-0.20852894579341807 0.02239138194099155 0.04937276510465605
0.2146396549429337 0.8992941221126856 -0.5405243906570627
-1.533746350289988 0.8887868324999388 -0.5070389780594065
-1.6417154751337861 0.605839845926404 0.13685664800870878
1.3760459675515992 0.8706798465331289 -0.5944570574356272
-0.25083764010144094 0.4066651571910782 0.07311734823453886
0.04084289780223038 0.895850611364267 -0.5454303297592356
-1.7987649052596382 0.660740185319483 0.13652596143949491
1.2004705175127146 0.8532516551595961 -0.6003023657394602
-0.40015659271919013 0.4801859846205119 0.07447418836820585
-0.13644882592911678 0.8836825060728515 -0.5511538061691477
1.0154077851245908 0.8080687799429711 -0.6086527380539133
-0.490509814554704 0.7186578251697497 0.08770332006681425
2.292748919313693 -0.1844492229321304 -0.7397188219619943
-0.31069038786739256 0.8816081728186873 -0.5560595068527414
0.4215006095059479 -0.6195606199673023 -0.06268134446870821
0.8716934698139838 0.891497476188782 -0.6057299646927072
-1.112348795601207 -0.5210247833876593 -0.005917695481891805
2.2351794106002956 0.20570729110265518 -0.7090312513900949
-0.48848862492755885 0.8708242974521951 -0.5617832216812326
0.5042780261525266 0.16696045307651985 -0.008754876573200399
0.7033278050408924 0.8997020484645404 -0.6094879183365061
-1.170748590091268 -0.18678320776104584 0.014095636885051555
2.1547585113985424 0.5097186772153393 -0.6860157522751047
-0.659775732970445 0.8794935296834581 -0.5658713850570871
0.37591732076004547 0.30418742905190754 -0.002492574174518758
0.5332641119390829 0.9038231991381807 -0.6136631044937326
-1.0959455221397612 0.5030510752937758 0.05988845495450956
2.01057568483297 0.5941974958260161 -0.6826058897567941
-0.8346163891767873 0.8794554047614511 -0.5707770857406809
0.3521012385630886 0.7489227340603719 0.02638420728910429
0.3582534094259895 0.8944379745669551 -0.6190907034469797
-1.2028133650000719 0.6915973261938717 0.0693860974715994
1.8711618625980968 0.6934497640337938 -0.677917626817341
-1.0131058679831249 0.8707596921791705 -0.576500562150593
0.26991420582800174 1.0139096945140977 0.04204020170438749
0.18784549788066407 0.8998775912425003 -0.6232658896042063
-1.3507392835119951 0.7682927332059748 0.0707429376052664
1.7220381367030857 0.7597913951979507 -0.6762126955581858
-1.1848813115455172 0.8814331634416988 -0.5805892023636057
-0.2505288297569219 0.006081335588760339 -0.036240008790607625
0.014022900428068752 0.8965509817976738 -0.6282762560440256
-1.5196155833063223 0.7895291843176722 0.06802925733793241
1.576171698265794 0.8361434961262759 -0.6736554178787424
-1.3638180810688496 0.8741235061055761 -0.5863126787735178
-0.2465993023844124 0.5222252026885172 -0.0021444830490304767
-0.16494305778525842 0.8797925399856084 -0.6345390352798654
-1.697496410661067 0.7881276222147022 0.06361970571744902
1.4097420961788352 0.8464524622320013 -0.6770650419784738
1.0018285894983805 -0.42220755828000733 -0.12089481683504122
-0.4353926116884903 0.4828541273804632 -0.009102729280109578
-0.3408897837112228 0.8731388341244966 -0.6399666342331125
-1.8918477728134668 0.7455685906621525 0.05615720419157011
1.2371713512604803 0.8383905524794386 -0.6821795973373606
1.0004573732574187 0.12231500252054417 -0.08380642267000216
-0.5860466096072585 0.5522915407806863 -0.008058932740802938
-0.517069686351169 0.8671784764059822 -0.6453944716049387
-2.081235133607276 0.7177703443996393 0.04971203474271757
1.0582599852028363 0.8120301247871211 -0.6889993223739816
0.9353594675151893 0.4574444273674274 -0.06240930886995333
-0.7194579133973953 0.6691407083692198 -0.003536132295246297
-0.6968756200010091 0.8525345733603089 -0.6516572508407785
0.8975262665496242 0.8432120016676663 -0.6907042536331369
0.8058775270307947 0.5886036691831293 -0.0563468012405588
-0.8488266356938645 0.7957556139060173 0.0016826119827078045
-0.8598409822147559 0.8853983910830863 -0.6537448439193918
0.7305956494902954 0.8560561758321725 -0.6941136393142893
0.6755739072521987 0.7153843666079709 -0.0506409678055002
-1.01206063051875 0.829143740410359 -5.712838899629702e-05
-1.0383442840580805 0.8768023815329826 -0.6595901522232248
0.557268806197138 0.8506281298024803 -0.6992284330917551
0.5949732345710856 0.9891700278616185 -0.03387990327608126
-1.1892110704693621 0.8257511739584515 -0.004579928834552938
-1.2188469218517817 0.8642544586676237 -0.6658531698776438
0.38691244593437446 0.8553079858005077 -0.7034904036117746
0.4250737714578836 0.9936688679218193 -0.03744616838228243
-1.3595393528270527 0.8417195751991002 -0.0077113184524728595
-1.387299824151448 0.8850514743229709 -0.6691929373336984
0.219627796095077 0.8700640950448744 -0.7069002661300852
0.08076703779981109 0.4891551452323384 -0.07952704759370821
-1.5423982664193971 0.8257172459296314 -0.01327767701875704
-1.5647053777961268 0.8832094956459642 -0.6746210131241037
0.04738317757022337 0.871325715398271 -0.7115887674881174
-0.006442764631612974 0.7406642327049653 -0.06454911561738985
-0.24213144490979843 0.05911886655197662 0.5517915215896414
-1.7148109687901254 0.8383816433044444 -0.01675668092500704
-0.13489294657286877 0.8450387421913845 -0.7188343081070139
-0.16123611947074146 0.7945070102803058 -0.06454911561738985
-1.9018166469345381 0.8145209260976216 -0.02301922174226778
-0.3109038338242982 0.8382703982224129 -0.7243751558853342
-0.33579078358188497 0.7924745041951553 -0.0688282522751047
-2.069117387796151 0.8424869432310231 -0.025454667527790242
-0.48379629587418904 0.8415713929847186 -0.7290634188247873
-0.5071982779448518 0.8005034998860339 -0.07239475579988497
-0.6568538217097668 0.8455481779803833 -0.7337516817642404
-0.6821241715275903 0.7998147959898105 -0.07667389245759981
-0.8369177250173969 0.8314732640154503 -0.7401451143814279
-0.850401768237095 0.8185493957903702 -0.07952704759370821
-1.0155461051982435 0.8227898561023892 -0.7461122545791818
-1.0204712742719906 0.8332350292091206 -0.08273640008699434
-1.1857234868859017 0.8381493566374303 -0.749948409516926
-1.1976162127065884 0.829881209659014 -0.08737268777620333
-1.3665386069523962 0.8261951571191304 -0.7563413652969553
-1.3679389935482682 0.8458883578014635 -0.09058204026948946
-1.5525657607772345 0.825269832140286 -0.0966447863174631
-1.7124333829831322 0.8705502857594141 -0.0977145704818918
-1.8993376441359686 0.8466976086723861 -0.10413375230562227
