1.7662036084781718 0.5453334330406396 0.17624286138460565
1.9667359955582313 0.31580109668923173 0.033045801753258
1.8848649741979386 0.6109078169616304 0.028714689845299013
2.1247377208977234 0.05831293535772808 -0.11203905618741583
2.0658951185920387 0.3600111102640602 -0.11509224451139044
1.8117064030362329 0.6040945314672155 -0.12858578241422247
1.0690319484830368 0.7077543075094179 -0.16811653650357794
2.1012107216853053 0.2167020018983492 -0.26650949991300177
2.2256578840469103 0.1251020127892981 -0.41288420236661505
2.128770104334773 0.41506907055208275 -0.4180030492599256
2.0734426271256865 0.15790704883309647 -0.5748324064071424
2.077201710884598 0.47819786011639875 -0.5740751889999158
-1.3970495528189097 0.27679776556571056 0.9068780275528185
-1.4175782612698171 0.38045928227120207 0.9017949434463732
-1.4377280909217696 0.48431160546341046 0.8967123361770861
-1.5064369374599558 0.5956038339848253 0.8843684526626818
-1.5502515640742622 0.7037137253435612 0.8756556841079943
0.3625769036354818 0.41462839474838953 0.7328911157791369
0.3621800626727243 0.5095864075274528 0.7304826112930529
0.3523717134658604 0.6061426436332504 0.7264681192581408
0.3283001452355485 0.7051921987378162 0.7200451227371447
2.0496471702517383 -0.38809954952547576 -0.1075930265243299
1.1218372142947786 0.5866288108113253 0.3344498010818713
2.0610665322504396 -0.3012986702598268 -0.1075930265243299
1.0978478067542063 0.6831203387028206 0.32727054082796503
2.0727902566751375 -0.21453803905689872 -0.1075930265243299
1.0548207592048584 0.7831260355605267 0.31650069677278925
2.0751179734859697 -0.12646076213143065 -0.10962769067838263
1.0170246479317875 0.8826464560872727 0.30662921392366815
2.092297812808436 -0.04044608818161022 -0.10861012018277716
2.095241307530859 0.04763051296009291 -0.1106452611739881
2.113020664149669 0.13354043698068763 -0.10962769067838263
2.0875565180037015 0.2260979383537043 -0.11776634729459357
2.057601743691034 0.3196431005617608 -0.12692257440640997
2.0507569600985036 0.4008579265538823 -0.13099237955167364
2.041497728418399 0.4959751303070905 -0.13607880151822638
2.007730135887833 0.5909421165670108 -0.14625212228849005
