-0.983858630047429 0.3501400966410877 0.6770981925610853
-2.107591829847486 0.434823914960603 -0.1387081962938952
-1.0277923920307472 0.12393856479110354 0.6756362098340345
-2.151273745091359 0.21248614861642068 -0.14044388354975457
-0.9576490042825228 -0.13569021654123148 0.6654075759534193
-2.1575308505532007 -0.021059731120118386 -0.1456523758288073
-0.9124568416858096 -0.38896039565801743 0.657005228388722
-2.1742011525781564 -0.251926585816566 -0.14999302447993035
-0.8252680227323239 -0.6556445780166236 0.645314611781056
-2.153593964489076 -0.4944554640162373 -0.15780600131708855
-2.0672679051213194 -0.7578141527173905 -0.17169483722407097
-1.8000499631336027 0.42774223761157515 0.6222476142529798
-1.8293644863601202 0.20017511208943972 0.6196297782544447
-1.897770893220624 -0.01614805784626938 0.6200036185864759
-2.1140718420860694 -0.011440686658346522 -0.2742834907885241
-1.9573700940500558 -0.23506133342120705 0.6196297782544447
-2.1545750959159875 -0.23530385059552117 -0.27650126041132683
-2.1148442167348662 -0.48364115377691164 -0.2862606865282702
-2.038010536010468 -0.7441574803149109 -0.2995692116137194
-1.8792501619942072 -0.08185414652980683 0.5032204764966322
-1.8817639003163578 -0.31796846192189676 0.49824468075078254
-2.2428111892897604 -0.4932808168964442 -0.3895178657885241
-2.1612966248608174 -0.7549062896584715 -0.4035387855883288
-1.5797945565795075 0.315041995996431 0.3867081779126478
-0.9052981749835354 -0.3463629101872634 0.32148496090214973
-1.2526459027802375 -0.48318618380774225 0.34452763973515754
-1.5954010875293747 -0.6192592656218139 0.3671802657727552
-1.8168503858906035 0.4645737589746979 0.2824343818311048
-1.8699786345042284 0.24402274249693434 0.28163424907963996
-1.923881243314817 0.023630046751218714 0.2808341163281751
-1.6776115689480804 -0.28611394810569735 0.2548259872083021
-1.6618021714346227 -0.5288080733027876 0.2480234283093763
-1.5706629610890985 -0.7950977917396962 0.23481980739873176
-0.8304038117142198 0.8974977232124068 0.10010377346318489
-1.4532694552999885 0.8326945385621904 0.14793626247685676
-1.8839725846911364 0.7178798049681525 0.17941514431279426
-1.9218413853543836 0.49348848483349883 0.17737142025273567
-1.8169080364268382 0.22752544331887847 0.1630624908093763
-1.904355808430381 0.016777775264728234 0.1651066917065931
-1.8109885592777744 -0.2475687836626541 0.15161553798955207
-1.718714337786082 -0.5127893511773571 0.13812438427251106
-1.806671719965955 0.6596498412922287 0.05805865703862434
-1.9788596152220705 0.4734131621129336 0.06766120373051887
-2.055891804490372 0.2603694731486854 0.06891433178227668
-2.119301172937682 0.04343199876512571 0.06891433178227668
-2.121397632877027 -0.19178156749294573 0.06348649441045051
-2.086210057524582 -0.4387165068951866 0.05471841274541145
-2.0805880000020096 -0.6773868435484687 0.048455633509571605
-1.906383998587465 0.7454697086817568 -0.04572828830439324
-2.016011401181288 0.5416900888561962 -0.041465840947215504
-2.054509501962478 0.3176824788476438 -0.04359730304438347
-2.065134321582512 0.08531632506942799 -0.0482855659838366
-2.067070751247904 -0.15002548059922205 -0.05382641376215691
-2.046048505210429 -0.3927540203116706 -0.06149824680048699
-1.9306532013584317 -0.6648885846682511 -0.07769449771601433
