1.9104544268436712 0.714870842444177 -0.44106333991730384
1.684820456903239 0.6699053402941706 -0.43119424125397376
1.368510144507411 0.7190768919735886 -0.4121712996646183
1.0469260518847818 0.7632336358492351 -0.3931574179812687
0.8200863784916379 0.7123190731777056 -0.38367312690460853
0.496082755537941 0.7631728953295163 -0.36432832023346595
0.2354558144510861 0.7586256847930946 -0.3509849860354679
-0.028409462649591433 0.7588422892296238 -0.33729928275788
-0.2808424140249599 0.7503090550032558 -0.3246812178775089
1.9239666358365213 0.7259481244431925 -0.5425414397403019
-0.5438103294083305 0.7533277021744764 -0.31101411124909095
1.6460150415364154 0.7270994131355124 -0.527334625928046
-0.766349969786333 0.7201558248280566 -0.30123465797150306
1.3513439484587622 0.7329209146801574 -0.5110534979983585
-0.947647872226824 0.6371405735858096 -0.2960528685733097
1.057245299848418 0.7404414822640764 -0.4947833373233097
-1.2276313522334448 0.6612175135358482 -0.2806524588748234
-1.0660161263454455 0.506296108355861 0.40167671898162194
0.7757809056814153 0.7630095040075453 -0.4785198523684757
-1.506999551497458 0.6868100209511123 -0.2652611090823429
-1.198541500353599 0.38960540410080036 0.4024062798336727
0.6868553352862392 0.661157915394754 0.24495417335784264
0.5147056802622245 0.7569596987280152 -0.4648026778384464
-1.7868704404069575 0.7271115948163969 -0.24916642448151283
-1.3217249911641744 0.27625457470157144 0.4028492615536434
0.21224522914891963 0.8026452385626976 -0.4463853194400089
-1.947084579033202 0.6408620652194355 -0.24542706748688392
-1.376319876568985 0.08388403858921656 0.39731652000701256
-0.033142917747127854 0.7859934551257064 -0.43413584968292884
-2.057628214506906 0.5064072079574551 -0.24663394233429603
-1.406867916680227 -0.133024756368318 0.3897870228604061
-0.28184444820722376 0.7740261113777978 -0.42153447410309486
-2.1190082132222585 0.32323186887895794 -0.25278704902374916
-1.356833373852382 -0.4308173047573183 0.3757186577633602
-0.570274529253453 0.8008136029372803 -0.4049577071353214
-1.4739350438008074 -0.5772529458221225 0.3744021103695614
-0.8035597017448879 0.7779377830854362 -0.39382355949127845
1.5188258726630295 0.5946620751931464 0.11462384918486901
-2.240786537198588 -0.046647320168164086 -0.2654771163150089
1.3611107868878065 0.6863428863255292 -0.6052350356265324
-0.9870625101671209 0.721506783682833 -0.387038166730048
1.2175480616927814 0.6318001676952845 0.12965971687590905
-2.235306811034505 -0.2874212475422784 -0.2779993369265812
1.1050138993313112 0.6840677792972825 -0.5911673857852238
-1.1458754256925516 0.6902083110528636 0.3242464707211239
-1.2571897406379549 0.7484717427999756 -0.371570522992255
0.7922736347442907 0.7707752452754244 0.15432006576812096
-2.230297728528626 -0.5418791114823946 -0.2912487342044132
0.8136744162216587 0.7031422702066905 -0.5741442992373722
-1.357048018819853 0.6497416266317746 0.33144146660125084
-1.5495790011344326 0.774648082255486 -0.35503762504303626
0.6271323556387074 0.6774715936628599 0.15789324501311608
0.5155581023194031 0.7305380736503055 -0.5563902213259952
-1.3884689136517352 0.4370379784332936 0.3240035221890194
-1.795822617509927 0.7705925476968973 -0.34249108573639564
0.38443638200728003 0.6556249275468344 0.16777974823272057
0.2217814102343567 0.7562141592948741 -0.5390161826297062
-1.5032629689503665 0.3041327017857265 0.3232823059872372
-1.9130235666913649 0.6426153617615116 -0.3429903342410343
0.08093858275299226 0.6791725398580732 0.18216950157439538
-0.03338949855572082 0.7364193452474712 -0.526104386059882
-1.5808915784480746 0.11018372176078817 0.31844050148284264
-2.1282632558798866 0.5864641875487244 -0.3348235442324894
-0.17192933348005113 0.6702754335399694 0.19293958404815026
-0.2931281168204549 0.7347142563746374 -0.5120877577945011
-1.655164910231818 -0.0508860101393358 0.31478053787505456
-2.1797198146844465 0.4062138057918654 -0.3414925887271183
-0.44628403336039923 0.683149243791271 0.20550638893401452
-0.5742694322870818 0.7548193804261896 -0.49585574409210853
-1.7363190817888636 -0.21809400444414528 0.31110293129241295
1.7161897737165361 0.6744558374258558 0.026353900225518423
-2.2381008268721843 0.21976739881776108 -0.3481792761966007
-0.68736720650476 0.6667538054583693 0.21535355308806725
-0.8112553795666742 0.7354542932726611 -0.48408215781891517
-1.8005422948188965 -0.4028168174249913 0.3059516594723446
1.404816878135776 0.7067640234265085 0.04210001686370202
-2.226871117844297 -0.037274177840550315 -0.3621219947024601
-0.9353596216585629 0.6584682765869152 0.22579342582976647
-1.0117428926280922 0.683001933837537 -0.4760269477053898
1.109030503905032 0.7275122550852915 0.05660063484465905
-2.1959475834048163 -0.31605097750573297 -0.3782481505557316
-1.136007476632244 0.6067204418013974 0.23230892875945397
-1.3167307897274014 0.7313939123610638 -0.45722621223175697
0.7990303972560611 0.7632641615468749 0.07232720115935631
-2.1315349852654464 -0.6310118672428997 -0.3980092360659855
-1.4013710145470526 0.6181654697905037 0.24423605659758874
-1.5490510528952939 0.7123665203679908 -0.4458517386599796
0.530400391624994 0.763852705780085 0.08464438179290124
-1.5980387973010153 0.5651265952755251 0.25043184021270104
-1.824044656481405 0.736161510326875 -0.4300364806338566
0.27697813491167267 0.7524356953347189 0.0957163021877987
-1.7481454997050037 0.46777193490152236 0.2527027771786434
-1.9877729305474077 0.653541778973703 -0.42572634956085853
-0.005436567836810013 0.769396910937763 0.109250371249078
-1.8771179301332097 0.35006130013876646 0.2531564877346737
-2.101822450378961 0.5227316517320908 -0.42661755820954017
-0.2323723796886128 0.7370170326657925 0.11814028480803795
-2.0100308420670103 0.23634469818211823 0.2539017842129452
-2.099359873318292 0.27659642874763435 -0.4397582366153019
-0.4992104139921878 0.7432540637915466 0.13041884163176842
-2.107914442940796 0.08794742538524769 0.25162417152678795
-2.1829759547029823 0.11446387338778763 -0.44400828620636634
-0.7333514603483735 0.7332982702629298 -0.5770434691592472
-0.7437157737162892 0.7304220211406838 0.14083439567839928
1.6185393251065392 0.5886875069231259 -0.07354157706940345
-2.1605445996659824 -0.10610912021480079 0.2454205200985653
-2.1686996959926006 -0.1463623339730713 -0.45865481635773353
-0.9918567912175007 0.7353205951276189 -0.5627211882754581
-0.9769946960950335 0.7085874761053965 0.1503134415463192
1.2775406092397077 0.6483829175028673 -0.054766113965155405
-2.1816661523954792 -0.3453869106200731 0.23588186958586999
-1.9445589129257712 -0.6335781847757467 -0.4963201834841984
-1.288403356677037 0.7633420047157093 -0.5449985816165226
-1.2304719006417457 0.6953920452942599 0.16101366737639733
0.9513127217057473 0.673236623737071 -0.038233216015936655
-2.1627887431055086 -0.6143730116698087 0.22332865455901452
-2.0142868726473324 -0.8144288297570901 -0.5024594618960636
-1.5099002775954915 0.7337572569966859 -0.5344895674868839
-1.4379119068519088 0.6518531434315333 0.16831022957122155
0.7216197734312146 0.64970119507025 -0.028394634930731577
-1.727579763534834 0.7018252577157167 -0.5243710829898136
-1.6523923898078152 0.6162783679453208 0.17621571281707116
0.40874043406587646 0.6912971042483509 -0.011879379956366343
-1.9235937517651536 0.6501247388800033 -0.5165376021548527
-1.848801269206234 0.5643711519590591 0.18256694534575768
0.15171639982901297 0.684014415958555 -0.00015157005036048332
-2.043319854931525 0.5489282603623913 -0.5155314757510441
-1.9759544525291801 0.4699100821217188 0.18397886017119713
-0.09883079280923823 0.684629140450328 0.011570994646905142
-2.155216445870508 0.42796827400611903 -0.5160593344851749
-2.0490572809686256 0.31015436227984683 0.18012124756133385
-0.3526257490237299 0.6899271281506403 0.02360207298552819
1.9321661426497627 0.8103867466641059 -0.17111771842682533
-1.227234963028323 -0.7252081616429731 -0.6281985594912785
-2.1192817483344157 0.1469798271636087 0.17594463089263268
-0.6168876910579684 0.7067589246975796 0.03658110359465905
1.825041915452033 0.6731535753734406 -0.17176717063629798
-1.3869827476393652 -0.8431352126097575 -0.6261190726443546
-2.1416741100929784 -0.10168048169434041 0.16585880974089928
-0.8697238756642207 0.6783569781259855 0.046987120898125845
-1.5906523938105295 -0.8912017574089912 -0.6179589583560245
-2.1073146232990183 -0.3843908202033566 0.1517604039028866
-1.1113278372017135 0.6773433082850353 0.05803662994658776
1.025399607537537 0.8842678829362338 -0.12336056968414955
-2.0569781888994356 -0.685531153972903 0.1361048863247616
-1.3369526248727084 0.6505034501638063 0.06715971687590905
0.749183046241015 0.8900193091032058 -0.10964339515412025
-1.5874687041264366 0.6490933878350349 0.0785041497067196
0.4993610176213963 0.8738373176830248 -0.09822648307526283
-1.7802718878923969 0.5933693403499536 0.08474165657317467
0.22040705714846354 0.8858728374497202 -0.08420174857819251
-1.9316689855868674 0.4738138740930804 0.08617502907073327
-0.027264071656560418 0.8591426139842326 -0.07346289893829994
-2.0428228438890557 0.3392635123327299 0.08506399849211999
-0.30025084761965104 0.8574763499256566 -0.06044286033356361
-2.214699282557774 0.2648184807008267 0.08935982445037194
1.7796981856858594 0.6385238937958304 -0.26296609183991126
-0.1217318990928078 0.2774707098781546 0.6232832119778378
-0.5849915509733137 0.8808100837861161 -0.04579442283356361
-2.1748704587543415 -0.020473632429276023 0.07452542045867272
1.5055125503403701 0.637375867030352 -0.24920123359406166
-0.33146097394902085 0.22930257384348351 0.6293697998837215
-0.814540980055213 0.8544938676246501 -0.036063606946112436
-2.1726140896734023 -0.2578252203267217 0.06351405838286706
1.2587858548654651 0.637941609920956 -0.2367882086917179
-0.5034464347297103 0.17104091023870005 0.6336541817501766
-1.0631943943615028 0.8597067705366088 -0.024045880047919077
0.9484360620028127 0.672990152495462 -0.2196835829898136
-0.6263543166427041 0.04199159902534255 0.6335395024136288
-1.2969465314998132 0.8524441590942482 -0.013346607892157358
-2.240840514986246 -0.675777966933726 0.04718596199309655
0.6646745105274618 0.6863217908630892 -0.2049407317324894
-0.7461036893651141 -0.09008947775150222 0.6331570790127499
-1.5147363908420317 0.819353001171157 -0.004624302594305796
0.3851563147543686 0.6978582647354452 -0.19054311057770423
-0.8089613671583322 -0.27736395459517293 0.6286426232174618
-1.7394979661677894 0.7943010224141789 0.004742686541436392
0.12455724673017698 0.6940246229831253 -0.17783540031159095
-0.8726721047931818 -0.4646231371916629 0.6241174385861141
-1.8172477869696593 0.6278782302675809 0.0006805107907039698
-0.1623338763307629 0.6921126764522363 -0.16380112907135658
-1.9552972938797666 0.5076949349326227 0.0015106842831356104
-0.4317091161733373 0.6881427692022557 -0.15078204414093666
1.9438850709389612 0.7972879267330102 -0.35620778342926673
-2.0866474438594054 0.3810536164485594 0.0016751931027156886
-0.3288362839279557 0.42121664743321663 0.5468292877987606
-0.6957840354312168 0.7053623980339978 -0.13709204932892494
1.6771784223565476 0.7882920975080854 -0.3427624060794132
-2.106073584779452 0.1556444848179348 -0.007984097211005015
-0.5452541483470128 0.38068965862218196 0.5536554501370174
-0.9255209231108381 0.6798709433088135 -0.12711137077057533
1.4071595666906376 0.7840463279600618 -0.3289827658816593
-2.17958853244798 -0.01715311567509037 -0.012742932049872202
-0.7698615051729831 0.36141931339443456 0.5615430519894344
-1.156158138471767 0.6687781232601955 -0.11646264335358314
1.1026784407213484 0.8245372113634266 -0.3114213301821964
-2.1210471094312595 -0.3110781086346952 -0.029289658276678843
-0.9281676910239156 0.26784320746459933 0.5640898392513973
-1.334901592550267 0.5972778876557641 -0.11120456001007728
0.8336893579895701 0.8233048876228537 -0.29766171714508705
-2.1299208706220583 -0.5516195339202099 -0.04029076835358314
-1.0409930461845107 0.14317074962607546 0.5637036011532528
-1.6487490463008072 0.681205700705088 -0.0921654059573429
0.5674885217377295 0.8335168597034333 -0.28356545707428626
-1.104070487202506 -0.029792692710058688 0.5595796749905331
-1.846077460497341 0.6423784328509896 -0.0845655753299015
0.28702366400240464 0.8585497905866974 -0.2680997206851261
-1.16244619618314 -0.23286412898167264 0.5540989086941464
-1.979452041022327 0.5056327498515536 -0.08472579261505775
0.026866246769927216 0.8549087020215937 -0.25505822440827064
-1.1969059059391753 -0.46049897649010596 0.5467420265988094
-2.1214569664539766 0.3895998744506368 -0.08354562064850501
-0.22788346817657157 0.8359960392737635 -0.24306338569367103
-0.5018023996679801 0.8487343027732015 -0.22866290351593666
-0.2530081178479975 0.6046412246223793 0.46144611099517174
-2.218820338663491 0.008342185795710222 -0.0973223998233097
-0.7460527374700945 0.8356794756720118 -0.21702950736725501
-0.4945891080127325 0.5873942811170147 0.47043472984587975
-0.9560723129978328 0.7798675879642234 -0.20920174857819251
-0.7418988905853752 0.564986342337618 0.47940832832610436
-1.127436586348523 0.7005435153327468 -0.20448153754913978
-0.9683346372425348 0.5365519301345856 0.48727709511077233
-1.5042906121522321 0.8186095469204728 -0.18012231132233314
-1.057504966570761 0.3780538160686353 0.48468572357451745
-1.7182681415835361 0.783084298882951 -0.17128413459503822
-1.129360454632149 0.20242518616978433 0.4807086632565243
-1.8389961779694914 0.6583113634174449 -0.1714181258364933
-1.173352024891443 -0.000950265059695532 0.47452074745452233
-1.9994044349307956 0.5723172339310745 -0.1677698447390812
-1.2004711820101903 -0.2218900466958802 0.466946904452203
-2.0959795698752117 0.42402334900454175 -0.1703366591616886
-1.200228965226799 -0.4710980906022568 0.45716101387297936
-2.1471040172796307 0.23033542857251454 -0.17739623328888587
-2.1673800720275835 0.00486968441317881 -0.18756907722199134
-2.153618153458723 -0.2562453474891617 -0.2012018515750187
-2.1482628932234604 -0.5107892516898183 -0.21415513297760658
-0.9956960456749897 -0.2007747927991037 0.384690348894952
-0.9945712934753033 -0.5334777036318066 0.3839262173489315
-0.9796470633664853 -0.8671828934806163 0.38258868912017174
-1.3844289826499079 -0.4123484270497926 0.23350745895659752
-2.079553632305206 -0.42386514765631134 -0.06755870124542884
