0.33001370474264036 -0.14604084201410217 0.39335779907708623
0.2958739538407116 0.14110121184040025 0.42616705658441045
0.2255475985330122 0.32580936796046345 0.44485955002313116
0.13715870316631396 0.45951730810732627 0.4564953303576038
0.02664239925921663 0.5331632549527079 0.4597883677721546
-0.0852961400508363 0.6025274484942962 0.4624448275805042
0.6132268521166964 -0.5453898580137597 0.22476677658563116
-0.2256035538818395 0.5982858793667774 0.45482592346673467
0.5983330659886903 -0.19303082009075112 0.26767210724359014
-0.35525225376205327 0.622305246965059 0.45106796982293584
0.5907764229067354 0.1729910829091743 0.3125715708971546
-0.499503298067971 0.6099270327561932 0.44217257263665655
0.5127486739250813 0.3383366093377518 0.3291297412157581
-0.653215466245122 0.5751165832266025 0.4300671077013538
0.4853470540356213 0.6387055934457351 0.36482529404168584
-0.8091997931545691 0.5363642340518275 0.4173222041369007
0.35279290821037534 0.6508089051820747 0.35963873627191045
0.9826448246357344 -0.6086220799506599 0.03356270554070928
-0.19653508872725922 -0.4454247735936825 0.196788833165221
0.9418016531028712 -0.32224788048212716 0.06855921509271123
-0.2468751092957575 -0.20381110205605069 0.22392229797845342
0.9093327421338344 -0.017323969190872646 0.10631041290765264
2.141156274097348 0.272566632648541 -0.12174077270025752
-0.3649492858346832 -0.14274450603894095 0.22533325912957647
0.844242248901395 0.18930218229237283 0.12968735458856084
-0.1799014095564786 0.699654133231153 0.33827833893304327
0.8037445096727467 0.46126114544878405 0.162670180821471
1.993848339678955 0.6471725551032179 -0.0771665119885876
-0.30919330219018093 0.7235203310461316 0.3344345546007679
0.7599509631102208 0.7190958952457649 0.19360975983148077
1.8903461247506215 0.7382432700795789 -0.06978459594244502
-0.9000325050599045 -0.418020008690128 0.1635995364428089
0.6380664092586485 0.7581058194339896 0.1923466181994007
1.7702068574476115 0.7779740685672856 -0.07040210006231806
-0.8327734212918187 0.11004827278055274 0.23170332672601202
0.005836009343468618 -0.5872989892839016 -0.013189747309632516
1.6517808894040655 0.822813523300276 -0.0702862286328747
-1.0014925962610945 0.04438957069299576 0.21466068985467412
-0.11199702272364931 -0.5224184343742273 -0.011035873866029
1.5239846497589653 0.8399534361613306 -0.07453294036383173
-0.8805909109634129 0.6907603802547548 0.29996399643426397
-0.23128703734258238 -0.4617877097566314 -0.009561493372864938
1.3945571143056057 0.8528931026117057 -0.07950349090094111
-1.0254208090342871 0.6805774242277458 0.2908611750841663
-0.02618019832100771 0.4509508173607699 0.11809353592401006
1.2634591928667334 0.8616433080333614 -0.08519740340704463
-0.17041479144049987 0.43727220870948713 0.10862116577630498
1.1322739631173278 0.8708933577258122 -0.09088750121588252
-0.1929206824121792 0.7380947805989493 0.1457934832811878
0.9993507358428033 0.875973345639256 -0.09730143783087275
-0.349240438144264 0.6928849723314023 0.13153223755364873
0.8730062256273214 0.9001922651432217 -0.10079570052618525
1.9471272250908243 0.8064299039094323 -0.5085205578565075
-0.6703925994956066 0.23401181996973364 0.05553202393060186
0.7365501049558816 0.8969768650284742 -0.10865779159063838
1.8303128648497164 0.8553469779249099 -0.5075625920056774
-0.9470221227079847 -0.10350086663730096 -0.002639248347230172
0.5999211840758534 0.8943009046849575 -0.11651559112066767
1.716831728017084 0.9140269053911965 -0.5050205731152966
-1.0403484401111385 0.019592468630140303 0.007800147557310844
0.4614022479901294 0.887519161720018 -0.12509770629400752
1.5972934969621022 0.9543777237726836 -0.5056266331433728
-1.0149025556300728 0.4317137124513799 0.06148009064202764
0.3244150585528587 0.8859274375154129 -0.13294692275518916
1.4538963088920198 0.9250730363805992 -0.5180553936719372
-1.054804890930889 0.6784251639183303 0.09047035934930303
0.1890165862997435 0.8894947504384696 -0.1400632405042126
1.3182328785534096 0.9196845322035223 -0.5265378498792126
-1.169407550207474 0.742140810779059 0.09201674225335577
0.051713331375715654 0.8889648224188491 -0.14790387389654658
1.1905545416110854 0.9381220182915655 -0.5310735249280407
-1.3048904332301703 0.7560327379418794 0.08601860764031866
-0.0839662426482306 0.893603270206615 -0.15501160857672236
1.0249359660826372 0.8500000638288903 -0.5537452244519665
-1.4578908480057038 0.7294309135034744 0.07384733917718389
-0.21977322872801608 0.8987608171368429 -0.1621150517224743
0.9018436835490888 0.8834670055588845 -0.5559057736157849
-1.6698823542999932 0.5669523339170475 0.041082904362730766
-0.3611578784305962 0.8906567763839703 -0.17140145537848017
0.7687509796828991 0.8895180884625269 -0.5627951168775036
-1.8575771018209295 0.46461323531332255 0.017244384312681937
-0.4990950748972054 0.8923086414051618 -0.17922492263311884
0.6389419124220765 0.9053587356102923 -0.568101360773988
-2.024320915771412 0.41307192283460026 0.0009603953600452186
-0.6390415120483439 0.8899177728273742 -0.18777413604254267
0.5005243214567372 0.8985341398736253 -0.5773486637830212
-0.7717016990558534 0.9064103132117438 -0.19340081450933955
0.3688267520380748 0.9107588602898034 -0.5834350132703259
-0.9119513169866238 0.9051171459139091 -0.2019404911755993
0.22658178756147862 0.8957737328156306 -0.594252541041322
-1.0580678664361258 0.8906824075694111 -0.2126650357007458
0.08760149357469516 0.8905930814288503 -0.6034879231214001
-1.198718825184642 0.8905318936484292 -0.2211961292981579
-0.05335213600164934 0.8813568117359551 -0.6135077023267224
-1.3453348754899963 0.8772847607776768 -0.23191256759161494
-0.18556550724113663 0.8956949917630723 -0.6195768856763317
-1.4844344776166594 0.8828351869475846 -0.2397055172681286
-0.31783657967169887 0.9105296866006682 -0.6256413006543591
-1.6374046472582862 0.8571579143221904 -0.25260300872320673
-0.4592957973557361 0.9029338874192732 -0.6356491589307263
-1.7749190869932931 0.8683995809581333 -0.25965686080450556
-0.6009805149447018 0.8959158933743829 -0.6456527256726696
-1.924491832101296 0.8530254736665093 -0.27108664748663447
-0.7447324573219802 0.8848946168528791 -0.6564416432141735
-0.8849863460921199 0.8835940658224359 -0.6656474613904431
0.017893019426026058 0.011559213976280347 0.6360650515795276
-1.0178549554904919 0.9010959943732644 -0.6716889881848767
0.0006408416710712572 0.336289825475788 0.6721697306871937
-1.150776923051538 0.9191155753643159 -0.6777257466077282
-1.3048864099128394 0.8876251658000669 -0.6924471401929333
-1.4303255243413133 0.9248953152475963 -0.6953148388623669
-1.6025730740158224 0.8538179611496446 -0.7171401524304821
-1.7203423539152212 0.9102837385757816 -0.7168373608350231
-0.11217337252870863 0.09589433233694677 0.5731368518114612
-0.1564272070584778 0.3464628921359214 0.5998545146227405
0.010474864107500537 -0.04132513105591329 0.4900489306688831
0.0034090696702264722 0.3111769163812994 0.5310202098131702
-0.13943137627450852 0.301871198284438 0.5229039645433948
-0.7575044107763063 -0.5884683427571176 0.3966608500719593
-0.3973620720134292 -0.5815431613490034 0.43313889267449834
-0.059208013215581445 -0.5747099439016381 0.46730141403680303
0.09164987506680689 -0.4562944877341799 0.47598700287347295
0.18261072149690705 -0.32413624905099425 0.47772364380364873
0.23922694413752765 -0.16298783017484553 0.47424940826898077
0.27503450036421384 0.0005731177810517352 0.4684591746569202
-1.2988305228863695 -0.7044016475776225 0.17319159271722295
0.25118344913482815 0.19881277899599326 0.45456270935540655
-1.0292949253868144 -0.6637970251254366 0.19943146469598272
0.2194868118059219 0.422080906216479 0.4383502459765003
-1.0313882152197067 -0.4483062596960643 0.18690781357293584
0.25318491277899824 0.5984877814958445 0.43140225174432256
-0.3352318533724201 -0.6336445865665503 0.2709937548876331
-1.3178478140983074 -0.839137117034344 -0.08271022078985713
0.1894211950781255 0.04092468259131721 0.2864990687609241
-0.9527063353255869 -0.839470807383794 -0.04225821731085322
-0.6667027516595354 -0.7996942920742889 -0.013008072352357125
-0.24184497196075228 -0.1672669994063618 0.7347684359789417
-0.2150200300636982 0.012417727557021863 0.727646873021178
-0.18745766358902927 0.1922001540949445 0.7205253100634144
-0.20760879217410633 -0.15604122332086234 0.6516647792101429
-0.09851185588471623 -0.02287148393300953 0.6550035929918812
-0.08399943249138175 0.1639073598806533 0.6461000895739124
-0.0730058010463921 0.35334231944399264 0.6366401171923206
-0.6485119001468362 -0.3478962037928319 0.5239358401537464
-0.509555470081061 -0.22984148984662767 0.531294391179137
-0.2055098939177853 -0.20456251321710894 0.5601606822252796
-0.2134272128287904 -0.005529382559885221 0.5482745623827503
-0.185917400211558 0.1742184051127289 0.5409164881945179
-0.13611060663804153 0.3417157768198038 0.536388442540221
