0.8686630052420128 -0.6778402410358453 0.3906085213943795
1.285869298886908 -0.5919808136280871 0.2938358506485299
1.339188072526099 -0.3477783174501976 0.29421016781771936
1.3835749111100597 -0.10179937204283007 0.2938358506485299
0.7504756135279109 -0.6784375806267189 0.1291463097854928
1.5714814258141843 -0.5833859959631997 0.1896173676773385
1.8105809684074643 -0.3773901520413592 0.20454332440341272
1.791368702792255 -0.12009849396702954 0.1991851052566842
1.9145730593039758 -0.4097629463667829 0.10070011227572717
1.8619524059746908 -0.47401972226613687 -0.03955772311245642
1.8863676648005594 -0.22590679631760935 -0.041558531828276735
-0.021146391062927705 -0.17606162490396038 0.703309269837983
0.03363955098579652 0.07268680074681022 0.7036483010574655
2.1506428352143843 -0.5303808789686872 -0.14019325167690955
0.08439195701922131 0.3222301535359815 0.7036483010574655
0.39633425706990977 -0.21888253326071805 0.604572983674653
0.38740112506478397 0.0412505742167415 0.6003982743545846
2.175425490468726 -0.2570843911522047 -0.2669585028365775
0.4136176155907947 0.2945835744447134 0.5986587724014596
0.34797550537845723 0.5673343769251407 0.5903084000870065
0.2882590532803704 0.8396795123961969 0.5823065957351998
-1.0694966277381326 -0.7025466085158243 0.3810379227920846
0.351976067933677 0.3213134936266613 0.4666263779922799
0.20346316414374144 0.6116829271884612 0.4520046433731393
