-0.30474631122488915 -0.10970289263793376 0.6555482079352064
-0.21372380331467866 0.10179415502006606 0.6618109871710462
-0.12694996885448973 0.3128614064912796 0.6677752663458509
1.9217630076169456 -0.8037864153228469 -0.155945665660985
0.2436368502146138 -0.6221297749736223 0.57705604332339
1.9205459357962695 -0.5973386025667438 -0.15483701926816273
0.24305490474785074 -0.4097817715962435 0.5782662560309095
0.2532093655428156 -0.19767521458551585 0.5800448586310072
0.2541227599578235 0.014677314704080402 0.5812302758063002
0.2657466536165032 0.22669894502566734 0.582983606037013
1.8801134983454943 -0.7599566839161085 -0.26258314353574086
1.9438336559770448 -0.5547502355564049 -0.25669515830624867
2.0300730490287293 -0.616581214477975 -0.35431516868222523
2.1265333369906187 -0.6784272296963891 -0.45087183219540883
2.2104581042776914 -0.4746225080213762 -0.44324291450131703
2.1213719361367964 -0.8719230429967268 -0.5559486220513659
2.1946441267349144 -0.6676525824034414 -0.5489567588006334
0.8071984525332709 -0.8238097369923025 0.08053695457827281
2.0690259966919484 -0.6325350806210039 -0.6624034712945299
1.2298745690199837 -0.6218414303456754 0.11006414192568492
2.177988510304843 -0.42918733900602746 -0.6524819205437975
1.304090156361994 -0.41470452021925297 0.1162091423834486
0.06853047823311442 0.08083577387625951 0.3821211983526869
0.008203961902893298 0.5041900519752645 0.38422261970888805
