1.4375622874696035 0.881462050815017 0.24554347583316716
0.7317911384480595 0.8718804363256858 0.2517008740570441
0.05421934395700845 0.8543689984008687 0.25745820590518864
-0.599794763249129 0.8307294122681661 0.2628860432770148
-1.076132907543716 0.7292347816988638 0.26542472430728825
-1.2850451074235991 0.5056785947699964 0.2635426480438605
-1.4312866129019355 0.25328199974566346 0.260607000079383
-1.533253146226599 -0.020023391281227987 0.25691318103336247
2.0025603989959677 0.8770097444813949 0.09011840411685856
-1.4424180323737659 -0.3861596225298598 0.2499465901520148
1.2915189747219955 0.8659553333596257 0.09743856975101384
0.6132776073138189 0.845023630246633 0.104223247256507
-0.12329239716100204 0.8553558420450855 0.11214088984989079
-0.7407678527616142 0.8160701859843122 0.11793136188053044
-1.2759585770438377 0.7427527805277592 0.12225055285953434
-1.5119428773477637 0.5326941948010351 0.12104701587222966
-1.5903080814174615 0.24904950429424844 0.11689757892154606
-1.5975332484386442 -0.0689370227506565 0.11138844081424626
-1.5475034390607263 -0.41550507381897006 0.10476445743106755
-1.4150562675244203 0.8402255427079695 -0.019486431393395343
-1.5465928245680587 0.581850640337052 -0.022601608547936358
-1.6112174307463647 0.2919300762216608 -0.02711534908748714
-1.4783945236282747 -0.09262937336063715 -0.03574109486080257
1.8114823253256205 0.9144505453280551 -0.20714998653865901
-1.5302359387107103 -0.37439787671310754 -0.04029894283748714
1.0186092855515767 0.9411349429956992 -0.19575572422481624
-0.3953766850222493 0.9329984534193976 -0.1765399020049676
-1.0260597246017866 0.9011624114328001 -0.16852999142147151
-1.4837892510145636 0.7932014759755788 -0.1643333475921258
-1.5566572813377562 0.5074692163603629 -0.16875219753719417
-1.4769862267291174 0.14907877113001788 -0.17664099148250667
-1.5928608826325572 -0.11761342218779092 -0.18016100338436214
1.950818228108794 0.8042231555829567 -0.36139083317257015
-1.5610900134153525 -0.45558402103751305 -0.18705869129634944
1.2124546951590887 0.8062000038111634 -0.3500299494598016
0.4978590401570173 0.8025893147501648 -0.339166645321618
-0.19308859999298278 0.79312932410242 -0.3288030665252313
-0.8876864115463121 0.7901634528195061 -0.31828213146663753
-1.440869722406589 0.7262038860645355 -0.31113052776790706
-1.5773440389725408 0.47006599125970183 -0.31410313061214534
-1.6875738634042605 0.20160286531449856 -0.3177394907806024
-1.6995623414990177 -0.11396770009510249 -0.3238177340362176
-1.6678132036410602 -0.4516419397545981 -0.331018451962243
-0.14896568562394208 0.35220389630263327 0.692620988574256
-0.32749492167505423 0.11054315132250281 0.6898568827774421
-1.4036707517763887 0.7897239718710978 -0.45541906765438167
-0.3439628726030435 -0.20702064792887853 0.685316677775611
-1.5444662069807151 0.5355807570514948 -0.4582452814910516
-1.5776504025007867 0.23069244424991453 -0.4639356177184686
-1.5308482598847704 -0.11316928951275784 -0.47178697994686214
-1.4450050407451016 -0.47730522766807226 -0.48073339870906917
0.9420185684144897 0.8310345403195534 0.5463859994079963
0.264132081506844 0.8124201691149828 0.5500013787414924
-0.7111075614347442 0.758790876557935 -0.6137757342193231
-0.2447699987582581 0.7210407122477882 0.551534529414405
-1.169331738239464 0.6497089016743942 -0.6076564829681024
-0.34950951745159387 0.44592575023449754 0.5479607541229621
-1.5459113206986999 0.5051680703786161 -0.6038112681243524
-0.4552313693364809 0.17112273583291682 0.5443831641342536
-0.6575871807347156 -0.2361210417777606 -0.6357979815337762
-0.4262559936735073 -0.16729246951243937 0.5390582043793097
-0.8064104077228436 -0.49057578188858386 -0.6385083239410028
-1.1001663968383468 -0.6749702877212904 -0.6371088068816766
1.2172795544155477 0.6426894377271175 0.39277600833438786
-0.6203036238682742 0.5076236061479804 0.40406894275211247
-1.9521338041442888 0.6842447393103264 0.020715470996131025
-2.1309221564759753 -0.013694427926790098 0.04240631648563298
-2.0678658446225597 -0.1817536354832363 0.0433099229004279
-2.0232875399691395 -0.35893226578400217 0.045117374148596845
-1.930202209929746 -0.5116698466197818 0.044439788546790204
-1.8869061098348823 -0.6890797144770531 0.04624723979495915
-1.3793817566543112 -0.6292410137869879 -0.696248058590661
-1.5436267813874807 -0.7195379766516972 0.032916541781653486
-0.3516650013048874 -0.13685617996229382 0.7086213786270514
-1.984281965749183 0.7475233025868562 -0.06949997356868831
-1.121001333529449 -0.7038103082483431 -0.7080745737884149
-1.2134951333348027 -0.7586558364120499 0.020263667788733564
-2.04247367807924 0.5140933126219807 -0.0619907420013055
-0.8200378296079194 -0.76953000997975 0.004447694506873212
-0.43511622940942374 -0.7871745274208415 -0.010916475567589679
-0.03168285724733266 -0.7987105292763275 -0.027184490475426593
-2.1076844938469605 -0.12316165795758138 -0.04556441715694515
-0.8977724375086424 0.47096506580456676 0.6238853890564338
0.40844330644747373 -0.7958711319063987 -0.04525995663143245
-2.058413593159969 -0.2980049699846603 -0.04392195156551448
-0.9312762136043702 0.24921784475484898 0.6281729895737067
0.8537003957729752 -0.7937319156151297 -0.06356144360042659
-2.032150966325439 -0.48406409533493644 -0.04110598972774593
-0.9299798054538684 0.045840132993742344 0.6311413008835212
-1.8992022954772096 -0.6168600267078261 -0.04392195156551448
-0.8981771870185398 -0.14175462997061672 0.6329551894333258
-1.7172997434130224 -0.72610769530921 -0.049319032940636554
-0.8312151914406343 -0.3116911594483085 0.6334499079849616
-1.3873781879161058 -0.7642760761174294 -0.062460188183556475
-0.72441852461683 -0.4621623962168755 0.6324605900909797
-2.060446891514893 0.4529438669464376 -0.14974689892269222
-1.043667116506505 -0.7979677854913412 -0.07630515507198421
-0.4244871407759021 -0.5198701426476866 0.6243801076080695
-0.6049946747412349 -0.7885839582270648 -0.09507799557186214
-0.02517865674463593 -0.5320519856828305 0.6126719672348395
-1.0821375946254577 0.5399693276927131 0.5369534451630011
-0.20631730000094706 -0.8012223532939338 -0.11173892429805843
0.37914371081812703 -0.5446039582824831 0.6007988412048713
-2.1130437349700486 -0.1770598590594865 -0.13344073704219905
-1.0884791900914834 0.33209834641925084 0.5404258925583258
0.2380548304732244 -0.7951621260327748 -0.1307463686797723
-2.0996700693022134 -0.36979362860862963 -0.12979007175899593
-1.126965566826378 0.10885778453280892 0.5451139170791999
0.6604026127821783 -0.8024550188085477 -0.14858079365230648
-1.9842779959592747 -0.5111244688847698 -0.1317369978759393
-1.11275961296721 -0.08709326964251574 0.5477181632187262
1.1014154358893862 -0.8040729256892725 -0.1673536341521844
-1.9543923937508865 -0.6949930706080636 -0.12905979565120784
-1.0769593050638662 -0.2718044750253803 0.5494545657303229
-1.6875026619348361 -0.7624262050614625 -0.13928175381160823
-1.0239153964812715 -0.4476930772203751 0.5504962165024176
-1.38008928959416 -0.8118274220114436 -0.15169406345821468
-0.877117405164185 -0.5778844204295766 0.5478918511536017
-2.1521718547262907 0.4141147526983673 -0.2345831435058221
-0.9419407040785686 -0.8003388402594034 -0.17116427830196468
-1.3269205797842858 0.638437196968205 0.4610304791595832
-0.5211858085600198 -0.8002315643354017 -0.189661030087243
-0.16500026195819117 -0.6406518941238737 0.5265358645584479
-2.156925198899721 0.009479417900216447 -0.22500324657894222
-1.3149498183821962 0.44017953988129577 0.4639341790344611
-0.10438145482779504 -0.8049231098854079 -0.20791435650325862
0.374594707388475 -0.5889531149256619 0.5088260132934943
-2.129408235338488 -0.1765695832513181 -0.2219784300658807
-1.4775962290868279 0.15398971429630492 0.47391521522067936
0.3174785674994496 -0.8101382836494686 -0.22641110828853694
-2.031252175123001 -0.3266374988223113 -0.2229867022369012
-1.3916742024122115 -0.005084170809471544 0.4737337786819831
0.7670647848973573 -0.8054173189884999 -0.24636793545223323
-2.005103576184055 -0.5127523692950717 -0.21996164730526058
-1.3152402546434345 -0.16892906480662262 0.47391521522067936
1.2671793429829918 -0.7806248899136214 -0.26900220325924007
-1.9080571021163166 -0.6633757800694084 -0.22096991947628108
-1.2438704145620108 -0.33523879927180644 0.4742782075073615
-1.627634172888932 -0.7243561104704455 -0.23231411388851253
-1.1730907417674317 -0.501762218890736 0.47464108058475407
-1.2617251384703465 -0.7455888392319814 -0.24844813755489437
-0.9995238287706414 -0.6183194103767029 0.47083007880710515
-0.8234083843937938 -0.7344662837580493 -0.26861572674251644
-0.4569851200067916 -0.5581872839487616 0.4521381814148322
-0.40699181343610036 -0.7368782850154041 -0.28752279690242855
-0.1344616681756321 -0.606938170333212 0.4423385817673102
-1.3387798103705464 0.46759106875014567 0.3642754513885871
-0.0035722539335694137 -0.7483240185632916 -0.3056736033294305
0.3328621489641108 -0.5893544796127408 0.42673170157932194
0.4546096084989344 -0.736902851929699 -0.326849226269494
0.7646774346047138 -0.5917134532364123 0.4125766713287726
-2.0236767325984815 -0.27412601499493405 -0.3138639967773065
-1.5223037474292056 -0.03160232639111271 0.3791786391403571
0.8998600897780307 -0.7347120226609007 -0.3472690623138055
-2.03304992207579 -0.47816027996147525 -0.3086476366851434
-1.3565578151984212 -0.15035817605423674 0.37554835864566716
-1.9224670625986633 -0.6220238126975808 -0.31047344616390316
-1.311989875279579 -0.3298292194057879 0.3770769793655768
-1.839232459272985 -0.779585264306391 -0.31073427608944026
-1.2411857103839168 -0.49611947307784376 0.3774590451385871
-1.5679583577140832 -0.8457126472681118 -0.32194900921321956
-1.166494456898313 -0.6604465998530422 0.377650137629737
-1.1391668349948105 -0.8375580391345956 -0.3422920744750604
-0.8223240147047619 -0.6948629358232559 0.3663769919540778
-0.727788087924516 -0.8407419197243158 -0.36159182003475276
-0.477836168171649 -0.7314104584668577 0.3551040846969977
-1.7157849788976804 0.5369940972929825 0.28550529071353825
-0.3835521543778668 -0.8785777243850248 -0.3769795935485467
-0.12399851126622963 -0.7658121273085641 0.3434488732483283
-1.801852702237575 0.28975189639011845 0.2930970151092902
0.04686949274253749 -0.8782402071311246 -0.39732289722896663
0.2980206813287012 -0.7705825718151154 0.3289277512695685
-2.123730599681913 -0.07611138770054993 -0.4032378237578973
-1.777791832245775 0.10008780199157385 0.2956943471100226
0.49144682521470884 -0.8743211617735973 -0.4184482138488397
0.8474387371062377 -0.7190570756154706 0.3090567547943488
-2.101003200632327 -0.26442484316999426 -0.39973402431942073
-1.7500319151656996 -0.08720312774892847 0.29809164592288884
0.9411612023586002 -0.8711462372702421 -0.43983459881282894
0.8577627394084644 -0.9198416945518701 0.3119227845337287
-2.0477889996339798 -0.43697442528638675 -0.39811683109737483
-1.709623365151323 -0.267697413659743 0.2998900372650519
1.3869375138270783 -0.8729138256427653 -0.4609601538512811
-1.9191929520222715 -0.5718867177818012 -0.40108180454708187
-1.6206861629638283 -0.4237626655960831 0.2994902093078986
-1.723783585930903 -0.6743643029711741 -0.4080891650054559
-1.4157127687598958 -0.5228321044585797 0.29389619418643864
-1.366973346250937 -0.6991633972068705 -0.4247996847961053
-1.2288427657687535 -0.6318180219816902 0.2891013581421271
-1.8567159550666688 0.44249122591049783 0.20215773173831852
-0.9063873489111387 -0.6762167808673638 -0.44770908764339534
-0.8037570475778537 -0.6266224224264398 0.2737176377441779
-1.9298012718876123 0.20264832318845905 0.20945548602603825
-0.557656583170818 -0.7101280143554938 -0.4638805430266961
-0.44115794740690717 -0.6543328211146076 0.2611310441162482
-1.9594756137127973 -0.01373512300666846 0.2146682698395148
-0.140934101489826 -0.7140853954646111 -0.4840948622558221
-0.024021241293951334 -0.6585928398070955 0.2461469132568732
-1.9499622060777 -0.2093737980626038 0.21800422259830388
0.34409562960915707 -0.6888032786888729 -0.5083518069121942
0.41626327400990704 -0.6548569339273733 0.23016380855106267
-1.9857252439244917 -0.42703506566437355 -0.4906728308532342
-1.9099834554650812 -0.3891536627508927 0.21988081523441227
0.8525061814730179 -0.6560866743149987 -0.5339567702148065
0.8480885230068509 -0.6581459599903958 0.21458053180240544
-1.906286808044122 -0.5865728144506406 -0.4906728308532342
-1.834888449322058 -0.5511752183972405 0.22008919307254704
1.2484067185173657 -0.6789850343306902 -0.5528233092162713
1.343969823482368 -0.6348469432143418 0.19620012828372868
-1.8274121774779033 -0.7463919669258487 -0.4906728308532342
-1.6976037316279644 -0.6825990200263199 0.21737885066532048
-1.587519973887261 -0.8277778480946125 -0.5006895106170282
-1.4169641864536828 -0.7446981467563738 0.2079961259033576
-1.9469658893763366 0.7904321312304816 0.10853123256229313
-1.221762347399526 -0.849792855295302 -0.5184965174529657
-1.1002069001858246 -0.7911058720569208 0.19694518634342106
-1.9739931587645287 0.572964828181231 0.11396193095706852
-0.8060652677235041 -0.8503855412951502 -0.539364342007409
-0.7561741379188192 -0.8265124591732267 0.18464326449893864
-2.1173289643240025 0.29628790040391806 0.12504052707218083
-0.3853009840038837 -0.8514708362824202 -0.5605104010436639
-0.3937731397222137 -0.8554888052288376 0.17150735446475895
-2.124254669767602 0.09159733389273583 0.1293849904205695
1.4321425721041976 -0.19911194372756924 -0.6676316302154168
0.000645869309899183 -0.8718490707587563 0.1569116074707404
-2.091983774852693 -0.09237575166623913 0.13177442142032536
1.5214023146388413 -0.3663685077858041 -0.6681880991790399
0.43174848483933204 -0.8738200026498468 0.14064812251590642
0.12287672998269272 0.8351955955927828 -0.7208960097167596
-2.051523312078423 -0.27179125902212675 0.13372945376895817
1.6146268478259742 -0.5318768638219353 -0.6690228026244744
0.8951672526215759 -0.8638766860866269 0.12292503901981267
-1.9228713644281896 -0.3967933598767175 -0.5840210955474481
-1.9715512632335788 -0.4311057701179166 0.13372945376895817
1.380401167839338 -0.8472219438937962 -0.6498243849609002
1.3274309741267984 -0.8714421386744426 0.10666155406497868
-1.8567445407777612 -0.5632032507919433 -0.5831604044768914
-1.829470569177957 -0.5596440925075079 0.13068842479251774
-1.5537888805224256 -0.613112750253574 -0.5975077193114862
-1.5083868841922339 -0.6007973618087128 0.11895823070072087
-1.1967720888441207 -0.6386272178271781 -0.6152985136840448
-1.1825420094676886 -0.6417294642430349 0.10701059886478337
-0.8069436350729191 -0.6607838559491874 0.09267377444766911
0.6621021307974146 -0.1490441038821615 -0.723765615734826
-0.43091338973373894 -0.6821846771323941 0.07833695003055485
0.7650401395399484 -0.3071359865272463 -0.7252001803252801
-0.009324922256567447 -0.6845411170418565 0.06182765552066716
0.8584281001413743 -0.46991179725449683 -0.7260611098144159
0.42637779109905694 -0.683197711199508 0.04466700145267399
0.9467497819111941 -0.6351630173406626 -0.7266349833343133
0.8626702130980064 -0.6846204018189326 0.027506108966101728
