-1.2015843546183653 -0.9304222811164209 -0.5075642431620606
-1.4518216798752661 -0.8064195039341087 0.24341160408220208
-0.8246193993505067 -0.8796615753255281 -0.49114864715375983
-0.9311178538936176 -0.813973547201897 0.26202208152971185
-0.33729325513395736 -0.877277547129296 -0.4677512014750489
0.1448155142395322 -0.8761011348838466 -0.444600280607129
0.5757842365263492 -0.856601559015246 -0.4245976770762452
1.0338029547327636 -0.851637192292948 -0.40281551727094733
1.4179521652270601 -0.817937681404743 -0.3856415117625245
1.0796839603597412 -0.650424371353246 0.32772523513994134
1.9161146341731978 -0.8365680789182761 -0.36116474517622077
-2.29813392753751 -0.7668966397999029 -0.6636797750834473
2.1851659523822384 -0.7578030195001446 -0.35119574912824714
-2.2298455435549904 -0.5850149011804504 -0.6667110288981446
-1.486227422210682 -0.8753879580634916 0.1483662759419433
0.39767510759957503 0.25575755600614514 0.2760794793721191
-0.9741844627659404 -0.8902061487414912 -0.5931636656168946
-0.9424263311729284 -0.8916576609215241 0.16895419708452142
-0.5008794206959699 -0.8693956502287676 0.18456369987687982
0.027767805649979493 -0.8980288474304245 -0.5429951513651856
-0.05978592817432826 -0.8499515678214351 0.20021182647905267
0.45881089432467803 -0.8776576741188222 -0.5223242605570801
0.33942355103037514 -0.8158280915379308 0.21383744827470696
1.2057293952691133 0.7061357751912567 0.29000741592607415
0.907750132673236 -0.8678782396795839 -0.5004197920207032
1.0644141584656523 -0.9234639617233285 0.24377400032243646
1.3332377399878297 -0.8511119676915087 -0.4799720610026368
1.054157629216018 -0.7195983412347573 0.23706060997209466
1.7262114321079487 -0.8231138124209565 -0.46158307441511237
1.3515929727490494 -0.6489260348224732 0.24573022476396478
2.1827573801914717 -0.8257041345083351 -0.43896478065290534
0.30449565246305 0.01055270886723747 0.18680698028764642
-1.207865603751987 -0.9490215262642678 -0.6982585752848633
-1.3670756295464592 -0.8725503365589731 0.05698806396684564
0.3755120731108974 0.1835085107207064 0.18393975845537103
-1.1309745969858938 -0.7747193443745033 -0.7006337011698731
-0.8003675723618251 -0.8991263884999157 0.07966143242082513
0.44712195732068594 0.35624181174153335 0.18107134453020013
-1.0304428514042954 -0.6102750469039364 -0.701473888242627
-0.34054546310326117 -0.8853235285797822 0.0969291364308349
-1.058236813693771 -0.39223254311430367 -0.7109147871378907
0.10954187976363627 -0.8706054490498403 0.11376220337114251
-0.7220898833151601 -0.3275037070842117 -0.6960756147746094
0.5545180984856302 -0.8568343489121517 0.13039642921647943
1.2373072095314015 0.6098593158664443 0.20159298530778802
0.990464103678562 -0.8535381511660347 -0.5888912046793946
1.1229661163085716 -0.8989603587656063 0.15349704376420892
1.147362962651048 0.8553880074138576 0.1904192601796142
1.360856758329838 -0.8136038915067161 -0.5714604223612794
1.1678504884877938 -0.7189802532992857 0.14948660484514154
1.76295867609943 -0.7899582852878027 -0.5518404806498536
1.5292752648238839 -0.6768582143190685 0.1619308625813476
2.214885360878725 -0.7909720444448283 -0.5287925566081055
1.6527219162658078 -0.5323303277734581 0.16198927513322747
-1.1630336295075843 -0.9662425427435295 -0.027561363065625066
1.7035743810673516 -0.3559534088912031 0.15822822204790032
-0.7259691306922953 -0.9402313826604853 -0.010826286161328191
1.723182940871535 -0.16536947403235303 0.15278989425859368
-0.2119893260684087 -0.9707410966670409 -0.7401315534953126
-0.27552087249629054 -0.92276944145258 0.0066843663807860665
1.7617382835770776 0.017099707341479586 0.14830261818132318
-0.11218694039222399 -0.8095919372198281 -0.7408735121134766
0.1974640544747146 -0.9178520664274785 0.025465789949511652
1.7782870069574024 0.20993275192859073 0.14261228195390618
-0.1129590325980061 -0.6061043312150574 -0.7485687101725587
0.637684127503853 -0.9023487741030678 0.04256421676835931
1.75477673129161 0.4217494447029537 0.1347556745167724
0.9993579239951806 -0.8562853282612934 0.055506292497729426
1.5918154660018544 0.6993387337468064 0.11943966499528802
1.473282044676509 -0.8821975795808115 -0.6544215048197755
1.3332280102133325 -0.8006100000589953 0.06699687591752923
1.7790999742003848 -0.8169678745394506 -0.6408249700907716
1.6485985477111775 -0.7390353112864645 0.07752591720781243
2.249222160206383 -0.8259145150159455 -0.6157867277506837
1.790116014892746 -0.6029606404811716 0.07867652527055657
1.849847010607295 -0.4311250313027486 0.07537514320573724
-1.2432504726123312 -0.7793838212619164 -0.13229697593488776
1.9010944989550964 -0.25536563126511425 0.07157594314775384
-0.6168100515383195 -0.8323866766121881 -0.10442608245649421
1.9347843207916604 -0.07147364620392693 0.06678110710344232
-0.18484541005367916 -0.8085625440899165 -0.08720320113935554
1.9373918019195386 0.1269666202644686 0.06024200073442376
0.2696733999881751 -0.7972148498648153 -0.06866663345136725
-0.4523115472352117 -0.4703947746851611 0.6463564073201171
1.9272065108902972 0.3319344721411568 0.05294829956254876
0.7144724431002984 -0.7848669325197477 -0.05060070403852546
0.15920114423991905 -0.5263923188462911 0.6654194032307617
1.922401765506109 0.5351229507381703 0.04589397064409173
1.144994014220437 -0.7694381461703586 -0.03326290496625983
0.2099363513395751 -0.34504520785367276 0.6618581449147216
1.5246592883242869 -0.734854285036171 -0.018701728666211004
0.24759690868479112 -0.15780553991832136 0.6577358876820556
1.8488950237350643 -0.7094383880885715 -0.7320973242167481
1.839959527527796 -0.674562772189681 -0.007694181287670965
0.29054207372189467 0.027405993777733784 0.653795305406665
2.2824287115024795 -0.7034211786762938 -0.708894428098584
2.059228302224046 -0.5737396981971941 -0.0020448530558594413
0.3296151865761985 0.21461005397893018 0.6496639882679931
-1.3381856528237677 -0.9985261135831678 -0.22481292136945807
2.1874498825069217 -0.43339878673853605 -0.0015127027873047538
0.3694039524636814 0.40180287319257246 0.6455283795948974
-0.8178487270121622 -1.0052566921104713 -0.20198267349042975
2.2478243580275716 -0.2628682199124839 -0.004827674711132879
0.43266470645571076 0.5786937259553824 0.6423235570546142
-0.3858525520361198 -0.9791427824528043 -0.18410867103376471
-0.8106187606307955 -0.7920604771491568 0.5500584279652587
2.304258967403392 -0.0904345059593652 -0.008402046049023504
0.12403712617753371 -0.9884836006450115 -0.16171663650312507
-0.4981085083532051 -0.7173265634110066 0.5574687158223144
2.334112690075905 0.09438090192514181 -0.013522800290966863
0.5596294808723812 -0.9701011947492546 -0.14349954971113288
-0.06599696659597498 -0.6949827991299955 0.5699496900197021
1.0085274682409207 -0.9603692627056333 -0.12445228942670905
0.3472659614989695 -0.6675847118143707 0.5816908513661376
2.3055417591542096 0.5065387714747445 -0.028937038267041082
1.4202069602919138 -0.937753570141254 -0.10747950919904792
0.5994736117527779 -0.5737380371817551 0.5866583024617187
1.8039499283895672 -0.9058285087573523 -0.09205859550275886
0.6821540169517597 -0.4077926669562473 0.5844367181416503
2.031830331266576 -0.8082341968510676 -0.08560675033369147
0.705908348826739 -0.21611332216947687 0.5796805059071533
-1.3188690367659213 -0.7799329662272783 -0.3269283140543946
2.246109204306574 -0.7059170680374862 -0.0799342954997071
0.7029911675347904 -0.012208853248665719 0.5737462674733154
-0.8354121636940448 -0.7731656933371127 -0.30540746101179206
2.3237460259838763 -0.543795663411359 -0.08220475562849128
0.6689822702555226 0.2062373341998196 0.5664342080708495
-0.33410913997466807 -0.7772114186007215 -0.2827543581370362
0.6176819592128773 0.4333936326905672 0.5583267842885009
0.15735224188226837 -0.7806216240640822 -0.2606014574412354
0.6252044915907362 -0.7774253213776419 -0.2397689188364991
1.0695457347304007 -0.7673768746746603 -0.22025912650861823
0.30726530311276434 -0.428113409265535 0.4804576074238769
1.5179400121009827 -0.7621604377246527 -0.20043772109785163
0.8899149159542183 -0.4781276639401142 0.5004232560749999
1.924618088784289 -0.7417792732718951 -0.1830374563578614
2.309002746363465 0.65497460083877 -0.1249024237040528
2.180187556468546 -0.6573182324476363 -0.17463653930463874
-1.252056787316512 -1.0134502452272258 -0.4115807379130372
2.212408899191015 -0.4746078753192009 -0.17964213737287604
-0.7919525277367399 -0.9959994269419852 -0.39070051559248054
-0.32774273150480937 -0.9834090563244686 -0.369498905027295
0.6967169159045739 0.6225467340438229 0.46181923500261224
0.17278622263516752 -0.9892026724148266 -0.34600871452131354
0.8969685356145618 0.7357891033144099 0.46472102752885736
0.6312680381603926 -0.9807756646586725 -0.3250047529582032
0.14517110611950912 -0.7542204437232414 0.39142901054582513
1.0754251944514621 -0.969426544707126 -0.3048047388438233
0.13074872537174187 -0.5454946888756353 0.38477832428178704
1.418177864303125 -0.9175399968335398 -0.290763553464795
1.0302946423005288 -0.7294718535654781 0.4203105603810302
1.9804860022485755 -0.9632143510240212 -0.2631594503764161
1.0116364779522087 -0.5212339861628763 0.4134767686482421
2.2953814009631124 0.8823189042183017 -0.22474640258588874
2.198980370074807 -0.8622628447536016 -0.25666993507185065
2.2897668443505452 -0.7060280583483731 -0.25807422050275886
0.44710180526989163 0.1310499120878177 0.375097099458789
0.8541366773345871 0.5608126574150418 0.3755210076924316
0.5215085600481402 -0.5868864540518786 0.42086416832170404
0.3614288277439357 0.6953567059235155 0.4997733270283691
0.2904556852959992 0.8658974136554392 0.5085409318562499
0.4405732894793708 0.7448293662076466 0.4349871312733642
-2.139338423226935 0.5863825613813205 0.4055205022450439
-2.014073383586286 0.7045122558589796 0.34484726539812005
-2.1770274894287276 0.7121032122698452 0.3392370378132812
-2.0163494074040607 0.775327172539015 0.27670294395646966
-0.545656817661655 0.5762138352656265 0.6764174138661376
-0.678674745028296 0.63022230810801 0.6753998433705322
-0.36653893247728675 0.6732559192295042 0.6165872251149169
0.4080513673253918 -0.6372849160200929 0.486730400240039
-0.5437032478023447 0.6429489613337083 0.6089332734700195
0.32301673905346107 0.47987561516382726 0.5555575524922363
0.33042787552965436 0.8061484259392699 0.5765979920979492
