1.8524251482349143 -0.7729646856206713 -0.5477482179502218
2.069327767307101 -0.4080022370724521 -0.517365107903835
2.2152937804860784 -0.0775705881780091 -0.49392665422951865
2.0988502317164617 0.1340480325805231 -0.49566329515969443
0.0017723301618985943 -0.7990926971471204 0.2927759786745341
1.9967847385914297 0.3521585573374715 -0.49609721697365927
-0.3134339246890221 -0.6661771229469622 0.27560554944479776
1.89548325769492 0.5706457628255492 -0.4965316156247823
-0.3177413691069262 -0.3957246504784777 0.28327785932028604
-1.1265048083926104 -0.47397867384460923 0.22665296994650674
0.4561489174378579 0.4779946655177234 0.3607257505556376
-0.21856742338721347 0.45846765548319723 0.31469522916281534
1.8500555506749095 -0.7995834695421848 -0.6834455827573507
1.9624489703043508 -0.4818632531777318 -0.6625963548520772
2.0944497594980476 -0.15711716085251837 -0.63997281588113
-0.14609669381906087 -0.9592851481258151 0.15275656186545206
2.1051191229698247 0.11165278680099888 -0.6293259958127706
-0.24285060320137575 -0.7293088034706372 0.1531304021974833
2.0348742584356714 0.34381500082037775 -0.626664767632839
-0.3479161910116062 -0.5030071645307963 0.15275656186545206
1.8833448752199757 0.5402266860269656 -0.6319877008298604
0.5391079012276663 0.4212777582598939 0.2414001127382548
0.6261313107691535 0.724958136465478 0.25636135541403604
1.1798350296092366 -0.5671353550766582 0.13258110486471963
1.3349204309715788 -0.2302135677988808 0.1540135046144755
1.3228125215189195 0.03081424479371364 0.16128527127707315
1.2934795189183532 0.2835957247110059 0.16702639066183878
1.996743113134123 0.6434194691628754 -0.740136275658962
1.1919221704389003 0.5045439794738158 0.16664349042380167
0.9216082410891744 0.6531784834976051 0.15209995709860635
0.5414187120990874 0.7565939173710277 0.12837110959494424
1.6424114321211931 -0.6380981439221607 0.05261265241110635
1.7467869747738476 -0.32436479658094086 0.07018743955099893
1.7068853742601178 -0.07663040494962203 0.0752648016115458
1.6861719217882793 0.17908004224227625 0.08190428220236612
1.593392192467121 0.4026369875551623 0.08229481183493448
1.4007797328111167 0.5829235065399736 0.07409321271384073
0.9704221019880634 0.6620193841304634 0.04558216535055948
0.5077414164457963 0.7301474633998808 0.014338364233616119
1.7949498274243112 -0.38127956841005073 -0.06232131517922568
1.8412633177266997 -0.09502566943264057 -0.04951776064431357
1.8432245544474313 0.17038004931617934 -0.04071486986672568
1.7778041158047273 0.40540497779447904 -0.03791392839944052
1.6675418604346248 0.62069307287355 -0.03911412752663779
1.4435409140577704 0.7871640269381324 -0.05031741655862021
1.0777939028879047 0.8943030810112198 -0.07392562426125693
1.8232556279797194 -0.9007343391648668 -0.19982970751321005
2.0486865627032813 -0.5309830246765017 -0.17039454973733115
2.0533531024350964 -0.2635508872661987 -0.16099084414040732
2.05454138941586 0.0014515644052544019 -0.15199721849953818
1.9565788241799282 0.22173090942659357 -0.15199721849953818
1.603815802630507 0.33028200050863177 -0.17489160097634482
1.6258389907663116 0.6037475263180028 -0.16426147020852255
1.8881862630314004 -0.5629206979324195 -0.30544913805520224
2.0108611418554503 -0.24179232740810264 -0.28499043978249716
1.861993789165048 -0.04369623800336697 -0.28958333529030966
1.946157817202156 0.2578323491133787 -0.2728825906614034
1.8673564764009285 0.48648716050551855 -0.27121223009621787
0.11706459264726732 -0.07739199189741797 0.5703200002809794
1.76650646192644 0.7054299792623411 -0.271630416283962
0.08754950118431282 0.17923822847086512 0.5755385061403544
1.6801526151734123 0.9306380436970727 -0.27079499758279013
0.008577190929500489 0.41421224892905073 0.5769303938051493
-0.2625447940030625 0.5678773254619927 0.5637096067568095
2.054838325178153 -0.818632267110651 -0.42360318697488
2.090002882426873 -0.5363838616803136 -0.4108167985776632
2.0628090022618437 -0.2834278790583262 -0.4039975503782003
2.086638219807469 -0.00825664241698476 -0.39248956240212607
0.3052449301132327 -0.7914550805387961 0.4377854963442118
2.015964094270153 0.2240150510886494 -0.3899322847226827
0.3458785830377451 -0.502463490334037 0.44884048901999307
1.9324653369331628 0.4504357021421015 -0.38865340746438193
0.3740482679823032 -0.22011516374328366 0.4588259359499247
0.3347790439757574 0.031866105084422 0.4634622236391337
0.2873276210639659 0.27983980068550807 0.4673846861025126
-0.19503540289775856 0.34200281798726806 0.4374283453127177
-0.9809986909546353 0.2791756314355105 0.3839357992311747
