-2.0565628901844093 0.5255525670224372 -0.41823129389963487
-2.036899958000589 0.625627317255713 -0.6687005016633067
-1.9523837109158393 -0.37102098604554357 0.5687949206999745
-2.00445106210492 0.7836127890822553 0.33782882954396865
-1.9497115160960306 0.2665177288824978 0.32745189930715224
-1.8919195203377512 -0.2520113213694657 0.31689281727590224
-1.9725600084101131 0.7293278333542617 0.08445949818410536
-2.0956158279954735 0.24050098049388424 0.08114166523732802
-2.1060426212011976 0.7517456518996823 -0.16116075251779893
1.5647650843441028 0.7968026856976067 -0.29419164393625596
0.8636901117271947 0.7980578337134361 -0.2488916370698009
0.11546088006957689 0.8298382505544453 -0.19957332347116807
-0.5746812997227124 0.8351484049776445 -0.1550043079682384
-2.0170059536731344 0.5274659619666693 -0.07353763316355089
-2.053164813158517 0.17907504887669745 -0.08376674388132432
-2.0691359762634676 -0.18196671427840272 -0.09582214091501573
-2.086651362498941 -0.5434586410072129 -0.10787753794870714
1.1750514947360813 0.7603918557651994 -0.4363024685212169
0.3956822103879176 0.8069507575970363 -0.38319091532907823
-0.33419930406056153 0.8321083591642875 -0.3341939899750743
-2.025077531516459 0.6595331565826754 -0.2294671985932384
-2.0717969471988624 -0.051991967852316634 -0.25265674327097276
1.6807292167181913 0.7700346401464984 -0.6362355205842052
-2.1060740611877122 -0.40335315538064975 -0.26350335810861925
1.436109697152034 0.5248026934104573 -0.6285808536835704
0.3802758293581121 0.7208303748102196 -0.5501220676728282
-0.362686397748476 0.7536781562265062 -0.49883727763376573
0.1424834169732918 0.45842596086966836 0.7729169871977772
-2.04620562283165 0.2096164114458574 -0.40621738169870714
-2.083723101909726 -0.13903497442611723 -0.41693381999216417
1.6294768221591198 0.8149828833254986 -0.7812269184418712
-2.1659312135438284 -0.46311750299410903 -0.4238226864167247
0.5246600605584035 0.6599003861947565 0.5930535342864003
-0.7238861568223172 0.9686949053100378 -0.6132877323456798
-1.208288885526926 0.12533038995592705 -0.6121161434479747
-1.9444248838779146 0.1692840642468667 -0.5601718876191173
-2.0080735825768414 -0.16488062184348706 -0.5687640163727794
-2.1681506112487483 -0.44449586393414364 -0.5687640163727794
0.29091904506719857 0.52428007985894 0.43745680119313857
-0.8896307172694549 0.7996695362795663 -0.7875044796296153
-0.448065736220542 0.5566064644750028 0.48141308094777724
-1.3890898880335953 -0.7810432102292566 -0.8147128078766857
-1.952589577029329 -0.8308525506900821 0.5230557468108143
1.252319261031758 0.4885189842692341 0.2141506221465077
0.42421186995683513 0.562525187908868 0.26604910160817763
-0.3498936400623336 0.6129545178589595 0.3138772990874257
-2.042228071107104 0.44343952848819157 0.4088546779326405
-1.9788461531326362 -0.7049103467226487 0.36645384098806044
1.083034143114105 0.5036014103648938 0.05879040028371474
-2.149434867105981 -0.9796241776200105 0.3671323802641835
0.32099015544042686 0.5427978633773165 0.10680218006887099
-0.39605925700759315 0.5627278712916421 0.15133495594777724
-1.8048901309151688 0.6037655945213274 0.23866100575246474
-2.0491935040029574 0.3724280402329043 0.24561949040212294
-2.1328712982186033 -0.319879605379505 0.22683210636891982
1.6278046851915349 0.9425150477758635 -0.12671308253488878
-2.146636597996988 -0.6838881130719017 0.2150032069853749
0.935453559260452 0.9379160847628185 -0.08320598338327745
0.16952067640907842 0.9779624674071812 -0.033635899765113386
-0.546940566454424 0.9965220698368853 0.012010767715355364
-1.8150753311194876 0.9574780664189291 0.0901100185088124
-1.9103040840854675 0.6430893164774147 0.08511753346242568
-1.9372357850743924 0.289626042795355 0.07441921498098036
-1.9743412511768952 -0.05925970791845003 0.06443376805104872
-1.9306896764807817 -0.4555635288596278 0.047672465103050676
