1.5771518077299973 -0.035023766343684315 0.30873166708847855
0.6242198168673063 -0.6539343499717916 0.5395446935167012
1.4871967559859236 0.045725270389453954 0.3194523969163594
1.395921647243405 0.10214259413510263 0.3262902417649922
1.3073524244118886 0.18840870635428075 0.3378058591355977
1.2228537210954897 0.2597903224337301 0.3470407643785176
2.097731769591597 0.6399133498850347 0.0003667989244160452
1.1328341337607206 0.3170845389173351 0.35390102057358597
2.0077258069769215 0.6990707884863028 0.008815876530617217
1.0302657618548885 0.3361838963847461 0.3544436612596211
1.911209872019711 0.7194583798418535 0.010392777012794951
1.8209651976338215 0.764490748981153 0.01629172949692581
0.8774667433861936 0.668186187767347 0.4025322118272481
1.7297372149888197 0.790166062594885 0.018779865788429717
0.7905587439323902 0.736447027636693 0.4109851041307149
1.6383333387263015 0.8112374219379674 0.02041732458969925
1.5424582384015544 0.768744486106776 0.010947815464943389
2.15588421211201 0.10616838851507993 -0.628699191523582
1.4488595405426992 0.7609921154242585 0.0074630895127949515
2.06055985707002 0.10122735611706446 -0.6315621218214336
1.354794503728062 0.7486563300206583 0.0031253018846211233
1.9651826075126095 0.09662826584106199 -0.6344212374220195
1.2687181762168436 0.8348478833460007 0.01589500098130081
1.8700409642327713 0.09726337478454639 -0.6363290628919902
1.1768868012836577 0.8476901340811196 0.015842072056740264
1.7739796641489463 0.08353073891073137 -0.6410802683363261
1.0842370166955604 0.8510417939428976 0.014081589268654326
1.6790777536680572 0.08973019099198609 -0.6420339426527324
0.9902154244901205 0.8399998285579926 0.009757629918068389
1.5865490585487159 0.1305429916178369 -0.6363409838209453
0.8989277234199768 0.8587153642334826 0.010571590947121123
1.5426744034140647 0.7784834604657007 -0.5128973803053203
1.4387302426463933 0.7568349916667074 -0.5196050486097636
1.3465735032682318 0.769088692841585 -0.5195721468458476
1.2494457332379518 0.7771676230790874 -0.5205310663709941
1.1615964611110563 0.7847783346340762 -0.5213955721388164
1.0673906849182124 0.7735560252953135 -0.5261024317274394
0.9120993386739364 0.0583919067700478 -0.6675900301466289
0.8261075840060421 0.1111122216456053 -0.6599158129225078
-1.3048620924992633 -0.5660005348261592 0.6345177808274922
-1.14083490883921 -0.5695419112398739 0.6437817731370625
-0.9724911799684399 -0.5825999726839939 0.6542044797410664
-0.8158341984697337 -0.5743026262928552 0.661731831120461
-0.6435502382385607 -0.5976304493673155 0.6733122983445821
-0.4761432088310116 -0.6128456247276688 0.6837345281114278
-0.32242121126058976 -0.602154838990657 0.6906829991807637
-1.6099308644922274 -0.6182421585525901 0.4772730985154805
-0.15780077757669275 -0.6143223142568175 0.7005263486375508
-1.4549321850590715 -0.6028934386349079 0.484429470585793
0.0043211866296388735 -0.6227493683530909 0.7097908177842793
-1.2838352908785708 -0.6189139359079405 0.49576007513901565
0.14654767151198556 -0.5916928622598476 0.7138439336290059
0.21737361484850481 -0.41367076901140365 0.6987892308702168
0.2892237638207398 -0.23569547774596344 0.6837345281114278
-2.1751974247772026 -0.7250903389691601 0.23597966818711136
-0.8362686382533155 -0.5478803411154445 0.5130544820298848
0.3621015687186002 -0.05777791046475045 0.6686798253526387
-2.0246711181916943 -0.6986624971569526 0.24220334677597855
-0.63907517691311 -0.6197244153240717 0.53154145865342
0.3026574314907613 0.4031070389284537 0.6171470799913106
-1.84333156513215 -0.7294774456929147 0.25651704459091995
-0.4201995367792435 -0.7367991085016783 0.5559912839402852
0.36807788378717277 0.6038516266296341 0.5991974988450703
-1.6671721516164482 -0.7523829307791488 0.2695861974229512
-0.293622244784256 -0.6730259288667426 0.5559912839402852
-1.507824719160599 -0.7454640169799731 0.2782989659776387
-0.16682302125771642 -0.6096916809714159 0.5559912839402852
-1.3905868337842975 -0.66036940845121 0.2758093991746602
0.004091092047527667 -0.6358610249647398 0.5679188886155782
0.1985675405086198 -0.7118340566159276 0.5864053884019551
0.3901361113180535 -0.7842637002274415 0.6042963185777364
0.49076711597527023 -0.6696111979143637 0.5971399465074239
0.5429443682226243 -0.45211227008289256 0.5762678304185567
0.5964256683605349 -0.23453034481070034 0.5553952374925313
0.6449147958357209 -0.003391934957001297 0.5327335515489278
0.6009718467968064 0.43058564392870835 0.483236900853127
0.6985031137503022 0.5629940343992246 0.47369491248032425
0.8172888158194702 0.6499721864992694 0.4701172032823262
0.9364086692757887 -0.5586403642310813 0.3946758428086934
1.1343445587907652 -0.6527258365830164 0.41583549170395706
1.1765393405410371 -0.40942785514496904 0.39031945853134964
1.2755599298249791 -0.287974415948689 0.38160668997666214
1.3487914691130385 -0.10794461250990395 0.3648039021959004
1.429129355514 0.05842647179407123 0.34986793188950394
1.4924088677799787 0.2655444380438965 0.32933055548569534
1.574810172434777 0.43174620816047593 0.31439458517929886
1.9982169218966863 -0.6558309307435053 0.10918771414658401
2.0559919601413608 -0.44139979219031034 0.08589183478257034
2.107241753077206 -0.20872551067448342 0.05993329672715042
2.084201062511168 0.20184352336932676 0.008015743779152373
-1.2114473485027162 0.12901137717044975 0.759423367070168
-1.2600404400113554 -0.16945654261114385 0.7059780278672871
-1.083584426506441 -0.1954355530556171 0.7178641477098164
-0.8577092533596513 -0.3194683407991832 0.7422028699388203
-0.7094264742631005 -0.29402788368923893 0.7472969212999043
-0.5768331516484899 -0.23812096486985013 0.7484289327134785
-0.45738987331016645 -0.15602091824185038 0.7461649098863301
-0.32878449114981834 -0.09212149176660489 0.7461649098863301
-0.22183485715365947 0.015934806959926107 0.740504852818459
-0.10131983212108864 0.09688543748848133 0.7382408299913106
0.013070201780234214 0.19086848164751302 0.7342787900438008
0.14074148006093878 0.2576104411416864 0.7337127843370137
