0.5396462839730916 -0.5789301048200883 0.34204583987444614
0.49580090178920955 0.5860743652676526 0.45513158663958286
0.5975319823330736 1.0417703166117924 -0.16122383251935268
0.4190205903438198 0.7591374991130699 0.4676771722719071
0.4021002764474986 1.0146409807913415 -0.17744297161847378
0.2584398939861714 0.7919555779870784 0.4613357149049637
0.21393990794634732 1.0011255957711853 -0.1917142309263351
-0.0519705615147501 0.5793539763640219 0.4217930398866532
0.7095593716244508 -0.6143586699175216 0.2684341035768387
0.04354507676596597 1.018051472542961 -0.2014488615110519
-0.14786398667546763 1.0019697335301814 -0.21635193005353237
-0.3947086789391818 0.8983896133099023 -0.24483675137311245
-0.5186747084064365 0.9934350872938964 -0.24290174618512417
-1.3323313094489606 -0.28753514744025566 0.2591109834596512
-0.7800985810173771 0.8710127162388019 -0.27460712567120815
-1.5878589703701493 -0.39068910313041627 0.23334651812761997
-0.9040697128377673 0.9673526222391509 -0.2726573385313156
-1.3823131496633962 0.23196016385566764 0.30664592608660435
0.4624674444350845 0.8186856225688892 0.3982062898561356
-1.0758997865363185 0.9890090670857177 -0.2823471464231613
-1.441284785748536 0.43483927346802176 0.32269531115740513
0.3900611108182659 0.9818092555478941 -0.33805126324445034
0.1840431727083356 0.6557912114460187 0.3650327287599442
-1.2640328253710322 0.9864366740481643 -0.2959117330625656
-1.507237868378411 0.6251594722552198 0.3370338045045731
0.8476307515182953 -0.625152833419822 0.195568140594661
0.21984594928217405 0.9980104437055104 -0.3480529226377609
-0.09836468803902676 0.49013880876998783 0.3312850557252762
-1.533762267196309 0.8601547773606235 -0.32888073101788784
-1.6807510034908333 0.6490828059900196 0.328476961700618
0.031336144650630615 0.9853657291071336 -0.36269706860333706
-0.2550017421334445 0.5334420090566425 0.32602458819597935
-1.6575888768445424 0.9590111859182286 -0.32690090313702846
-1.862589684615834 0.6613064352518592 0.31820970401018833
-0.15493607723660574 0.9777947066222445 -0.37667078152447964
-1.8713843002274828 0.9218672920111999 -0.3462657369688156
-2.030928949421117 0.6950415477122718 0.31081395968645786
-0.3284426017488613 0.9921067101757934 -0.3873147405698898
-1.2246495871864695 -0.43187191033760186 0.17021470889300083
-2.0609775584426373 0.9228782756964193 -0.35979980603009487
-0.5205868944084813 0.9777778603039025 -0.4026016630247238
-1.2951324180861192 -0.24137689132271944 0.18473916873186802
-2.336631170457686 0.7972149190614068 -0.39338344708234096
-0.7237022655003216 0.9475888853769767 -0.42053884640485073
-1.3858138165180165 -0.08444155686254007 0.1946225725099442
0.5898523579102957 0.7936027737566 0.32547574862688755
-0.8873641721372536 0.9810342486143995 -0.4285034574583175
-1.227424808993419 0.46208046114633916 0.25856881961077427
-1.2439079001536797 0.7149482980347841 -0.48429483547955776
-1.352736145893978 0.5599571625063362 0.2603283487245438
-1.3360298493016813 0.8627768017268842 -0.4743055738523605
-1.4776667920598712 0.6582460771635787 0.262096460907161
-0.12377413563370254 0.5104870820156435 0.2527919374391434
-1.5681944766260045 0.7949343107630895 -0.4988560117796066
-1.613061399268645 0.7403056571489017 0.2615461908265946
-1.7684729938009482 0.7779507001485442 -0.5154261030271652
-1.8791336570154726 0.6236624831824678 0.233104761688411
-0.20462037083071039 0.9583429414291018 -0.6186351217344406
-1.9707947819728915 0.7733802898027697 0.24186998233050083
-0.3834657646676334 0.9645061867327023 -0.6310729421690109
-1.1900780442688728 -0.3136215937107032 0.10289436206072544
-0.5968204091043106 0.9169454359489322 -0.6524786390379074
-1.186094768910003 -0.005619942461699168 0.1341548524782059
-0.7869340145213926 0.9080721941921368 -0.6676630415037277
-1.2413705144480502 0.20541187042624998 0.1518555246278641
0.682054787744832 0.8303173352048887 0.25705343112200474
-0.9987165794874571 0.8666754752629835 -0.6883615888670089
-1.1271313665911435 0.6799859433974014 0.20672803744524693
0.5677954412883537 0.9388211931130463 0.26119237765520786
-1.1307188431712945 0.951244574171632 -0.6883444227293136
-1.2946717526904052 0.7106967641156778 0.19907718524187779
-1.2624140028628688 1.0362764772945852 -0.6883191503599289
-1.486602063925183 0.7046323750671242 0.1861239038392899
-0.020103841278789503 0.5628679485095134 0.18569093569964146
-1.6625780402528534 0.7243756829355519 0.17671876773089146
-0.14535250304834335 0.6567030180674607 0.18745618685930943
-1.855102147779931 0.7200104532398264 0.16378169879168247
-2.020509858647884 0.7578991881520558 0.1567512117311356
-1.1392901003625795 -0.3515425732663324 0.021013315765559426
-1.185867295386295 -0.12348852116795683 0.041357573120295754
-1.1675265394079233 0.20513727490588707 0.07607465609759068
0.7847037944041944 0.930307474280859 0.19617086276262974
-0.0256119569128046 -0.42233945212617385 0.6453075967714188
-1.0672162092548731 0.6587885420760351 0.12875753268450474
0.6478714554875467 1.0001037477475094 0.19490295275896763
-0.16205534352953777 -0.3411875201709975 0.6452527604982254
-1.1731039573662159 0.7853606824289336 0.13475805148333286
0.5086909022962658 1.0661438745065794 0.193035181610286
-0.3007875412534986 -0.26382901509305867 0.6446681581422684
-1.3619415423476582 0.7829744553645313 0.12221008166521763
-0.4624600858526051 -0.22422648531082956 0.6392489038392899
-1.5375465972463473 0.8022373174697783 0.11266284808367466
-0.09000125747167687 0.6746357286993536 0.11402421817034458
-0.5048655608806243 0.011129490185464164 0.658580835907161
-1.7459999958920207 0.772475899275598 0.09594016894549107
-0.2044205419465186 0.7855934968683371 0.11824994906634068
-0.6371920487041649 0.09817586454117233 0.6590943895265458
-1.9084178408163837 0.8140818723814895 0.08940130099505161
-0.3419011617002994 0.8589385858869072 0.11701875552386021
-0.7849265096337845 0.16034328927949915 0.656388338653743
-2.1286479112627177 0.7696287877026258 0.07030063494890904
-0.4817960458723576 0.9285741242112522 0.11518770083636021
-0.8428602089696895 0.3663388749673935 0.6719775758668778
0.3398732270886171 -0.40803546157473747 0.5870090089723465
-0.6717863131211033 0.9189500591439561 0.10182624682635044
-0.9659421549786202 0.4671465241289212 0.6741276346132157
0.9416600954484622 0.9120594568896117 0.12655931338518833
0.3344375638236201 -0.10536723608016985 0.6153593622133133
-0.8674388351030018 0.9018274984606656 0.08725839480608677
-1.104608957559563 0.5431786379608319 0.6730576120302079
0.8149065118013823 0.998381929964502 0.1277313791200516
0.3105694820233964 0.16265838389978526 0.6393457017824051
-1.0447809689964345 0.9148554612210127 0.0769477449342606
-1.2430440221355852 0.6197135050441389 0.6719952188417313
0.6884733093041859 1.0851157603039319 0.12891012057512974
0.23987226814139717 0.3493030396922059 0.6529555879518387
-1.230378150646409 0.916163728194956 0.06482320651262974
-1.4728905986284104 0.554743381157401 0.6526523195192215
0.4165537382123006 0.9299413601609565 0.09499078616350864
0.11636766722741498 0.44655222206696266 0.6550961099550126
-1.478506378336867 0.8226053391250403 0.0387402139589188
-1.6520022382168236 0.5700937082492246 0.6435366235658524
0.20245990020387694 0.8737882646483079 0.07524352893084263
-0.009311369776490608 0.539939627787632 0.6566973291322586
-1.6813340469023643 0.8008927562033996 0.022987898437678567
-1.776795345337895 0.6693851920769021 0.6451869569703934
0.029102395094312783 0.886407101331244 0.06535774096697544
-0.12683751394830267 0.646464046524013 0.6599455438539383
-1.8600171574276345 0.8174157881860076 0.012707766143977395
-0.14444629436709278 0.8997799001956892 0.05548005923479771
-0.31953599052079085 0.630652584795822 0.6473508439943192
-2.0003965644679127 0.8925774000516249 0.010938223449885598
0.25780684509655316 -0.4995347624314661 0.4937124811097977
-0.33912449752422447 0.8801752968500658 0.04068141802996372
-0.49688124725025773 0.64104468468609 0.6380429826661942
-2.20410626624885 0.8734408238772815 -0.004790727050602683
0.2647331926465313 -0.17527154653624066 0.5252905450746415
-0.5210600327214934 0.8825122666775798 0.028970297424494973
-0.6929170787028909 0.6227254496897601 0.6249166093751786
0.26351987287085876 0.1313700436914651 0.5546565614625809
-0.7112125130627192 0.8730630037765756 0.015419062225520364
-0.8867082104313866 0.6095224743267771 0.612344320861995
0.6015328432386795 0.9864319662164576 0.03511911257952427
0.21314839215089165 0.35223683266902484 0.5729261003419754
-0.9017122138755838 0.864481306016117 0.001874979583918801
-1.0648894415460575 0.6223734866949329 0.6030588708803055
0.4162190863963886 0.9761613971506264 0.021958883850276223
0.15635804092389094 0.5602291302232771 0.5895386300966141
-1.089893191808116 0.8609515298107553 -0.011045876891911277
-1.2647233169504162 0.6025205295502154 0.5894084535524247
0.23312939174155645 0.9709736178350781 0.00943094119280552
0.02591237891606113 0.6449810205990296 0.5900559984132645
-1.2783828175961318 0.8582746651673823 -0.023958627136051902
-1.4622912088707025 0.5877802735489368 0.576312597839534
0.05749301227272241 0.9792859513589924 -0.0012168325498702615
-0.10681145231902889 0.7259377048525906 0.5900264345094559
-1.4672001593408197 0.8564511652946756 -0.03686374798566128
-1.6466974717882934 0.5947884757166939 0.5659571252748368
-0.13399772848784863 0.9630428384915426 -0.015603963287174949
-0.28883010868923265 0.7270250762270365 0.5794549547120926
0.5942093684161307 -0.6436054444320476 0.41878419741839146
-1.669915634957995 0.8347389684021636 -0.052841130645573386
-1.8422672398050821 0.5859960735610414 0.5534234605714676
-0.3311090628790865 0.9392559768259083 -0.031233254821598777
-0.48687782774815247 0.7035916796918826 0.565558489410579
0.4395760108352107 -0.5947299949695832 0.41475158557146763
-1.84847768989993 0.8512499652889893 -0.06326765194684292
-0.5207803760368392 0.9289878596871262 -0.04498190060406948
-0.658981233881164 0.7231879975527882 0.5572228990480301
-2.0492291829122635 0.8354940652582066 -0.07861322537213589
-0.6816677051166877 0.9657297376253027 -0.051852170379460105
-0.8577686134757769 0.7015137007209944 0.543341692535579
-0.9011797369647425 0.9110623106386235 -0.07245582714825893
-1.0489989111572697 0.6933385767215192 0.5311337076112626
0.8063272307862732 0.957929526237784 -0.04011100903302456
0.5201039365049738 0.47473700707365296 0.5239344201967118
-1.0624587337970723 0.9493382812259377 -0.07931226864606167
-1.229847025377751 0.7027684099310001 0.5211544595643876
0.6111470606978813 0.9296956504329756 -0.05601591244488979
0.39441267940819813 0.566775445341861 0.5255714021608231
-1.2587621556054742 0.9341131310957813 -0.09427923336774136
-1.4055278157513342 0.7213492853010663 0.5122933946534989
0.42316153597028006 0.915124100686775 -0.07001203671246792
0.2537279453408914 0.6336823990263021 0.5238333307191727
-1.4392167548890527 0.9447516065345489 -0.10549158230572964
-1.654600787151125 0.6282742963748689 0.4884481988832352
0.2502221860022047 0.926841633754524 -0.08019632473737026
0.11066574022649434 0.6968545065579832 0.5215383134767411
-1.6743322055372332 0.8732291071620857 -0.12918705120831753
-1.8146478415944287 0.6735588009524598 0.48293405398577427
0.069330997882183 0.9266246862427181 -0.09227556362897182
-0.04518814555192563 0.7393622008715468 0.5164304338380692
-1.84185140788599 0.9063403097651452 -0.13726133480817104
-2.0596560815578826 0.5910225288678639 0.4602156244203446
-0.12744469792452406 0.9018682719543811 -0.10815185681134487
-0.2010261858213127 0.7825044634640221 0.511331137268245
-2.0259395551905044 0.91539841665751 -0.14907497540265346
-0.28283107919961736 0.9454546398942192 -0.11387581005841518
-2.2517444960817414 0.8634951276465195 -0.17024892941266323
-0.47764460523622176 0.9265782500628887 -0.12910360470563198
-1.3344927310426442 -0.4435901664769659 0.32521348818987583
-0.6940256069329962 0.8750492872837796 -0.14939684048444057
-1.5266429622535895 -0.4461281316895551 0.3133693300172684
-0.857880511009796 0.9083053963150043 -0.1570004858091476
-1.0052960029484623 0.676131650324983 0.45266061648577427
-1.067242735100919 0.8712270812815532 -0.17537635937482143
-1.9520669248033613 -0.5113812993103011 0.2812448106691239
-1.2529688949620947 0.8726635712033222 -0.1880368627622726
-1.4910309242553268 0.5033639510543502 0.40645318850725864
-1.4254638675716649 0.8957247612535859 -0.19752115383893276
-1.5971751849352742 0.6312807619013121 0.4121203981325028
-1.6225513302703547 0.8821895554018973 -0.21270364895612026
-1.8143221307383683 0.5890743887869654 0.39467531069964146
-1.8446165056263624 0.8323220033222043 -0.2335843481138351
-1.9554506322288532 0.6640248585770827 0.39302736148089146
-2.0536025349468616 0.8042002909287724 -0.2512874044492843
-1.733578383711766 -0.883024515790428 -0.5032939352110031
-1.9213448264232937 -0.8104829411973284 0.3720679841920731
-0.9337488274279764 -0.9317459304244693 -0.4129661954954269
-0.3891589099071382 -0.9003641239658471 -0.35390657559186245
0.14556672284714978 -0.8693568618193623 -0.296004239471257
0.689229737213175 -0.84508928647708 -0.23694414273053432
0.2707163302825606 -0.6905830081275468 0.5788775049135086
1.2980610014484313 -0.8472403159786275 -0.16977781430035854
0.3594750879007762 -0.5101635129469351 0.5813999734804032
1.8172101254501172 -0.8220985718117539 -0.11361259594708706
0.41598215286504825 -0.31857031918310597 0.5803909860536454
1.924119907534525 -0.6538741398415766 -0.10840171948224331
0.4637965648538156 -0.12381176770576019 0.5783734880372879
1.9708001939996365 -0.4643204411378541 -0.11071771755963589
0.12850301754459537 0.20896611004114263 0.5349937044069168
-1.538885369588911 -0.9566503221046432 -0.6870493330076339
-1.928464213063755 -0.8178964356260963 0.2672548852846024
0.15950898447098893 0.4116572651401782 0.5309582315370438
-1.121193300314367 -0.8790830361816013 -0.6423229612424972
-1.5898808874328907 -0.7125916861591044 0.29701476916521763
-0.35541463759218317 -0.9212088920487886 -0.5534667409971359
-1.2559620458900866 -0.6078362007159086 0.3262610994264481
0.17907066324039533 -0.8901669178307472 -0.49383110180646206
0.8351660400380325 -0.9045986408665421 -0.4186906255796554
0.39965459743447695 -0.7443569546689268 0.4925036989137528
1.162261133849853 -0.809266958232282 -0.38529485836774136
-0.0003192705530423723 -0.39442837515285234 0.4417076669618485
1.8265627569409588 -0.834549658639272 -0.3089618124082687
-1.3274683733915467 0.2853198794110625 0.289318140594661
2.0830913539637663 -0.7195612103734277 -0.28451151028424526
-1.4040526784026781 0.5311680708553332 0.27341228350847935
2.232333424063647 -0.5675159740233333 -0.2737769521787765
0.003990642641554132 0.24419627640745745 0.42015748843401646
-1.7255844893093268 -0.840037497954004 0.18380170687884068
2.284019531139755 -0.3806794140779708 -0.27556604519635464
0.007081130560763427 0.4575139112427671 0.4129744134828446
-1.0758067258993833 -0.8393230704233581 0.2485018335267899
0.14171154179688017 0.62300026654815 0.42015748843401646
-1.166563313327842 -0.5936241633004684 0.23128324374407505
0.4819700858820468 0.7115803435801169 0.4499168954774735
0.6201404868699214 -0.7771183335156842 0.4149480424806473
0.027736059797248913 -0.36054411553890375 0.341899927704036
-1.2189741817127526 0.2918815070077727 0.19580274447649693
-0.1479097972406933 0.12832480684136272 0.3074622713014481
-0.037679385617046535 0.30320172239837717 0.3121586404725907
-1.6933869205012755 -0.9361681315847186 0.08617406710833286
0.031050382081453165 0.49286896721728013 0.3121586404725907
-1.1570541264639758 -0.8971676259066399 0.1392193399354813
0.3570880689787401 0.5877648366195878 0.34085613116472935
-0.9793715709666344 -0.7415266004477594 0.15195041522234654
0.6784609529384014 0.6823548959959354 0.3690319620057938
0.035185669799396635 -0.4469935513390091 0.24424892291277622
-1.0011275836837044 0.12938852241346765 0.11959272250384068
-0.13647690179243455 0.03970796795671916 0.20976978167742466
-0.04525904695255889 0.2213244054086836 0.21242194995135044
0.03252734611949393 0.4076314318547922 0.2134829126283524
-1.610704689515309 -0.7998137746486975 -0.013956490905583152
-1.0979579263921053 -0.7544221750061588 0.03726106509417271
-0.5573385378012858 -0.7219416855464331 0.09171300753802036
0.6701319576635711 0.814677869987662 0.2622848115846512
0.2979373722999057 -0.8008411730669422 0.18228679522722935
0.696338413373681 -0.7277690185388082 0.2205648981019852
0.7943087074810222 -0.5521550232862609 0.22433906420916294
0.7194725887887472 -0.3156268200721719 0.20816522464007114
0.7566315280972944 -0.10752385091135963 0.2043915353700516
0.944152904447165 0.046392884898732945 0.21786981448382114
-1.5015999678779863 -1.0291219755247205 -0.09864181652814175
0.9572248668523144 0.24212219080802555 0.21193891391009068
-0.9845542208930027 -0.9842385521093995 -0.0460528768613937
-1.7225171614641823 -0.7291575975502056 0.7006521783754227
1.0466118451297248 0.44174871904900925 0.21355634555071568
-0.3562956449759582 -0.9694819219960991 0.019136007873713723
-1.6352269107823716 -0.5301554818733756 0.7025657258912918
1.0623135909086727 0.6264627211250051 0.20816522464007114
0.15665517201996693 -0.9412882894755548 0.07172542437761997
-1.4878522459507764 -0.3734209188054187 0.7111764512941239
0.6775921804607989 0.9733749105524332 0.15586953982561802
0.6644948645655404 -0.9146795906714189 0.12376647814959263
-1.2788443309413111 -0.23841988005722214 0.7260051332399247
0.9543942737480222 -0.805520737358254 0.15006118640154575
-1.2214004599173478 -0.041158105966573544 0.7250485979005692
1.147335700824378 -0.674588551456857 0.16540008410662388
-1.1666427266172619 0.14625336640706976 0.7240920625612137
1.2079592755130832 -0.4873920501399631 0.16485172137469029
1.272572769122192 -0.29113481123489393 0.1643043123170731
-1.240625546531895 -0.8768365909562021 -0.17995351925641323
1.3719325161423015 -0.11787535762374901 0.16813903674334263
-0.8132352846958995 -0.8045663961977176 -0.13710445538312221
-1.4946953165150063 -0.5652962879805514 0.6127625070497391
1.369179712800424 0.09249610619841775 0.15992170199602818
-0.24013780368768778 -0.7845226656756772 -0.07700485363751675
-0.9765991129129503 -0.5240261861442868 0.6595187745973465
0.29481659538948435 -0.7553531757864853 -0.021357003600895652
-0.5106669525969352 -0.4683762532383575 0.7009177766725418
0.8152176861768083 -0.7248006568145016 0.0326209627076981
-0.5010416961378965 -0.25747211152298277 0.6950731836244461
1.2695264439615173 -0.6746324639336834 0.0788088403627274
-0.4107827347392643 -0.07442638867216544 0.6975083909913895
1.615817842319629 -0.5891942108468591 0.11219745501726841
-0.24019292581957785 0.07993093265118745 0.7082233987733719
1.6954620302724663 -0.41032478514389936 0.11386686190813755
-0.13008649031672803 0.255178635531383 0.7126069627687333
1.714981563699375 -0.2097607438884097 0.10830217227190708
-0.19249930429670314 0.4926982421014863 0.6989694200441239
-1.6149301853230682 -1.0222264234898368 -0.329061929138005
-1.9548050094920058 -0.9112574775788076 0.4763508401796219
1.7959086436420293 -0.03133963715001542 0.10997157916277622
-0.9281469811218841 -1.0327475497635135 -0.254347745330632
1.7982367163197281 0.17610112851421889 0.10218053683489536
-0.29396722627830485 -1.0305191842866144 -0.18585962429791714
-0.956856225060946 -0.8089553242408201 0.5675654970094559
0.25484325295389 -1.0038440948046556 -0.12756008282452846
-0.36411504286756724 -0.7945587788006918 0.6230874620363114
0.7937699261096611 -0.9775621645273205 -0.07039207592755581
0.002079123333857069 -0.7067897414937221 0.6548142991945145
1.266482102723458 -0.9320844445962528 -0.02114910259991909
0.1378162061119923 -0.5416525039757651 0.662250097839534
1.6263163504029947 -0.850310695119564 0.014510210601985207
0.1989054228445255 -0.35095121527549367 0.6617541871950028
1.8127780417245987 -0.7095122084317644 0.02922635897845005
0.20437531018336585 -0.1405283069099319 0.6553097330018876
1.9107116419635588 -0.5380107460613388 0.03318839892595982
0.22002828446584033 0.06672892438593436 0.6498571000978348
1.9624834551056054 -0.3500727011548399 0.03149038180559849
0.18500588824683462 0.29272256069261715 0.6389508806154129
1.9915999576525891 -0.15373454673015985 0.026962336151301614
