-2.0317934038986927 -0.7752640740311278 -0.11189872805056611
-1.4980677874415491 -0.8057236704869766 -0.08552772585330048
-0.05301282752374448 -0.8527640717015998 -0.015501804985380563
-0.8007475497601817 -0.5105893884446147 0.6370026391369339
0.3723681442803972 -0.8507703856875821 0.004517249427461234
-0.5159883106208767 -0.4443293282024996 0.6449415009838577
0.7515033666851707 -0.8314172336436414 0.02173631604733428
-0.4188169201392036 -0.2973486653895918 0.6441513818127151
1.1975485531102397 -0.8634957322229155 -0.6288912970202927
1.0708998759321542 -0.7881567177850428 0.03529994901242217
-0.36227775886955627 -0.13255743789782315 0.6414391320568558
1.566372659964987 -0.8448976283066187 -0.6075843054431442
1.3034766993592992 -0.7081124528777281 0.0434977334362503
-0.20483953922438403 -0.01286947949586903 0.6434270661694046
1.821130117716537 -0.7773209792674081 -0.5950864035266403
1.3540947007156312 -0.5472036463192325 0.04036157544674834
-0.14726779757986463 0.15127839993843395 0.640714339576387
-1.7755250942258236 -0.7569378367398301 -0.1891840178149704
1.903344425691408 -0.6326753792121238 -0.5960071760791306
1.4325636801372958 -0.39884572936077944 0.038925818763398734
-0.08000533594136527 0.311109228041083 0.6384274285656448
2.004168160323381 -0.49669622292225313 -0.5955131727832321
1.4979246463663163 -0.24452689069165245 0.036637000404023734
-0.003108681020371762 0.4665415074159185 0.6365668099743362
-1.211053447057619 -0.6015123868459398 0.5374390405041214
1.983254833756071 -0.3044788285318134 -0.6045754629748825
1.5276165254975567 -0.07359047115480166 0.03207128461422881
-0.7609388374311017 -0.6037921850558234 0.553739241920137
1.5534402500904303 0.09950287757909138 0.027216605506562797
0.32074518015739173 -0.8934232006645217 -0.08189231935915986
-0.35266262530522496 -0.591067734596578 0.5680767815929886
2.0250602891124228 0.04275262048021489 -0.6163495260852341
1.5257938735970527 0.29828017040097876 0.01893918927731475
0.7318832185158861 -0.8875090362872626 -0.062044449486112985
0.023127057322074762 -0.5669218137240293 0.5808893960339065
2.0424978021746085 0.21865647513925524 -0.6225999075549606
1.5080203318515988 0.49320583410953134 0.011221103034638968
1.1288078569125712 -0.897328627921901 -0.7159174162524704
1.1242613162290294 -0.87615947266913 -0.043334313072538766
0.12897662313890024 -0.4259167779728017 0.5806175988537308
1.4520974982792616 -0.8577990240317561 -0.6976602751391892
1.4158701646486964 -0.8225407368108577 -0.031023808159208688
0.18052079632207096 -0.2609721770603812 0.5776788514477249
1.747827371255367 -0.8080053433259806 -0.681553669609404
1.5980807825760444 -0.7215109001777122 -0.025709934868193063
0.21900294371806694 -0.08998284655401534 0.574068717322969
1.8753582724087057 -0.6837105190074055 -0.6788285452502731
1.6759386186458034 -0.5739882759458652 -0.027115650810575875
0.22176128122713834 0.0975256032213423 0.5686718743664261
-1.466227260568349 -0.6368267968746366 0.4408671182018753
1.9397483136925402 -0.530973775042753 -0.6811736303943161
1.7406879349581388 -0.4205322335119277 -0.029400177635527047
0.18442029720534947 0.3040284364019854 0.5612599175793167
2.000156275999492 -0.3763478410547023 -0.6838820654529099
1.7923929495330384 -0.26098840229883535 -0.032565899528837594
0.19783897657858418 0.48792683364634115 0.5562922280651565
1.8175424679975762 -0.0888794472156107 -0.037493057884550485
0.38333170807945294 -0.8742852126139411 -0.1648290831225876
1.0984705275790638 0.41495232843109164 -0.7717149931567673
1.8208039577243103 0.09394572740737317 -0.043892689384794625
0.8355072759262114 -0.8869276917093103 -0.14161808077273408
0.26324224049054834 -0.625578454137262 0.505615405402803
1.5000501066260998 0.41196859650236917 -0.747234650291777
1.8157878838092287 0.28128626103645615 -0.05088789049563447
1.2824960050334067 -0.900468275383723 -0.11867410723147431
1.5329026925923035 -0.8292454058889902 -0.10863573137698213
1.683192628026795 -0.7143389471074499 -0.10520631853518525
-1.7925965163597688 -0.7012495916978168 0.34153907712521514
1.8473794682471443 -0.6064555442281048 -0.10086662355837861
1.9074833905969584 -0.45150337998705226 -0.10345489565310517
1.9500332873076562 -0.2883232522496755 -0.10725242678103486
0.28731224151718493 0.4938692671711138 0.4729377549511429
-0.3870145502917133 -0.72711881647448 0.39760320600094756
1.9570321357685323 -0.10826422936748514 -0.113468952812529
0.4462511834323202 0.6098343991303139 0.47528427060666045
0.4726408238749258 -0.9317208703618292 -0.24349147859988252
1.9647700513390625 0.07199176027189935 -0.11969310823855439
0.8835145521273766 -0.9264833097194298 -0.22232849184451142
0.33188514199191843 -0.665137428710949 0.4238964837414261
1.9822513215423765 0.24814559910924316 -0.12531930986819306
1.3577620502358805 -0.9521522411837182 -0.19680482927737275
1.5624424709307885 -0.8607594076312068 -0.18951017443118134
1.6261848571773463 -0.7069335015856097 -0.1918090063708786
-2.0732925134160958 -0.6323324332150477 0.23907583173336944
1.690479037294999 -0.553311406639132 -0.19410926882205048
-1.580755138723255 -0.6462706767785278 0.25970857556881866
1.832401325318468 -0.43533341188335584 -0.1911380964892868
-1.1164823800008676 -0.6516736358309387 0.2788922112804886
1.9112289632146755 -0.2887027113613456 -0.19250709597048798
1.9905619010117253 -0.14238713333030972 -0.19387657228884736
0.4822559640676829 0.5833483409508133 0.39130132611813506
-0.2676832355736103 -0.6376819995444549 0.31314676221432647
1.953047002467672 0.05903960976407063 -0.2033284384387497
0.46548424816919365 -0.7989496644088803 -0.3339007574695114
1.9524582657110123 0.2437885824399828 -0.21030361238894502
0.8444628949607296 -0.7803989081474967 -0.3143037039416794
0.5379208978640158 -0.6163858867520133 0.3452894013744827
1.3916784899601353 -0.839400745479324 -0.28290493074832
1.6603120695484215 -0.7771028788664438 -0.27088863436160127
1.8197833851719256 -0.6669347720429499 -0.2665031630176071
-1.5206559012066592 -0.7586733769783365 -0.5306461531299118
-1.6162252420262533 -0.8710120790993727 0.1765381615978714
1.8932858312540048 -0.5181425282463081 -0.26816923204836884
-1.2441055164306043 -0.8358442217705573 0.19133394177975616
1.9673101460431024 -0.3696276174084545 -0.26983577791628877
2.0056589488378602 -0.20449924011231957 -0.27405769411501923
-0.34020509106485974 -0.841418511711538 0.2299763482433792
2.026586418556917 -0.030890320426443907 -0.2795613485949997
0.6040648145663035 0.6683787412473023 0.30731552060666045
0.4041699416022482 -0.827954331566346 -0.42152196947512666
0.3927333227714094 -0.970539554757913 0.26512782987179717
2.0617092848554 0.13638950669104588 -0.28411228243289033
0.6055290591356162 0.8578443318723785 0.30125539716305694
0.8151363861812797 -0.8229110684606908 -0.3990514952319626
0.4972446569042468 -0.83066329405289 0.26515596326413116
1.2073383803091176 -0.8123899956077523 -0.3778589445727829
1.6491636597758834 -0.8268227655294282 -0.35304052416262666
1.840312475675363 -0.7309225634798082 -0.34618980471072236
-1.5615272789845491 -0.7033457103969454 -0.6235902983325485
1.9726020225019827 -0.609156620120288 -0.3435872275012497
2.0553738822341963 -0.4650916514652863 -0.34458477083621064
2.030042108620224 -0.27083417481915006 -0.35345251146731416
-0.18308269558275825 -0.7027398195938019 0.14599817212643584
2.068782811773616 -0.10585798711288419 -0.35773689333376923
0.35427341430853687 -0.7691155118295896 -0.5119984823840622
0.5263087516933105 -0.824920383871742 0.18112056668820342
2.090116693452762 0.06763974496359282 -0.36333829943118134
0.6528020550407483 0.5979032372167481 0.2256414216381546
0.8063894779463858 -0.7822309623377635 -0.4858563620227341
0.6632426151032647 -0.6997680718138923 0.18308132108273467
2.07611506347639 0.2584578987392945 -0.3715742308276657
1.1986083560540273 -0.7718848011635089 -0.46404392305789033
0.8415561217188188 -0.5936146770161486 0.18744056638302764
1.6586238806474576 -0.7947043404590843 -0.4371655661242966
0.9153286712770541 -0.4413607903747234 0.18568580564084014
-1.9088217034415145 -0.9225227073702982 -0.01228172365603486
1.8634735365367678 -0.7050966093032898 -0.42907173220095673
0.9896219342987536 -0.2893895063450955 0.18393104489865264
-1.47363657661732 -0.9218471461779387 -0.6989043432849411
-1.4120680195579105 -0.9371809266690576 0.011019400916719047
1.945926165085993 -0.5606109520376137 -0.4300449568408493
0.9918014638406003 -0.10440792624216755 0.17790954526486358
2.0062162799361367 -0.406006127607192 -0.4327009398120407
0.9403517402993788 0.1059473061546683 0.16867893155636748
2.0263579043472806 -0.23260601134208514 -0.4383886534350876
1.0165313350912797 0.25778120332053334 0.1669117730480667
-0.07283218261314062 -0.9375396304662544 0.072383097968721
2.1239411232728482 -0.09520951786112164 -0.4383557516711716
1.0842043621207775 0.41358971149219315 0.1646091264111038
0.4046814024672969 -0.967431621447183 -0.5869825560229782
0.3388351177395812 -0.9288585338111162 0.0908929627758499
2.118286748616523 0.09097030191266242 -0.44607431475100556
0.9449522918851017 0.6677593910498558 0.1500036042553421
0.8246327727603671 -0.9654405760663849 -0.5625260550158981
0.7042663060377734 -0.9028117995118876 0.10669010098996123
1.2349092767573744 -0.9621210888946763 -0.5387280661242966
0.955118163479602 -0.8286765356054886 0.11565082486691436
1.6036492296095908 -0.9431510698794412 -0.5179990011828903
1.0326376162799633 -0.6788429496429345 0.11418979581417998
1.6716715631759946 -0.7915309467654055 -0.5199845511096481
1.0787970762877706 -0.5149684677135937 0.1108037751537796
1.8719718214863281 -0.6999262234847237 -0.5119732100146774
1.148285193948496 -0.3614991777317442 0.1087896149975296
1.9589738785601511 -0.5575507848265175 -0.512575455345488
1.1593014078609851 -0.1812411354258785 0.10319536145749053
2.014745169674166 -0.40089768026711425 -0.5155933577197556
1.1982305073716777 -0.013390151449002019 0.09924714978756866
2.048489203422019 -0.23384853858927102 -0.5203407484668259
1.1608837299797763 0.19032764262172464 0.09060781415524444
2.019670876990606 -0.03705386504577035 -0.5299313742297653
1.156041899553868 0.37965964779869665 0.0838887017590042
1.9917073460296972 0.1601885502259961 -0.5395324904101853
2.166156480225723 0.22268410829972396 -0.595463581718779
1.9884983247769679 -0.22730930062829202 -0.04545576158938447
1.467049464982928 0.8363735921503803 0.0244247239452835
1.3279569382792804 0.8764015614110505 0.023122720084809867
1.179511716474833 0.8938835929978382 0.01965039189877471
2.089820445430407 0.0027773352433584364 -0.10434825006899873
0.4433061370229865 -0.5079262444252777 0.4766303819042679
0.47245811623081835 -0.050195046121537246 0.508413485847139
0.4503070605252546 0.2782056540416349 0.5299672406536575
0.5440699631273063 0.8733184223196915 -0.0033539015429977503
0.4028808257379666 0.5420643305540054 0.5464069169384476
0.45496777343344164 1.0148972274784498 -0.5858796316760544
0.3792263627474206 0.8572082524640265 -0.010298319496488961
0.2723279890794785 0.6088150574965212 0.5471374314648147
0.22597932273626498 0.8691872694900624 -0.014638968147612008
0.14204145498180054 0.6760058468833066 0.547868184409761
1.4838324523999251 0.8424146547239388 -0.05422098223147431
0.07261657555451251 0.8817784619186853 -0.018979378380155953
-0.022034620182495246 0.6660042053747688 0.5423883717876907
1.3428929519294304 0.8777650682866209 -0.05599553171572724
-0.07279435893845942 0.9131895949210573 -0.02158338610110322
-0.1722491658699461 0.6885975888839795 0.5394655984264847
2.1148619438480782 -0.2603272608884808 -0.19937188211855927
1.1925841720791492 0.8905883678845328 -0.05998808924136201
-0.2019252952849513 0.9815326286759429 -0.02071554247317353
-0.3265782772343755 0.7026695222715205 0.5358125489574905
2.1148747465475335 0.15460632018572085 -0.16409308496890107
0.5175132516567977 -0.4625545122467116 0.4067448895794388
-0.3963412590620976 0.9050230161369228 -0.033736534752226266
-0.49947901357460367 0.676441757814132 0.5288712304455276
0.5846618406745279 0.08711946308775964 0.44676535543026885
-0.5605279981186762 0.8974011570217826 -0.040247269310331735
-0.641762501435494 0.719026347082881 0.5274099629742142
0.543311163106754 0.3692760315105872 0.46509259160580596
-0.712503780305358 0.9176164313808215 -0.044153757728910836
-0.823534537894627 0.6760511038414379 0.519007853828096
0.5349236939578361 0.7246667615755484 0.4894041341167923
0.5630503934885844 0.8835887928877852 -0.08216816965518037
-1.112637622306604 0.38589590867564993 -0.7089565474170212
-0.8813139899257116 0.9022819548476022 -0.05153233591494599
-0.9806383828346306 0.6881604146451679 0.5149890702587601
0.3676524603239173 0.7038944925546247 0.4830455106121536
0.42581142757340373 0.9314671675441275 -0.08305532518801728
-1.2118313034544421 0.5253722533759628 -0.7003815848010544
-1.0356640670542525 0.9192373024139968 -0.05587274614748994
-1.1399862884716363 0.6963820119928457 0.5106052678448196
-0.015890724819740853 0.2781404426928944 -0.7479608732837204
0.2629261152109521 0.9204478412236767 -0.08970934931216279
-1.1700880537229494 0.9619559659536918 -0.65851528231082
-1.209258162788423 0.896270939704678 -0.06411964479861298
-1.2781926185846366 0.7503405519070725 0.5098747533184524
1.5012453949259559 0.9657361073754487 -0.1156974512713913
0.008112913498383278 0.6096322711766291 0.46584051068844756
0.11575781913909822 0.9465887710975451 -0.09281451288638154
-1.3159453449669023 0.9980890100176083 -0.6615417677539353
-1.398228526740965 0.8425797527185281 -0.07540447298464814
-1.4419864883916098 0.7507774803941913 0.5047601979595657
1.3438663850785098 0.9595158247688786 -0.12157709185061494
-0.11204819302145452 0.7005319979411269 0.4684585851055618
-0.045529784488625324 0.9414214162179135 -0.09902507845339814
-1.5393609757551054 0.873371879769671 -0.6827271658557419
-1.531663932880857 0.906453983150243 -0.07540447298464814
1.1730247635144 0.92167622468871 -0.13062293116030732
-0.25816141250399127 0.7325941519779491 0.4662145894390579
2.139449755124895 0.09920473440091371 -0.24130041185793916
-0.19284465841602128 0.968739103267346 -0.10213024202761689
-1.6791995900072294 0.9243123783401757 -0.6842406469958786
-1.7127143989047333 0.8722055379762494 -0.08495337549624482
-0.4451613164122996 0.6742556267617346 0.4564897340160843
-0.3811088503448836 0.9058175798547339 -0.11410719934878388
0.6939229828283366 0.4472506287396243 0.4013928693157669
-1.839478293340651 0.9505963668452964 -0.08365113321719209
-0.7213940595625559 0.42153957020980215 0.43068235333981475
-0.5225794678671711 0.9480099541808258 -0.11588174883303681
0.6501389755111937 0.7197246389682945 0.4193808358532425
-2.0607659385908192 0.8373684514194082 -0.10101301256594697
-0.9123771460557499 0.3606638628901635 0.42058341916623077
-0.6805918339104018 0.9545138555510704 -0.1212051588672165
0.5592329844053516 0.8773549589574046 0.42780082639279327
-2.2031018972859364 0.8857221795329835 -0.10274917665896455
0.5594127733072334 0.9516939828834339 -0.14961964670596162
-0.9114804333116524 0.7170126797206393 0.4448952000957962
-0.8345804297950679 0.9706995931105808 -0.12564117494998017
0.34320297757600926 0.742038454753299 0.4117261689526077
0.3672470425201375 0.8715360978120188 -0.16318828646121064
-1.0537899118834346 0.7611162447436399 0.4433991235119339
-0.9971144657138531 0.9694450873554814 -0.13185150209841767
0.10617672095987984 0.5620384010730461 0.391824654899263
0.2120558180825185 0.8790176539419434 -0.16816336695132295
-1.2023844668826342 0.792207712734772 0.44078081067624053
-1.1726204483320615 0.9418388719505586 -0.14072377268252412
-0.00022914134899920668 0.6845885629714346 0.3971828740459915
0.06272044604527949 0.9007969723472087 -0.17178184572634736
-1.3188738344961735 0.8914291121189066 0.44377320226254424
1.3366954384178875 0.8298068789480979 -0.2053437906878952
-1.3314097959788143 0.9509708035788407 -0.1460467058795456
-0.13826200951056222 0.7344635424321169 0.3964170735699173
-0.06244928207174283 0.9777806812609029 -0.1699727255481247
-1.5275872215585444 0.7976687940728411 0.43068235333981475
1.1108419588547829 0.6583342528430975 -0.22793180529055634
-1.511920752327427 0.915851587222754 -0.15580613199648896
2.0836745018986083 -0.17038691228035674 -0.3402751166003708
-0.3107041003657329 0.7074559128898343 0.38914554532589873
-1.737169162742351 0.704896946244638 0.41759126599850616
-1.6537878345084565 0.9621998823114666 -0.1575804430621628
2.0650308054729116 0.19314657471633723 -0.30880720201907197
-0.7130119131306394 0.1721484979304222 0.33900826390805205
-0.393769914316902 0.9514427246189143 -0.18444616381106416
-1.9935486072470319 0.5190354416873006 0.3966459554058548
0.7822723300053873 0.6427248404051795 0.3520595353466507
-1.8327588104958075 0.9330157100709044 -0.16689617220339814
-0.8116276178050192 0.3153130868617353 0.3458973687511917
-0.5846629135033012 0.8849442734950088 -0.19711024347720185
0.7023358203161614 0.8276056444029081 0.36299508031430205
-2.0341967886369368 0.8599591928465458 -0.18064767900881806
-0.907376043957342 0.4632242687730326 0.35316913541378936
-0.7408477380561749 0.8962197379403349 -0.20208556238589326
0.5814784208217709 0.8953513273504328 -0.22654897753176728
0.5512688734056859 0.8428719742547344 0.3594800752026077
-2.187541728866023 0.8859271168773972 -0.18464023653445283
-0.9331335125461813 0.7605939485321755 0.3730711263042923
-0.8950691470526095 0.9126346280414737 -0.2066083628314499
0.42463834461805305 0.8974215303257296 -0.23208052698550263
-1.083753863395124 0.7867212114127682 0.37000935491147
-1.013473239792333 1.0063151815417513 -0.20344240251956025
0.27752033603483284 0.9229604842908188 -0.23530752245364228
0.08418536719342384 0.4956152861282206 0.3200339597088333
-1.2301551981691574 0.8224447049840364 0.36771266873898467
-1.2293489428312014 0.8932801764062006 -0.22108180109438935
0.12438293299311809 0.9353766292337937 -0.2399175840991501
-0.0524727261528426 0.5497521857098775 0.31964319165768584
0.7927911061925741 -0.6100802895222657 0.17889802869381866
-1.4043896558872113 0.8002165813389226 0.3604411404949661
-1.4097775181540015 0.8576927826711653 -0.23103243891177216
-0.04697829792612396 0.9074168302571479 -0.2486761290210251
-0.12242819991545772 0.7548113031323282 0.33214109357418975
1.2522950381107272 0.8928615701526468 -0.2754603106158737
0.7973594409217952 -0.2031305014150817 0.20930760320248565
2.2275586870694273 -0.17949457884467535 -0.41007406298098603
-1.5314917960167627 0.8775935486808493 0.36158936437191924
-1.5496431167358402 0.9081448962662435 -0.23238927904543916
-0.254150712687931 0.8187836129700798 0.3325316232067581
0.823564587389015 0.24938414724595503 0.24371855672421416
2.2078305790369246 0.18387898941139014 -0.3780239302295212
-1.6996042408876342 0.8701529871194893 0.3554655831676956
-1.7285286258902914 0.8784877279742958 -0.2418873983996872
-0.43681491116679894 0.7695973765416966 0.3231584351879593
0.7742106022644037 0.5125677574597205 0.26172392781796416
-1.867987032261361 0.8634316804677056 0.3493420403820511
-1.848694363139721 0.9703425529830412 -0.23917371813235322
-0.5284237410675026 0.9049822260422147 -0.26711542192873994
-0.6200399357425255 0.7212161672740507 0.31378500875058135
0.7342307914661212 0.7940054360133431 0.28133027967038116
-2.0322366726481924 0.866355804360353 0.34398382123532256
-2.06112196790237 0.8750892905053291 -0.25545627657351533
-0.690709003046134 0.9024691877944022 -0.27356917444644013
-0.7518229360870379 0.7869027944779745 0.3141755383831497
0.5986669058375078 0.8458465530656483 0.28093021329464873
-2.2255533190705847 0.8788913519922659 -0.2617884356158737
-0.8239391293492488 0.9638724764531403 -0.27356917444644013
-0.8833636716486488 0.853045799649955 0.31456606801571807
0.46719170348465155 0.9073318033048352 0.28133027967038116
-0.9927819981040749 0.9490629326541722 -0.2814059931415085
-1.0442050734320318 0.8564198411302328 0.3094889443737503
0.3113116383922083 0.8940173460818102 -0.309746332802153
-1.2086590787232687 0.8358956796287487 -0.2993846613543991
-1.2009910871388243 0.8694687873384339 0.30519287999691924
0.16808492974090328 0.9291125355796126 -0.3120947558063034
-0.05839195557514287 0.42876979728824693 0.22931402143063506
1.2047533224459155 0.02040087095078036 0.16431396421017608
-1.3228685547580383 0.9395713202782545 -0.2952357012408737
-1.349331460468786 0.9011465707003836 0.3024589341503616
0.02490408471259542 0.9647444388910387 -0.3144431788104538
-0.05251841003166291 0.8071906577286896 0.2573227208477493
1.354568556520384 0.7835762209871433 -0.35410577837405244
1.1262906902739882 0.21842894573212845 0.17698734220089873
-1.4990599481413796 0.9134173910853534 -0.30445510927615205
-1.5214104691623405 0.8839702100077815 0.29542892392697295
-0.12834913380937607 0.9781690519256543 -0.3191400248187546
-0.19824704054048325 0.839048376626188 0.2549220841747757
2.1065680888764717 -0.02033344915326296 -0.4734075743335251
1.0772572622771417 0.48574521769890566 0.19579356130185088
-1.6691506324850387 0.9014688849060732 -0.3122921663897995
-1.6894821653351215 0.8765013850906769 0.289179972968721
-0.3582561540023761 0.8396372867492872 0.2497205060345169
2.0497095082168126 0.2406127543149239 -0.45149023119387666
1.0393871583044323 0.7759560840184889 0.21664326604428252
-1.837356186220159 0.8947183882988057 -0.31966764513430634
-1.8337417604584374 0.9190027956441895 0.2872273248058792
-0.49170971793097706 0.8998828023870828 0.2497205060345169
0.9076194724679194 0.8359245205694847 0.2170521539074417
-2.0278469946646105 0.8440239462458337 -0.3316534239429001
-2.033062906563103 0.8502802442658535 0.275510482154512
-0.6198305018294867 0.954184677870245 -0.3402751166003708
-0.641546149997616 0.9243332165426281 0.24651925977292022
0.7741469387675757 0.8917503422594066 0.2170521539074417
-2.19675082443079 0.838774120272987 -0.33902890268740693
-0.7883527337341043 0.938513685060407 -0.348259516395903
-0.8039636415345974 0.9222247244413353 0.240917615256929
0.654498540408273 0.9801517721633957 0.21991389211239776
-0.9508930214898292 0.9370921010491244 -0.354834862388945
-0.9876640322709243 0.8756115049467965 0.23131483014645537
0.44769168499384193 0.8645418328234484 -0.38041550699648896
0.42339253366844787 0.8078341024601627 0.1994728368145462
-1.0903584685246805 0.9858866033561782 -0.35624415461001435
-1.1464471183253728 0.883934337974992 0.2265130799633499
1.2930242453490948 0.3029678884851421 0.1151377480846878
0.30245938808925743 0.8945634518551842 -0.38328582827029267
0.27399172075898903 0.828760669985563 0.19620197232785186
-1.2809159961885008 0.9272606980570615 -0.36892516199526826
-1.3032529104279007 0.8974032192537607 0.22211163457455596
1.1969278381043171 0.45444997945284626 0.12390559133114776
0.15325969586822197 0.9160106463142341 -0.38711292330203095
0.12255032188776838 0.845701068763212 0.19252269681515655
-1.4484488158919895 0.9188867225721467 -0.3764401156085495
-1.4687939921867006 0.8935231833500907 0.21610968526425323
1.2213782807782056 0.8990235143192109 -0.42129356447634736
1.1412756001506548 0.7029868377967929 0.14144151624264678
-0.043055232174040725 0.8313112577983688 0.18598144467892608
-1.5859487196982833 0.973970330544013 -0.37737948481020966
-1.6280776838416422 0.9037948917460596 0.21130841191830596
1.0092390170382135 0.7626041473258169 0.14185898717465362
2.2102724667860087 0.13450455287504326 -0.5289452749866013
-0.18667093819188807 0.8676929589166065 0.18393748220028838
-1.7734528601000896 0.9266335296493651 -0.3891213614123825
-1.7984337630675036 0.892317404636195 0.20450609143795928
0.8735948144851573 0.8134742706450524 0.14144151624264678
-0.35474564094963057 0.8500640155431327 0.17698734220089873
-1.9175749038761793 0.9694789627038958 -0.3914697844165329
-1.9492904839162186 0.9218129946333562 0.2013053220135208
-0.5057086589994384 0.8716050620615903 -0.4167712408679489
-0.5046276833568868 0.8739914676393354 0.1737169545513626
-2.0748969289024295 0.9861165666568112 -0.39663631502566377
-2.1223287127497095 0.9072521479108175 0.1941029351574417
0.5735553893451844 0.8478735898313303 0.13434379514279327
-0.6494064532389245 0.909734811252946 -0.4191630560534958
-0.6607737235795419 0.8849022017294459 0.16921990331234893
0.05746001443388238 -0.08120548421899798 0.6438981812817093
0.4322655325451663 0.8865510443021023 0.13267367299618682
-0.8097449796356813 0.9122599200103068 -0.42538148943362275
-0.8128760702751734 0.9054848813815966 0.16554038938107452
-0.002026532555944982 0.15615823874963297 0.6574668210369583
0.27836784284697913 0.8964690585475523 -0.45733482424197236
0.27124716373645086 0.8800295433285257 0.1268283646923538
1.5407119372170577 0.43632726086207896 0.060161523185395804
-0.966075798115277 0.9244565789333237 -0.43064338747439423
-0.9776800452542638 0.8995696047644088 0.15940826352658233
-0.10595200268918603 0.2883033207774659 0.6630331796032425
0.1291530860412884 0.9180175872414296 -0.4612315374988083
0.10997106040841942 0.8741651610878449 0.1209830563885208
1.4963928153245067 0.7166327094841165 0.08104603704037627
-1.1500771710885545 0.8787377793094322 -0.4421241957324509
-1.1363714900029187 0.9078695862038799 0.15450208600583037
-0.18703930634038812 0.470913818316113 0.672426871619844
-0.0261373695976026 0.9264887877538968 -0.4665888029712204
-0.031412310407606725 0.9145448429788345 0.11931293424191436
1.4003180543256732 0.844872402282661 -0.49226076189456025
1.3643674918434545 0.7750228448490262 0.08147232945980987
-1.2897927879754185 0.9282553976531247 -0.4435594755786423
-1.2973636797468693 0.9123067073965601 0.14918749745907744
-0.3400177580314754 0.4895470535548796 0.6692957204205032
-0.1950305687218865 0.9053844927514589 0.11305015500607452
1.2231575955929515 0.8108025712376801 0.0797673982006546
-1.453033437053822 0.9289107050146086 -0.45025665346560517
-1.4650047095623258 0.9039177939681764 0.14264624532284698
-0.47877863885574357 0.540629604702282 0.6686000150066849
-0.35278745170039727 0.9105345013101527 0.10804002698483428
1.0535643293079158 0.7780023410149255 0.07166951116147002
-1.6641360908058545 0.8316521149629708 -0.46747762743411103
-1.6307532819115167 0.9007225224199757 0.1365138810497757
-0.6132752605739853 0.6012943259194898 0.6686000150066849
-0.5127781093522898 0.911780734171387 0.10261218961300811
0.3786098557862303 -0.4491428777369748 0.5538839619976517
-1.7880121260963122 0.9161367577516515 0.13201682981076202
-0.7620736971397051 0.630681107582248 0.6661645692211624
-0.6688153062570059 0.9227407855906762 0.09801929410519561
0.7632629114265619 0.8339780808662312 0.0665547173840042
0.4202757877459291 0.0361574432533871 0.5870494168621536
-1.9563819227041925 0.9098337243620946 0.12547581609311065
-0.9192503378965498 0.642515043488018 0.6623374741894241
-0.8172559032278635 0.9510453303267852 -0.4962986189502243
-0.8228974430653757 0.9388462365817603 0.09384410794796905
0.6239515909414308 0.8765476101778518 0.06527631696286162
0.3697024945941223 0.29570641975185197 0.6027406972271439
-1.0765518166040593 0.6549824866907841 0.6585103791576858
-0.9776755906569221 0.9542772149584238 -0.5026305395740036
-0.9897198996505701 0.9284787822109735 0.08716409619870147
0.47726580189243606 0.8837275401088505 -0.5239875990527634
0.46121122843053186 0.8646653088451473 0.058882884345674125
0.2854033529990545 0.4726158374923841 0.6120127957684036
-1.2424682694371008 0.6500263109693094 0.6532916348797317
-1.142538001720773 0.949153479644167 -0.5099361616748337
-1.150465811615188 0.9323261905004472 0.0817360204082962
0.3202837166715291 0.8862458549806433 -0.5299366194385056
0.30610365143066787 0.8717474463675643 0.054194621406221
0.1546229264633716 0.539764401456857 0.6127259057384964
-1.305510139164273 0.9492197227812227 -0.5167549330371384
-1.3199520296066893 0.9188395886053229 0.07463829930844268
0.17306432112800962 0.9121977816093363 -0.5334065634387497
0.14685516048880132 0.8703139099860806 0.04865377362790069
0.010145317595345205 0.5753699249680508 0.6109427731853958
-1.4600983214270435 0.9678979500378446 -0.5216248709338669
-1.4875995152643249 0.9105597872500795 0.067958049140596
-0.0025595715171249367 0.8923232582555727 0.04524414952816924
-0.1403258440309294 0.5978193597307708 0.6080898564678665
-1.6039357632399316 1.0095915966015028 -0.5240605551379685
-1.642503651511845 0.9298940891644207 0.06378262456479034
-0.1520229137305371 0.914910742354131 0.041834287009858695
-0.2948958890163631 0.6117370027640163 0.6045235913616653
-1.8127988363343874 0.9185054263084638 0.05668490346493682
-0.3239813024757403 0.8880815028352913 0.033736399970674125
-0.4557038368345694 0.6126183998190982 0.5998875420910355
-1.9767903594195957 0.9212528409071368 0.05083959516110381
-0.47371294660137764 0.9119014244439256 0.030326537452363578
-0.6146605824493676 0.6186941986015171 0.5956081670147415
-2.1432102698885593 0.9202164646926505 0.04457681592526397
-0.6379902490842362 0.9045907527769756 0.02393334325375518
-0.7779290702210275 0.6163442410862672 0.5906154435497757
-0.7920861067012765 0.9205832305678641 0.019671134315156547
-0.93097575982517 0.6373051552829736 0.5874060910564896
-0.9775885379512843 0.8525426582068789 -0.5859540182727341
-0.9504958903210934 0.9281462886322132 0.014556340537690726
-1.0967288253281886 0.6317401587211933 0.5820566933971878
-1.1067582260028566 0.9239524999205955 -0.5849626738208298
-1.1133021259422193 0.9273380599056509 0.008589438758515922
-1.2542457701625942 0.6449189678268326 0.5781339925152298
-1.2676227888311509 0.9283671649209282 -0.591407128013945
-1.2806035284457948 0.9181995154230336 0.001770190559053031
-1.447992573373785 0.8930416476119518 -0.6023133474963669
-1.46108896112651 0.8827999387439931 -0.007606573738432321
-1.9337734250726228 0.22673278760991167 -0.683117218651152
-1.6030507085291852 0.9289494511286875 -0.009311504997587594
-2.0519313616356385 0.3282626645884221 -0.6791518408435349
-1.7776407389146982 0.9084437252475936 -0.017409630455351266
-2.1739921757943073 0.4212163996017324 -0.6761768538135056
-1.9613830411681938 0.8708158067631544 -0.02721244875369111
-2.2890093310579225 0.5279216884355193 -0.6717155653613571
-2.1345588030173737 0.856314106105792 -0.03488452021060029
