0.8916224408082343 -0.6894181137465072 0.27938316258386386
1.1773258439527439 -0.5791863700949538 0.17247770222619785
1.422555201473216 -0.3737882601628275 0.1874389449019791
1.4389497873505093 -0.12207792251890659 0.18482063206628574
0.7392099838927209 -0.6825952788681633 0.015172938432252536
1.5900744062916488 -0.5976889330510122 0.07793996724084629
1.8644721343762 -0.39992722337840014 0.09554574879602207
1.8515111510121898 -0.14359448461556212 0.09056995305017246
1.9536404353511472 -0.429845995808515 -0.009453793440306058
1.0500249811599502 -0.5758721480495801 -0.21534206477209317
1.9250868422590202 -0.4988164882555033 -0.1477208336929916
1.9215393268549121 -0.24480821191621516 -0.15212204066320645
0.009425027484198267 -0.18378646412814525 0.5925283232589127
1.968965589202753 -0.7594480645819672 -0.26467420664831387
0.06554498396788233 0.06471958374410569 0.5928673544783951
2.213470860952498 -0.5567250513670654 -0.2483210763077377
0.12252839524623482 0.31300689584049124 0.5932063856978775
0.3533660814008641 -0.2138784565966212 0.48854730519250644
0.40937031445153593 0.033421943457556225 0.4888953963179947
2.2201883606504964 -0.2795708665213379 -0.3767218789200424
0.4564895829482367 0.2825662364216672 0.48854730519250644
0.4020731255000811 0.5535885695684755 0.4808935919661881
0.353546298016866 0.8241062284916048 0.4735870161910416
-1.0564556075145788 -0.701945751205475 0.2691349783797623
0.16565369043189548 0.35813822915792315 0.33974502476648105
0.24316454067928817 0.6018580009225243 0.34152791890100254
