0.3903886628564255 0.6692353025344353 0.5472639034673268
0.2704866222050857 0.6235039291476241 0.5465686748906666
0.12512757331241708 0.6323036474266637 0.5514362286016041
-0.007412974037155351 0.6146303298448323 0.5535324047490651
-0.14196529151888093 0.601994857347794 0.5560977886601979
-0.2764167424363677 0.5898919950927954 0.5586693714543873
-0.40257639825368585 0.5601722118822323 0.5593917797490651
-0.4982793670597978 0.4627550412132635 0.5531528423711354
-0.576338369309422 0.324636831817795 0.5427315662786061
-0.6231844278239809 0.11372674035894903 0.5248678158208424
-0.7348126843852842 0.048830499053533316 0.5218723247930104
-0.7345281101884424 -0.2763359070900968 0.49235991939750257
0.20878071506005114 -0.3997830595663352 0.5817897747441823
0.4918047697335197 0.6013743480430378 0.5964582394048268
0.35242811317464273 0.5957627475807747 0.5998371075078541
0.21108602461957737 0.5952265033009994 0.6036794613286549
0.08887169916259552 0.5546480227860933 0.6034286449834401
0.006238172103742556 0.42864971644703687 0.5945232342168385
-0.08122908049004174 0.3118694795827217 0.5865247677251393
-0.15287542978848556 0.15902704482678587 0.5748742054387623
-0.14784714354082595 -0.1663127664029993 0.5458724926396901
-0.22793738587135515 -0.3055838908787436 0.5355689953252369
-0.4896278477187117 -0.03469752637002799 0.5663774441167408
-1.0650193407433246 -0.3964531413775312 0.5199163387700612
-0.9595415922231432 -0.38250703838034994 0.5249989460393483
-0.8781748319318119 -0.3201656450493502 0.522094530908733
-1.6598724988965081 -0.7761161347528969 0.07225684627738538
-0.7769920668559642 -0.2980854160386208 0.5257251690312916
-1.5273547839071178 -0.8120069222968453 0.08751086696830335
-0.6822742778492561 -0.26304047504355665 0.5271771381780201
-1.4524707160430115 -0.7391962319002268 0.08269385799613538
-0.5874655084743683 -0.22834273428824403 0.5286295841619069
-0.49469376345570737 -0.18951883054762675 0.529355330316692
-0.40601779986090847 -0.1420796193729501 0.5286295841619069
-0.31507043792279177 -0.09942195786909025 0.5286295841619069
-1.5481662185588512 0.33818533382281757 -0.08028479114326892
-0.22397328779778647 -0.057084225129873545 0.5286295841619069
-0.17189777808715156 0.07037711454566065 0.514833731500774
-0.7433277173192643 -0.8151228896526206 0.14611939892020764
-0.11089724811352397 0.17977828235346038 0.5039422939702565
-0.6503634602821808 -0.7801412365746501 0.14772490963187757
-0.08582086559758473 0.37027467457991037 0.47998074993339124
-0.7846974920000562 -0.27986302719336464 0.06503085598197522
-0.06157266944979334 0.5654314308184141 0.45529345974174085
0.03384275474944154 0.6023534368872632 0.4560196827336842
-0.7572929724863471 0.12814754526294792 0.007225794641643191
-0.6103057367422888 0.05614829286463774 0.02809981807914319
-0.516560575736019 0.09505218707620955 0.028902811853557253
-0.42478323468706947 0.1380912779263177 0.028902811853557253
-0.7181360544831037 -0.8412199581836042 -0.40676708713325915
-0.32663980305016693 0.1673743916237065 0.03131131633964124
-0.6144204285531565 -0.8283617752538035 -0.4004852344110912
0.25691589408453197 -0.8624489476595336 0.22319297298636975
-0.5021403183014677 -0.8336021926542969 -0.3906132747248119
0.3147311517956659 -0.7547011289806633 0.21114997371879163
-0.3921896897672337 -0.8348899151117344 -0.38163824573311267
0.4116381417661419 -0.7325602041618069 0.21436147197928968
-0.28452591621207546 -0.8321986794209479 -0.37356157794746814
-0.17910416690702569 -0.825505345065352 -0.3663818408564037
-0.06959283096807845 -0.8281413119266681 -0.35740728870186267
0.04807034847786973 -0.8490629063781014 -0.34484310642036853
0.6051322374791894 -0.19935836362333248 0.14772490963187757
0.14686844567344082 -0.8303136144137078 -0.3403560687616771
0.6958754020472302 -0.16023177762614438 0.14772490963187757
0.2477005336710434 -0.8164159733523029 -0.33497114673408923
0.7867538120168689 -0.12142287897030357 0.14772490963187757
0.35661758123606013 -0.8208294863009193 -0.3259970714167064
0.8777668728539876 -0.08292979365430497 0.14772490963187757
0.45930972902433354 -0.8122334254345738 -0.31971474185738025
0.9366341745671249 0.03268447722733825 0.13407639965262952
0.5759326011526031 -0.8355008474693513 -0.3071505595758861
1.007473940856018 0.12083174697668397 0.12524489864554944
0.6743831371069042 -0.8187713818410103 -0.3026635219171947
1.0713270556443693 0.22707745925800538 0.11320237621512952
0.7669026093935436 -0.7888961100850622 -0.30086870685371814
1.1320888216371703 0.34234674167812074 0.09955386623588147
0.8594949232197866 -0.7593590515168174 -0.29907341495308337
1.1916886504233215 0.4620954007613918 0.08510236248221936
0.9870486879612717 -0.8115327574544686 -0.28112478748115954
1.2665470423846585 0.5450455794376019 0.07707385524955335
1.0679599377125246 -0.755623894139724 -0.28471441760811267
1.1872667703331299 -0.7906571070041615 -0.27035542026314197
1.3005249669065133 -0.8125923091207312 -0.2586886455133861
1.3966212174658263 -0.7940761244957706 -0.2550985385492748
1.4871428040551589 -0.7622639980918002 -0.2542011310175365
1.570383846472156 -0.7125300218284494 -0.25689335361275134
1.6410566031251541 -0.6311012741595547 -0.26586838260445056
1.715796269828731 -0.5590068379897097 -0.2730476428583568
1.783731931138865 -0.46880224106266155 -0.2838170100763744
1.859290947572461 -0.39710134953114107 -0.29099674716743884
1.8403036239346768 0.19625309291728144 -0.39330549732002673
1.9254934677180788 0.2494818390396354 -0.39689512744697986
