0.8847077873237694 -0.25638608718109523 0.20525674688087925
0.8616732459847327 0.060013516792828625 0.24129991399513706
0.7841726546471008 0.24387520151604392 0.25881366597877964
0.7097323052947573 0.4323699166074064 0.27697543966042026
0.6779711675669517 0.7163747220750238 0.30857448446022495
0.5641979644013375 0.809526354701287 0.3133261667417191
1.6775407682416201 0.5250177235559335 0.19564370977150425
0.46897765090162125 0.9437930665422272 0.3238394724057816
1.5490101470345863 0.5829490487713542 0.1958954797910355
0.260984004548213 0.8248948367347815 0.2985451685117386
1.4188012232631948 0.6367466396704806 0.19549684392677769
0.027446320355714704 0.652786072872555 0.2655790315793656
1.2906907739318925 0.69557066893314 0.19576053487526401
-0.10456221040786318 0.7073828962073669 0.26459579335915073
1.157017745980987 0.7411400426681745 0.19406108724342808
-0.23847653150930626 0.7579436682839891 0.26297979223000034
1.0351401293237714 0.8145383063328104 0.1963065134214066
-0.36597089453913156 0.8224767290151682 0.26328830587135776
0.9018188039015698 0.8610286333727615 0.19461850988136753
0.7488470434904926 0.8625527272713605 0.18636922704445347
0.6036696262819845 0.8828453030898089 0.18075160848366245
0.47450784978384775 0.9399422805368616 0.1803939806150101
0.305047682223929 0.9070308034871459 0.16690616475807651
-1.1689301744973477 0.8038940383096076 0.21501188146339878
1.5139260397867815 0.9393912448625805 0.024257944695820655
0.14535871383628063 0.8974299068412606 0.15670566426979526
1.3715450561884168 0.9613454700520343 0.0190923677610062
-0.0022513758090454417 0.9155511479302518 0.15045194493996128
1.2175405292787431 0.9564931592856922 0.009836958520283545
-0.16031395006382354 0.9117435974149011 0.1409190164731644
1.0594130815406189 0.9431520553873511 -0.0007793439699508298
-0.31234307244698556 0.922075452412674 0.13336114751564487
0.9186732809563622 0.9713872365007497 -0.005247784979472314
-0.4645063887016647 0.933011855693767 0.12580900060402378
0.7621055425405956 0.9638370247347723 -0.015172196753153955
-0.6231587390281206 0.9311236624589547 0.1162913309262894
0.613268807741477 0.9750686757869502 -0.02236004007590786
0.458283973455373 0.9733016991670453 -0.031592084295878564
1.732282838849173 0.9729014730579593 -0.3141634000612594
1.5712593660754806 0.9483835285272946 -0.32689399851096645
1.4175050823845154 0.9427973898535598 -0.33671827448142544
1.2769924850005125 0.9697329253208729 -0.3414575589968063
1.107384832269915 0.9289457221658672 -0.35707731378806606
0.960770073149213 0.9434132841445191 -0.36398477686179653
0.8140588862481763 0.9584553606123087 -0.37088604105247036
0.14061079149679045 -0.21375511402303005 0.582998083703389
0.039815523117859186 -0.08242675749587036 0.592085169427266
-0.0683785235455403 0.03100069327713939 0.5988152490781449
-0.1759852710561347 0.144728640948248 0.6055534349607132
-0.3077037001818539 0.20453543396669005 0.6052048669980667
-0.44127513665716833 0.2602950249783511 0.604271219842305
-0.5934842983843254 0.2759995794459087 0.5980222688840531
-0.7478960255692755 0.2878162432412381 0.5911887155698441
0.2447791026869055 -0.42836342849865616 0.49117545949684605
0.19067142809300464 -0.18816254661094334 0.5147827135251664
-1.0763420315080126 0.27298380857294546 0.5722134576963089
0.15609164307080192 0.09280959279746881 0.5437963472531937
0.09698919484650048 0.31462651975218137 0.5650246606992386
0.0025398186833811565 0.4549307079745297 0.5754659639524125
-0.1178242082787122 0.536707339020861 0.5781171785520218
-0.2461018348959243 0.600821399508586 0.5783765779660843
-0.3949940427346732 0.6203383249681984 0.57264308797585
0.5361693665657512 -0.4683016444216719 0.42766885625587925
-0.5418527517180607 0.6449395262300222 0.5675147043393753
0.5139559992756091 -0.15110783537431516 0.4619467722104691
-0.6929890881946861 0.6611287280711089 0.5611918436216019
0.5056113038109942 0.1930798755444414 0.4998853670285843
-0.8634144643746495 0.6375989869324599 0.5494750009702347
0.4098871211426669 0.332321776360601 0.5104630457090042
-1.0428104409822936 0.5968973959862396 0.535362528436055
0.33700943281659335 0.5216883918815718 0.5277402864621781
-1.2378508616079884 0.5257421530197774 0.517054365746846
0.23693838740113904 0.6476752040590981 0.5365078912900589
0.09474531624164939 0.6788971366996073 0.5325072275327347
-0.07002655389944579 0.6609744089914642 0.5218184457944535
-0.22892064537082746 0.65727635549338 0.5129597650693558
0.4224343194381319 -0.3070563181901278 0.3663022981809281
-0.3797051078602962 0.6722470945557539 0.5065410600827835
0.48482153259929817 0.20113305631732104 0.42699556218849644
-0.5410959436246117 0.6653436074548793 0.49708442556129917
0.4230304111707355 0.41764847296740015 0.4482181535886429
-0.7006366088421956 0.6635962086441118 0.488241003625264
0.3384569988266648 0.5796972270079337 0.46204595433937534
-0.8539992265078311 0.6759549116384242 0.48122863637672886
0.21432215303912727 0.6512978753957377 0.46354131566750034
-1.0139374126384837 0.6755100560014178 0.47239570485817417
0.08844469856417447 0.7187866453512122 0.46442632543312534
-1.1697692680280483 0.6846630283174768 0.4647849069760941
-0.10294970648603652 0.6422350246903861 0.44556884633766636
-0.23914442235328437 0.6882654410988494 0.4433787332700394
0.7437424609187744 -0.38442410963428486 0.29311637746559605
-0.3898446559099611 0.7032955803716376 0.4368741975949906
0.7227018698911039 -0.06307523547795313 0.32904939519630894
-0.5238210634032541 0.7548674782790492 0.43531255590187534
0.7252268875425614 0.308069992115815 0.37188320028053745
0.6512621771519491 0.49671510627766224 0.38967304097877964
-0.836147302488456 0.7654175307397502 0.41924409734474644
0.5724508057917745 0.6717751220325177 0.40559224950539097
-1.0173068482736838 0.7202307896054769 0.4041169153379105
0.44055997912747813 0.724436525174454 0.4046032892392777
-1.177331501821655 0.7204989478397188 0.39516954290138706
0.09878033072295267 0.3064790940185098 0.3384597765134476
-1.337580749782859 0.7214265921845602 0.38622693883644565
0.05718238003201748 0.5643309980281686 0.36567573415504917
-1.4848546241167284 0.7497132971385199 0.38099365102516636
-0.06486938476611925 0.6413941751972558 0.3678358064817093
-0.18865959502770124 0.7143390805603289 0.3693759905027054
-0.3579695200922046 0.6886769233648877 0.3571346269773148
-0.5381625954310252 0.6412789619938941 0.34176378118263706
-0.6618076325309445 0.7158115181455571 0.34332065450417026
-0.7872783189491983 0.7862828219304703 0.3442576395200394
-0.9811290323918627 0.7140905197544996 0.3251398073362015
-1.1281532514068502 0.741001155653592 0.31981925832497105
-1.3426877494744787 0.6303439720265729 0.29506807195412144
-0.486093178376791 -0.6619602368376043 0.4803832040952347
-0.07439563788436487 -0.6553995527940799 0.5238097177671097
0.12458020667848757 -0.5542228585609692 0.540022181146016
0.19298353596885676 -0.3937268200628914 0.5394433008359574
0.27994909390175593 -0.2418513647270224 0.5411799417661332
-2.1760570037302713 -0.7066433139415516 0.11831168996559605
0.3135166324983629 -0.06494089369996203 0.5359690653012894
0.2401076179959034 0.16315570428218606 0.5168612466977738
0.11848030036554746 0.41564520629499313 0.491384314172139
0.24842663516487562 0.5481159803894364 0.49833278524147495
-2.3073400522297405 -0.8071131865985457 -0.16798420084250942
-0.17870700447425492 0.1583108337902317 0.2942355142758988
0.040184553799242906 0.24961332894564592 0.31331853734718784
-0.21089475865436924 0.5649514282323267 0.26978521215187534
0.6480230588268299 0.34630017441748606 0.3741472231076859
0.509911708318981 0.6073751179160887 0.3455217348264359
-1.8330813407790174 -0.8822360035687709 -0.5673038495851852
1.3064610663575422 -0.5019098134299433 0.22968940603004917
-1.3389189171112932 -0.9013342761569554 -0.5054022802187301
1.4064218772686488 -0.3604136365211339 0.23342304097877964
1.4926384923143772 -0.20308527267818022 0.2346675859616898
1.566768018260774 -0.049453399557371824 0.2346675859616898
1.6407207310193073 0.11376859868877887 0.23404579030739292
1.6988267327405708 0.265820309227486 0.23217849599586948
1.6952793387742346 0.4486568606266488 0.22159843312965855
2.049078921342108 -0.7301861835773309 -0.10071344507468716
2.1696831882890137 -0.5923135911104183 -0.09405727518332974
2.2835740873511483 -0.09650861112142195 -0.10936613214744106
-0.7891828929823816 0.01850444461310019 0.6497591005490921
-0.6782346197581646 0.16332702571482471 0.6542108522580765
-0.5758293306371485 0.3118594081861126 0.657550142876973
-0.486419767493139 0.4663187225175385 0.6592190729306839
-0.8277013273291303 -0.5973197264750709 0.5756462083982132
-0.4878393347080632 -0.556284787377777 0.6090410219358109
-0.4736904647569915 -0.3689351865933155 0.6016829477475785
-0.35500773701773625 -0.2292092667806358 0.6073430048154496
-0.2674415157033394 -0.07540403360210135 0.6090410219358109
-0.21984636142035896 0.0970253211233576 0.6056449876950882
-0.14016742685264916 0.25451211266488727 0.6062114702390335
-0.0644352580762444 0.41384447841818073 0.6062114702390335
