2.0853429442796667 0.3291463554663796 -0.2934392708435123
0.08736010402062533 -0.15670760332095846 0.7764135581359799
-0.2634834977339011 0.4616709991991943 0.7579199057922299
0.46349441556952087 -0.013823106167142996 0.6244460326538022
0.3640431289815069 0.30858064642746896 0.6184574347839291
0.0842274936587728 0.5964140943305818 0.6042677146301205
0.6646432593200018 -0.6926517163961989 0.4854289275512631
-0.23477420744488597 -0.5341902971091415 0.44204342187499357
-0.0862646067133852 -0.15934075618562282 0.44764292062377287
-0.11759314738322502 0.17850271599971457 0.44478380502318693
-0.14775060883741276 0.5163285881940904 0.4419399482116635
-0.14254136146060148 -0.24095914428020926 0.2592140418395932
0.3347154227570641 0.539908223664856 0.27994787515258146
0.6983263564302291 0.9508658073284959 0.296360610137933
1.667368955747186 0.02110928363299891 0.18184864343261076
1.5190841161433681 0.3295087821342353 0.1732493621215756
0.9258142150792139 0.5516054867799056 0.14209711373900724
1.8818660400200642 0.41739189388190034 0.02601873696898771
1.5129597618107482 0.7158067360093963 0.005564807067864663
2.028797319173954 0.10887162737815714 -0.130707146514899
1.6555773950837605 0.37125743504872055 -0.1517785805358951
-0.7254413825629342 -0.5824828375475857 0.648315070281976
-0.4874014991605691 -0.3712501267464905 0.6688519698486264
-0.4128189781262819 -0.25221473600785593 0.6732083541259701
-0.3284282876449893 -0.13662776814263822 0.678809283386224
-0.2813711996647683 -0.009050894362736983 0.6794315558776791
-0.29976169344709547 0.14033246761959894 0.6713415366516049
-1.0472055955342654 -0.8199458328834766 0.26902067483519865
-0.9645861525852126 -0.7013317587323282 0.2750111800537045
-0.8863395735774304 -0.5816935797079701 0.2803360205993588
0.005687509214389763 -0.7171713763253003 0.4001451712951596
-0.09571384445757047 -0.5442811905879985 0.3801771384582455
0.6435638040206442 -0.6400094828402825 0.4786869269714291
-0.8806674528160343 -0.006207359817819835 0.2577053290710385
-0.8425781350341879 0.12639791902216047 0.25703966439818693
-0.8604412893732487 0.27764214379877217 0.24838697732543302
-1.2005725133289715 -0.8086176972759951 -0.24359452902222323
-0.06512977802986342 0.15589476368834454 0.35488426507567716
-0.9949272564095821 -0.7268841760613398 -0.21818053900147127
-0.040530347209355 0.29048523818158145 0.3522216063842709
-0.3495434047546553 -0.7820089531265122 -0.12523973165894198
-0.015440974211308856 0.425060054996786 0.34955894769286466
0.0683257536879438 -0.7707383368644525 -0.0671523827209537
0.03822122038646114 0.549836705554533 0.350890753875726
0.45752016131881845 -0.7533016235177552 -0.013420464385992759
0.6018282789408218 0.49508466639740156 0.4247728568420346
0.7804139846624238 -0.717338548797974 0.030145285736077554
1.0889964527171543 -0.6789222561842898 0.07153284371947599
1.3362939907997315 -0.6224954922699819 0.10348141015624357
1.4332794393426695 -0.5178496425076293 0.11219417871093107
1.4836611767810624 -0.39801106235036343 0.11364662469481779
1.5297666582815737 -0.27679274739630166 0.11437237084960294
1.571609413023829 -0.15414775645461454 0.11437237084960294
-0.6565205756409256 -0.6862293855990451 -0.7934263962402408
1.5811648606792232 -0.020296743512403737 0.10928976358031584
-0.25806545157632144 -0.6677203268767453 -0.7324098366394107
1.5865656095443512 0.11526756327030796 0.10348141015624357
0.9541520177997711 -0.9091217884225014 -0.5324996727600162
1.597140743272874 0.24929527158682774 0.09839880288695646
1.3275288829235166 -0.8912148449157975 -0.47549712835694
1.5896026189846424 0.3900795673577342 0.09041130364989591
1.7146780462538587 -0.8803376421854416 -0.41608560263062166
1.6384184384774585 0.510824553934377 0.09113704980468107
1.8997994762140706 -0.8059582087571044 -0.39119756399536776
1.608698959395987 0.6603361837907755 0.07951986611937834
1.963220250729755 -0.6923666964051964 -0.38718307196045565
2.008285658482606 -0.5727994656401005 -0.3863805550231998
2.049093577715844 -0.4518228787877412 -0.3863805550231998
2.0809867817693615 -0.32778929779040133 -0.3879860657348697
2.122651566432687 -0.20706649291998502 -0.3879860657348697
2.183361200363848 -0.0930302511605241 -0.38477456747437166
2.2025838639338033 0.03558611556577951 -0.3887890595092838
