2.429607171152554 0.7753611397432185 -0.18338203300525002
2.2947403252497054 0.781162286797235 -0.17791223396350198
2.1700140328746755 0.7647071533777239 -0.17502689231921487
2.09062376287865 0.6436553014977333 -0.184020517960084
1.7613058242499307 0.8007153420132997 -0.15709543098498635
1.6332488579473932 0.7954897172310718 -0.15319061149646096
1.326528369064789 0.9108085567282052 -0.13143348564196877
1.2142783861450681 0.8704026943316783 -0.13167142738391213
2.2609594685336276 0.8721645689307653 -0.2897658335118418
1.0851912427039423 0.8719368631811748 -0.12725972999621682
2.184183594446651 0.7463942297479886 -0.2995629297642832
0.9544322309976252 0.8786059591672557 -0.12233352531482033
0.8475926408292622 0.8256372303943036 -0.12413549293566994
0.9041055233904842 0.6570201555831794 0.37592315803478904
1.8351768132864947 0.9480426247230129 -0.2663378702550059
0.6880951683252476 0.9074256844269573 -0.11093807090808205
0.5597848456436196 0.9110474659963064 -0.10653686393786721
1.1889366820088583 -0.7449635774194427 0.2490382207484121
0.43875467739425744 0.8965943230152771 -0.10420989860583596
1.0443248021976501 -0.7150376030115861 0.25530600677441306
0.3177750295600674 0.8825930986143544 -0.10188627113391213
0.20032753004953463 0.8597392481394812 -0.10060262550402932
0.08113843008705146 0.8419873224458501 -0.09880447258044533
0.12009045652686723 0.7098911443506681 0.4004414094538564
-0.060275394111656055 0.8854006576185016 -0.09027528633166604
-0.0012747979974676582 0.6971425350773508 0.4023015512080068
1.0219399524307704 0.6984210161857516 0.3160729421229238
-0.1775132289275092 0.8639323571846909 -0.08900165428210549
-0.32497132781151095 0.9271868792380764 -0.07840204109240823
-0.4452579703764741 0.9160760528386205 -0.07609748710681252
-0.5605468702125336 0.8913262134460416 -0.07535219062854104
1.9171644698549812 0.04168857040164209 0.17220187316845603
-0.6726132665820188 0.8576032868181467 -0.07564878334094338
1.7694715081917423 0.0774531586358207 0.179704429015624
-0.8138144452761793 0.9089777202902454 -0.06661128868151955
1.633522194500074 0.08618923589289196 0.184448720321166
-0.9337678820123472 0.8996982280742531 -0.06431960929919533
-0.8763933624250626 0.7009229491124902 0.4227755082697744
0.11460702723950078 0.7398242247473572 0.3435566438288564
-1.058396032107197 0.9050278321550054 -0.06047534812976174
-0.9906721713706617 0.6730242495108758 0.42283201347302146
0.007043978678055396 0.6896729792422747 0.34185361991833396
-1.0515117633830897 0.5141678551325 -0.10024642814685158
-1.1034550356327628 0.640814298806601 0.4224393380732412
0.9548432768989272 0.800669825519337 0.26673007141064353
2.324389026041885 0.15008398833694425 0.10727405677746482
-1.205033905244477 0.6051054851630955 -0.08706951011706643
-1.2240730480449002 0.6326691663245589 0.42426514755200095
2.1193327794396026 0.31677363087009613 0.1285090459437246
-1.392998407976762 0.8055734699893189 -0.06194352973986916
-1.3384888084170257 0.6060153452269206 0.42430853973339744
1.9369672910159181 0.43405811231708613 0.14460277687023826
-1.5415879854907075 0.8885153280213993 -0.04979896415759377
1.786399005350333 0.4787439029354501 0.15321016441296287
-1.65202870690662 0.8535127318853442 -0.05064582695056252
1.6687690754376092 0.4459188212999141 0.15385913978527732
1.552963741960383 0.4089157014639264 0.15403509269665427
0.27051149138428343 0.5907717197883899 0.2666378034205312
-0.8698767697243426 0.6979266821694137 0.36329269538830467
-2.005801641496845 0.8222016855530017 -0.04541349281359963
0.08480711473742986 0.750301283837449 0.2856483472437734
-0.9904932493798668 0.6888959988066667 0.365178586348998
-2.117904138879709 0.7935856733157967 -0.045757292404664085
-1.8013702055423835 -0.2943140395194428 0.35452890525768943
0.2597772685683992 -0.08236111244619426 0.6948966992945547
0.9724845274338918 0.8831331022857158 0.21357083450268455
-1.111043369541136 0.6803278604747258 0.36706185470532127
2.240968843233915 0.4184996573697588 0.07213878761242576
-2.189061259403445 0.6270676592702373 -0.06119537223864846
0.1374313997698522 -0.10022807470213024 0.6960279954523916
-1.2268768412494353 0.6580056215718284 0.36758113037060447
-2.26126296541932 0.46066191240475307 -0.07664584983874612
0.006717545943445202 -0.09416720303564219 0.699113608703124
-1.3549991442919236 0.6740278443429482 0.3717236531824941
1.880406518987698 0.6432741103664852 0.1040058148951406
-2.316552923207368 0.23224588025755422 -0.09887695182849221
-0.12381053343577264 -0.08759582647444963 0.7021963609309072
1.7247042305915414 0.7018841783566332 0.11422205100964256
-2.363763312887997 -0.02964420654904254 -0.12476825584460549
-0.24428153049912282 -0.10874348635740239 0.7029254449457998
1.6059355948844853 0.6738580781087178 0.11537981162975974
-2.3655082417062943 -0.4591796358874638 -0.16890811790515237
-0.3777908912083916 -0.09175095753523399 0.7067859185786123
1.4359000999007634 0.7705527040630025 0.1294093144984121
-0.49491484138420105 -0.1214068733774174 0.7067244065852041
0.23563571335782285 0.8173475263726302 0.22813248763989158
1.319376374163184 0.7389750798964978 0.1300845159144277
-0.9119059688806459 0.7470086478898645 0.30957842002819724
-0.5929580152612175 -0.207322786049013 0.7019522203059072
0.12665302936397893 0.7714622607394506 0.226870538100707
1.1860079890305428 0.7493692053729579 0.13504839073132224
2.3476830359229552 0.764584729051272 0.03871965537975974
-1.0307538668157434 0.7334178204108857 0.3110556615443105
-0.6819862414313178 -0.3213215658492796 0.6948196900935049
0.014062641284056099 0.7353022593649459 0.22654223571728416
0.12528889373713525 0.38824767529063076 0.6733682168574209
-1.9166275112421687 0.10808178067485308 0.3324921144099111
1.0565648832931345 0.7510642085309627 0.1390562070460195
2.2228335206413306 0.7479366770944633 0.041387082442748024
-1.147998995900096 0.7155276924771221 0.31206703315685935
-0.7841849577023368 -0.39722286394115613 0.6908166421503896
-0.11902503067851455 0.7557059919409399 0.2318444264979238
0.00116432486913709 0.38020760724599967 0.6753563893885488
-2.017061293062767 0.03139848575111559 0.3275148881525869
0.8796295358700519 0.8736271240519269 0.15547084938000388
-1.2729714869191326 0.7217471345748834 0.3153848661036367
-0.25182647989704776 0.7766416835069654 0.23714423309277244
-0.13296709125380346 0.40079767024667845 0.6797428144068594
-2.099720513828558 -0.10711588234047831 0.3166229737849111
0.776381883820747 0.8116207921680334 0.15279150138806052
1.9144967732240445 0.8533604994734492 0.06126451621960349
-1.3880392200472045 0.6792625006716055 0.31403589378308006
-0.38209913858479183 0.7566630165467219 0.2386026395411367
-0.25909154259785794 0.38235255937187995 0.6808831704707021
-2.2043345595417065 -0.2152406874162729 0.3088121427149648
0.6401781328861631 0.8013658822176204 0.15575790534924217
1.7964322095383807 0.8085299513263644 0.0609755529017324
-1.4876140388623185 0.6264959456282067 0.31137967239330955
-0.48852202810525114 0.7402730696887474 0.2397494329066152
-0.3683604772871121 0.37030059608683086 0.6821436894984121
0.5476302215208051 0.7443973624417564 0.15314579139660545
1.6892968337114525 0.768785497061502 0.060755254134642556
-0.6321768378292489 0.7956607673345291 0.24833202491711326
-0.48790141937264764 0.33394251429066335 0.6816737664790029
0.3871528216701421 0.8324051133995063 0.16573786865185447
1.5210452840273092 0.8603698580291286 0.0745706571192617
-0.7445782655039181 0.7621770290788206 0.24798131118725486
-0.5970806468057361 0.2858031098180489 0.6800391687006826
0.28525562147846983 0.7673588342079225 0.16256117950390525
1.3839346358841738 0.8791081494974065 0.08061885963391013
-0.857083514167897 0.7291013794032475 0.24762535224865623
-0.7048590445074154 0.23331620359404015 0.677997828826415
0.1379185694668763 0.8239556459856163 0.17180657516430564
2.396212330114679 0.607484025487754 -0.03872346748400979
1.2395929453664536 0.9168546750667361 0.08860731254528709
-0.9886929649264999 0.7530601222126925 0.25291037689160056
-0.8128712643632667 0.18119151113761456 0.675950766906249
0.02035589821817041 0.8017732956691042 0.17292332778881736
0.10334925877103274 0.5497830596406734 0.6265611661524648
2.171373047838202 0.8187723270207758 -0.011318205490601585
1.114312313870954 0.9090587994632444 0.0917367948145742
-1.1074633538124203 0.7397371983249408 0.2544286264033193
-0.9305161268198106 0.15781019368570348 0.6763043416590566
-0.10403193259270438 0.7987336763142383 0.1759495748133535
-0.04239317076681459 0.6026952516311681 0.6339285386652822
0.981745704367512 0.9202434889501929 0.09680700431774802
-2.1407006679430793 0.3638087935100942 0.30062222610424705
-1.2277544776136295 0.7316046603113477 0.25641489158581443
-0.945808563543963 -0.17781030265461428 0.6501781953425283
-0.23336510554263157 0.8102272427101131 0.1804075254053945
-0.14374414561326887 0.5342945589860126 0.6306660188288564
0.8530737386268186 0.9227130963232497 0.10090208183239646
-2.22227352539484 0.2257292722481803 0.28954649101208396
-1.3525723090006494 0.7381207980141924 0.2598094953150625
-0.9909382805327027 -0.42834078417897326 0.6312534822077627
-0.3557889999436128 0.8034797497756285 0.18294906745861717
-0.2788557999448784 0.5601252576527855 0.6355762494654531
1.7746712220694292 0.8272713782456114 0.0027747167200917744
0.733650564300703 0.9025164799757457 0.10256338249157615
-2.2936636845790304 0.04954141217121233 0.2747535718531484
-1.4574793008647475 0.6834765434723269 0.2570793641657705
-0.46985181565688094 0.7737185243805631 0.18309402595471092
-0.39709909082530714 0.5394983085851202 0.6363940251917715
1.6697703430895245 0.766921287246979 0.00054931770275779
0.6178377716455543 0.873487568646361 0.10324907432507224
-0.5954491856270749 0.7772678341144768 0.1865856660456533
-0.518623519091193 0.5287192504664251 0.6380260003657217
0.4859243576072032 0.8867044925931813 0.10830640922497459
0.5567031107541425 0.6769809828647886 0.5665073407740469
-0.7306199717455399 0.8095680982041418 0.1929481042475576
-0.6384670256365865 0.5136887310404847 0.639245272979247
2.710337945323815 0.5745826457824745 -0.12061405052233987
0.37015546438134095 0.8585824252846823 0.10898399482678123
0.43487500770248744 0.6625942761728338 0.5682215703577871
-0.863823368284045 0.8377034379832646 0.19882941375683494
-0.7518598663110936 0.4802243105417001 0.6388227952570791
1.2615244080578236 0.813805067307646 0.018062592849242165
2.489443300981293 0.7701932398317695 -0.09417724479724221
0.25433880880275694 0.8308739006174246 0.10965681205700584
0.31835224742425794 0.6346646774094822 0.5686810029597158
-0.9728615478429816 0.7955982839694515 0.19752335678051658
-0.8637556795376327 0.44244017801848345 0.6379861844630117
1.1266035732956823 0.8290191819576487 0.023731709823119118
0.07949482654032636 0.962226543525182 0.12687349449108787
0.15665340537069028 0.7286286319416244 0.5799825204462881
-2.05761717136933 0.6538453592293441 0.2669196141810293
-1.0946504197075484 0.7916701326524955 0.2000458253474111
-0.9584897109203183 0.3530160593723206 0.6326377404780263
0.9956333604553151 0.8355511766103194 0.028408528670775368
2.2236676531762214 0.7727463057740303 -0.08455753196765237
-0.03242843267787521 0.9262293116036702 0.12656784187267967
0.043899373632754646 0.6923496545580763 0.5796012891383047
-2.1433421333190665 0.5347312372614033 0.2575573934168691
-1.2116634569055265 0.77400921414355 0.2011272920222158
-1.06771807619036 0.3064836301376679 0.6309707177729482
0.8538944991728528 0.8703629879015331 0.03605079780529685
2.037665365156087 0.8981287451496485 -0.06616496910144143
-0.12062685655639882 0.8251396379639884 0.11944055686901756
-0.051937694652309574 0.609636447870411 0.5750410569758291
-2.2101515824131894 0.34894263083898736 0.2415797723383779
-1.3317557326084142 0.7662581419079171 0.20316338668774314
-1.140190517514995 0.14654788763896365 0.6194593919367666
0.7433692532425766 0.8270029141010604 0.0352802289576406
1.907626139608098 0.8963644237347936 -0.06186342109729104
-0.24816057072069952 0.8320064958726903 0.12350750099133201
-0.19374205281529555 0.6538167566198196 0.5817472947687978
-2.2448809025989647 0.04845578009627394 0.21426129470776267
-1.4456774746682441 0.7399908821830192 0.203278066024291
-1.2167009262165749 -0.003781288621362844 0.6087563050837392
0.6075377367723576 0.8489972741912171 0.04143333564709373
1.7777366792912943 0.8951231980003316 -0.05756425727893166
-0.3721726422956948 0.8299953047033335 0.12659692893933006
-0.33343430415763464 0.6939108572714332 0.5880353463740224
-2.26790253138455 -0.30004004868987844 0.18220329414318748
-1.5732149791869574 0.7568326584896581 0.2077057374567861
0.48269636705320806 0.8436689077728943 0.04461383949230857
0.5643488735899496 0.6051802617654007 0.5004975808710928
1.6576539081219153 0.87146601336035 -0.055787085190308616
-0.5588768282036654 1.0068796752719495 0.14820146690319724
-0.45285784458708633 0.6781790470691398 0.5893087400050039
0.3491436847171485 0.8620885669468508 0.05026722083996482
1.524169129628035 0.8804177290661879 -0.05048799385119729
-0.6656446526924924 0.959035104643517 0.14641523490856834
-0.5706194701909624 0.6581830238187614 0.5901603711695547
0.23509460857211195 0.8298008510296704 0.05047035346935935
1.3909155175284553 0.8899149968346411 -0.04519176353503518
-0.7450689817575267 0.8315430390147309 0.13633632789562888
-0.6802746458533022 0.6150529679015793 0.5889182103724355
0.10018370829277501 0.8539149848632839 0.05661440025280662
1.2635282735121791 0.8861355166646177 -0.04140949119616799
-0.8669494312437678 0.8267311804357105 0.13892603050183006
-0.7884908975168514 0.5675734056592163 0.5872523797602529
-0.010391527854466176 0.8131765165370055 0.0558185590357656
0.04207334686168451 0.6438556595560483 0.5160515321345205
1.1456021852865916 0.8597909451302055 -0.04015064109851174
-0.9919038261289614 0.8318281256043236 0.1424889577479238
-0.8873793888005821 0.49213356273968856 0.583071709975707
-2.1403626292834446 0.6243683139378438 0.20723700653027244
-0.14150623177685873 0.8289551062557177 0.060965539321410134
-0.06925467357345383 0.6033011988531425 0.5152463925928945
0.9962093673054824 0.9124268967352984 -0.030325888290894554
-1.1088395883449778 0.8137918391990913 0.14360952506970115
-1.0039479510507903 0.46901037480831764 0.5834865583033437
-2.195472065762999 0.40042819725198653 0.18714213500927634
-0.2673167159290557 0.8312130188525408 0.0646233571619863
0.8803390821484669 0.8824360850353239 -0.02957773078967385
-1.2257734301475267 0.7961840529436439 0.14472580085705467
-1.077007492147004 0.31374297607731627 0.5721788419337148
-2.3090154146521087 0.37248086477538145 0.1867370618433828
-0.39630047077378094 0.8433360661521672 0.06927013526867576
0.7498717435645119 0.8899439792017851 -0.024799822464478538
0.8103859065067525 0.7271534400302722 0.4444000733942861
-1.3488506670522469 0.7979421165585014 0.14779043327282615
-1.2171766101166668 0.3624150943369555 0.5788609994501943
-2.364963158809573 0.14396345515653453 0.16613626609753318
-0.5019621455142129 0.7902480541908963 0.06696987281750388
0.6250140592663485 0.8840442390116339 -0.021537302628052757
-1.4657066852608551 0.7812179973263325 0.14890003333996482
-1.2290231022838043 0.013051592010790092 0.5503668798060293
-0.6438066688079402 0.8409244341317699 0.0755791677088613
0.494910851180677 0.8925773533090013 -0.01676463951159768
1.049034273060343 -0.5588994619345566 0.3308150781245107
-0.765748426115195 0.8357315121626452 0.0782327664942617
0.35441207630393023 0.9295257431536204 -0.008966444626343772
-0.8923976577037536 0.8451348945106387 0.08237218986462302
-0.8234402692120852 0.6135316748712798 0.5325057519526357
0.24059581634341498 0.8972196641621126 -0.008741377487671897
-1.014095661513764 0.8408864316471036 0.08502006660412498
-0.9523080404489406 0.6279604678727284 0.5363683713526601
0.1145485215901374 0.8979681599907203 -0.004986761703980491
0.18593120032907962 0.696991937592879 0.45740842948864646
-1.1309861524990055 0.8229264544929769 0.08617496620129295
-1.0574099809318938 0.5719635046900007 0.5338225377650136
-0.014788290992768793 0.908535955948381 -0.00022458900500588186
0.06273958254543288 0.6886636459132078 0.45965242515515037
-2.04262286135112 0.6801850366690192 0.15194368492077537
-1.2447703871548157 0.7959475555297733 0.08633232246349998
-1.1612241710047329 0.5115753304722577 0.5308432592005605
-0.1319843808600183 0.886902727898164 0.0009989751429433369
-2.136734822860646 0.589689914605247 0.1452050222010488
-1.360147133725249 0.7741016998457413 0.08698225151013084
-1.2683976915715363 0.46100096208367436 0.528712750777709
-0.25762648790848175 0.8891082325396349 0.004744531020628884
-2.192007222621598 0.3657599012658741 0.12476110588024802
-1.4877047644593517 0.7905900415340934 0.09160375724743552
-1.3423732655913199 0.30638685034358737 0.5171723378748769
-0.38144395828267363 0.8871219449529213 0.0079817784876699
-2.240390608364578 0.11315677898971588 0.1013660443873281
-1.6180234072031539 0.8170685113383995 0.09721756111096092
-1.4187975872883527 0.15664829618270515 0.506047726973998
-0.49686021088922416 0.8621442605714904 0.00868845115612693
-2.258865685020467 -0.24953801270047737 0.0666971219630117
-0.6336102669505266 0.8986677170587627 0.015964509353148415
-0.7569950013256772 0.8981247647347481 0.019193173751341774
-0.7102505966108907 0.7522432799991199 0.482624293670165
-0.8738351181198851 0.8792201309638648 0.020395280227171853
-0.8035202812621947 0.6624372713621267 0.4770085824580068
-2.083070937798283 0.7518950813701544 0.10124540458630271
-1.0129111602637977 0.9267559690761007 0.02867746482800193
-0.9227330779152538 0.648445448106072 0.47835517059277244
-2.167022866253376 0.6281457095156964 0.09091949592541404
-1.116938925830567 0.8710203032297299 0.025824548110472634
-1.0293128414400883 0.5970750763769153 0.4762120259852285
-2.257338093299211 0.5237065276000452 0.08257436881970115
-1.2414475073828442 0.8770686467173503 0.02954721580456443
-1.1485863168246198 0.5839337165948617 0.47755026946972556
-2.2942038792305652 0.23310054097112198 0.05479908119152732
-1.3627102877545951 0.8741365650511215 0.03225422035168357
-1.2400831725864379 0.4859460039682566 0.4710366738886709
-2.363110159137733 0.04762320341673654 0.03796339164684959
-1.4838664890745719 0.8716618560261029 0.03495836387585349
-2.392612899281062 -0.28143476074982354 0.0061664594263906025
-1.9411775785004295 0.7807220370670476 0.036617280349242165
-2.0419202230419415 0.7137768315263981 0.03220367561291404
-2.1188139669194044 0.566093677774727 0.01916027198742576
-2.178330772826641 0.35651480689771464 -0.0004906641392832256
-2.2378008951913415 0.14218983440561184 -0.02066326011706643
-2.2574563421126186 -0.215568556336021 -0.05608081687976174
-2.6994843105597397 0.06592876713523665 0.13947391639660545
-2.6681183655546903 0.1465246026968443 0.018970967635619118
-2.6236135966948524 -0.09271916757451759 0.015622617110716774
-2.654720809056741 -0.32865568095651554 0.016839982375609353
-2.686660162057109 -0.5644063028577175 0.018057824477660134
-2.4602907415483344 -0.8144768179955562 0.0034475339503163838
-2.624405792688705 0.5588674014675723 -0.10164213050891213
-2.6831659497555194 0.32391540389292794 -0.09851074089099221
-2.6829112792106855 0.08678621725773983 -0.09913730491687112
-2.5439058667103467 -0.15684585324570222 -0.10853004325915627
-2.645019470940113 -0.38955922108811336 -0.10289430488635354
-2.7469232367925116 -0.6216083535786208 -0.097259043350709
-2.525784399890398 -0.8713936961351467 -0.11197376121569924
-2.6399122701383817 0.34486783910349406 -0.22011136879016213
-2.649556091706785 0.10801122662689755 -0.22011136879016213
-2.689935047832847 -0.12742975464299544 -0.21818065513659768
-2.591592412483564 -0.3695355807756662 -0.22526025642443948
-2.5240086849058656 -0.6107791851042395 -0.2304081903844004
-1.167548339521062 0.8437088610620567 -0.43540286888171487
-2.7243955899654964 -0.05580481989576924 -0.33460092414904885
-2.7304561068830253 -0.29260016451862114 -0.3349313722996836
-2.717410142944601 -0.5304314787646072 -0.33658408989001565
-2.70519751944272 -0.7683900763517801 -0.3382368074803477
-2.699355256865033 0.013137560412532334 -0.4549736963658457
-2.7300917945375716 -0.22256404805082974 -0.45361661781359963
-2.6769434751761736 -0.46239406121645965 -0.45802640785266213
-2.6645062147400296 -0.7004683828365366 -0.45972251762439065
-2.3889504703823548 -0.953944625995149 -0.4793968187718516
-2.4933759729076 -0.5204084132945264 -0.5900492655186778
-2.4412845773430547 -0.7613333861433276 -0.5945725428013926
-2.125526314782192 0.1651470482406281 -0.7334351526646739
-2.1407909867095185 -0.07328022703290715 -0.7330784784703379
-2.009434132310318 -0.5584204379224356 -0.7441339479832774
