-0.4320813705393931 -0.026500410426805843 0.6352204967288468
-0.5330358032546414 0.060471074472246755 0.634209125116298
-0.6478115776359843 0.13388273475676726 0.63055178411288
-0.7517935055249438 0.21818359089879635 0.6288904834537004
-0.3171868585640638 0.6836542408733237 0.5146984744815324
-0.46188134507916345 0.7253986719653938 0.5046958614139054
-0.6991950689844089 0.6783471149803617 0.476794688775966
-0.847836458460776 0.7183776894174088 0.4661202121524308
-1.0682294723571815 0.6907846718252415 0.44168040044588786
-1.2459803634775355 0.7052740669530735 0.4255137134341691
-0.2914439195327745 0.8302656601201477 0.19989201314730387
-0.4854138364814773 0.8239366031324593 0.17899891622347575
-1.1929761258254459 0.8768522112117481 0.11014696843905192
-1.3957418309730585 0.8687239045535122 0.08783337362093668
1.699200883242625 0.8045924516101195 -0.6212539982052352
-1.5916498297063626 0.8684396293967822 0.0669922519473527
-1.8169919900810143 0.8423655255875246 0.04030749089998942
-1.297215370377792 -0.7218861053516008 0.24889895208163004
0.0406645139659787 -0.8287712738929827 -0.5529632877560164
-0.0031674457790842325 -0.7871196549990387 0.36239239461703043
0.45712081029400053 -0.8386997666421507 -0.511852772161534
0.3352135704586132 -0.7448786585600189 0.38862225301546793
0.8487796072044205 -0.8603280683979904 -0.4724793743343856
0.6573749288273589 -0.7193576250416314 0.4143466640262101
-0.012466323835106152 -0.012956522336956766 0.31800410039705973
0.05618063389104577 0.18579989810683628 0.31245562322420817
-0.04264259435817763 0.49977857324255837 0.28622624166292887
-1.2213884367059435 -0.8080420492951816 0.1512345958499406
0.6172191255310864 0.3179682904137948 0.351799457147548
-0.7922772817368724 -0.8041041239561721 0.1881775546817277
0.73826315583743 0.4925699273084163 0.351799457147548
-0.39638490162104745 -0.8071733568131378 0.2225546527652238
0.8599167527429614 0.6667452932445528 0.351799457147548
-0.050960211333325844 -0.7797101952543102 0.25077482946200114
0.6294839497052749 -0.9773468958633345 0.32055565603060465
0.009876943829141283 -0.05252734263100223 0.2143449474124406
0.10496143551188908 0.14097833733463716 0.21126648671908121
-1.4563017844429709 -0.8354411538734965 0.023151843622157386
0.2130833872252893 0.3258064647976795 0.20972725637240153
-1.0218309137116464 -0.8586868954956728 0.06280657537264567
1.01354331050009 0.03268316964931017 0.2949008632449601
-0.6090082170350399 -0.8709885126347459 0.09985253103060465
1.1090925798691913 0.22294730719470834 0.29182240255160075
-0.2176853217110093 -0.8721291899011234 0.13428971059603434
1.0383773520809 0.5299999450587691 0.2677068401126359
0.17300331542745795 -0.8755883129179125 0.16872736699862223
1.1926641756170682 0.6801772306541523 0.2718119312076066
0.7037521995642422 -0.9750892332094168 0.22090479619784098
0.8409252398150571 -0.8146394642458503 0.22351309545321207
1.1475096886022982 -0.7689430322595214 0.24751469381136637
1.3264023156736044 -0.6381851238088174 0.25534149892611246
-1.5681545056665058 -0.8653328367745061 -0.09444859735684652
1.4154058491550572 -0.4463543373698968 0.25168940313143473
-1.1335667914165484 -0.8877039883220235 -0.05413439981656332
1.5092386093007732 -0.257563413559339 0.248558490350673
-0.6789190869114634 -0.926241808108486 -0.01116755716519613
1.5507473662803903 -0.032063125233257495 0.23864456899447184
-0.2834278534688508 -0.9294406848053853 0.024372546747157386
1.5850949069618068 0.19927737836758297 0.22768780477328043
0.0864960644108379 -0.9185720856303305 0.056730239465663246
1.6651221548768405 0.3992060567070794 0.22246977575106364
0.4890127679758649 -0.9318850240454069 0.09333178289217692
0.8081732026667936 -0.8923022909217906 0.11932369954867106
1.1352396570646093 -0.8601006421068007 0.14637705571932536
1.4084526771736776 -0.7934526685643135 0.16653439290804606
-1.9598706298510038 -0.6783713416705552 -0.2506194423885848
1.5953617783083445 -0.669339806902741 0.17555186040682536
-1.637403524596742 -0.6264858056818241 -0.22420218698697347
1.7170505196588763 -0.5009731717227766 0.17608210332674723
-1.094102558223959 -0.7196820572630998 -0.16921094171719808
1.8311445789227605 -0.32736678623896154 0.17555186040682536
-0.6852936804662519 -0.7293088908872463 -0.13147166483121175
1.8684647726574184 -0.09998496838939275 0.16494271047396403
-0.24812405418587957 -0.7604930694926324 -0.0899591755123641
1.9108401784406865 0.1246819206304437 0.15486428029818278
0.10119199687107283 -0.7366520696740011 -0.059767754003575035
1.897442010127655 0.38977575687893307 0.13735911138338786
0.5368644649422905 -0.7728169611709248 -0.018254787847569176
0.876803355353097 -0.7477765259701101 0.01085850484652262
1.2327635104359658 -0.7358627469574657 0.04212805517000895
-1.9511514789134665 -0.9277933673533383 -0.3453169178219344
1.5594601547665192 -0.7064000353973512 0.06962343938631754
-1.620776192470835 -0.8805783969555847 -0.3173785518856551
1.8161560119955311 -0.6309017593091539 0.08795401342196207
1.9706430752396145 -0.48596741655865827 0.09280583150667887
-0.6898909271761866 -0.9675282809782573 -0.22589543573575277
2.0970258969760707 -0.3217823168244891 0.09388443715853434
-0.2945211411160997 -0.9704238550713882 -0.18919184915738363
-0.82050755210998 -0.6141088972770561 0.6086692500857804
2.1182627200507795 -0.08368200451565855 0.08094498403353434
0.12094659077456527 -0.9893257892745595 -0.14975026361661214
-0.5280982311708229 -0.549428869924995 0.6287603069095109
2.1689617409736357 0.13455705128481554 0.07178017385287028
0.5025303598641386 -0.9887565498745019 -0.11469081155972738
-0.252464947043066 -0.4753617243488648 0.6469378162173722
2.1922765381302085 0.37307969691207177 0.05884072072787028
0.8628344059382513 -0.976639355355509 -0.08237031213956136
-0.130047236416317 -0.30048639759269946 0.6474165607242082
1.9221195973715055 0.8237944640962525 0.006545512750575355
1.0824329448304866 -0.8722684331645993 -0.06867507211880941
-0.0070313097847432005 -0.1260523100264237 0.6478948283938859
-1.8270045676662718 -0.7089771843080541 -0.4567923855038192
1.35562092763562 -0.8052945055811307 -0.04785874597745199
0.030098797249294762 0.10661724959827978 0.6383275676516984
-1.4129043276175821 -0.7168242349284739 -0.41728261224942464
1.8092170110138497 -0.863185624506329 -0.002938778326084801
0.1052136807115005 0.314165857346552 0.6330656696109269
-1.3114839339800568 -0.5118331874705007 0.4545812297610734
1.922039063191768 -0.689918848804119 -0.0034861873837019886
-0.5244206855947624 -0.7807393134092067 -0.3299155544491317
-0.9601031513366394 -0.4830296654951667 0.48185583837313395
2.043640797983379 -0.5227021979704247 -0.002938778326084801
-0.1250413294546746 -0.7880325665239951 -0.2920751880856063
-0.5302194983895134 -0.5082855862884514 0.5183844257144425
2.027309164801636 -0.2591338462325865 -0.02101567499356527
0.25295970063771733 -0.7839585346757616 -0.25701716654019613
-0.10528489529632878 -0.5333859153448657 0.5544256854800675
2.085376621147276 -0.046538023524369976 -0.029233009740879723
0.6634127709066391 -0.8042176699742143 -0.2175073932858016
0.19476801012927325 -0.4780131645255352 0.5758557010440324
2.0470365799838888 0.2350762617769817 -0.050597221777012535
1.0277764180101983 -0.796383460253459 -0.18411830179410238
0.30478661307304833 -0.296369095302623 0.5748815227298234
1.375139240505085 -0.7795168968061077 -0.15295556299405355
0.370178669470107 -0.08432692185191115 0.5685500789432023
-1.990267513563765 -0.9262512098116602 -0.5803404163570907
1.66869608409516 -0.7281952740464632 -0.12902692072110433
0.3789425164033773 0.1670177399932129 0.5553998637942765
-1.634796469655015 -0.8947967117273166 -0.5480776142330672
1.9620114516781868 -0.6785138731760512 -0.10509827844815511
0.32329602038106486 0.46391640823455305 0.5344566989688371
-1.3959063741182405 -0.7907687744852012 0.35337445028109293
2.055077678220492 -0.4915959627640589 -0.1084375690670516
0.3998969580080072 0.6707683153992647 0.5290989566592668
-0.6791193592061688 -0.9974219495201808 -0.4501571964474227
-0.9989100471208516 -0.7903328720552381 0.3865885425357316
-0.27142719768242074 -1.0083220595658844 -0.4105353664608504
-0.5192230578916153 -0.8466267726039973 0.42971703298372965
0.12310990471130623 -1.0134842878697512 -0.3726125072689559
-0.21100423620986675 -0.7937962618380681 0.4525208164004777
0.5252671591944988 -1.0264770144680853 -0.33355715982632894
0.19650208591535545 -0.8086580753746446 0.4872221637515519
0.9101814534345323 -1.0308278491392286 -0.29676631204800863
-0.39812226753605984 -0.15743945618584831 0.4019565273074601
1.2120154858267824 -0.9820132668143273 -0.2712955784054305
-0.1342390914351128 -0.07648104755224239 0.419306724145839
0.1419395505459633 -0.005323542864061892 0.4381446529178117
0.29884110782991513 0.14568519529837687 0.4426064182071183
0.36190252143478574 0.36087693032094137 0.43566605336947184
0.5198966849843885 0.5108675552816706 0.4401273418216203
