-1.972190007767825 0.8172279734872205 -0.2418564977971922
-0.714457682418832 0.40745786558208863 0.597872811284839
-0.6276006886654741 0.093521082298615 0.5884476480157961
-1.1513197602386782 0.5111471997431991 0.471459465947925
-1.318572361891384 0.8868008108662693 0.3317662057550539
-1.7799525600627035 0.5569403733415328 0.20424659821110858
-1.7744811865730483 0.8653244106342513 0.05316360565739764
-0.8641339166975825 -0.31889049051348906 0.5573416528375734
-0.8298011988605545 -0.6018308340101584 0.526057797399341
-0.9412612764493105 0.7819739151163105 0.09945161911564959
-1.1632981373470734 0.7847474337397102 0.12196071716862811
-1.3614650113821902 0.763197287648417 0.1393867311151613
-1.5994754980907366 0.7864087149677061 0.16552646729069842
-1.7537710153711998 0.7193493583784303 0.17351348969060076
-1.9048427468850697 0.6492816011771296 0.18077428909855975
-2.0263157431687873 0.5466982104177518 0.1815005120905031
-2.1020909538914268 0.39280991503485296 0.17206152054387225
-2.1130599231111162 0.16489842813170696 0.14809997650700701
-2.115463873889773 -0.07450507850833077 0.12196071716862811
-2.1094228166057043 -0.3254974417839378 0.09364278885441912
-2.098291993232678 -0.584434538155925 0.06387241455632342
