-0.013863872796704868 -0.6240155038532542 0.5107182373380716
-0.08628037965584667 -0.486210676266019 0.5224231590604838
-0.1671218589731538 -0.36586898174705595 0.5314778198576029
-0.23345732958461696 -0.21905682885518019 0.5445259918546732
-0.32457131915406023 -0.12030511309782099 0.5502737869596537
1.698062705346004 -0.6145680635078143 0.10712708133221227
-0.43394313984586574 -0.056251406160757966 0.5507129539823588
0.3759946944740946 -0.6429324309341631 0.3390959610319193
1.626352121119325 -0.4722469187043856 0.12146605151653844
-0.5477919759163186 -0.0005371247403580526 0.5498298515653666
0.37202153718457964 -0.3691728244476984 0.37264240878582555
1.568072041241102 -0.3029660291862548 0.1402114738798197
-0.6614557296339072 0.05557809899339006 0.5489519943571146
0.34048861479183756 -0.1531263562011702 0.39722622531414586
1.4980831042387948 -0.1604958318071361 0.15456617969036657
-0.7821013391175526 0.09908274817525253 0.5460871567106302
0.3102654200436632 0.06274527830115773 0.42181957858563024
1.4203594939165072 -0.035768551105377355 0.16599644320965368
-0.9050639462066883 0.13869604524845514 0.5425642837858256
0.23798481841114238 0.19493592248644376 0.43330801623821813
1.3347209304200263 0.07129206491550732 0.17450178760052282
-1.0061955386534365 0.21771388634804723 0.5450266708707865
0.20778621120304308 0.4062042356406117 0.4572271217680033
1.245311913082837 0.16966161501739307 0.1815480102872904
2.172953887936913 -0.2473835074182169 -0.25370131832599085
0.13491649840700148 0.5340908044359622 0.46803940433025915
1.152035312471419 0.25939881849949487 0.1871346344327982
2.142693416200089 -0.016729387205181467 -0.22230206829547328
0.032468506795680696 0.6052953736896356 0.46988619464397985
1.0548121697206057 0.3405286370858285 0.19126070636272985
2.111800808275916 0.2092649273361573 -0.19168626171588343
-0.09078040563078815 0.6375602010201469 0.46552504199505407
0.9623827727404901 0.4308005322906858 0.19686020511150915
2.0823110427418072 0.43508280013932676 -0.16106091839312953
-0.2894943024204082 0.5309742196188267 0.43907917636395055
0.8659421056798564 0.512499604171964 0.20099915164471227
2.0039260253857307 0.5534371771819622 -0.14946614605426234
-0.41080672737825097 0.5688063464669959 0.43541897433758336
0.7631450522263563 0.5812645852505973 0.20294512408733922
1.9367514084813138 0.6942626928390148 -0.1338964591646139
-0.5416207065430569 0.5897651328391085 0.4290031303739603
0.6719326377711141 0.6723620298762256 0.20856369632244665
1.823585589972467 0.7371669915291434 -0.1357751975679342
-0.6773063935884025 0.6025875965284726 0.42121208804607946
0.5652394479653395 0.7329769667629087 0.20905436175823766
1.7233967514454918 0.8071576391571789 -0.13288699490069789
0.47251323364758235 0.8202509230161361 0.21395243304730016
1.6062499148626017 0.8419558674665595 -0.13634024960040492
0.3817054303927421 0.923773874401693 0.22104490893841344
1.4967915882687137 0.9064481817116246 -0.1350408683443014
-1.1144877687788082 0.5928257238821146 0.3895839561796244
0.30221664431807227 1.021813488939511 0.22816694873333532
1.3502486965168643 0.8686188909736607 -0.15116702419757289
2.2689118940285766 0.25909166293338615 -0.7278905997896139
-1.2606808877173208 0.5908526049690224 0.37905253070355016
-0.10912150686661448 0.5125383647938015 0.13259543078899938
1.2265211392395727 0.8915556972172958 -0.1569849143648092
2.146106264725681 0.28292647029560314 -0.7334257255220358
-1.4021483013411498 0.598081498710787 0.3699072708463724
-0.17397923269527382 0.654172154678001 0.1463168968534525
1.085009680898331 0.8797092646285343 -0.16914664608477992
2.0191416638479893 0.298305088935674 -0.7406955848360006
-1.5637484963002564 0.5717035548937517 0.3552421440458353
-0.2830053882196495 0.7133375680514469 0.14610756534100133
0.9029875420377422 0.7892423379443549 -0.1955896506929342
1.8941967653093954 0.31863992417623876 -0.7470904479646627
-0.40849224845198506 0.7425420221744439 0.14076937335491735
0.8214143492121977 0.8973842157921901 -0.18631373745440882
1.7860536192446546 0.3750741094584491 -0.7465201507234518
-0.5411674710291763 0.7592680858319802 0.13323534625530797
0.697361254358988 0.922392969766058 -0.19211112362384242
-0.6884086922044688 0.7506289972184952 0.12130535739422399
0.5641555444249278 0.9303726417996856 -0.20107852322101039
-0.8286394780509951 0.7555676715741129 0.11158169406414586
0.4262201571591717 0.9301691550864497 -0.21162806850909632
1.5059641840582003 0.6351514538625729 -0.7273737083101217
0.2880885116277625 0.9305465098777574 -0.22217332226275843
1.472690973900697 0.843218343977135 -0.697197068753237
1.3424510315582552 0.852531435672887 -0.7061668525361959
1.183511300758731 0.8051017236393818 -0.7264443526887838
1.2036486263553883 -0.9290564156667465 0.2311228622770365
1.3331790920972963 -0.7939882342850204 0.23633421557903844
1.4545243730612825 -0.6544977421358489 0.240387331423765
1.5634561523298984 -0.5079798820143857 0.24270332950115758
1.6472391054407254 -0.34669487674522514 0.2415455688810404
1.7060294241199045 -0.17037631049343815 0.23691309588909704
-0.9619612503625419 -0.3385169396048049 0.7054938186979349
1.769761428448696 0.0032892477238881668 0.23285998004437047
-0.7911031161939235 -0.21755418054445386 0.7147296776151713
1.7704978259687039 0.21552409673813955 0.220121275362974
1.6917076328234657 0.4773652621978002 0.1963819374418314
1.6226023565250927 -0.9708689025882435 0.09301413196087438
1.7304593659821137 -0.824868989450696 0.09539974826336461
1.834508822363894 -0.6767854444374493 0.09718884128094274
-0.9097932751715803 -0.7556348384052711 0.6359118332243021
1.9732059840459968 -0.5493749411605258 0.10374869006634313
-0.6402222429827589 -0.6900224597157738 0.6573051323270853
2.0653870181139737 -0.39459115711526493 0.10374869006634313
-0.4141270112693576 -0.6016120289405826 0.6734799255704935
2.0943230853411308 -0.20168698630544313 0.0948032249784525
-0.2572118251138562 -0.4752564272856965 0.6813067306852396
2.0731585245502373 0.022260231732914804 0.07870186465740758
-0.11726190951993232 -0.33980869867208696 0.6870459427213724
2.048787282514404 0.24927620490771574 0.06200398105145055
-0.04157788867377121 -0.16780356264694163 0.6849588264799173
1.8606935710473493 0.5784566095549017 0.0220483650541361
0.004634893487121872 0.02146428601999517 0.6792196144437845
2.039041779280538 -0.9622792822058415 -0.13695727688311976
-0.034244858156547764 0.2609598241470259 0.6630443443632181
2.0827614172710156 -0.7800079844834364 -0.14380275112628382
-1.0458759813451337 -0.7655493264517155 0.5284575332975443
2.157074757675389 -0.6154662110552138 -0.14629231792926234
-0.5719481878176609 -0.8126482232916672 0.5751375068998392
2.2021993981357255 -0.43328246940282256 -0.1531382690095846
-0.2030430866162405 -0.8044428053826955 0.6090864052152689
2.1801056839913926 -0.21007247249982086 -0.16994105679034632
-0.051133225770648494 -0.6762777867829008 0.6165126671171244
2.2056534717062135 -0.014751221168086914 -0.17989837032794398
0.01468974852612348 -0.49966480767101373 0.6133302559232767
2.329298294247508 0.1210677836658931 -0.17554246288775843
0.06823857158788371 -0.31577400697705116 0.6085556854581888
0.10099469033107766 -0.11948765608350342 0.6011294235563334
0.09160594004422506 0.10193483206503728 0.5883988251066263
-1.7173090153001596 -0.6672638628477578 0.36397827762127477
0.07462743099529945 0.32879329113346145 0.5746067871427591
-1.2988173009336634 -0.67917915732815 0.40441311496258336
-0.9809925858326878 -0.6382770587898428 0.4324473251676615
-0.4942307945695745 -0.6938452298883604 0.4815086235380228
2.363709117812874 -0.39294018145684717 -0.5937706123018209
-0.2379756598069065 -0.6231624582052682 0.5019954552030619
0.1435458805367702 -0.6251467880086565 0.538116823611265
0.24841289300746894 -0.47138566610410493 0.5397347320890482
0.35378788798946914 -0.3180365173397668 0.5413521637296732
-2.0819640337863987 -0.8934283324518653 0.24382437366009313
0.3307838437876214 -0.09009366301351562 0.5267952789640482
-1.6849550983367223 -0.8899946692705356 0.28217114108563024
0.3088108474973339 0.13833304302498206 0.5122388710355814
0.3392164241193001 0.3368760270045321 0.5041517128324564
-0.37605921990340363 -0.7479457179866067 0.4010447372770365
0.23930690452186099 -0.88022875835523 0.4673289169645365
0.2568847020291116 -0.6776527541487738 0.45801628726482946
-2.277286805223568 -0.7546478207363485 0.12012566226482946
0.38312719541949747 -0.5366394982390652 0.4623988975858744
-1.8012903782539382 -0.7932511490402625 0.1690963615751322
0.3548555265846929 -0.3067098523331637 0.44706047671795446
0.42640654860074534 -0.13376552432492161 0.4443210472440775
0.44289048842673395 0.07169397079619344 0.4344605316495951
0.36614978995336855 0.3330310617550545 0.4125484337186869
0.44855950256308574 -0.7535251710221615 0.387235533175474
0.7021333549068771 -0.047053274433281445 0.3722108711576517
0.7062857374626788 0.16534621990371434 0.36052454608440954
0.6388419621405603 0.4213360062200948 0.33937824862957555
0.6450042336845314 0.6345759564425784 0.32769240039349157
0.44514893444643633 -1.0149134035640088 0.2989157547330912
0.6350662435085255 -0.9112013957862679 0.3119338859891947
0.738926355348589 -0.759150241814254 0.313631903109556
0.7916521597295585 -0.5777058473789225 0.30853785174847204
0.9009141763623063 -0.42878870664372215 0.3108018745756205
0.9592374575192721 -0.25015773560164334 0.3062738289213236
1.0225297069586148 -0.07413836086110237 0.30231178897381383
1.03101442369573 0.13481974808236075 0.29099119800091344
