1.2888555392310508 0.02055699570793834 -0.16838285046087353
1.2404391862859185 0.3936577855259653 -0.1723005445526704
0.8364502593909577 0.7223770853300095 -0.19176551418768017
0.46817876828986726 1.0579611819424386 -0.20972606258855908
2.044661498134033 0.006309852838104035 -0.3219597013519868
1.9912541513152249 0.37614770378048945 -0.3260795743988618
1.671514805689121 0.7124875426246682 -0.3423244627045259
2.137472941849296 0.09308695008841639 -0.504978862576352
2.0893149537951317 0.463237282265597 -0.5088669927643403
1.7104282578863774 0.7919865819029752 -0.5283891828583345
0.13296863979461904 -0.3699321205605237 0.3535492746306792
0.013823498560896041 -0.001879344118412618 0.34692219180597217
-0.09414934847119838 0.36809257036809484 0.3406851617766753
0.15028673234977674 -0.3301627581332518 0.1636827318145171
0.16506111190996364 0.05529601069899037 0.1622937051726714
0.1911113448243782 0.44173056046444614 0.16132286471856983
0.17887928681827958 0.8229196250991322 0.15878227633966358
-0.35714288796500426 -0.013678835441782056 -0.04978152828680127
0.6226062632908693 0.47644521057670985 -0.010636058621273925
-1.2440729578036311 -0.7674587700557023 0.212285312838687
0.15458705039960563 -0.9316506013186139 -0.39108439999090283
0.4122062981303216 -0.9848477000458438 0.3807595102263823
0.8945125121829562 -0.9359340271696688 -0.307126251034604
0.4958689592291776 -0.8298123165058175 0.3852994768096343
1.725397883323069 -0.967953254612743 -0.21216699200140088
0.5945165907865899 -0.6788090641468649 0.39135197085870654
1.9486350807144248 -0.8529246465579021 -0.19016429501043408
-0.03476744271648613 -0.34493030295621807 0.32123878879083545
2.0758771569472287 -0.7147355405264761 -0.17974206524358838
-0.6960210878169306 0.0021079933395107275 0.247594150729312
2.169864497048721 -0.568576397464577 -0.17337295132146924
-1.1242967516656819 0.2939801916112472 0.19816139621271045
-0.0693592873661828 0.1993101251486582 0.30408886355890186
-0.04908736961805715 0.37306532746519494 0.3015663949920073
-1.0339226361492777 -0.8251914487328484 0.1457712976409331
-0.03298176197282743 0.5481281071290756 0.2985403863860503
0.40916365548237366 -0.991786275193423 0.29456928653253467
-0.0018513025959734364 0.7192850273106561 0.2970269052459136
0.5024633845055959 -0.8390857751592318 0.30021313113702686
0.6529518094844917 0.7171882237469784 0.3610875932647124
1.7908085454744835 -0.9916093676934121 -0.37207337933050244
0.6445190946089667 -0.6988694942304843 0.31098822040094287
0.5793616686103675 0.9157313939786675 0.34847715777887256
1.8839058705783103 -0.8440713212248028 -0.36551353054510205
0.47346320897647587 -0.48061580386736935 0.2884118883086577
2.1602591807099785 -0.7436836412643633 -0.33629247265325635
0.6021350072358587 -0.337315021763656 0.29764774722589404
2.1868437993115464 -0.5803854305763281 -0.33808156567083447
-1.0887045682357623 0.2767351701003271 0.1129334299041167
-0.10130799999250684 0.19986424610706877 0.21349981708063037
-0.0041393780106488975 0.35322760407297693 0.21914413852228076
-0.7506674580713621 -0.8553071658679219 0.08678558749689014
0.17034417534390656 0.4853022742840398 0.23299768847955615
0.05857182851298148 -0.8710264741719538 0.16974810046686084
0.34036331347682136 0.6176246321857555 0.24633816165460498
1.3311335101668362 -1.0145336334290604 -0.6796095045136079
0.606283831344598 -0.8283576321076076 0.2245347825957671
-0.7738641276549245 -0.4902657230855798 0.7812393037749663
0.5873986173528749 0.7276291606549847 0.2678878633452788
1.7082227332550133 -0.9358132159074604 -0.6360461385773286
0.9847994327787077 -0.7473661415859443 0.26105860156549365
-0.8527667630741291 -0.29041782704741514 0.7699320642424956
0.5569524867761757 0.9142391203627174 0.2596786348296538
1.8880596734813793 -0.8098550159079352 -0.6179983289764985
1.083654847706434 -0.5983025947441885 0.2673204271270171
2.005734618651026 -0.669017642971566 -0.6080410154389009
1.1396210231986998 -0.438678982913995 0.26888540668023975
-0.7235592176820944 0.03847410305693799 0.7740023462249175
1.1816955306828731 -0.2755548930057632 0.26888540668023975
-0.6894444277488248 0.21060379806061746 0.7730982629729644
1.2099143202471794 -0.10877526865693632 0.2673204271270171
1.200291864014467 0.06822657077949046 0.2615807382537261
-0.8736860742859562 -0.8968913742244613 -0.013135162167416503
-0.030634292281099818 -0.9191825474812383 0.07492044848932178
-1.4294142094245856 -0.5655574966075889 0.635775360293521
0.6570734489025725 -0.9095804798461593 0.146001133151187
-0.7154315777283813 -0.5574194165494752 0.6998522607756987
1.0691525918343672 -0.8366361605206976 0.1868460504485503
-0.34996472126933753 -0.4679722494561762 0.7307384340239897
1.278611442432883 -0.7156053322701244 0.20541170520318897
-0.28383781450167334 -0.30571530370235855 0.7330434648467437
1.3341714849241555 -0.5566392898687393 0.207003387637271
-0.2364701629828545 -0.13885325282015515 0.7335045663787261
1.375836593287623 -0.3941969760203641 0.207003387637271
-0.19333877209101757 0.029069721957631245 0.7335045663787261
1.40844295082848 -0.22937517362289306 0.20594242496026904
-0.23149602649888834 0.21833421652264562 0.7256672708464995
1.3887792342141836 -0.05058807420453171 0.19904640597833545
-0.3603207976109175 0.43234219223333703 0.7090719072295562
-0.2767411695942599 0.5903176018700567 0.7127597658110991
-0.9548556166277535 -0.7415259962577636 -0.1139952810333833
-0.05395422772156877 -0.7796654639007219 -0.01802989559637158
-1.4162319441110824 -0.44010968764414926 0.5449664918853179
0.6868022448528563 -0.7847180766754498 0.06014421863092334
-0.5669798801658104 -0.4669856399341903 0.6234023897124663
1.2050916752252263 -0.739351387441058 0.11351803226007373
0.020691690125694606 -0.43440642776338656 0.6764753190947905
1.4629389705886737 -0.6314525265941491 0.13777855319513233
0.13033232998175492 -0.28452813738267047 0.6830504266692534
1.5765467873022132 -0.48804230381109903 0.14586571139825733
0.17294780617270789 -0.11788033365784223 0.6830504266692534
1.623255671060761 -0.32770225911494144 0.14640501422418506
0.19206719396535732 0.05491162790863591 0.680702003665103
1.6609064599532175 -0.16499123053294618 0.14586571139825733
0.19256787895955796 0.2328157401595412 0.6764753190947905
1.603119659261516 0.02339063389250917 0.13454368991388233
0.1985256058942113 0.4095819810752648 0.6727178422881499
-0.8627427790165569 -0.933199385488539 -0.18788215237127392
0.12830547537583925 0.6074029335198308 0.661445411868228
0.12019087816389629 -0.9884121207140968 -0.08105966167913525
-1.1228584489023063 -0.682207375084559 0.4885275690032378
1.000708712086336 -1.0257111700488597 0.014258178897036622
-0.27394561480952717 -0.7073915963307886 0.5684140054656401
1.4509045662564688 -0.9631885450449786 0.06082132739557178
0.20693025838392032 -0.6477863773424435 0.6119444696380034
1.6936374672002756 -0.8517979612695701 0.08382919711603076
0.23380135733456342 -0.4777758600713522 0.610509189791812
1.8113423449920845 -0.7101729071067204 0.0925939409209624
0.2516254762455574 -0.30536099166360664 0.6081178514434233
1.8572761473268713 -0.5506318178638452 0.093142303652896
0.2652525461832269 -0.1316836930508991 0.6052472917510405
1.892049549071082 -0.3967801064134395 0.0925939409209624
0.25807557893215716 0.038768644539350916 0.6004636613799468
0.24409185688168122 0.2202712457852165 0.5947234956694976
-0.7167496183554647 -0.7692944744992491 -0.2646577032135591
0.302890222006738 0.38264052447208385 0.596158775515689
0.23189708148454713 -0.8203691224524032 -0.16004010754095166
1.242305537604544 -0.8934016337279846 -0.04818746166692822
0.026186402164519507 -0.5843789030354536 0.5068114129973784
1.5237914098062006 -0.7910096959459842 -0.020363536648617675
0.02431752034846113 -0.4064778928116901 0.5024278490020171
1.8150462427354128 -0.692884512143161 0.008572849459780763
0.02311001618004127 -0.22841123072657155 0.49804428500665576
1.9620819134496088 -0.559422637702168 0.020815643496645997
-1.157918607047712 0.2545326359585651 0.3743346063567534
2.027766960012727 -0.40545730583207096 0.02359798831476123
0.3644542617130426 0.038668087222674785 0.5238578645659819
2.0219201914313416 -0.23268484879463358 0.018033298678530763
0.3456742968362718 0.22110457996003063 0.5175259439422026
0.02488203252558918 0.485353613745259 0.48051098269952686
-0.761036379011486 -0.9818246948651463 -0.36110612469183057
-1.628841569982015 -0.7780488266095009 0.2641761629058257
-0.13143647414713655 0.7074217793121935 0.4600546686126128
0.06199270648586008 -0.9987697958630459 -0.26941129284368603
1.0243136063240286 -1.05522845197423 -0.16130229549871533
0.02512894423259837 -0.813231446221895 0.42528847140802295
1.5707755054956536 -1.0162509480117006 -0.10187026577459424
0.2639953258333918 -0.6949252910441945 0.44561365527643115
1.673490766481713 -0.8702673102355547 -0.09451219158636182
-0.11479253717534021 -0.42391635028833186 0.4024851648284331
1.8874186602939602 -0.7529161816542231 -0.07413550930486767
-1.1819649623602473 0.024582846439317407 0.2884667245818511
2.0967886604574275 -0.6356804739564659 -0.05432530956731885
-1.1912671518599254 0.20943402538981104 0.28301361484064014
-0.5499274857652026 0.22502967786187256 0.3444846002532378
-0.010103050373380995 0.2630127241407383 0.3955447999907866
0.20262274798444224 0.38503470310452137 0.41289547366632373
0.41081287779208253 0.5070302390021606 0.4297502366973296
