-1.3415829997919388 0.7567354341822039 -0.4763886122473924
-1.9474279593839015 0.6121597076393517 -0.45849958942024394
-2.1126095842322457 0.30820674688279404 -0.4557196287879197
-1.1453425348067015 0.8301360017712907 -0.6545840887793748
-2.080189502130736 0.4400427025040363 -0.6269795088538377
-1.4604634087789066 0.5086324225851389 0.40374239399345235
-1.7851886320699748 0.3327028438629043 0.22142871334464864
-2.1387041748380966 0.09809880040217589 0.22887357189567403
-1.7021740024003975 0.7753029775550031 0.050111135982588095
-1.8434143548105055 0.4617249714206091 0.051971277736738486
-1.9810209882502647 0.14696809440021408 0.05368073894889669
-2.0822772624053414 -0.18127872706105208 0.05430086567313985
-1.8367638012737473 0.42059484836298555 -0.12010828540413065
-1.9182921964575144 0.08492791881485218 -0.12008086726753397
-2.001031603327732 -0.2505788161937206 -0.12006823108284159
-2.1270746609049525 -0.5699530572830707 -0.11878410861580058
-1.8943832486558279 0.7862931675210207 -0.2874395041236131
-1.9417456190740552 0.4388669118798578 -0.28853193805305644
-1.988969418897284 -0.27558424925996494 -0.29242602870552226
-1.8441028595042894 -0.6980147655527231 -0.299925723529741
-1.0089159239716707 0.3372945907678764 0.6579490514031203
-1.0103877537951007 -0.19329956858894892 0.6576636643639358
-1.8720678195359142 0.4143041047392426 0.4106942029228957
-2.1680441752267257 -0.10371039214087752 0.4165092320671828
-2.0511588610409035 -0.6346086708139786 0.41370542957694845
-2.1114576894466097 0.28848784693960106 0.15226705982597188
-2.133092164759603 -0.23760806948394286 0.15237959339530782
-2.1465598224671965 -0.7639674834442625 0.15226705982597188
-0.05776041449047398 0.6265186359899477 -0.16065517947761698
-2.126965912686586 -0.317908016297328 -0.11116878078071757
-2.090741568794755 -0.846165164952196 -0.11250320956794901
-2.079286549421198 -0.18885693591997477 -0.3756686835059373
-1.927748781807196 -0.7214233576157598 -0.38008896396248026
