-0.16050778792262932 -0.43048740544998765 0.14020804773730156
-0.8552380238583517 -0.24916388077358143 0.10048989664477226
1.5815740888745395 -0.029262191292803053 0.10174636255663749
1.5598335563384573 0.2463438809746421 0.10051516901415702
1.0117956597226154 0.715039845106439 0.06818370233935234
0.49478688769109525 0.9132374812208148 0.0376303614274871
1.8231544817342566 -0.001950082628264127 -0.02163668263989571
1.850691190314226 0.28117308526091556 -0.019830423484622273
0.7462943194125735 0.6571918014245508 -0.08673830617505196
-0.38693666883641953 0.7582060136920887 -0.1555316029890168
1.933276177175152 0.5029178949055115 -0.15205498326855782
0.9484051315965232 0.8999539703322395 -0.21337385762768868
2.06766224708711 0.17806575307625927 -0.28108902562695626
0.3980012424328514 -0.3649358760552701 0.5924203814165008
0.34553610677754065 -0.09023903083233087 0.5894382418290984
2.2209646897168085 0.5221537475158815 -0.40779944051343087
0.2992749144109865 0.21388691672907711 0.5867031038896453
0.4934346394864697 -0.8882136161213214 0.45768288980883476
0.45881741486652317 -0.6103684250720196 0.45572833429736015
0.4202629845838608 -0.3333208611733127 0.4535205782548797
0.4269793668174877 -0.04859065204671964 0.45369605432909843
0.6078663546453456 -0.7207398048531317 0.32392243753832695
-0.22174596002531288 -0.29751992057459375 0.2778766573564422
1.5043186888232505 -0.5598311862993803 0.21582726847094413
1.534309732787829 -0.4863793043180138 0.2111375750200164
1.54121745946631 -0.39554643088830943 0.19941453348559257
1.5718633777341111 -0.3221150929014289 0.19472531687182304
1.5911770858195666 -0.23993921941575458 0.18651894937914726
1.6147148537946734 -0.16068276292014794 0.17948512445849296
1.6308817905964226 -0.07551119658404737 0.1701066912309539
1.6551157422269576 0.003767789645099384 0.1630728663102996
1.6681847394308456 0.09200058525600596 0.15252189051073906
1.704605931692626 0.16230816067012555 0.149005216468991
1.7146014624065238 0.2536215833053248 0.13728169809740898
1.7440414282111263 0.3298987313175754 0.13141993891161796
1.7624217398243118 0.41525648333129084 0.1220415056840789
-0.26761234859754524 -0.6337970035113489 0.6564372004167449
-0.14492560050369008 -0.6174356760878776 0.675766748298825
-0.04266050843349234 -0.5880931602220034 0.6900103510515105
0.02311933409511724 -0.5345557416539783 0.6950967730180633
0.2700399909672129 -0.21216162330826727 0.699166578163327
0.29692044583864785 -0.1317977088022797 0.6940792025224578
0.3082082277517024 -0.04006909344145271 0.6849229754106414
0.3397630668061815 0.03743562822490176 0.6808541239396941
0.35974242960262615 0.12351414391485349 0.6737325609819305
0.35638330298523613 0.22695427706992 0.6605070055620086
0.40475640054356177 0.29284323753936015 0.6605070055620086
0.2882391809158342 0.4810829037366968 0.6177776278154266
