-0.7392550797200101 0.6791562924488321 0.43928823973613706
-1.1487102218651941 0.5665285379401013 0.43972692992168394
-1.5402019834993155 -0.33310000336905077 0.2741330673881146
-0.498595685099275 0.5315535285665955 0.5858298351951214
-0.847807070094305 0.3833421894363962 0.5847698261924359
-2.034221730786186 0.6317614038520318 -0.12322749589008364
-2.0727999500266066 0.445009624023438 -0.11731423829120669
-2.2061959641618074 0.22525132569961315 -0.10548772309345278
-2.1193060440434053 0.08449670130513809 -0.10755719636005434
-1.9969091767663159 0.7048582811970814 -0.20844854805988344
-2.011713570030132 0.5263393848117452 -0.20388283227008852
-2.111821626339882 0.31790010945597835 -0.1938384959511188
-2.128152073738491 0.1402770376863831 -0.18927301857990297
-2.043529456980238 0.6434069304273109 -0.2860602328590778
-2.082031071226851 0.45666472105868294 -0.27979864571613344
-2.158912795601381 0.2569829381769946 -0.2710322329811481
-1.8050450358919363 0.3830550368166197 0.3594144394584271
-2.180179309875477 0.07793016029875943 -0.26602282021564516
-1.9550186864631272 0.8655533648445992 -0.3779348323158649
-2.0769959169658065 0.647376652373417 -0.36570682023090395
-1.9793491391826734 0.5098024946553004 -0.36860289071125063
-1.9367070923945562 0.5165258948030971 0.2817019036002728
-1.9617202307045787 0.334727273835421 0.2859874775596234
-2.038091489058864 0.5393165483706408 -0.4472397754005817
-1.8515340606819777 0.43344264780002995 -0.45649399254840883
-1.9742505944049427 0.37226436400292684 0.20451889540630308
-2.0092492966601725 0.18748155524787613 0.20947418715434996
-1.6890528131988205 0.7167393163818421 -0.5552388617805866
-1.882240999202665 0.47324196397654283 -0.5372611472420123
-2.028001515190226 0.5677638198636359 0.122231583852348
-1.996370069276054 0.40636506334814904 0.12357912566143003
-2.1112172541883183 0.1932242517875178 0.13328204657512632
-1.3123817683135215 0.817161099548164 -0.6646043250374225
-1.833884295690119 0.6196000580600227 0.02958760764080015
-1.994783918906876 0.3885338937379146 0.04238639380413023
-1.9638140158054398 0.22710961955832332 0.04377780463176695
-1.933433738642357 0.06566273374292741 0.045168977040824565
-2.0203617669746947 0.7241186549955909 -0.044250387888374654
-2.058560241290728 0.5371353608356966 -0.038511652689400044
-2.0364405768590856 0.37248463806338883 -0.03650297616046938
-1.9208212075627955 0.24120157177627277 -0.04023327324909243
