-1.8401803717267313 0.5904332043574314 0.07345423232904924
-1.8046467779651536 0.5427313547465324 0.0723789645373012
-1.788769037238069 0.48041740480920936 0.07724031936518205
-1.833709938055776 1.0746440043461298 -0.7949992703259801
-1.820053035234082 0.3835129691749053 0.09635338317743791
-1.7965260921125363 1.0268765206652795 -0.7960969494641637
-1.8204990530758494 0.3099131977299905 0.10597643386713518
-1.7595050418811624 0.9789802194287915 -0.7971946286023472
-1.895929316626102 0.18216375448606215 0.13817820083490862
-1.7150545714075491 0.9368275415891212 -0.8010803746045445
-1.8578752026210168 0.13750801813978697 0.13593563567987932
-1.6783447737980595 0.8886499560594352 -0.8021771000684117
-1.8199737963649483 0.09269946826824338 0.13369354736200822
-1.641812797490708 0.8403389038671456 -0.8032733486951207
-1.8653228105493724 -0.011365439395778054 0.15641960632196916
-1.6054460891024505 0.7919031115643733 -0.8043686436475133
-1.9072608255581827 -0.11219006033012491 0.177969308012643
-1.5654101733576127 0.7462228776718725 -0.8068591641248082
-1.878148097629328 -0.16243548011886588 0.17811855804316057
-1.5293693517005522 0.6975225795578623 -0.8079539822400426
-1.9010481903974394 -0.24882079526740952 0.19373735916010393
-1.493501310757722 0.6486952167798883 -0.8090478466809605
-1.876428357284908 -0.30181708132647955 0.19508442413202776
-1.872045717022857 -0.3685990955894205 0.2023848010241176
-1.8559098686183972 -0.42710067939522744 0.20611891281000627
-1.8359958637538298 -0.4828865986990749 0.20866426956049455
-1.820334928089018 -0.5413995399285945 0.21240362655512346
-1.8008780360721346 -0.5972261742612837 0.21495470535151018
-1.7775836614089258 -0.6503982028089013 0.2163165522753383
-1.754497076628951 -0.7036248394102742 0.21768030654779924
-1.727544922213852 -0.7542579099903328 0.21785339843622697
-1.6885364738385036 -0.797073644922758 0.21444973480097307
-1.6455716777364344 -0.8374381776267015 0.20985207092157854
-1.5576345096996036 -0.8493576546665089 0.19212469589106096
-1.4490744517068777 -0.8488412412074737 0.1684206439196254
-1.3526910926861149 -0.8567014264885806 0.14828905593744768
-1.2603255449115238 -0.8676913633634058 0.1293424082934047
-1.1761344331979302 -0.8843145375606873 0.11277708541742815
-1.0918882676536228 -0.901418473787583 0.09620556365839494
-0.9702234147865525 -0.8963591600384575 0.06886896621576799
-0.8774698369058171 -0.9095562820024554 0.04988989364496721
-0.781988653159047 -0.9182461899718248 0.029758782499947678
-0.6514670385055084 -0.9102682830412121 -3.008729300368884e-06
-0.5191921356490141 -0.9057118566426716 -0.029830603486380447
-0.39660446732345633 -0.9042641573517542 -0.05722537506230818
-0.2696222183180481 -0.9011395437148089 -0.08582940567143904
-0.1508627508876046 -0.9036272925200919 -0.11205068100102888
-0.03616281334456062 -0.9092422055852616 -0.13708606231816756
0.07868949360706523 -0.9155498888751552 -0.1621324108899449
-0.7923274813281367 -0.836291465975382 -0.7694713162244176
0.22757432615699713 -0.9036009828078235 -0.19677510727056013
-0.7371093095652839 -0.8729014519135454 -0.7789560841382359
0.36399303271760175 -0.8996543281088485 -0.2278381871045445
0.5091270648193316 -0.8918788940719153 -0.2613126324475621
0.645987937192622 -0.8896621641184197 -0.29240384567388045
0.7873264218955143 -0.8859864003545219 -0.32470765579350935
0.9245990106329813 -0.8854935209824433 -0.3558255719006871
1.0834974083428648 -0.8744543273027219 -0.39295735824712263
1.2340828024883663 -0.8689522692507765 -0.42770495880254256
1.4064070952235994 -0.8531492791797923 -0.4684711979688023
1.622128743385737 -0.8160967085662847 -0.5212656544507359
1.6311248183462155 -0.8870001480604586 -0.516422896272025
2.098736847809022 -0.8009649982784772 -0.6317163990796422
2.142380276627023 -0.8559135001237834 -0.6365081356824254
-1.470350814150045 0.4435064722469235 0.5906980944811488
-1.4551650075452613 0.3802588519177945 0.5947812510668422
-0.22344296672107333 0.5246127594919798 0.8166488124071742
-1.444234426679003 0.3141847579073733 0.5999024821459438
-0.20448247962170285 0.46041501707465926 0.8191731883227016
-1.4495557383863158 0.2368461101584245 0.6091645671068813
-0.18168145384085221 0.3989183443641018 0.8207834674059535
-1.4352392176015698 0.1737372500050256 0.6132610751330043
-0.14679115699253487 0.34546421238240654 0.8196433497606899
-1.4131701856615564 0.11625116924678025 0.6152914477526332
-0.14504947953309966 0.2704562137981803 0.8258479548632289
-1.4194755897772637 0.03922591823994637 0.6245711756884242
-0.11887578909573904 0.21154199351244785 0.8265484286486293
-1.3656951598694107 0.003942418443340756 0.6183250857531215
-0.08877731258453281 0.15521932357600932 0.8263328982531215
-1.4170226313291678 -0.1033000790700882 0.6390069438158656
-0.06303185147016421 0.09617260374167458 0.8270376635729457
-1.412228253764205 -0.17165146560232003 0.6451977206408168
-0.02920291910189121 0.0423058148520532 0.8259066058336879
-1.4523971728815042 -0.2699491421667801 0.6627939654528285
0.021111782274225277 -0.001248703003700058 0.8210981799303676
-1.4361114974566505 -0.32983093193452717 0.6658876849352504
0.05460514500341418 -0.055408174079843775 0.8199680758654262
-1.4078436252625863 -0.38161130594327375 0.6658738566576625
0.10045734556022268 -0.10195498906042033 0.8160785151659633
-1.3756758814138266 -0.4307884689290553 0.6648243380724574
0.14618027624983654 -0.14870063173975012 0.812188000792184
-1.3477800781391807 -0.4827498220800983 0.6648133708178188
0.2001697177009163 -0.1905535175271318 0.806455464476266
-1.3159675922007708 -0.5321356908352612 0.6637657595812465
0.24984214180705067 -0.23520454080067665 0.8016422702013637
-1.2760928892035182 -0.5763433625842644 0.660642476195016
0.303615276967399 -0.2775688847091651 0.7959063960253383
-1.2239856097196906 -0.6128331422463766 0.6544030619799281
0.37419888490368436 -0.31017856921102904 0.7864817095934535
-1.1306273015042123 -0.6234297122165628 0.6377738429247524
0.43627173984621237 -0.348146393595659 0.7788966609179164
-1.0537482191788001 -0.6449747540155677 0.6252921534716274
0.4770387408375143 -0.3988069444911275 0.7759197665392543
-0.9685331021953729 -0.6617711366540107 0.6107266856371547
0.5516838184477706 -0.4299628743448096 0.7655623866259242
-0.8416642820113651 -0.6533458038613027 0.5857561541735317
-0.78126873302201 -0.6866047773930397 0.577413888090768
-0.6707897693037879 -0.689672633390952 0.5565837336718227
-0.5837271136726585 -0.7111716815628597 0.5419338656603481
0.017479852641962168 -0.7019487683029908 0.4252417994677211
0.05429252887033442 -0.7563808960029803 0.42304691802851213
0.13609107294590217 -0.7815735162706119 0.40943655502192033
0.2662472999887342 -0.783470413115495 0.38429197799555315
0.37953746915974307 -0.7957807830781753 0.36330732833735
0.5496799844438982 -0.7699192490895932 0.3278125239550258
0.7217170878586003 -0.7479182606641501 0.2922438098131801
0.8640731246777946 -0.7434632694777044 0.2639659358202602
0.9250205039611643 -0.784247005646268 0.25552019607416643
0.9600506767625134 -0.839263590532795 0.25334152709833635
0.9258977032296798 -0.9312816727486748 0.26788506042353166
0.9042691295955336 -1.0160852444843016 0.2793034030138637
1.345399797096114 -0.8573329649945975 0.17883476745478166
1.501626413314078 -0.850635535801679 0.14735016357294572
1.6320288397021088 -0.858390588754034 0.12212738525263322
1.7625836558597427 -0.8669488118318505 0.09689268600336565
1.8802061765555962 -0.8829538014781697 0.07478603851191057
1.9935526291598222 -0.9018759710561532 0.05371698867670549
2.1682310378957865 -0.8909268802936943 0.01797327529779924
1.9218674596828436 -0.5876708472140386 -0.4724008129895543
1.9285173667885687 -0.4100446638872839 -0.46371522415288435
2.211526018017125 -0.11947366189541597 -0.42028871048100935
1.2187685248544113 -0.5183711019689774 0.16670212280146135
2.022184125497354 -0.023787070306589442 -0.4365011738599156
1.2582403751548057 -0.32562741189189026 0.17779907714716447
1.9251356856100443 0.110104715122322 -0.44113364685185896
1.293913241371456 -0.13523393607520617 0.1883920146166469
1.9530681940533086 0.29410487583533396 -0.43013205993779646
1.2887924925031697 0.03812849673716556 0.19444450866571916
1.8986058904598195 0.4448966523030897 -0.42955317962773787
1.2612184591811157 0.20219165779117532 0.1979759646593715
-0.6810258638081095 -0.5544921242679415 0.6803081942736293
1.8446740286726353 0.5958583650024138 -0.4289742993176793
1.2203519672072147 0.36080740547896895 0.19999346267572893
-0.7430563327587549 -0.39632435091537843 0.6803081942736293
1.7588518980873573 0.7344628763221301 -0.43244805801518904
1.1754290455695298 0.5177109223043423 0.20150694381586565
-0.7022964123863673 -0.1984724196397849 0.6898573352038051
1.539195577079937 -0.755650607703835 -0.6862432049573277
1.6317299762207824 0.8574965970990007 -0.44113364685185896
1.0753110717556567 0.6534058467090418 0.1969669772326137
-0.688633048775138 -0.011789839845231853 0.6968019915758754
1.3526546577958243 -0.6566078935706656 -0.7023450421155308
1.3330851138476376 0.9161762198139236 -0.4712425755322789
0.9337411216563893 0.7737589081146936 0.187887520903268
-0.7441084602834138 0.1481630635428388 0.6972359133898403
1.6477813304793827 -0.3498599461369807 0.1316150141894008
0.8854947857122113 0.921008876365498 -0.5198804425061558
0.6806654002319092 0.8530492576646118 0.16670212280146135
-0.7896900274518899 0.311781575718193 0.6985376788317348
1.5726304647408824 -0.20544332265383503 0.13007578384272112
0.2231946702367722 0.8494042363152872 -0.5951530026257847
0.24568422408244572 0.8665385591602934 0.1258448077379848
-0.8767175210739566 0.459952596014336 0.6959336711107875
1.590239454176242 -0.023568676154031465 0.13879808914057268
-0.2224372830576371 0.8708875714117355 0.08145603668085588
-1.2766589931033963 0.4937824306569283 0.6642487956225063
1.5854932712716092 0.1487639456363148 0.14495548736444963
-0.30428231559157126 -0.6043762505404544 0.6157763911425258
-1.6956481852226588 0.5234163981403306 0.6308277560412074
1.5490438208172606 0.30814398990224845 0.14752134811274065
-0.2692012667555588 -0.40914386106042855 0.625091881865182
-1.4565466130712323 0.7734992014584705 -0.7821766423047398
-1.2772371816993626 0.8468413916063575 -0.019931464082083572
1.5085470946528332 0.46575991679177164 0.1495736552416469
-0.21009960491961266 -0.20531363103987132 0.6366260958849574
-1.6075535317698169 0.90116138351204 -0.7937571095288609
1.5705876797448326 0.654221351426763 -0.6194521473706578
1.4083102387180944 0.6001425754096275 0.14495548736444963
-0.2012342223802861 -0.021864673700786597 0.6432798815905238
1.535950239636641 0.8133940534990884 -0.6164700077832554
1.2666826278504573 0.7190308935326328 0.1357196284472133
-0.23349441011667693 0.14529939824228677 0.6459415866076137
1.2326290537696423 0.8706480692590404 -0.6480766819775914
1.0462823606547644 0.8087800915202727 0.11776146423212541
-0.2837674407387425 0.3054276716975366 0.6468285037218715
1.8774629898907094 -0.21952042812331385 0.07725176345697893
0.9245243841904838 0.9280732655155397 -0.6802798794568394
0.714189677853696 0.8580025030075937 0.08748898040644182
-0.31014975898727215 0.4744268946090031 0.6499336672960903
1.8949184116471542 -0.03849616354208507 0.08612188827387346
0.2793166814198571 0.8713354554832939 0.04592833053461565
-0.6721390441252382 0.5188345381465815 0.6210998011767055
1.8808244055905377 0.1292187849696269 0.09133991729609026
-0.07197144468266714 -0.6553639140002048 0.5486644221483852
-1.0764542290666483 0.5501363301872253 0.5882729006945278
1.8581307806552871 0.2931422079559276 0.09551414977900041
-0.1482333178876658 -0.5048400352899236 0.5473073435961391
-0.7600551711037298 0.8454840538580868 -0.05566468704350935
-1.5700557472770527 0.5518041560318814 0.5470179034411098
1.7990426827686576 0.4424397544764318 0.09551414977900041
0.007677539673494493 -0.26279908282805664 0.5685652209459926
-1.2432281794770361 0.8511349713769576 -0.10235658157475935
-2.045439833445762 0.5634445494715727 0.5075372172533656
1.7451166383220453 0.5937524025320364 0.09603580963007463
-0.002300683093267253 -0.08714948499557451 0.573540539854684
-1.9800303676686752 0.770181410303806 -0.17675509918340193
1.682443556211922 0.7416564622168487 0.09551414977900041
-0.011593594134438945 0.08835575795669826 0.5785158587633754
1.6434272245017567 -0.736090440570969 -0.048352866059622635
1.4297937342842886 0.8170952509338747 0.0735996676623012
-0.062080514291515954 0.24773313915524042 0.5794204188524867
1.9480346998107834 -0.43338348925335524 -0.005916266328177322
1.2469390840530252 0.9204546583829938 0.05951199066034807
-0.0887045137563689 0.41604938027372995 0.5825861407457973
1.9461845834759899 -0.2597940308701965 0.0009792758165980686
0.9012440703420665 0.9639681688217578 0.027161450499215256
-0.09603514497457866 0.5913201721682455 0.5875614596544887
1.9680454981367888 -0.0770299143233224 0.010527463072457444
-0.6164519757637024 0.5764986686182461 0.5427845431505824
1.930717907114449 0.08118645630099763 0.013179631346383225
-0.060286160893667784 -0.7038542558251812 0.4633253527819301
-0.3045124225124525 0.8697615152139484 -0.0949336575330113
-0.9831858817182635 0.6215505116336217 0.5129331065355922
1.926299455131847 0.252360495614802 0.01954493057123674
-0.6222633276182279 -0.7470902193646758 0.4135392619311
-1.4344365878711187 0.6384683539714828 0.4749401522814418
1.8855698503680856 0.40873444859405694 0.021666855925240647
-1.9939480569811394 0.6197505582884233 0.42654499542109026
1.7389150683567962 0.5235163322972127 0.011587948912301194
-1.8428850620388602 0.8564549054946475 -0.2472921894849156
1.5461843006080116 0.6211648691071474 -0.003794817811331619
1.516102293638511 0.7822274434155787 -0.0006119297803257595
1.6315554969037507 -0.6077479093947957 -0.12635722625859724
1.198399733969758 0.8339905698003776 -0.03031793106206404
-0.4041361851348242 0.244202676469218 0.4656308604418422
1.8863956417440377 -0.32684315687617627 -0.08915677536138045
0.8758808515326209 0.8860231851137286 -0.060553698426565994
1.8251466688269247 -0.1776384536671607 -0.08915677536138045
0.4879470343692631 0.9158825183499388 -0.09821572769292342
1.8888407035132175 0.02209773096153711 -0.07460084427007185
-0.2083182807864148 0.8351147983955762 -0.17088761795171248
-0.8466336904115295 0.6186550289720927 0.439354748839059
1.8380405119546381 0.17498721258159478 -0.07352223861821638
-0.046407549069833465 -0.5704215857012365 0.38452372085443987
-1.335119443219341 0.6211193350343542 0.39694389831415666
1.8108924579861423 0.33717791708256684 -0.06974807251103865
-0.6546048866641456 -0.630788537771668 0.32910189163080705
-1.2766007796962313 0.8052873259856739 -0.27910008896001326
-1.856947698116656 0.6150122435567766 0.35130629073969377
1.7195662432257208 0.4739341240855275 -0.07352223861821638
-0.5639605867758704 -0.4127475049292393 0.34460148345819963
-1.7648674155197241 0.8123199349953296 -0.3279019879163121
1.6657494369808603 0.6255154271125818 -0.07298293579228865
-0.4723447490177506 -0.19555835180680958 0.360100598448434
1.7942088507457896 -0.8817386424375115 -0.20369353759892928
1.505744795912257 0.7362616067970968 -0.08484378326543318
1.9096934637922303 -0.6570697631176046 -0.18232932556279646
1.2019558797027798 0.7931539623956709 -0.11341777313359724
1.865642842709974 -0.5003026209576689 -0.1801382588208531
0.8980364140576924 0.8519612762766116 -0.1419917630017613
-0.5039284564998994 0.33345538439582256 0.3751300288378383
1.8175701624312524 -0.3453411861147657 -0.17849460113652693
0.7524015349275857 0.971660926095943 -0.15223517883428084
1.9771182626602695 -0.10572331896829468 -0.1521998928845738
0.22149586525571863 -0.813464462018004 0.31501564514032854
0.4951187059870108 1.050944395236673 -0.17541757095464217
1.8336992007647126 0.009637482017691212 -0.16206040847905623
-0.2429223628403605 -0.8206459836610662 0.2733982516466762
-0.23854088849445532 0.9582519520455932 -0.2535916851819371
-0.7258420125358711 0.789666517370943 0.3704336596666957
1.805924412807677 0.17194950588245206 -0.1582256840527867
-0.6062589131184666 -0.784140547646416 0.24230465423456682
-0.7021336542453724 0.9682431679211447 -0.3004957722485875
-1.2140497975550062 0.7927833883047875 0.32722315322748674
1.7695212667075495 0.3305836240749933 -0.15548673141606795
-1.1381143677401795 0.9912832484693013 -0.34416547287114607
-1.6605694758408234 0.8141489431248168 0.28824076187006487
1.8123581531984598 0.520102364418058 -0.14343514907964217
-1.668239794254042 0.9841158553338616 -0.39861741531499373
-2.2248774526600243 0.7970732862517451 0.23751577865473283
1.6799373194170286 0.6407948746178924 -0.1521998928845738
-2.0628452545058025 1.0279072070495836 -0.4374348210156773
1.841321719649585 -0.4830058572530831 -0.26364245880254256
1.65454450499292 0.8031882532326478 -0.14836516845830428
1.8254745565080626 -0.3147244532506086 -0.2580777691663121
1.2720398248454003 0.8296041947711217 -0.18671145904668318
-0.40773698832778393 0.20020444989811992 0.29444632064692033
1.741259101698411 -0.17468630044540134 -0.2608605908215855
0.8845508770377037 0.8567432051544941 -0.22560611236699568
1.9155385373106455 0.0698673329197419 -0.23248019683965193
0.313244660410966 -0.5678287854093895 0.24799093734613908
0.32438471011996484 0.8222633112259139 -0.284768729096732
0.17842401031793997 0.7767816345781604 0.3666780902086879
1.7357036187378938 0.17103484465986796 -0.24694838989385115
-0.4327945986640742 -0.6862658309445493 0.17590794097773088
-0.21789639915356673 0.7983630365665206 -0.341740279084525
-0.4908583678035825 0.7068188290784185 0.30401310455194963
1.7316429936240851 0.3426929473997298 -0.2402707623303746
-0.6711427058665009 -0.5984797823400605 0.1573999835192348
-0.6954975590273946 0.8018582415899438 -0.3910428570569371
-1.1284255080965693 0.6532470030226953 0.2446964694201137
1.885574190816989 0.575755677107157 -0.21467271316655623
-1.3512958249611557 0.7444875158286308 -0.4611617611707066
-1.5374489830937677 0.686531047095535 0.20881924163691057
1.7209084135773125 0.6836679433119706 -0.2274719761670445
1.8448611181783718 -0.8755228711105367 -0.3705789135754918
-1.811408306194494 0.7615485016401564 -0.5082732724011754
-2.03588049182504 0.6907497349433207 0.16385349761835588
1.7049445632646965 0.849456220630227 -0.22246327865727888
1.9373734314139668 -0.6606363557636001 -0.35133471954473006
1.5084319557279287 0.9464038349082173 -0.2391578244031285
0.3815968825150975 0.5276612016459659 0.29328617584101213
2.0629621350056624 -0.43323724996550084 -0.32812753189214217
1.1213469597925183 0.9729133907196221 -0.278667597657523
-0.4174386801188419 0.40412999314244047 0.21584591400019182
2.1666566842389017 -0.21641276905625517 -0.30775132644780623
2.096588900947758 -0.07194775616252613 -0.30888333786138045
0.8672155840328131 -0.5743703950891472 0.21478495132318987
0.1150242845719589 0.957309127460249 0.2835453463732387
2.022417311000744 0.07093466967169704 -0.3105813549817418
0.8466184930605252 -0.4048106295365024 0.2192462397753383
-0.2566859254228788 0.9893854812491405 -0.4227954434216832
0.9051902153281759 -0.20387353329915214 0.23213562499872697
-0.7996076009127364 0.9711918021168664 -0.48066916931279646
-1.0516121736535808 0.8895672594067854 0.1739595843493129
0.932249462204787 -0.016402350075967576 0.2415545893847133
-1.436830871041714 0.92329220220347 -0.5496722744763707
-1.4977613840342912 0.9106823264222363 0.13353476058832658
1.895261898686826 0.5377043442733758 -0.30435529220708357
0.890613832052864 0.14340101242228442 0.2435372782885219
-1.9390062284360852 0.9274536526797164 -0.6025382565320347
-2.0147417350129544 0.9099559186116934 0.08580431472651018
1.7721951137734564 0.6616872215190419 -0.3122793721021031
0.8588416929657114 0.3068906147608317 0.246511788481393
1.6309342737631312 0.7791980552198687 -0.32246747482427107
0.8044523417252947 0.4614616798557627 0.24700769912592424
1.2253092719864256 0.7968041848996457 -0.3649188565076207
0.7041079296153043 0.5985160111546541 0.2425459338366176
0.8239380228773641 0.8187917040381727 -0.4068042324841832
0.46449960409564994 0.6834802904903725 0.2232125712572719
0.44081255980275813 0.8503150651498288 -0.44642558563359724
0.2855662099685574 0.7924905384768479 0.21032318603388322
-0.17569038220059952 0.7984300119542063 -0.5143472241223668
-0.7790882032617574 0.755752137679707 -0.5805717991650914
-1.406678879838985 0.7086674724960318 -0.6496254490674351
-1.2795558754354204 0.7545071499566376 0.06259569656244768
-1.8103267868793864 0.7459468739023158 0.012526841276803147
