-1.8919520097631732 0.3031866808041581 0.8217297259128791
-1.9152571660003161 -0.1080844669695864 0.8163717451847297
-1.9841659094325337 0.22944627894973735 0.6349834266460639
-2.016541280182082 -0.1767536112115291 0.629309779719184
0.9402434056665214 0.8094430175804828 0.4752986493862372
-2.0003795918537293 0.2828125242590094 0.4506465855396491
-2.0238199654735496 -0.12815679076933684 0.4446619215763312
-2.0270529745513244 0.6376693478126132 0.27094197900659855
-2.0883210885409653 0.24915133086370744 0.2648254695690375
-2.0857897826308403 -0.17631347455555435 0.258419043139289
0.8078232971107582 0.7125889954941744 0.11429823072321232
0.0041500008345281 0.7172628092383206 0.11203480394251164
-2.036462844948943 0.5601563036938408 0.10355556638605412
-2.137357359388602 0.19353614790734852 0.09745300443537053
-2.156886990732744 -0.21961263771351014 0.09084308774835881
0.7455776071230673 0.6626008674542678 -0.09437453119390193
-0.12841028713697256 0.705981082825085 -0.0947204765521783
-2.215121398897253 -0.2694568966447264 -0.11371266214482967
-2.114941669464315 -0.7521460942461831 -0.12170707552068416
-1.9679977517297118 0.6252892259757665 0.21282053621179875
-1.9821615515609068 0.3904043206013874 0.2135981384075385
-1.99220184564021 0.15635766960887132 0.21428907544977482
-2.0911664925945814 -0.07683496218247043 -0.7048028644763726
-2.1203371038757695 -0.5440174512377451 -0.7021478351794976
-1.947866623937827 -0.5354216451573324 0.21498025091059025
-1.2310003967012193 -0.6862088085339524 0.20297206075556096
-1.9963533177153892 0.329265626426146 0.09859634073145207
-2.006608248218342 0.09530689378348711 0.0993572536266547
-1.9829670600944667 -0.13420058179185546 0.09945238263971623
-1.943052792491713 -0.5939818586187382 0.09973765046961125
-2.080418166894205 -0.7025782985541627 -0.8179129299365777
-1.7231140621267258 -0.8012919681337429 0.09602821500665959
-2.0317125964813414 0.5796158423033813 -0.016747110768486895
-2.036119622882154 0.3462703220370198 -0.01602005331151668
-2.0512727009763125 0.11180474209337632 -0.015085571690728106
-1.9825691931886524 -0.576442294504786 -0.014774077817131914
-1.3651921791839214 -0.7386877038789015 -0.027131074353386797
-2.110598696697494 0.5098086989820256 -0.1301727232181329
-2.065668922331895 0.2832037690032756 -0.13051044313543025
-2.0711314349707663 0.0501298429814927 -0.12972235052221004
-1.983210853579692 -0.6355995056670647 -0.12983500330083553
-2.0637697829661192 0.24749599604441208 -0.2457228836261529
-2.069348208022788 0.014436192910800116 -0.24487387506597225
-2.0757563677809117 -0.21848008118543927 -0.24402486650579158
-2.00168138897655 -0.6735992892217784 -0.2445099291049737
-1.9012414358119827 -0.894202743237523 -0.24632942049138729
-2.1783829201395832 0.5218427819270701 -0.3589804109775323
-2.1482858632369357 0.2935411990115284 -0.3589804109775323
-2.099156019208081 0.06764919367426003 -0.3595004018985528
-2.1053760100400325 -0.16519459494516298 -0.3585902389728326
-2.0826415578658697 -0.39433736965791955 -0.35846030084722225
-2.03092142568255 -0.6200863722288306 -0.35911034910314266
-1.6763869210453777 0.47081573773704655 0.4400981727398139
-2.0794449434208104 0.04584011238357277 -0.4751617845737237
-1.7357373627651498 0.22931166639801148 0.4413391414440375
-2.055961854802206 -0.1834085654161779 -0.47502314416997615
-2.033292438855298 -0.4127229415827829 -0.47488438455693904
-2.046183570237858 -0.646112907321104 -0.47377454607122127
-1.4374196119985356 -0.4353921201140585 0.43837470443613347
-1.995328853373337 -0.8720843833707015 -0.47446822492711727
-1.944611597026494 0.3877695778131436 0.3284399572170478
-1.900109408074968 0.16055476056468088 0.32820702226526555
-2.1267619550641257 0.2709598584371822 -0.5898551878177423
-1.9010494260953976 -0.07240720179669502 0.32867301137811955
-2.142172034080758 0.036849114339549516 -0.588528150006463
-2.1258684669760015 -0.4248214995504931 -0.5873484548770684
-1.8243610734830895 -0.7610511318796869 0.3287506166256171
-2.0593578168000732 -0.6487096454232075 -0.588528150006463
