0.2786153169443466 -0.13518052699078886 0.0534471952749378
0.23232432724066854 0.27394843259696167 0.049555727226842095
0.17755941312267254 0.6820411600842675 0.045310922844517876
-1.1164691804598306 0.9452428579138754 -0.005606702582728218
-0.03528960681389748 0.5515528974147479 -0.16857438446749384
1.8077843162505474 -0.004430123509607142 -0.498920491950404
1.6578816552833047 0.38643739087596707 -0.5071983850168102
-1.8940611929253137 -0.8623781368053365 -0.012893728034388374
-0.9776255968355656 -0.8456757297019983 0.0647997343374378
0.696342217298394 -1.0055793074928552 0.2102031194997913
0.746510101760677 -0.8065949780792288 0.21063751815091436
0.7876669170937447 -0.6055555993440151 0.2102031194997913
-0.7872574185602872 -0.9082006948181043 -0.034305146949183296
0.6482258289164804 -1.0147143609186902 0.09256548522244756
0.8149009528848552 -0.84213178550681 0.10365576384793584
1.1858501227876417 -0.7177674207734839 0.13337702391873663
1.2903409168373514 -0.5330810648405659 0.1387004339529163
1.4051149315667075 -0.3512785532506477 0.1449107611013538
1.4381870722572003 -0.1501391137438901 0.1435799085928089
1.413949667337839 0.06522978005637725 0.13692564605008428
-2.078332414732266 -0.6221995629481825 0.6048101866079456
-1.3360530114846725 -0.5684776212125815 0.6595396482778675
0.26318332598146554 -0.884866029998177 -0.04756121994723017
-0.8857663303743095 -0.45327816872149107 0.6913060629202015
1.0467554954255363 -0.852037761128086 0.021187731011021782
-0.7219606744351594 -0.27467091768330576 0.7004913770986683
1.5097233062754043 -0.7501135607319327 0.0600847685171253
-0.6692297748990583 -0.07077799393003481 0.7008742773367054
1.6576945753429158 -0.5768912224224092 0.06958288787137334
-0.6836793971379294 0.1491402006190956 0.6958984815908558
1.7093409158237236 -0.3813186076716235 0.07003540633450811
-0.6682458441150203 0.36227659063687945 0.6932196104360706
1.7519868444400046 -0.18358842862069835 0.06958288787137334
-1.7275148281716994 -0.7094594524695541 0.5358962499929554
-0.8348092666268059 -0.6906184439376659 0.6038531744314319
-0.16628117416262 -0.6269088695098688 0.6538443052602894
0.0017664775295429536 -0.4519174433283002 0.6636080229116565
1.7838859183182407 -0.6677647618236993 -0.019011071936976265
0.034461078347341356 -0.24598076154647153 0.6624364340139515
1.8836401687071955 -0.4841856288036226 -0.013940385596644234
0.04848576716617714 -0.0354771312808797 0.6597022497488148
1.9549629983197718 -0.2941042188630387 -0.011635354773890327
0.029373493268963102 0.1833182095285366 0.6542343580556995
-0.061520300207689615 0.4202921323310296 0.6429085218740589
-1.6177154630982855 -0.5796261977899206 0.42407316802274053
-0.7494521126636684 -0.5576991381011585 0.4916943991018421
-0.06633734857204843 -0.49914298808129764 0.5441107237173206
0.34956495127688214 -0.382721807219216 0.5745205366445667
1.908104650216302 -0.5510313126570932 -0.11181645752657587
0.40675110086353783 -0.18373050927313983 0.5753206693960315
2.095324606895467 -0.3890367603438154 -0.09819608093966181
0.4258672358005029 0.024383722002969677 0.572920271141637
2.2008019380596124 -0.20804129580645458 -0.09255986572970087
0.44573497782791804 0.23253195745453326 0.5705193960500843
0.42282447363370324 0.4515407441263566 0.5645174467397815
-2.1778225155189688 -0.8942406259246791 0.2773971044851429
0.3234288874122839 0.6904096012168583 0.5521134817434437
-1.290022816755858 -0.8688614580743046 0.3481234991384632
-0.4634355006033104 -0.8467122579720563 0.41394371627103155
0.2920168945288708 -0.8033147605326629 0.4736322843862659
0.49829518738555834 -0.6387071505111201 0.48712343810330694
2.0071946484213825 -0.7799403350983525 -0.19904761673678095
0.5448918426433025 -0.4379279546752759 0.48712343810330694
2.0968650269649913 -0.594776759711106 -0.19474273087252314
0.5921882389487152 -0.2373078076950943 0.48712343810330694
2.2065035539759066 -0.4147552793827547 -0.18852382065523798
0.6256533303969221 -0.03335930529926401 0.4858970129324085
0.5630364812153417 0.1942445605060481 0.4764937841726429
-2.011430856207511 -0.6875204697774944 0.1791333639455921
0.47229692041062776 0.42966670159307085 0.4646381819082386
-1.0654054166657119 -0.6789604747623486 0.2563747846914417
-0.226951496550015 -0.6525748935968725 0.3244304144216663
0.4798803731455621 -0.6016274313607237 0.38121313689481084
0.5945143109249145 -0.4167073489673321 0.38705868361722295
1.837677575911556 -0.5010081317286428 -0.3227916276620739
2.1652773242550936 -0.37274535272466913 -0.2945428407358044
0.7480718604434813 -0.03004388917362455 0.3920688116384632
0.7967919474693872 0.16986428957422461 0.3920688116384632
0.5706299052239103 0.4382755906996465 0.3682703459097034
-2.039776959587911 -0.9547517466176423 0.07359594939481084
0.6064962313324145 0.6424578021427916 0.3670176946951038
-1.123146590262884 -0.93574701559643 0.14988894103299444
-0.20711962413263763 -0.9229835181667632 0.22618145583401983
0.49446225304133407 -0.868102233982107 0.2837204420400745
0.7878750559038465 -0.7242206172927492 0.3054575407339222
2.0854564905893866 -0.6208165988324446 -0.39777856232393916
0.778713459744047 -0.08923296077628606 0.2922448599172718
0.7933504017423445 0.11884725794025641 0.28926128981839483
0.6636912217690281 0.3630123653647459 0.2734913313223011
0.7041260643414446 0.5656436677706793 0.2726392233205921
