-1.4302947281933953 -1.0002299939346067 -0.05332054015799037
-0.5850750814431436 -0.956228429334157 -0.0463057887236642
0.28790265480513 -0.9272196284533756 -0.03880967017813197
1.0794721671187872 -0.876945678764173 -0.03242339011831752
1.5893077972755023 -0.11115921633274795 -0.040494812695221816
1.5737286685308547 0.2080968848961824 -0.04596580382986537
1.5594031534294501 0.5277827638938284 -0.05145086166067592
-1.5479974260301432 -0.8829615416032546 -0.2091018092314767
-0.4888614365892181 -0.909426286392744 -0.19720972892446986
0.41251133572126264 -0.8908857666841783 -0.18780340072317592
1.931359015589166 -0.15297076860491998 -0.18414319869680873
1.9250995097304582 0.16184426906092142 -0.18965257522268764
1.8588352468315748 0.4988578551334335 -0.19620574828787318
-1.2704203560668788 -1.0063001029023404 -0.3562859427611398
-0.3113608119542022 -1.0006244798508384 -0.3444286715666818
0.5945239646423701 -0.9839758974653918 -0.3334471118132638
2.0065315932456684 -0.5229317436509575 -0.3240784537474679
2.0980272804922038 -0.24325200209709408 -0.3279236685912179
2.0018308237606206 0.10246189428839259 -0.33528317329092494
1.8081721360248935 0.48435100312072166 -0.3445118796507882
-1.1688421670142972 -0.9604394479161478 -0.5079509150664376
-0.2431349528012987 -0.9448861716984176 -0.4951592814604806
0.6532201848315182 -0.9260079219328361 -0.48286570426626674
1.5344745864033413 -0.908254260863373 -0.4707878958861398
2.103305540134336 -0.4795794673094065 -0.4706362616698312
2.0391623087415383 -0.1459213895655047 -0.47766627189321986
2.084826203416519 0.1502812949861756 -0.4824940097014474
-0.21109173229445588 -0.5573626043770119 0.5685828793366385
2.2054517093869848 0.15346738408160476 -0.6280599963347482
-0.9844867075977675 -0.5568656571571751 0.39956079605416783
-0.13454836352411803 -0.5207552343263018 0.40255223396615514
-1.5058485461768498 -1.0286377752352003 0.2517167198975516
-1.0169835661342432 -0.8673055618489585 0.2521067726929618
0.5922380548605943 -1.0797498627012985 0.26472388389901647
-0.27061402755843034 -0.7318444794505972 0.10363112572030553
0.7728814147415193 -0.7639382507237613 0.11192332390145787
0.9720973592364217 0.7465241549679789 0.08912478569345006
-1.1741770307942616 0.8953002507284609 0.09550534370736607
-0.4461036792648798 1.04260110172185 -0.09204186317129603
-0.4070491658463524 -0.5068563301710824 0.6246749031861258
-0.35615915678700105 0.015193887936909789 0.6316540110428763
-0.4800701434700727 0.18724643580552325 0.6312036383469535
-0.4389918073274828 0.4549101534041071 0.6350309717972709
-0.5484332918765773 0.6348312338005719 0.6349183190186454
-0.9570073802816097 0.6445222239968835 0.6270387041886283
-1.0415868577916285 0.9249773173842613 -0.20732058402700893
-0.11270773593307126 -0.29295613181147573 0.5274079907257987
-0.06986914099673669 -0.022571676462085577 0.5316531527359916
-0.06888404221695055 0.2218242914577715 0.5346853602250052
-0.09705666331493035 0.44823037803754673 0.5368685591538382
-0.17188826356697717 0.6469541617828192 0.5377175677140189
-0.40208306495208745 0.7563512736914149 0.5342002976258231
-0.82769567472441 0.7558132070283605 0.5252247917969657
-0.7477390929500274 1.0433459072040492 -0.3117467295805978
-1.2669980573421569 0.7505228235078292 0.5158855784256888
0.20632263304302256 -0.6530342322480287 0.42425118568734654
-1.6197246994987111 0.7967393995930401 0.5089720356781913
-0.16599941078248293 -0.13944620459252377 0.4228210318406058
0.1619355162413072 0.2980080167705772 0.43595229271249303
0.18146818531409536 0.5513876912570908 0.4397227633316947
-0.3126140659298713 0.5062310303334492 0.42802153709725865
-1.3190780515306315 0.17042760475975172 0.4009789097626639
0.3596935189298307 -0.5340861067883154 0.3243090975602103
-0.43179304741857294 0.9097595493340123 -0.40870965835257045
-1.4251695589863758 0.35591166991025247 0.4009789097626639
-0.8614942015949438 0.9077491707929042 -0.42369378921194545
-1.4131192254644702 0.6081585285863866 0.40448914650277623
-1.7880141855726208 0.6424539206594844 0.39642833355264195
-1.3468512228710807 0.4263123865790952 0.2969779837449027
-1.5390927578725098 0.5627465947411281 0.2942032683213187
-1.617648947577706 0.7636497477278219 0.2950357067902518
-1.6998217598660972 0.9623069758138847 0.29572926643685826
-0.7235292869418757 0.7823534244828707 0.21146880272225865
-1.0233306471594332 0.855179902234962 0.20483313682870397
