1.63061754625077 -0.09150433712187933 -0.437258857635773
0.6977323329518441 -0.4824113195627131 0.17926440820285006
1.6695834361594084 0.1049662589772069 -0.42905725851467924
0.6944246569561976 -0.3008286287622006 0.18228660211154146
1.669399645134522 0.2930228357880047 -0.42466463461331205
0.6242841629143161 -0.13909837147157766 0.17969403848239107
1.639133442499114 0.4769663737010248 -0.4231602133791812
0.5466650350096689 0.029014406007293658 0.1765841065365903
1.52132355828026 0.6139967918670042 -0.4307733954470523
0.44555773030988455 0.1776194995900937 0.17124877557345553
1.3396765494554632 0.7245715937747033 -0.44486727133206205
0.20707668310505412 0.2687269824231606 0.15411363229342623
0.17574171009129458 0.44748287657077057 0.15467725381442232
0.14508889715019713 0.6262219346772415 0.15524898156710787
0.041263814324143056 0.7747908195867304 0.14952359780856295
-1.372809680064412 0.5901628929617608 0.03508029565402193
-1.8847080807938639 0.5829152969361182 -0.005457061676300334
1.8342163301891947 -0.8548412327371402 -0.5161439360659488
1.9976710396757795 -0.5896265306546695 -0.49435438528469877
1.9855177707981237 -0.405759543264395 -0.4908162535708316
1.3640501348864706 -0.675347878963084 0.13976035699435396
2.0831326798860363 -0.17324108103950486 -0.47601093664578276
1.3107957838020763 -0.5078093068685288 0.13877759561129732
2.04529771391992 -0.002207379362051398 -0.47526087179592924
1.2353795282992817 -0.35024369938011013 0.1357987938840024
2.0081194756981144 0.16885333281582682 -0.4745036543887027
1.1833135446061185 -0.1823876712861452 0.13482747659274263
1.9624541544899632 0.3359541329799782 -0.4746776999514468
1.1181551492499118 -0.020375539112336583 0.13265977487155123
1.8397012983974825 0.469636558051171 -0.4828359068911441
1.0535727875442955 0.14184878464499917 0.13049636468478365
1.7676911165271836 0.6254381981538444 -0.48582281485012846
0.9941418641943365 0.30623317614866785 0.12873969659396334
1.7053845912108958 0.7853816058498122 -0.48786463156155424
0.9353053969491967 0.4707961384592796 0.12698922738619967
1.576598080043766 -0.8376926671638909 0.06581864938326998
1.732372503673389 -0.7301178786806997 -0.6185232581179507
1.432436694092436 0.8570946767855645 -0.5115605773013003
0.8724507692515324 0.6336035984163608 0.12484059915133638
1.7769093292251785 -0.5556182621687888 0.08775983438082857
1.9237613834961813 -0.4529943666128542 -0.5933529318850406
0.8237744188828398 0.7913132167347641 -0.5696650923769839
0.5983957585677793 0.7088612534478465 0.10418687448092623
1.6558755696483445 -0.4201121960511198 0.08069739923068209
2.0529493233185043 -0.20595467925591393 -0.5748487891238101
0.36118047159324007 0.800928927953068 0.08673511132785006
1.6501057821487066 -0.22344143401324779 0.08414636239596529
2.070674562062507 -0.0006956866555825059 -0.5679360808413394
0.2823578053417535 0.9682201354039286 0.08324466332980318
1.6041227365424682 -0.04506888769802764 0.08392224893160982
2.0437224843505124 0.1841345456097141 -0.5657998503725894
-0.6943039932594495 0.7652318025418872 0.001261573882781697
1.5611567592104212 0.11551695113723603 0.08355079278536959
2.019770670121739 0.3512093313797173 -0.5638805808108218
1.4970403448542253 0.27619798543838847 0.08141837701388521
-0.6008268987202818 -0.6088236631006669 0.6205962716061704
1.9473577000548623 0.506370640380144 -0.5668755950014956
1.4323061342979244 0.42717438097330707 0.07900748834201021
-0.8152735909877116 -0.5136861257724004 0.6071737824399106
1.882185519492369 0.6460509671279802 -0.5696150244753726
1.363490485352763 0.5764201145522954 0.07619033441134615
1.7087186655663462 0.7491794135405296 -0.5835191191714175
1.6901789421710358 -0.7573273253235406 -0.010740894226349162
1.1711272305986746 0.6737716480084259 0.062285762878143025
1.3426954031082943 0.7723402523400456 -0.6176053465884097
1.8317945683926755 -0.5025025344853606 0.00630508050509615
0.9341715956883903 0.7629845012252403 0.044545990081512166
1.8518805139533754 -0.30395942417422894 0.012100559325896931
0.4820195919148951 0.7743898603551198 0.007746082397185994
1.8465410970259661 -0.10804465989007817 0.015693050475799275
0.038575743677808916 0.7926238414631968 -0.02826990499905424
1.818119620121406 0.06772276404661248 0.01691613778659029
-0.46338881460859405 0.7711886981560099 -0.06983055487088041
1.7595440040071963 0.2394008221036632 0.015510421844207478
-0.14432314214044872 -0.5683057079682534 0.5624011574704282
1.6912852572209172 0.3974145217135412 0.0129808007199399
-0.11462322364176813 -0.3602410471210611 0.5674484787900083
1.6190004451377273 0.5537112372048991 0.010036808105193806
-0.13451638053889425 -0.17417122003878838 0.5686672745663754
1.5243093059987238 0.7005669584532352 0.004999977203094197
-0.13990607686505108 0.017613677640321512 0.57094560250827
1.56807691722652 0.7454370609551173 -0.6836506308596499
1.5793041935804304 -0.798508411519526 -0.0995994986575015
1.3335980747280658 0.8074233007560796 -0.00884546652249174
-0.2043370076409925 0.18416439480797386 0.5686858712155454
1.9340958870419414 -0.4468245362783456 -0.06220211401394682
1.0372194586082948 0.8714663413445187 -0.03235592260769682
-0.2681907373868775 0.3509188538963599 0.5664318619687192
1.9589170190265328 -0.24662060775513162 -0.05581774130276518
0.5149188053203169 0.844593565376762 -0.07647003546170072
-0.45603805293881017 0.46676028299639505 0.554719787688934
1.9754729323138562 -0.05088240099008701 -0.050270694641388225
0.042649449970843634 0.8417885443508677 -0.11600555792263822
-0.7591749085274575 0.5367489094171791 0.5342320023495786
1.9518070321025274 0.12644188250567368 -0.04854406729153471
0.18695448883759092 -0.6384329688488712 0.49503169641085787
-1.2660004852148443 0.5267362540816709 0.49827991113253756
1.8740341341888147 0.27981472840439103 -0.051923412231720256
-0.1221437320974772 -0.5784820873681031 0.4738100586850278
1.805918614350304 0.43743058500832177 -0.0544473113100894
0.08608774079931436 -0.29343066560020503 0.4930051384884946
1.6742207042919066 0.5678751443267327 -0.06294216528347807
0.02512927189947689 -0.12567774553052935 0.49110637292452974
1.5383019146391295 0.697062322937585 -0.07186712637356596
-0.021438302874193127 0.048087701128949334 0.4902890740353696
1.7761931876979933 -0.7662117368677368 -0.17842783346585112
1.3521899860786046 0.8057777059736235 -0.08549608602932768
-0.07197366819612405 0.22000730071498786 0.4891198693234555
1.8722711381953818 -0.5320921512410646 -0.16491283789089994
0.9500462903187525 0.8258073595030435 -0.11923136129788237
-0.11726195012254514 0.39395250437667784 0.48831639871188326
1.946710623038694 -0.3091071618543051 -0.15355028524807768
0.4322874489458659 0.8010663983027708 -0.16369594946316557
-0.2403399770783654 0.5357600688448834 0.481414180846893
1.9629986877367607 -0.11323460243523442 -0.14782585516384916
-0.6448054879489717 0.5635890680555615 0.4525874672848813
1.893517363185678 0.04407975541227138 -0.150363105682648
0.20534528518401451 -0.6890767896158181 0.4059990464169614
-1.3873532739555685 0.4580456698434201 0.3974746285397641
1.888483291580517 0.22955718598722186 -0.146794933227814
0.1429791190068137 -0.521658711072627 0.40410409555026217
-1.7605947595114717 0.505168944413958 0.37108455285617037
1.907051185511083 0.4247217394232976 -0.14103474035672026
-0.3398380046081577 -0.5361921138029189 0.3684972344357602
1.7616281671464087 0.5488690262608973 -0.15096821203640776
1.6394394047178302 0.6835232008047942 -0.15872301474026518
1.9278858633122926 -0.8874890603591545 -0.25541271582058744
1.5773310521666168 0.8438926741651809 -0.1608010710757144
2.0051336793424284 -0.661611156845467 -0.24335874929837065
1.4008379053937023 0.9566037680254436 -0.1738010825198062
2.0788700634280026 -0.4385855305908155 -0.2317263068240054
0.8009279166500392 0.8956704820836112 -0.22704519644192533
-0.06644538188910509 0.5493535141769765 0.40498672113009615
0.3235325970008418 -0.8905493145819605 0.32182345971652193
2.099107451751456 -0.24083006508762494 -0.22539915457180815
0.42600567652570653 0.9309290240331247 -0.2589007796328433
-0.10129677169348916 0.726910604785326 0.4049795685727231
0.3607720906429641 -0.6791395815680907 0.3281820832211606
1.9973373877620446 -0.09816681188878817 -0.23104442968777494
-0.699573719778602 0.6766635099303713 0.36005054101535006
2.050937911359563 0.11330665888166003 -0.22158541098049955
-0.44024378623365124 -0.6388668152500703 0.26892648324557467
1.9457350596039475 0.2543590040081458 -0.2276655615847476
-1.8478337443423154 0.6082161840629787 0.2740896759945981
1.9049705664449927 0.4236076368235189 -0.22751869574002104
1.869404501618856 0.5948600825278554 -0.2269197882693179
1.7751657239137586 -0.7385558375390104 -0.35255016699246244
1.6648744974157985 0.6941119869960222 -0.2427879752200015
1.9348224082470544 -0.4757551001415443 -0.33205856695584135
1.4008172377121113 0.7694661477067211 -0.26445927038601713
1.9821908328613418 -0.2653105504457951 -0.322848457245148
-0.10445712467809187 0.47576073807967134 0.3118094025570981
0.7459416091731441 0.683722255598143 -0.3240391196291812
0.3654757769742254 -0.8331001017152388 0.2364615021664731
2.025933432918116 -0.05746369848846378 -0.3140732230227359
0.10036442855027694 0.7516655293776378 0.33144364938327
1.8746336162478094 0.06350365824211224 -0.3247591437380679
1.9426907049737494 0.2808820502103675 -0.3136950911562808
-0.47554575540429234 -0.6151255533479478 0.17600141152926607
1.911153073787391 0.45407741397833234 -0.31258787527493315
-1.6311501556779522 0.6348054492710116 0.19883046731539888
1.8207748929299825 0.6017795787806044 -0.3173710288088687
-2.0228361455652344 0.6770038671150083 0.16975675210543795
1.6987798166006627 0.7362659050588114 -0.32533087149075346
1.8141518810294812 -0.9596968818606264 -0.4419442595522769
1.623088871812449 0.8906497065345889 -0.32874979391506987
1.936342739424319 -0.7126241591493105 -0.424718517212189
1.9871670058353725 -0.4996105625780505 -0.41484035864285307
0.22275305712311422 0.6680286747310902 0.2507418213803403
2.235190624897351 -0.1894919173875742 -0.3847829283755191
0.755522816373297 -0.8338238705986161 0.17729936227389498
0.19033165506632166 0.8263548361249988 0.2507427750546567
2.055249557381302 -0.09162023285623278 -0.39872087850979643
0.9648699456473864 -0.5566794487302218 0.19871698007174654
-0.5893980556390357 0.43023762220707695 0.50044999703952
-0.5726900584982975 0.37179358262159035 0.5087388573605649
-0.532042111685648 0.3367151314842083 0.5073574601132504
-0.5123288308371077 0.2815412512692781 0.5142649231869809
-0.47545461608264183 0.2429170539665808 0.5142649231869809
-2.204097075895957 -0.904344072859864 0.19859538659640474
-0.4596798091294776 0.1843669066926985 0.522554260345184
-2.158009932205074 -0.9237502321510824 0.19189296350070162
-0.42314643138807995 0.14555849110594998 0.522554260345184
-2.1052500526317406 -0.9367336202132535 0.18183932885714693
-0.3902642029344179 0.10334935281035484 0.5239361344296567
-2.052467691363324 -0.9499724458777532 0.17178569421359224
-0.3645975068180345 0.05451242693440328 0.5280803261716001
-2.0030317330202934 -0.966756318374717 0.16340766534396334
-0.33559683800282336 0.008872670605866162 0.5308435975033872
-1.9468343771967689 -0.9772130225065432 0.15167842492648287
-0.3067777091290509 -0.036842971295259375 0.5336068688351743
