1.2443241260211977 -0.38331321266743146 -0.019086699576066124
1.326217947406434 -0.023561314938440603 0.009498734383894814
1.2440940002165632 0.22510530640815318 0.017859597115828407
1.1754299949839293 0.4820716131038836 0.027747292428328407
1.8034877853731501 0.05596761935264283 -0.07335458287684737
1.6636152757035205 0.26447697137435 -0.07208810338465987
1.52445163264359 0.47346498843520735 -0.0708111334749919
2.020378637422354 0.11340310114397667 -0.17811475285975753
1.8806991994360516 0.3211531236475622 -0.17685494908778487
1.7417408803842136 0.5293909057590618 -0.17558465489833175
1.858251065470526 0.21773239131188404 -0.3117455054232341
1.8099851068324853 0.4866566167964059 -0.2987793494173747
2.146370429746071 -0.17526447407803403 -0.4387167502352458
0.2354977700939287 -0.5500194990279113 0.40612329950840653
0.26383043877027035 -0.22359208633364247 0.42673887720616044
0.25206856899197305 0.0748510149584547 0.4426509331753987
0.1081108383967262 0.2860479141746808 0.44350828638584794
-0.035110363183264326 0.4977630144611531 0.44437660685093583
-0.3788338505499098 0.5811169056373089 0.4226733635953206
1.9374014045826584 0.03338796304612757 -0.5700081397005778
-0.9453552716282587 0.5248904672320087 0.3760611008694905
1.8841455891094085 0.2995109943754528 -0.5572165060946208
-1.374099833870801 0.5597583084021913 0.34499754419834794
0.2629816932411444 0.7376040824588621 0.35247673502476395
2.1803854196769947 -0.19346637498813024 -0.6900690604159099
2.080774186080376 0.04157380617796136 -0.6832445670077067
0.5537826052297561 0.5497584823385999 0.23660244455845536
1.4811916102578095 -0.7053043777886892 0.07273973932774247
1.6225253328857434 -0.39871759135871443 0.08011831751377763
1.4372045380752212 -0.7295934800646968 -0.11188207158534347
1.7279955908291527 -0.714076540637496 -0.2509277869173747
1.475691888230969 -0.7674787725612298 -0.4374140311190349
-0.42394950766237116 -0.07355003181493203 0.7397538613370198
-0.34409998272666087 0.25123920085897566 0.7413159798672933
0.03945195016770242 0.07985846536254115 0.5894066285184163
0.09532430517350576 0.40757284054732423 0.5890060853055257
0.9872104723837509 -0.7930665038826312 0.18061174860508622
1.1086718713950319 -0.48105874505115054 0.18615259638340653
