-1.579946861310276 0.35507823927239457 0.09440727579421981
-1.7928464417532624 0.485202282082561 -0.30933169973068253
-2.0768644407373387 0.07741277208073427 -0.29819850576095597
-1.9914150512224253 0.5933319307713631 -0.5053537334220888
-1.9320412990985147 0.1785360436448471 -0.7197492564933778
1.439002619565123 0.7738527204075893 -0.5355546916740419
0.9349360414723051 0.7544742980604653 -0.4911668742912294
0.44030930867282336 0.7335447989473849 -0.4477870906608583
-0.15462331060804502 0.7695529922743916 -0.3928063358085634
-0.6441732273604828 0.46030153952622754 0.6388484989387511
-1.6801102137221093 0.7614665651728743 -0.25711850774459855
-1.0675507631893382 0.4122054836713005 0.6692311321479796
-1.9446945101128819 0.6312409126864935 -0.23996810567550675
-1.3335244844399057 0.2799674050017771 0.6839882885200499
-2.0312145958818206 0.40326175361637695 -0.2434995616691591
-2.161977711285772 0.1998249257495317 -0.24198608052902237
-1.4490242551729082 -0.21422513059288661 0.6718351398689268
1.0082915814642845 0.7288843370932767 -0.6252925838249208
-2.1548772756846972 -0.08148020436205883 -0.25661401403121964
-1.4258671973056778 -0.5079583946437083 0.6575119053108214
0.5321024336289426 0.6978132815332572 0.42047949182815536
-2.1619673362910135 -0.35586372062952165 -0.2697289432304384
0.015163419548670731 0.6917033556209233 -0.5365269626396181
-2.114179460439921 -0.6628389108541342 -0.2894013370292665
-1.694302091754409 0.7818001295394978 -0.3769543613212587
-1.210801345674355 0.5172267971946596 0.549567893622589
-1.9108939947644288 0.6251479431283329 -0.36515359533004776
-1.5374659110773408 0.4191118225796586 0.5708610569221495
-2.023520181068193 0.41157115533246014 -0.3656661952751161
-1.6638669152821066 0.21149315760399645 0.5717484508735655
-2.13256613081613 0.19594316132250356 -0.36669282567672745
-1.7866289384257357 0.0019118379208009628 0.5721914325935362
-2.160129626605915 -0.06584259748932197 -0.37746743810348526
-1.745386636576491 -0.30037415371158005 0.5557786976081847
0.4324935721593661 0.6930910448144942 0.3029491459114073
-2.132606637573886 -0.35988460851045545 -0.3949130023735048
-1.6795472562274156 -0.6181724599030858 0.5367033039314268
-0.026788120351206146 0.6568562317152384 0.3382279430610655
-2.1581511348002067 -0.6247843877965025 -0.4062011684196474
-0.49869989818851934 0.6305100263423853 0.3748638187629698
-1.7115823019647465 0.7349051968066576 -0.4998639072196962
-2.0414315517604606 0.640905645117364 -0.47429732930831925
-1.7278574633378199 0.4676077521967841 0.4657747303230284
-2.1322854076419304 0.41568234026610185 -0.47742776525192276
-1.5322014711095733 0.08130098370116912 0.4332096134407042
-1.299431222566291 -0.3287366266623337 0.3965737377387999
1.1105208292727937 0.7011176191162818 0.12254352915115341
-1.4933979832998574 -0.5002995886575761 0.4042627369148253
0.5800695650794125 0.6981665784014481 0.1658756290657042
-1.9478186096145578 -0.5224605477026287 -0.5426495517509462
-1.6834950498785943 -0.673399150240833 0.4114996944648741
0.045982675082768765 0.7008543914810232 0.2096697841865538
-2.0429462835013865 -0.748367322397236 -0.5457799876945497
-0.44345995542559535 0.6832817740431238 0.2488529239875792
-0.936640797247243 0.6710972593806019 0.2884976421577452
-1.7465631080262938 0.5596697134299831 0.3493482624275206
-1.8768178180140183 0.35519489767565915 0.35073109018630966
-2.0034303601179175 0.14879245230417126 0.3516532932502745
-2.0093591066798453 -0.12572041012804647 0.33966703760452255
0.9828188260037649 0.5689709183324609 0.0010950123054502825
-2.0078275468243802 -0.405531270803003 0.32675953256912216
0.4788776787852882 0.5534162977826753 0.04242630350418075
-0.046328862800962156 0.5527326588124026 0.08610649454421981
-0.5313625674440701 0.533997328440762 0.12555904733962997
-1.0332438240312172 0.527769159219126 0.16689033853836044
-1.5431280424762548 0.529429799888554 0.20916052210159286
-1.878111570616582 0.437682679630619 0.23264427530593856
-2.0087742035683362 0.2336995049608106 0.2340533291084288
1.6044741127647484 0.7952928086734516 -0.1680291141288759
-2.1227827610046646 0.020441273383717373 0.23358412134475692
0.941232063032885 0.8579595208367792 -0.10871200215988175
-2.1336730846421688 -0.25145305315784583 0.22184200632400497
0.44208501537000444 0.8389091705783045 -0.06709508550338761
-2.150039651899661 -0.5212163118433111 0.2105695759040831
-0.09157094684220368 0.8416458547834296 -0.02165012014083878
-2.1115271271435176 -0.8236453034943665 0.1931921993476866
-1.1127079706202494 0.8333708023955495 0.06445427286453231
-1.5697525388830726 0.8053669205996528 0.10176630365676864
-1.8648828835965219 0.6913722668934525 0.12137909281082138
-1.929403381198334 0.4510844258169584 0.11563940393753036
-1.9036438625832588 0.15982324407680437 0.0998532329780577
0.7654963469311866 0.6247262869569425 -0.230118557335663
-1.9442048452979108 -0.09536300122962871 0.09124250757522567
0.2971631712999141 0.5914090144954045 -0.19115571630172745
-2.046390579221871 -0.31623813236930687 0.08932896005935653
-0.22762695253295817 0.5915782571705179 -0.1458600009696962
-1.7580561433512827 0.5899616904983915 -0.014357372643280186
-1.9708605481538086 0.4314243244581206 -0.0036423648612977644
-2.1015383644521606 0.22777199990993324 -0.0021813358085633894
-2.0162327563453957 -0.09770049141384618 -0.025072380425262608
0.9049418474597388 0.9167771263047797 -0.35485248220138566
-2.135728731920615 -0.308489275811624 -0.025072380425262608
0.4676448560422273 0.8651201983759194 -0.3186643565910341
-0.08785458296409843 0.8791392727383567 -0.2690914119499208
-0.041473994367819955 0.5605168432884327 0.7088057552558897
-1.6616968075216008 0.8943947055938608 -0.13028649938278214
-1.8911025240632426 0.7446597751151245 -0.11739759099655167
-1.9597861398611585 0.5069074338908237 -0.12285070073776261
-2.0424277398601944 0.2765134002031644 -0.1268170322196962
-2.052243204115136 0.004779283186628902 -0.13921002996139542
-2.063221310959399 -0.2672944337344205 -0.15160350454025284
-1.9933172217677537 -0.5866732579699345 -0.1734154666679384
