-2.09228092608231 -0.9478708834891947 0.021418334336167355
-2.286009984715232 -0.8363912262815276 0.7770664704750834
-1.6766567210188086 -0.946003846537657 0.03473830351341345
-1.9633929693858256 -0.7862971406039918 0.7820425046395121
-1.4591458718085697 -0.8692042295719702 -0.7170197950888815
-1.2793845395058163 -0.9375916568802083 0.047214747757798214
-1.5121453560788716 -0.8044474915027138 0.7914321435402689
-1.044564875015439 -0.8715990661119548 -0.6984736906577291
-0.8649127182939793 -0.9408447825996831 0.06061411032188513
-1.1503408760734501 -0.7794169503794848 0.7978370202492533
-0.661560861185432 -0.8604075872078667 -0.6819255339194479
-0.4864635645567361 -0.9281727334183074 0.07228136190879919
-0.775670653700157 -0.7635507402851474 0.8047304166268168
-0.2525653169840716 -0.8655477264921387 -0.6635916220236959
-0.10408302369922495 -0.9201630218251964 0.08420634397972204
-0.4324101785841208 -0.7336555936509228 0.8105947984169779
0.15140091996038763 -0.8708979951404601 -0.6455101954032125
0.2777653423086406 -0.9145254966872685 0.09616780409324743
-0.1204067083291207 -0.6894317529797434 0.8154244435738383
0.5547527646824406 -0.8787581749321731 -0.6273899065543356
0.6458807900924981 -0.904166040760046 0.10749840864647009
0.12968326759736115 -0.6139856275760494 0.8181452763985453
0.8871496136259793 -0.8408093710585831 -0.6143431650687399
1.035370198595846 -0.897624851756305 0.11961150297630407
0.3269582280189347 -0.5009742493369771 0.8187534821938334
-2.234780986586756 -0.9512063352106708 -0.07866024842750452
1.3332749616498045 -0.8876812932641087 -0.592786310820693
1.4507585586506888 -0.9285111348856461 0.13383150228965857
0.48056583740768133 -0.38600672497786803 0.8184399617623148
-1.8232810384821398 -0.9568635421523553 -0.0645589815665426
-2.0848446470794677 -0.7997435671025102 0.6846392167519388
1.7391271436338727 -0.9053774956628047 -0.5742564188529196
1.7515683887966595 -0.8890722582392101 0.1419236672829447
0.5906752270172397 -0.23725140939544787 0.8163015855263529
-1.5779326807888943 -0.8830097222427753 -0.8165149675894918
-1.4213930104167574 -0.9497625051849496 -0.05125737061988733
-1.6290969152719796 -0.8085934957216026 0.694581271500474
2.096286790072451 -0.8989962699060712 -0.5589113222647848
1.851157791854538 -0.7399902184305347 0.13976335653770544
0.6706791486886452 -0.07198638881786223 0.8130898488472758
-1.2031246234577253 -0.8639564805521829 -0.8000326143790426
-0.9889907810887486 -0.9612206830805619 -0.03630804887306116
-1.1650866983435648 -0.8356788198009255 0.705199004502183
2.2524848756907065 -0.7828168339329551 -0.5570304380942526
1.8858512369448945 -0.5547368341424885 0.134248019547349
0.7512612930527602 0.09303234797100401 0.809876681656724
-0.5661275765021259 -0.9707766877713908 -0.02177691331397913
-0.7151505779602552 -0.8587666528371329 0.7153821004341898
2.29153662716668 -0.6012832062289988 -0.563071488051528
1.921289370482409 -0.3694161913996368 0.1287260068367777
0.8237403262542138 0.2627104606066766 0.8063533318947611
-0.4018846650974197 -0.8606364018384625 -0.7633600222159567
-0.17043810149929328 -0.9690356047291715 -0.008586405425185184
-0.3809317816326008 -0.8241613244388688 0.7214317334603129
2.353017077748449 -0.43205813226391854 -0.5676486479331198
1.9574722231612132 -0.18404204425432624 0.12319707998741247
0.9489785242403705 0.40254560561556474 0.8046822560738383
0.006696556365614725 -0.8673856398720972 -0.7443656908560934
0.21587032215134627 -0.9650661290790197 0.004180194229966183
-0.024982550679130355 -0.8032965366236979 0.7283167851876078
2.3848131014895397 -0.24559132926724203 -0.5742890821982565
1.959746923509778 0.021249633668524837 0.11586475500572302
0.39263487386595486 -0.8649267694312144 -0.7268342958975973
0.5839949427676778 -0.9540760791412239 0.016060592026597043
0.3393414139558608 -0.7893334981972799 0.735557080597764
-2.4196207855366296 -1.0435270410731476 -0.9448184954215231
2.374149303683959 -0.03409050264259861 -0.583882330565566
1.9542535366017457 0.2318383566876676 0.10807156691063025
0.7780241238685264 -0.8648559932832853 -0.7092659460593405
0.956036088865087 -0.9477261817623628 0.028206588120347043
0.6899998161004106 -0.7704886192640217 0.7423474801491556
-2.3736980016122295 -0.8524179076865792 -0.9506111132193746
-2.1647964847347936 -0.9442566771263188 -0.17204451432716272
-2.196079071942691 -0.9042416905052022 0.5897679341744242
2.429136684518843 0.14014245123667735 -0.5890660273123922
2.0360266748614606 0.3924986370334693 0.1047685159157572
1.1847684151617628 -0.8790894564074065 -0.6901543127585592
1.3231699927072356 -0.9412888407300741 0.04015684256065466
1.013896161311603 -0.7394464259903515 0.7481999410103617
-2.2914513885807715 -0.6794381684874153 -0.9539470659781637
-1.7713575625333462 -0.9305883876796557 -0.15863132348548792
2.3900791922037 0.36985067580506836 -0.6007463919211569
1.8900668752288983 0.6869163104743095 0.08951807150352575
1.612741252396619 -0.9078358689272008 -0.669495819716567
1.681021048442151 -0.932300195100197 0.051678181977158566
1.1797338654030742 -0.6237840045650245 0.7482469094704447
-1.5736820015857091 -0.8325755132248958 -0.9132299410391989
-1.3606589069013708 -0.928490058665588 -0.14422726502906702
2.347802084206444 0.6026823648470554 -0.6127388464499655
1.9700509515978055 -0.9006608013347375 -0.6536228643943014
1.9334719857128668 -0.8675272886934309 0.057663918824082394
1.2671190596974373 -0.46542506644482984 0.7453815949868021
-0.9416664125148735 -0.9335496978183286 -0.12930655351173304
-2.3697609591942594 -0.16933292825221713 0.5641579640816508
2.226573405211843 -0.839813545328262 -0.6446630941916647
1.9851330141685537 -0.6923590717617145 0.05298233160484411
1.3201517986420264 -0.2878870215515903 0.7412147534798441
-1.9968142294599467 -0.18523306143610796 -0.9608755098868551
-0.5365762872319522 -0.9342855958306728 -0.11506199708473108
-0.7042570175724023 -0.822868421122628 0.6213424218605814
2.2958641619216262 -0.6753659396779668 -0.6486816393424215
2.011347510995309 -0.5025741114764273 0.046900273651963253
1.3520918424501591 -0.09816017051433334 0.7362287057350931
-1.9122128496179975 -0.01351344635628493 -0.964213369994277
-0.13207615396839856 -0.9375609747941311 -0.10077786317359827
2.3136400773156787 -0.4815963041168345 -0.6563341604758444
2.0339965686125367 -0.3102049852034554 0.04057765135276892
1.350036162785818 0.11137504091553296 0.729929925293809
-1.8270003852091676 0.15793139201980466 -0.9675521837760153
0.2585857045528499 -0.9363135638339415 -0.08717346063148401
0.04330717652271332 -0.7983132679137697 0.6375093472908793
2.371242729467477 -0.3099136643443856 -0.661270140318984
2.0704631008338037 -0.1251275055988046 0.03494572767723181
1.331538893151869 0.33115952696252293 0.7229652417610941
-1.600402311044089 0.25370235092417204 -0.9609899508048239
0.6134692097675511 -0.9186283562519932 -0.07544922700416468
0.43836815462445244 -0.8012954829376042 0.6464960587929545
2.438155554723471 -0.14330773637812655 -0.665603636412734
2.0773800404580403 0.07745650626315381 0.027673007340317746
1.378959884544237 0.5139422966297147 0.7184429181526957
0.8964978282954945 -0.8776294508608444 -0.7942838655997457
1.011840762497691 -0.9268540833896353 -0.06129145493995569
0.7361397646076995 -0.754442509314579 0.6517746461342631
2.397772238981375 0.0857510857466579 -0.6775257574607076
2.141327610516049 0.24770065886228565 0.023428202957993527
-2.2200532991730952 -0.9138416102856937 0.503527165741807
1.2416637771391628 -0.8591121158906034 -0.7788653360892477
1.383285977019609 -0.923226715824967 -0.0485365377951803
1.1521185036828285 -0.7739549330121775 0.6616845143746195
2.3282916182748075 0.33303266375682483 -0.6915903078604879
2.1369485780949216 0.45816808163484524 0.015435696930771847
-1.3653585622388285 -1.1721844215716857 -0.9831986414481344
-1.7406304184394727 -0.9573340032585378 -0.2514450537253561
-2.0846613960421188 -0.7685498700940627 0.5024461759041605
1.6651342036335226 -0.8859387672272803 -0.757830141692275
1.7498095953993005 -0.919480196360766 -0.035986899047011356
1.3703536770842994 -0.6877257787820383 0.6639473451088724
2.2771999294216556 0.5709792009151329 -0.7044596659232321
-1.2842287852064835 -1.002712359547175 -0.986486433653945
-1.3433445416642122 -0.9484213446414174 -0.23714518418800257
-1.9533020366503244 -0.6216250986724461 0.5011940015267191
2.000533946572544 -0.8670718656758396 -0.742963312773818
2.02842764283821 -0.8695943336227074 -0.02821946015846155
1.418181918090177 -0.5082240451137068 0.6595528138588724
-1.2379637080636634 -0.8151711276379956 -0.9923109995413961
-0.8977938788914415 -0.9672382588424355 -0.22008585801612757
-2.4870621342055763 -0.1305985959442708 0.473436833710557
2.2614430512129378 -0.8088968737958524 -0.7333497988272848
2.1193449218207316 -0.716651926809476 -0.03079652657997034
1.4361854828539915 -0.3116893232315405 0.6539528382729349
-1.1599899678989445 -0.6438048660560014 -0.9959206568289938
-0.4972423016434462 -0.9657434215843281 -0.205459593443984
-0.706039771635222 -0.8432507166321841 0.5380010617684183
2.343897794923688 -0.6519031905775705 -0.736470221190566
2.20209474972628 -0.5591391605139577 -0.03385615220558069
1.4506599938539289 -0.1125185117069023 0.6481723798226176
-1.0725763592969564 -0.4773182371176148 -0.9988970743704977
-0.11051832229292913 -0.9597691489567879 -0.19153785577308557
-0.23035625088383682 -0.8832653138917053 0.55065345892418
2.4008671134928274 -0.48040605779675616 -0.7414588915396871
2.246298951410566 -0.3797142850105004 -0.039091824202651004
1.431214121727983 0.10659836955147739 0.641006471009141
-1.033062620932352 -0.28542884144950165 -1.005370138793105
0.27125745958659664 -0.9538450652816266 -0.17782735696327112
-2.4384744084034082 0.49913010820654335 0.45539569982994177
2.4368345080517813 -0.2966225794480195 -0.7480101572562399
2.2868898202551655 -0.197815383367562 -0.04457473626624964
1.4387670361711606 0.31126596297538356 0.6348598016213236
-0.9355991055248047 -0.12410191423968087 -1.0077142702628317
0.6569033965737319 -0.9526427043632495 -0.1638319479514303
0.5466211882166263 -0.8803072611554299 0.5691664231728373
2.4605830533203523 -0.10529842871402195 -0.7555041300345602
2.2849463892403197 0.009067649257502808 -0.05248689523231409
1.386620896144585 0.5511738122278445 0.6262874616097269
0.9453820540054672 -0.9250228600853561 -0.8807854639579
1.0463814878837425 -0.9562012973497644 -0.1495509134818258
0.7826002690806959 -0.8004934235763486 0.5723340524147806
2.4506153891088918 0.10621876356217541 -0.7655043589163961
2.2666521086880067 0.22631124997591456 -0.06138014665138147
1.0668643354555627 -0.784958044848473 -0.8811039911795797
1.4221181379103687 -0.9550115283350209 -0.13597917428504847
1.0141936899821644 -0.7196366539740637 0.5753417027901468
-2.11667747106652 -0.795727516681481 0.39747023710716345
2.4028342545827464 0.34082726330247937 -0.7783293711234274
2.223478864197176 0.45914411318937454 -0.0717442022849264
1.3856346065355716 -0.7534332007994209 -0.8670654284049215
1.7754107511909538 -0.9441222907321034 -0.12361764779579065
1.4384749776341614 -0.7459430712036337 0.5862281335305033
-1.7519275282025681 -0.7924896258611085 -0.3529160009909811
-1.8786738601597577 -0.703363286849445 0.400776864380723
2.3475649931564124 0.5811545206101272 -0.7917976366568746
1.4508160380766277 -0.5837629097284136 -0.8715138422537985
2.0321074595578903 -0.882184896276982 -0.1167130457450094
1.4292729820335843 -0.5352261412746699 0.5794417870949564
-1.620693346910425 -0.6468379189746969 -0.35335659852516077
-1.6672497484293451 -0.598587617395637 0.4029836667488871
1.9437095362840253 -0.6524016302913651 -0.8446531282950582
2.10991138214351 -0.7219566775202964 -0.12003064027320764
-0.37977344750634145 -1.113749637735289 -1.0300064074088278
-0.8513186970426538 -0.8340211033385714 -0.3168890463401022
-1.8455659333868653 -0.2916888715534114 0.38878941664207556
2.252891322050747 -0.6214642192880291 -0.8311724649954977
2.188291912082766 -0.5619620500456364 -0.1233494268943014
1.0609692774321537 0.08587730857909293 0.5512921822975931
-0.29400529394636976 -0.9499952868374848 -1.032931803374404
-0.4242317888089957 -0.8474283581513333 -0.3000907885123434
-0.5806623186999786 -0.7413999105810873 0.43546533712852575
2.2455207607407353 -0.38989618709475593 -0.12792110314857386
0.803207403546569 0.4419792278808572 0.5340192330788431
-0.21206429416432826 -0.7841948227274784 -1.0361852633048239
-0.01546545677982536 -0.854159196926318 -0.28427839150916956
-1.8223074345190327 0.1277589758281934 0.37620258459556677
1.0376997823116128 0.4820583246002883 -0.9396295534659567
2.2860778135949698 -0.20801534707504032 -0.13349985948097132
1.0244252621834526 0.5271898273912612 0.5365071309517679
0.37506030124390577 -0.8540314635283792 -0.2694547163535299
-1.8688462797562941 0.36963242371817984 0.36736464628685095
1.3235870597312882 0.5287832077476864 -0.9281058298636617
2.2797767462689897 0.0013389926608411429 -0.1418449865866842
1.3538936233570062 0.5487456479588246 0.5435194982003031
0.7518172326560837 -0.8492104457268184 -0.2553653704215231
0.671546335332021 -0.7824831898584534 0.46884775290001013
2.2312312936736642 0.23614257644531023 -0.15271472802650354
0.9581641973598387 -0.7881588187014117 -0.9772157656241598
1.1192751766181743 -0.8419545403674036 -0.24175524583351038
0.8022788267257006 -0.6462266670988726 0.46784186491478064
-2.3291873309675744 -0.9805217941424402 -0.46389078965675257
-2.2300513375625286 -1.0167870665953842 0.3058617127846537
2.127768186943131 0.5044122247537572 -0.16687154641639612
1.3426901826516602 -0.7919125566362624 -0.9578113543082418
1.48183475566597 -0.8345593290880302 -0.22836828103553675
0.7757063567126927 -0.4240966092473357 0.4600658429573832
-1.8955437883094142 -0.9859370268026098 -0.4463140951682272
-1.930090289388204 -0.9549499113238156 0.31217408308494665
0.468492990647988 -0.10396415705453421 -1.0327925669242086
1.848264844102962 -0.8318075470869459 -0.2146887766410055
1.6071360303059254 -0.67534237103132 0.4892172826241312
-1.5514671680220502 -0.9486445738488527 -0.43398284783851526
-1.8927496169145321 -0.7607282226285577 0.30702924856651403
2.122554097230969 -0.7802850822071292 -0.2064018236685934
-0.5967868107068632 0.7588276343123752 0.38727641233909704
-1.0213130998024234 -1.0095179366408473 -0.4105050550986471
-1.8546472712631932 -0.5664646297977285 0.30187749990928747
2.218137061575998 -0.6301264658007852 -0.20870065560829065
-0.6117943002363013 -1.0116077254166598 -0.39412569871436975
-0.6943418125822802 -0.9554095686012474 0.3461005700539408
2.2794730805601997 -0.4606583720174555 -0.2130706297446432
0.9401748085827073 0.32148456285581517 0.4401733888100443
-0.21614946894112563 -1.0092996490208819 -0.37850212922584436
-1.904450620178558 -0.11053038835658668 0.28588581213462927
2.328437354387141 -0.28388059308421276 -0.21822237840186975
1.0048475950758124 0.495543399379649 0.4361319554756937
0.17893906354852973 -1.0094579757436293 -0.3628404127646627
-1.8329010603777327 0.06792395315092392 0.2820761216591654
2.347796218762129 -0.08971172947014594 -0.22519612184059046
1.0701814214690124 0.669461937862728 0.4320874226998148
0.5690350898967793 -1.00972372280183 -0.3474066244651022
0.5359619018056847 -0.9789893576644602 0.3803858769844828
1.3018689194826614 0.688487796176382 -1.0282030092765035
2.376622367596685 0.09961882504559583 -0.2316591726828756
1.3219722781522005 0.7353675571702283 0.43621516355980017
0.9585694022817712 -1.0123998105705923 -0.3319349276114645
0.6221274901681504 -0.818384871516038 0.37749982008445837
-2.265497323669635 -0.7775931351671517 -0.5649175631095114
-2.1232135142645276 -0.8361771020474933 0.2076113236855326
2.328644000437304 0.334425790380692 -0.2428121553946676
1.3519010374948124 -1.0198739603010338 -0.3161597239066305
0.7044616171818028 -0.6557004254709256 0.37441659101951696
-1.8407414360447305 -0.7799948892471917 -0.5471868502188864
-1.7518735419408138 -0.8119399482705347 0.21761107573021032
2.1914329465855804 0.6231243454771516 -0.25945186486732386
1.7095801535274724 -1.0106423562411706 -0.30247831216346643
1.563218195071057 -0.9176631440628356 0.4061734689186869
-1.4565325187709277 -0.7644607672992905 -0.5318748938132467
-1.3543364037314625 -0.8037313631184517 0.2288672936867533
2.031778324350636 -0.9843099780320088 -0.29089784493934534
-0.6122064745619973 0.4868033674878518 0.3014254582833109
-0.9399425036823885 -0.8204256128194416 -0.5083177076865377
-1.0415322768178399 -0.7541776008558685 0.23628687986839392
-1.8432224743451329 -0.31253488898493487 0.9619381440590677
2.1135853857881326 -0.826524233237528 -0.29397988191139124
-0.5348511813284134 -0.8216979188731415 -0.49155545106422327
-0.600679412115781 -0.7738365941695875 0.24965572485435583
-1.7060667401465075 -0.16919758775855342 0.9603991521309672
2.22209127288858 -0.6836550277823505 -0.2954580771018209
0.8652526762002246 0.09000690718605853 0.35416865477073767
-0.13477756596443413 -0.8231634002545221 -0.47502827516090296
-1.4498232126241497 -0.11373939555713974 0.20335984358299353
-1.5905878544815728 -0.014797447890842363 0.9581918729256449
2.270189518476048 -0.5068559053101467 -0.30068158975135706
0.9594973656943964 0.24699198704329461 0.35146570333946325
0.26031102011893026 -0.8247680255645378 -0.458736656813735
-1.4002745414769642 0.07495922026456725 0.19851184019554236
-1.4481700611202868 0.12496177083167481 0.956797601075059
2.327658538651624 -0.3350286164830365 -0.305374144225234
0.8849993480213882 0.500104695345911 0.3410329831551371
0.650408115565348 -0.8264610247764494 -0.442682026534194
0.6250746523869068 -0.7996927923363089 0.2857189191292582
-1.344961664600845 0.28538951455045947 0.9541916860054789
2.3424964255088394 -0.13844276875141048 -0.31275296082984827
0.9243475924509639 0.6893486984520933 0.3357396138619242
-2.4346565349036844 -1.0969297583826787 0.11120510229576208
0.9214542907623233 -0.7662796431486285 -0.4340155111838522
0.8348098463655198 -0.7061453125587462 0.28858089575279333
2.2674165013634795 0.1108777936383305 -0.32577967515479944
1.548102533780856 0.5405985974578371 0.3572742951821146
-2.311531587833233 -0.9690019339683928 -0.6552238451529684
-2.161442267410731 -1.0202586955153095 0.1170663846443949
1.3675402140486863 -0.8035449289334409 -0.41431379189979456
1.2681283262665985 -0.7360996802320869 0.3019425881813822
2.1547338506341642 0.38367419117112433 -0.3412468420554342
-1.9714601717560356 -0.9271562831171636 -0.6421983229209127
-1.687817811826104 -1.046918404498868 0.13248276838768103
-2.036045952078222 -0.8566941651667577 0.8778209699105082
1.7865785347707437 -0.8291393682334771 -0.3962209211875143
1.7137980133858655 -0.7760130341644853 0.3159651769112406
2.103669041955131 0.6221392128711472 -0.35297369828712366
-1.462800777747681 -0.9737362983408389 -0.6184325205374899
-1.2816855499691684 -1.0424381070268396 0.14476490149009802
-1.7136779627078091 -0.8078459121669113 0.882353545517808
2.1263448782478864 -0.8136790340050908 -0.3830516325522604
0.46051385909154163 0.12627788938953444 0.24984502920616247
-1.021616500654126 -0.989242923585202 -0.5988466726828756
-0.8938695260517093 -1.0313289942538688 0.1562364114235697
-1.4137864115456509 -0.7494760084490153 0.8862016213845072
2.256663070859874 -0.6830721474407184 -0.38310527673255823
0.7248182876678548 0.18935375141062138 0.25518036016929724
-0.5944177334589718 -1.000623840967961 -0.5800640570212545
-0.5109941920503189 -1.0203155480788126 0.16753196844566443
-1.2027143469404926 -0.6467176903557004 0.8872177613686381
2.3047806084339406 -0.5063840728917199 -0.38840579858314417
0.9846511004784126 0.25335068256329407 0.2603311551522074
-0.16346247587498297 -1.016995469127579 -0.5609571920920553
-0.14631724647526312 -1.0023831290578613 0.17801261076439
-0.9915127175733254 -0.5451260673730118 0.8882484448860941
2.353587525352472 -0.3297346642476029 -0.39371156564247034
1.157582459950179 0.36535341020005063 0.26136422285545446
0.24032434450643336 -1.0220710557527397 -0.5435054289389791
0.27087918087477547 -1.0147480985382487 0.191085816712266
-0.8199292646556984 -0.42364023643903437 0.8880031121681986
2.3857800786612735 -0.14316752346487505 -0.4001300322104635
1.508299824371825 0.3743705723706441 0.2709043038796244
0.6214745381167042 -1.0179067796160695 -0.5274302946616354
0.5860659016676344 -0.9756051206912417 0.19928956160057165
-0.6172311642647124 -0.3195400060873652 0.8887736810158549
2.3712152371498227 0.07101405705333264 -0.4096052633811178
1.6035103003583089 0.5290640433656648 0.2682337773751078
0.7822842833788748 -0.8978436800360328 -0.5254924284506979
-0.44518429944867677 -0.19995226766895513 0.8885505212258158
2.456764302404018 0.2276930108656856 -0.41271138062965296
1.699259567078471 0.6834021676164994 0.2655637277077494
1.404079217510306 -1.0285580385692796 -0.49375200143348597
1.5799145617773416 -1.1008656876450758 0.23354721197593786
-0.29043616924733584 -0.07170418141713952 0.887759925217515
2.4310109991509403 0.449940219817897 -0.42304062715064905
1.7783153914119225 0.8475361764614036 0.26206183561790564
1.7747730569770912 -1.026742601709735 -0.4781339155722799
1.6788025887983533 -0.9511102031265679 0.2313575757454691
2.3547456637863426 0.7032510638744256 -0.4367213236380758
2.0881066276247022 -0.9958752761033978 -0.46617627015602014
0.4837476813702857 -0.08703687961591555 0.16564870008934118
2.156796546894615 -0.8310036915707855 -0.47012638917457483
0.8785667441583698 -0.09634758810434363 0.17777586111534216
2.2652810943533837 -0.6882911191137921 -0.47151541581642054
1.1377075160867918 -0.03230459092130644 0.18327188620079138
2.3133833853125445 -0.5116453989615977 -0.4768934237052145
1.7141087683718261 -0.1493629570617614 0.2045152200173197
2.3751918714474787 -0.3424439271521891 -0.48142075410377405
1.751115591683888 0.03682028998397868 0.19907331594932653
2.407347562252527 -0.15595198729336346 -0.48795103898536585
1.7585554219985688 0.24048463823244504 0.19211268553245642
2.366833490930789 0.07314780539421406 -0.49934983125221155
1.6631568591036618 0.504546594594764 0.17995190748680212
2.3403149602344318 0.2952864476933996 -0.5099065290976705
2.524667651506034 -0.350368113179087 -0.4404115664054098
2.501918206713267 0.22998121246212122 -0.3874478327323141
2.1941001272860543 -0.4490129439519208 0.06234431395042517
2.445589891164669 0.41293713930785714 -0.3728201376486959
2.1660201548333013 -0.19661290133188203 0.08144188055503943
2.3821769082662545 0.5777466794164567 -0.3602097021628561
2.1169675619531496 0.0056367206944401005 0.095765353531724
2.311488101765402 0.7244929889298177 -0.34961676469337366
2.093937149597595 0.26220918268708004 0.1152975572060404
1.6554260647343568 -0.6999258968639808 0.5405676377724467
2.1668301708362687 0.7086211305127961 -0.35718297830116175
2.06418224340932 0.5004334529410883 0.13309288153160193
1.5744794904361186 -0.5641560492583437 0.5471434606026468
2.0365406166525286 0.7249511678152629 -0.3612184511710348
2.0044484993916303 0.6706899005792906 0.14437818655479528
1.9082892282575585 0.7462991306218782 -0.36474943032752893
1.8907751493836873 0.7236868881337273 0.14437818655479528
1.6073778118533664 0.11875392229564596 0.5935392392586527
1.7630047744293496 0.7321678863345866 -0.372315643935317
1.777290296688875 0.7770810498326028 0.14437818655479528
1.5983453983159883 0.39855394761728036 0.6118052018593607
2.313135079455405 -0.5274367418260653 -0.011030434279555301
1.6345595273992597 0.7545728968088028 -0.37584662309181116
1.6468339482089096 0.7949040950303257 0.14090561995018103
1.5996626983578235 0.6960130267468116 0.6315326703499613
2.3081900147271455 -0.22049230159761635 0.013811589569932003
1.427498651085111 0.599540942910572 -0.9489855753470602
1.529813078257865 0.8267942617421156 -0.37382888665687464
1.5163182631998104 0.8132406713230651 0.13743329176414587
1.4579666308364523 0.6920085913570446 0.6267836106728373
2.4509009811814177 0.412041219787298 -0.4360647188712301
2.286919986272144 0.04515228661406212 0.03466105589378454
1.3807883838311437 0.7930677444878498 -0.9310355173636617
1.2276979450045005 0.49210598515256265 -0.41771292558204554
1.3639789310697825 0.787289473359273 0.12962055334556677
0.8041472121301645 -0.36553633448121303 0.5361835969399271
2.4733559611555744 0.7672317244662423 -0.4016873823691549
2.238644925768064 0.2469746210454815 0.04929971823204138
1.2740991469869183 0.8616230036417534 -0.9292983995963278
1.0280833346312903 0.37358086025416526 -0.43738508096229456
1.233185155690034 0.8067368678185431 0.12614846357811071
1.0422894326838552 0.4171046803008096 0.5953657639931498
1.6999716792725543 -0.7095194391314905 0.47587084898460486
2.2920017831389075 0.6692177141755451 -0.4186196314383688
2.185410792824314 0.43513016262308213 0.0626080048989115
1.1676942701523796 0.9305248664251877 -0.9275612818289938
0.9221955256962104 0.4478315849321959 -0.43536734452735804
1.053779161442737 0.7284606655518147 0.11312699446189978
0.9697200295633657 0.5583922260719092 0.6023068440865336
1.6105800628471574 -0.5919968799931681 0.4811074746559916
2.2011690120800385 0.7709235212373642 -0.4129755484152975
2.1249882679976864 0.605157072145488 0.07414174208152868
0.9564248352102354 0.8028997154009616 -0.40157174935829065
0.9203105896708053 0.7446561183029843 0.10922098288047888
0.8823640493481264 0.6685545253171981 0.606690646500474
2.0627373438551917 0.7690921158480322 -0.41913246980201624
2.0341383613358452 0.707429933949129 0.07902145514000036
0.7755671297272144 0.739138276985642 0.10314393171775915
0.7798952879820575 0.7477426743996958 0.6085174096535502
1.9325378394856756 0.7858429128044406 -0.42323732247840784
1.9205927357412236 0.7603219346139198 0.07902145514000036
0.6350964013556215 0.7431197852537537 0.09793567785728552
0.6191182659370789 0.711627924397952 0.6008458150337992
1.7937788801613284 0.7851238027971448 -0.4293944822837057
1.7902180469433162 0.7775844171202877 0.0754723561714945
0.4808370465694054 0.7210799948879796 0.09012293943870642
0.4806095176200138 0.7206314201880559 0.5968272698830424
2.4090614819633664 -0.24244941541873288 -0.04867100587379358
1.6318926186326923 0.6636347493104893 0.56713295111168
1.6548281980420523 0.7849787639805115 -0.43555188050758264
1.6297807341294241 0.7324223297334953 0.06571316847313025
0.3513566572406823 0.7484093155787406 0.0870847714852152
0.34195667793899176 0.7301995713814904 0.5928087247322855
2.409314681094342 0.07314738739288629 -0.02243780961524866
1.0070140116858965 -0.34746034744736676 0.4784894002388773
1.5200052147635006 0.7943713684273916 -0.44068264832984827
1.5228007193621966 0.8001881940452336 0.06704378256309607
0.21726447615584732 0.7674102753176015 0.0831782830666361
-0.5866616183353095 -0.7767836076299801 0.4634847653816996
2.3647779712325576 0.2837965719645297 -0.006607531218642215
0.8072381157977198 -0.46150886594372054 0.46427631506431677
1.29821427157877 0.6253233624306276 -0.4663374411154928
1.3834990685515205 0.8010982652687559 0.06172084936607458
0.1039432733921366 0.826646600549438 0.0831782830666361
0.031802699547366586 0.689253338875325 0.5796570790718851
2.429806494978072 0.7339051106739802 -0.4695742117453756
2.311281032779707 0.4716658645443843 0.00696134695518591
1.0835027522044705 0.40210150607912 0.5316007150124369
1.2456144755462368 0.8058663557268559 -0.45197081437599085
1.2396280417698016 0.7936372208207843 0.05551004538047888
1.6961701915070382 -0.6367188970090041 0.4154102815102396
-0.04413941064778015 0.8202463335898926 0.07666778692710974
-0.10979678299724682 0.6962529447059893 0.5752730382393656
2.29365003431543 0.7356479770930378 -0.47531366220008753
2.250643903015442 0.6413791243938078 0.018720866532212277
0.9666925636919821 0.4538419843530832 0.5312266362618265
0.9804637653051351 0.5538075137597147 -0.48737406602394007
1.1109545561701033 0.8180450625489968 0.05240488180626013
-0.24685402285048852 0.7126408815939484 0.5716199887703715
2.1573278050117253 0.7379501604930212 -0.48105311265479944
2.1618595115800403 0.7477928830298382 0.024148465485459347
0.8034398897756923 0.4122348733748922 0.5229980958412943
0.9556094722551336 0.7894627647640107 0.04397654661644079
-1.176034143471277 -0.7412341296005778 0.44558406004417517
2.018744443187426 0.7362972201487139 -0.4873142229605856
2.0106872579952224 0.718954866182429 0.016007186264878293
0.8140362723665788 0.7190230258819952 0.5439436448525248
0.8267039430708003 0.8149709473257829 0.04087138304222204
-0.34250867327558865 1.0762847463709733 0.0840463651131449
-0.5569470702482633 0.6813708090754744 0.5588338387917338
1.8841871327209088 0.7442171395384563 -0.49253225198280237
1.8866116589847959 0.7493882805996535 0.01374554762352087
0.6690306413399121 0.7138828378156106 0.5387070191811381
0.6752597888478924 0.7965595343045777 0.03332996496666052
-0.5480477673605826 0.9670764551139968 0.06711888441551306
-0.6825449468467895 0.7214345299528091 0.5570070756386576
1.736744037943609 0.7257173185969208 -0.5008804785300436
1.7433982148742704 0.739780415766802 0.007413388581162472
2.4335226912792827 -0.2794441962489671 -0.11524009576331995
0.5438949736858447 0.8187236802871212 0.029781342835312863
1.666710880497341 0.8123955555264644 0.5153017056893168
-0.8201237047642067 0.7401568585185103 0.5533537877510843
1.6125576277114124 0.7572106110371379 -0.503489493041152
1.6128087882115079 0.7577370021574552 0.0037951482247171597
-0.3426502858852096 -0.695478037987229 0.41004300245750525
2.431332551816059 0.031588720854642816 -0.08896398416053675
0.385093797074461 0.7882922045595961 0.020909072251206418
0.8362402209925115 -0.6250509980243351 0.38823676237571814
-0.925699555858678 0.8170845138877922 0.03977418074119665
-0.9602120595732373 0.7550859132830965 0.5493352426003275
-1.5532810282680316 -0.2965710427213395 0.9990301145027933
1.4495492570863675 0.7085354851537105 -0.51549005380165
1.4821520711007174 0.7762155659671777 0.00017690786827184724
-0.5391783815944358 -0.7847444338874325 0.397325993866807
2.384445627783631 0.23766523445969767 -0.07329058518897913
0.24656156182573596 0.7983383160959221 0.016029359192734738
0.8377439277334631 -0.32127994844969265 0.4092867387245951
-1.9594838746601013 -0.760110092904327 0.41672372946251013
-1.672751236152287 -0.23550327166024942 0.9987344754647074
1.338186053806952 0.7679401713814755 -0.5149686323691549
1.334022852097828 0.7593774044540069 -0.007060049681776981
-0.6902886601898182 -0.7846991876677976 0.3920896066139994
-0.4352983326669069 -0.2833605867256139 0.9649329198311625
2.328585767306391 0.4209671177600498 -0.05992197862159632
1.7927028957159319 -0.752132248400315 0.35149598249900915
0.09864107681419654 0.7913189466641626 0.009375573487168332
1.0603498192709075 0.4298299870773121 0.46860909590232946
-2.01673470740279 -0.5847696596773275 0.4258568299721537
-1.7821868113046158 -0.15663167366099628 0.9996213925789652
1.2226670182497497 0.81879850627179 -0.51549005380165
1.1921637734527302 0.7565930190039651 -0.012939690261000614
-0.036173708177965835 0.7415688497912853 0.5162656320046244
-0.5569441576211922 -0.2306696984191987 0.9643239987801371
2.3655074075972173 0.7756968745233053 -0.5312750326682272
2.2614611425239026 0.5770710093971587 -0.04931926599037073
0.9546737823198939 0.5040044786808124 0.4701399815987406
-2.258307424296966 -0.7343018646741939 0.4075906289528666
-1.8838779508993078 -0.06439917961499475 1.00139546522606
1.0874682082629938 0.8299550315125614 -0.5207078444052877
1.052299398612739 0.758864021396441 -0.018367289214247684
-0.17301343860103913 0.7576800736471512 0.5125253213356791
-0.6690553097519079 -0.15991529961514317 0.9649329198311625
2.2211032641144506 0.7596483659121773 -0.5392317759085836
2.1703121830308962 0.6789438053127199 -0.0442483412314596
0.8181975734301936 0.5160431779993715 0.4663128865670023
-2.3147047639389413 -0.5583437653456542 0.41672372946251013
-1.9652454096532175 0.06274589495976812 1.0055348885964213
0.9078126472541967 0.7528087552341844 -0.024699448256606082
-0.34061766359623746 0.7172397578985681 0.5039227021645365
-0.7879736496621241 -0.10198117852436184 0.9646284593056498
2.082675457096519 0.7577460825168885 -0.5455975519705953
2.0629463064471416 0.7449107217211619 -0.042865513472670536
0.7666734776715067 0.6979036774284353 0.47702908644188025
0.3236413707411181 -0.16910899861431972 0.926775456757432
-2.372620180938682 -0.3867268919345932 0.425491334290391
0.7630880649264498 0.7473655457002693 -0.03103160729896448
-0.48972326068026817 0.7126543391275888 0.49831271299827673
-0.8948160704011165 -0.021675480982302986 0.9658460629891215
1.9440548657380035 0.7564194549572107 -0.5519626127768698
1.9347713800335828 0.7661308360388404 -0.04609227052223108
0.6688837295688117 0.7863513856572126 0.4797081960152445
0.20478907402736368 -0.11469366905537726 0.9264624131630717
-2.2786063646608383 0.04320132372118479 0.4561781896065531
0.6271446843147288 0.7602983939464849 -0.03555440774452112
-0.6056217433118434 0.7699804960599792 0.4979383958290873
-1.013281260644959 0.0370626804318448 0.9655416024636088
1.813719931187494 0.7736465828694534 -0.5562064634848776
1.8023088042169384 0.7788471542268169 -0.05024123063575647
1.8036572438432774 0.79638560952489 0.4620234979103861
0.08611462847604656 -0.05985156485012055 0.9261491311501322
-2.0400941449171555 0.7126700258939778 0.5073232663582621
0.48882256982048844 0.7693488586455857 -0.04052972665321253
-0.7622094103129307 0.7534657243206908 0.49120593199241736
-1.1363683196551264 0.08748409650804945 0.9646284593056498
1.655554077354715 0.7330273664355431 -0.5673458563376608
1.6569118278482122 0.7651203473849364 -0.05715608468543909
1.1480488329442746 -0.2884652385735933 0.36321282515037634
2.32691767631124 -0.29674937749521746 -0.18519115319740198
-0.35037342544663375 -0.6354151574236084 0.34690237173545935
-0.023230608350090165 0.013148283162266239 0.9270885003517924
-2.1790553393806533 0.7369104908636217 0.5036702168892679
0.3389347790808941 0.7568493717819038 -0.047766445784682254
-0.8925146625187779 0.785600798450794 0.4885878575753031
-1.237521554990657 0.1776250485777382 0.9664547456215677
1.5421049527799493 0.787242094075431 -0.5673458563376608
1.5263237262293927 0.7834313698465891 -0.06084370484840296
1.0547870612581285 -0.18305123954612412 0.3675088895272074
0.9849257240320348 -0.3283945866710667 0.8708679688881693
2.351609649172117 0.07345027817579108 -0.15231394639503382
-0.5974267657171346 -0.821866131466308 0.3254697335671244
-0.14148684315931703 0.0688054588172875 0.926775456757432
0.2025617245267064 0.7714962942173429 -0.052289484648817997
-1.7581506373786517 -0.49575200842106426 0.3730146897743998
-1.3504596540281533 0.2462964976476698 0.9667589677285013
1.3659945635194308 0.7120896128010372 -0.5827290998984518
1.3913261890511972 0.7932901668508308 -0.06545400491248987
0.9598922110017085 -0.08188561825974716 0.3714144242714701
0.8547075516203115 -0.2987747353099053 0.8689370168160258
2.3460483357995834 0.3704200185339772 -0.1269514547873678
-0.6352324805131992 -0.6052638485483968 0.3388650430153666
-0.24333558310134862 0.15580362917106072 0.9286539567421732
-1.8342185617295073 -0.3557910786858898 0.37937283644188025
-1.465588515332513 0.31100716096345593 0.9667589677285013
1.2437391682502135 0.7494427670222166 -0.5848507868338766
1.2518397231658955 0.7947605705597454 -0.07098555436622522
1.0451499238234483 0.38668959361821464 0.40734553465355017
0.7771338537874257 -0.16108289282922783 0.8747293961952982
2.2786264909821057 0.526487803570781 -0.11614918580543421
1.708945038060465 -0.7134833478034182 0.27953672537315466
-0.05158901729452481 0.7833400986257715 0.45406556257713415
-0.33311578865055935 0.2651638374122669 0.9320979131172953
-1.7591677079571966 0.04865339789130019 0.40854668745506384
-1.5928390905456133 0.35442901814436567 0.9652371419380961
1.0973685601988308 0.7382043412638382 -0.5928077684928121
1.109964492429068 0.7923395752569888 -0.0769784437705221
0.9327006966498885 0.44750641465676466 0.40773630270469763
0.6981098026598893 -0.02773741517660966 0.8801996720742045
2.247152169188828 0.7441564061395951 -0.6026511179495992
2.181031329322037 0.6147375693040686 -0.11239170899879358
1.8208465895926107 -0.156485327057311 0.32395076879966833
-1.1528487552696092 -1.0082265792933498 0.2929382337044535
-0.43408449685046335 0.35274005774376604 0.9339761746834574
-1.8253831842912867 0.20129592499421278 0.41602707037437536
-1.7075921261988256 0.41998375357716355 0.9652371419380961
0.972318592668838 0.7994278837733759 -0.08204936852943323
0.8160363748065471 0.499783100161153 0.40734553465355017
0.6086990586842553 0.08342223337304944 0.8840613377999125
2.10455237260501 0.7331253012324126 -0.6101994501639547
2.096396481523085 0.730382197257704 -0.10581636300575159
-1.163701841238769 -0.7422476894558159 0.31054353842247107
-0.5559512260185002 0.40106563572255993 0.9330370439003763
-1.82837704354802 0.46191026053124773 0.43285846838462927
-1.827112155432026 0.4773012995071042 0.9646284593056498
0.8345317554874896 0.8070898478105804 -0.08711981645118616
0.8002266055855003 0.7529209787317868 0.4245300305794535
0.5064207761858484 0.16804580128701474 0.8859918130348978
1.972198564252329 0.7452234557173085 -0.6150512682486715
1.9639940722761686 0.7424500900178543 -0.1100435244132223
1.7059244031799317 0.20413459827496894 0.3463580621193705
-0.5381529074612175 0.6933640239318422 0.43033647665489294
-0.6729272620214886 0.4586158019301365 0.932724000306016
-1.862414031390255 0.6661422451442078 0.4448270810555277
-1.9414342878364614 0.543672721728754 0.9646284593056498
0.6830982167211452 0.7886625883398537 -0.09495687356483362
0.657557526759522 0.7523121687808327 0.4194526685189066
0.4090469715989684 0.2618802340715405 0.8885662568520365
1.835508890578037 0.7488520917738981 -0.6209816919852438
1.8378581109978427 0.7685669895592042 -0.11286139359962366
-0.6086624066116499 0.8339584095421202 0.4372255814980326
-0.7921162760148022 0.5122040747967063 0.9320979131172953
-1.9861809990647572 0.715440125049426 0.4433310044716654
-2.065643029920043 0.5932325310612825 0.9634108556221781
0.5562541178458282 0.8196680265346998 -0.09772276750099085
0.4443609620179423 0.6147157405238346 0.4022684110115824
0.2871469173045966 0.30712322759828226 0.8876009000252543
1.6794794005826201 0.712627852512064 -0.6317641722251119
1.70103880727601 0.7726804335898194 -0.11802792420875452
1.706500140295768 0.7988053487543354 0.3895714295815287
1.1683445179479097 -0.3339302157011659 0.8105154050301371
2.5394288459091694 -0.11159378693708533 -0.22522067895423792
-0.7891706560251883 0.7738494700710916 0.42650938162315466
-0.9159663285342852 0.5574860950053733 0.9308455003212748
-2.1276184553848765 0.7351727053307613 0.43921661505210974
0.4043443480005955 0.8024828652085318 -0.1055593477774801
-0.4506547246540542 -0.8421184565318356 0.2686979783486185
0.17221702756408774 0.3661152657009623 0.8876009000252543
1.5573710011698907 0.7488259886248443 -0.6339206682730856
1.5662131611606895 0.7818439730817346 -0.1227245317984762
1.535110003314033 0.7315006052521937 0.3787679685066996
1.1784132495711699 -0.012577626752054982 0.8300147069405375
2.4973738070503604 0.10801381049543579 -0.20752119889747522
-1.7893501299912522 -0.757990518899291 0.28643179068077185
-1.0494286029021715 0.5857936522243605 0.9283406747292338
-2.2717075101615656 0.7512143218158869 0.4347283853005228
0.27047633851318764 0.8213034056287611 -0.1097083078910055
-0.5971847189284993 -0.8336121395070535 0.2640113843392191
0.06209418374066189 0.4343608006172772 0.8882443917702494
1.4136944814972896 0.7407284566513681 -0.6414685236502828
1.431264623900418 0.79155422913027 -0.12742113938819788
0.8009979654766575 -0.4970607949586068 0.2643322957466898
1.0471554946936514 0.011866768182471787 0.827701331467515
2.4384440900341726 0.28659382454790006 -0.19412708154212854
1.9902792809866323 -0.7194315670873621 0.2230694306801615
-1.8762856653772921 -0.6352136945510978 0.29140710958946325
-1.1853475196553482 0.610283719603963 0.9255230439614115
-0.7346089841581858 -0.8068406604537799 0.26088690886009314
-0.061657792449693716 0.4764668957923419 0.8869574082802592
1.2806632472915727 0.7555685174669406 -0.6463208185721578
1.2809219485500023 0.7704944319265437 -0.1354055391837301
0.8296989582863965 -0.1397614930061195 0.2911405576180277
0.977135964996453 0.16236733025343142 0.8346416963051615
2.343839189774272 0.38346774918742454 -0.1893436895896139
1.902409276940281 -0.5982036377292133 0.2292020333718119
-1.7638614208340648 -0.1607244202555762 0.32738351950157263
-1.331150892302233 0.617945250752193 0.9214530003975687
-0.8883785222357048 -0.8103721301231275 0.25502848753440954
-0.17599474353438538 0.53667802582126 0.8869574082802592
1.1387690622035738 0.753107275511617 -0.6533293711234274
1.1522144154548748 0.7947509023436652 -0.13869333138954065
1.0147991945955006 0.5299313367234575 0.34595775732505896
0.879327884461766 0.2547629592567304 0.8372857583473978
2.391825248550198 0.7786042965672877 -0.6556851851035299
2.2805889802410952 0.5485860622576268 -0.17738461366187952
1.9593713115170726 -0.15913491237623134 0.2639517796944437
-1.7545101653510642 0.12632167414766116 0.34690237173545935
-1.4721737730205184 0.6349067718640526 0.9180092824410258
-1.054117326018151 -0.835234915093892 0.24721765646446325
-0.30655925867554146 0.5664653277471956 0.8847050679634867
1.0055036613219102 0.7690508464506465 -0.6581819044638815
1.0035629659273653 0.7793811503099661 -0.1462082850028219
0.8740378404724609 0.5328182148072642 0.3411562455605326
0.7841828083350748 0.35190176775456194 0.8402602685402689
2.2309383206071303 0.7263133971767886 -0.6682848917533102
2.255617684033764 0.7951872163233702 -0.15681505074989222
1.9133674376442134 0.04806347472043626 0.277852059693223
-1.8029951794861923 0.3091528021890042 0.35723614820945837
-1.6207676044949721 0.6394684565255062 0.9136259568642435
-1.2013628096177165 -0.8242348798622814 0.24253082403648474
-0.45839575304839997 0.5572175156801293 0.8795561803292093
0.8769040938992383 0.8091676461519413 -0.14902615418922327
0.7576581855801017 0.5853039634177577 0.34075594076622107
0.6917557835198771 0.453770124471113 0.8435654653023539
1.4099946236782248 -0.5198888825532606 0.7409164918373881
2.0820173246427274 0.7018256485082688 -0.6775975214530172
2.088076953985052 0.7298504965370398 -0.16925215592872522
1.8853532776978774 0.2913589652185209 0.29502248892295935
-1.8154552303008344 0.55230737435717 0.3729276669930277
-1.7620470824715753 0.6576286585403679 0.9101822389077006
-0.5146403177279488 0.7254011746402185 0.3749294293831644
-0.6009920243664588 0.5661780332821706 0.8756945146035013
0.7165857696055831 0.7727931205083323 -0.1588892923880758
0.6976519729297763 0.7494111819828575 0.3503592027138529
0.579584751790275 0.515799515990409 0.8438956750344095
1.3939442458223823 -0.24806392274966527 0.7571983350228129
1.949549053523901 0.7140124203339937 -0.6825275408316793
1.9619843753568862 0.7554913887100128 -0.17212247720252893
1.9220603841701838 0.6699220186174557 0.32445788511741736
-1.854101489083277 0.7477925609674259 0.38440942892540075
-1.903432604986211 0.6763721160281619 0.9067382825325785
-0.6926802784481012 0.6691060479664372 0.3643844140480814
-0.7437388177106783 0.575740222261949 0.8718333257149515
0.5964972750885913 0.8169768574471874 -0.16029858460914514
0.5729416991306664 0.7847639812658755 0.3483583939980326
0.46311707054010043 0.569328265322838 0.8435654653023539
2.3099448198927277 -0.5855883491904734 -0.3408372389365377
1.366777043483287 -0.003592680831580708 0.7714447987984476
1.8254490402624626 0.7447187466655549 -0.6852667318869772
1.8337688659544256 0.7771182170350599 -0.17547106614601038
1.8147534669344072 0.7367296549873288 0.3256843102883158
-2.0525109564956914 0.6828085698948669 0.9023551953743754
-0.8938669134680701 0.5727839719729104 0.8670063031624613
0.44921383764939904 0.8084787546736223 -0.1673433767844381
0.33768971367727474 0.6055184657040087 0.8419127477120218
2.395045043911235 -0.07393981433506269 -0.29164528718482874
1.3303664701579336 0.2181546407193906 0.7839956296395121
1.6374189166817583 0.6412109369136303 -0.7044398771811666
1.6969754243040658 0.7812581690129647 -0.18073320260536097
1.102551508441998 -0.46991802965654017 0.2112138284157572
-2.1264134441411073 0.8039438826705876 0.3775205625008402
-1.019983883294536 0.614095514392929 0.8653972161721049
0.322282557803927 0.8403854222314209 -0.17016172280799768
-0.47712376234079557 -0.6871966213355378 0.2047135842751322
0.19623921065778305 0.6111853122914752 0.8379466546486674
2.3477008980438896 0.13220921056027635 -0.2750859247733297
1.2563007184363837 0.3588759862299682 0.7904405606697855
1.5494158998270429 0.7492684697250169 -0.6978664385367574
1.5600273218743759 0.7859579917652155 -0.18599510064613245
0.976286011465767 -0.4317432872523881 0.20957851538169958
-2.275421204042491 0.8114607215631864 0.3721623433541117
-1.1875102157069932 0.5818940908563874 0.8583178533028422
0.24150414897594885 0.9610102420579878 -0.1635863768149557
-0.6717548010982668 -0.7712687190837499 0.19150924810875036
0.04306001377374713 0.5953399318537294 0.832328320832139
2.326138114008627 0.39273555448404807 -0.2526814924765768
1.9043507733509042 -0.5439419433093633 0.1682295812081156
1.18302082523663 0.4997059444347727 0.7968852532814799
1.4057355803357865 0.7412143076528181 -0.7055356489707174
1.4229208509290867 0.7912197930360634 -0.19125699868690393
1.1299997670234738 0.18560960783632652 0.2606816304634867
-1.3309300825912587 0.5939072433233932 0.8544564259957133
-0.8253238298231906 -0.7750446704397689 0.18550729879844763
-0.08715879306399898 0.6242958809661872 0.8300147069405375
2.2650281768600156 0.5623938007222904 -0.2400186049033346
1.9286921812563538 -0.17760903593961785 0.1970381749581156
1.0885465845767044 0.595870765427243 0.7999384416054545
1.274884357414967 0.7605658240684718 -0.7099177824546041
1.268199891873806 0.7612603019627571 -0.2003457533408346
1.152322343932541 0.5238007816890189 0.2864372743080912
-1.4893095746743903 0.5805127743202974 0.8486642850350199
-0.9580658638602166 -0.7385592100665477 0.183106662125474
-0.23143678363434006 0.6273362575917076 0.8257184041451273
2.2220601423296262 0.7544741908444337 -0.7290024744559469
2.115702665415789 0.5375914495636778 -0.24829816689979456
1.8951575667731682 0.05680907499020549 0.21373891958702185
0.9657610943481814 0.6341865831340598 0.7985816014717875
1.1878630684246971 0.8696184894694028 -0.703344582228774
1.1372618703603585 0.7811046570066509 -0.20417260995399378
1.0469459097088425 0.5976548360775809 0.2880725873421488
-1.6231599039479399 0.6110857214502587 0.8460898412178812
-1.1214093748501845 -0.7586630138353527 0.17550420889366247
-0.3617595400147522 0.6573589771003938 0.8234047902535258
2.0794653311857285 0.7435795802620859 -0.7367935167838278
2.076827311379432 0.7527677939220325 -0.23076462617408655
1.8400467395035616 0.24131294141069048 0.2258472455452738
0.8296690294608027 0.6461864643761714 0.7951893819283304
0.9974127894755611 0.7836338477978515 -0.2099132525016012
0.952975047697489 0.6941614594244285 0.2917518628548441
-1.7720217974222123 0.6162943095819315 0.8415849221657572
1.4105430058829267 -0.4546132462730057 0.6797788155983744
-1.2542798353682372 -0.7210468281273137 0.17310357222068884
-0.5181953191009114 0.6396304786541265 0.8174557698677836
1.9408182165328611 0.7422856918000562 -0.7434706675101461
1.9465925291511148 0.7694444515001848 -0.2346611010123434
1.8050199438414118 0.46642305957657726 0.24171280989158728
0.6889736958766903 0.6498315534544119 0.7911188615273295
0.8618481018179232 0.7956518341062022 -0.21469664445411585
0.7925155799754151 0.6572676652397078 0.28316664823997595
-1.92861888963521 0.6092180177336033 0.8361144078682718
1.4267020357224318 -0.11518578927217504 0.7016973508309183
-0.5875626638234834 0.7828174199001694 0.30474496016014196
-0.6916859951830823 0.5919386558555146 0.8091933740090189
1.8062119841828395 0.7505562320950787 -0.7490358339835348
1.812042558720897 0.7776310056127187 -0.239531277327651
1.8032498014800797 0.7589808976372581 0.2638416303108988
0.5390634066709978 0.6362724200727996 0.7856917394112406
2.5047672457064234 -0.5548014044905543 -0.39534306397926233
0.6947410030513943 0.7460285780765901 -0.2261772142935934
0.6967866251575252 0.750075796692002 0.2864372743080912
-2.065251382284732 0.6372407727182505 0.8332180989693461
1.406538765288186 0.14260025976273027 0.7173533452462015
-0.691216594995069 0.8623319649980843 0.30634546408165075
-0.8296593283946123 0.6106331246331393 0.8058884156655131
1.6586791517289807 0.7324439712979043 -0.7579393374015035
1.675230378877366 0.781870897652091 -0.24488901963722132
1.6877461108735918 0.8081781921781683 0.26342415937889196
0.40934455064795827 0.6633134300627646 0.7833173287819681
2.5201702517823907 -0.19803539131688552 -0.36212921014320276
0.579077239348063 0.799159193952022 -0.22665572038185022
0.4815515429437731 0.607856079613228 0.2680404199074564
1.3793656587993848 0.3821316431044295 0.731617928833848
-0.9628828317250644 0.6386185218686364 0.8032443536232767
1.5280300956437571 0.7508082872003854 -0.7623910891104879
1.5425691904907417 0.7956410788706947 -0.24927210679542444
1.630618947836851 0.9790673272811716 0.2742795957039652
0.25898133832663106 0.650982163715284 0.7778899682473002
2.513814598157584 0.10357459214148435 -0.3348643766928854
2.123358324228393 -0.7663620011504051 0.09335756430137732
0.45448595464216623 0.8350026460846109 -0.229047297148818
0.35627557273910426 0.6440053554727925 0.2659962190102396
1.3276267793766863 0.5675513354876358 0.741707564682847
-1.0936943951679545 0.671488840562624 0.8009309781502543
1.3691719158300693 0.7115481256962326 -0.7740774141837301
1.4076421003016009 0.8054598287342145 -0.25414299836646936
0.9055623153814665 -0.23119834093599678 0.15653896460044958
0.12909870122844325 0.6791141447926634 0.7755153191994486
2.4770297333145876 0.332087047851914 -0.3155305372763815
2.1363396328547317 -0.4179310995230665 0.12106156477439978
-0.5008058166706668 -0.7305299864711543 0.13353729376304724
1.2092251222370738 0.6139394961792348 0.7410113824318705
-1.2465449161503166 0.6657629945136705 0.7956428540657816
1.246924982231974 0.7489023568101416 -0.7763032900382223
1.261676786533073 0.7934758818899041 -0.26144838204872034
1.0249997343042523 0.30911846546771926 0.201630832047349
-0.037956124071968134 0.6371203104482035 0.7677135480355082
2.3764370370447185 0.415208830164552 -0.31206035485755823
2.137275675836701 -0.10181487729786909 0.1457822335671244
0.11742139829235398 0.7398225798259332 0.2639517796944437
1.0755496819893047 0.6294362011389012 0.7378804696511088
-1.39472825434218 0.6693829089671937 0.7910158647011576
1.1071735469014357 0.7510561722114417 -0.7829804407645407
1.1330335933522502 0.8178213686715452 -0.2648575293112936
1.0510671906115903 0.651551620748684 0.22835207113731482
-0.16809842028892774 0.666400710154079 0.7653391374062357
2.311167971654619 0.5756642229421018 -0.30016279092323206
2.099085278018979 0.12312736342565245 0.16197824606407263
-0.02622221769310329 0.7421078955025848 0.2586371911476908
0.9484340165449829 0.6588661864579421 0.7357926381539164
-1.5431066380895224 0.6736435417817788 0.7863888753365336
0.9755629452212631 0.7847457229508947 -0.2745988356162252
0.9528646929657327 0.7391075640412197 0.23127484449852087
-0.31001814938825234 0.6742005143455287 0.7612688554238138
2.2489040072193163 0.7407016832292257 -0.28776955476295374
2.072647256854072 0.370584876837988 0.18030548223960974
1.6206189765309134 -0.6014754001984528 0.6113519681404886
-0.17474084401543166 0.7362007460166282 0.2525048268746195
0.7990060360978894 0.6441861105593034 0.7302262795876322
-1.6817013922371054 0.6958222353937842 0.7830839169930277
0.8444461735640196 0.8057513732947399 -0.27849531045448206
0.8327353160710587 0.782409888002114 0.23002219328392126
-0.44498572951575 0.6957625480247742 0.7582159055184183
1.460472698005633 -0.6691935962796123 -0.9821066843558492
2.108363742862803 0.7341219875307345 -0.294214008956069
2.0122451648932085 0.5409376988222476 0.19138717779625036
1.6301239961433662 -0.2709707018335621 0.6331057561348734
-0.3093698524667019 0.7572847860606728 0.2488255513619242
0.660517006887055 0.6524130715325498 0.7263991845558939
-1.8555108176880282 0.658215703873978 0.7751519692848978
0.7020401598481527 0.8050754378161926 -0.28482675424110315
0.6834656645938288 0.7683707900655463 0.22334218153465368
-0.6086224556829052 0.6652943598509466 0.7510924352120218
1.3169502145060967 -0.6683262717390903 -0.9888992296744528
1.9738993393627506 0.7416564698674364 -0.29917168488990686
1.9781004101395876 0.7654885114570007 0.2075834287117777
1.6354267218371898 0.04549488625079334 0.6537895215462504
0.5083029979598024 0.6345442862532735 0.7204847348641215
-2.009615154419972 0.6558420072321951 0.7698638452004252
0.5752728925828947 0.8360244439744307 -0.2877488123465719
0.536163162775825 0.7594076496617532 0.21707916388023474
-0.7486960614785616 0.6793035084476671 0.7473611844490824
1.1605593317490648 -0.6938463794490985 -0.9990873323966207
1.84989057298659 0.7722471478115907 -0.3016500460196676
1.8350703972696714 0.7554663163333117 0.2016162885140238
1.6045188410562758 0.280285988337063 0.668054343552476
0.37172222824302636 0.6483977671757657 0.7170057309578715
-2.1385579207799275 0.6970879949636455 0.7678809178780375
0.3794740418811564 0.7333594587570218 0.20914626249778845
-0.8912962182022035 0.68953098351016 0.7432909024666605
1.704583366287645 0.7583554918534432 -0.30908608308326624
1.7665570153954402 0.9035643264501303 0.21056676039207556
1.5579465265823735 0.4788434029708455 0.6794660104225931
0.23962228504019123 0.6716627183010857 0.7142224324654398
-2.282781331443072 0.7131245505726227 0.763914824814683
0.2453662752468979 0.752232893594396 0.20538878569114782
-1.0340447738606926 0.7003569606604927 0.7392203820656595
1.5545671647450234 0.7358384864134635 -0.8326783167411032
1.5804750039809043 0.7899584624308105 -0.3115649210501852
1.5461052517233753 0.7327365633606391 0.1892559541176615
1.4457636167975743 0.5378987038530667 0.6798226846169291
0.095932388165469 0.6733522714619937 0.7096993936013041
0.12043105364550755 0.7892991659329311 0.20330095419395544
-1.186720185850895 0.6943902792728736 0.7337930215309916
1.4000715449631933 0.7054123871129505 -0.8434329020072164
1.4217810555036117 0.7503537564020064 -0.3219752298880758
1.3849645958501338 0.6886552498727312 0.17987942823875525
1.3337983431167366 0.5973316707351302 0.6801791203926859
-0.05725848312260595 0.6579972522795856 0.7037849439095316
-0.02771909355742963 0.7827871284390469 0.1970381749581156
-1.4503739139045813 0.4938159233374364 0.7131016267250834
1.303935434728288 0.7962443065852582 -0.8389043795157614
1.2669764798944918 0.7204094198612196 -0.33139371743690393
1.2713583664154555 0.7438139002069022 0.17987942823875525
1.2045725083455814 0.6212960319318839 0.6776828778694926
-0.2013913028380827 0.6609374419915071 0.699262143463975
-0.1714392456614391 0.7857076078963487 0.19161057600486853
-2.2454076697362595 -0.6321238665705948 0.6198198808144388
1.1381138217108102 0.7447226765965382 -0.3348643766928854
1.1293607176944995 0.7412535034886005 0.17433858046043493
1.0709150069445244 0.6368139371105528 0.6744735253762064
-0.34336424734382476 0.668878371666132 0.6950869573067484
-0.3247790811275735 0.7716784709309721 0.184512854905015
1.0092315198571313 0.7695416179374206 -0.3383343206931295
0.9893672806483664 0.7437548638867639 0.16922426352012732
0.930517610810174 0.639462517317753 0.6701939118813334
-0.48548559078441045 0.6774178034285896 0.69091224798668
-1.8852025636166658 0.5305826167326941 0.7005507958840189
0.8669672429088457 0.7681708866575789 -0.34477877488624475
0.842505208951156 0.73347283976954 0.16283083090293982
0.8011089511284908 0.6649917952672553 0.66769766935814
-0.6397021555335165 0.6646494440108768 0.6849975598763285
-1.9993399998257182 0.5971581179196264 0.7005507958840189
0.7155858285193304 0.7638401303576998 0.16027331480491736
0.6671870392719867 0.6821278645983071 0.6644883168648539
-0.7798046225737458 0.6787907793615418 0.6811704648445902
-2.0954936761964227 0.6942020997687948 0.7029252065132914
0.5479817562686655 0.7147976703733647 0.15004420408714392
-0.9296962366045527 0.6760641158276712 0.6759519589852152
-2.2294668862221947 0.7272134840988258 0.7002115262459574
0.41170746760446875 0.7285671945084076 0.1457822335671244
0.36262743839542466 0.647039089096225 0.6523630631874857
0.27762219294083934 0.7473179504615501 0.14194631704795935
-0.5177448118427748 -0.7730791307506593 0.5332529557656107
-2.033116307074266 -0.7528752261723071 0.5513992322396097
0.143459550818978 0.7666022994477331 0.1381101621102152
0.07064167852108127 0.6411386971102502 0.6423778546761332
-2.122174571124571 -0.6337289368513908 0.5555739415596781
0.0022587643763962717 0.7732055125351778 0.1329956067513285
-0.05242470279639733 0.6832426192555303 0.6409513963173685
-2.3370256849158686 -0.7351366754920008 0.5420055402230082
-0.04323839443454247 0.9607609718502559 0.1453559411476908
-0.1964792136863167 0.6861755776596965 0.6363153470467386
-0.3383696185309404 0.694109814472931 0.6320359719704447
-1.8439464403269739 0.6561688712217943 0.6432480824898539
-0.5231122496465339 0.6236731897213232 0.6213371766518412
-1.9929745308610336 0.6623657981476185 0.6383774293373881
-0.4782926370739453 0.9630249496735956 0.12788105139244177
-0.6273826064055932 0.7030112586392079 0.6227638734291849
-2.1218801431230077 0.7035563233057331 0.6362900746773539
-0.7721598839695822 0.7083802575031584 0.618127824158555
-2.2558430139393764 0.7366756476573144 0.6335065377663431
-0.9461328214700622 0.6620252112235008 0.6092123998116312
-1.9649858165123888 -0.8941472857868433 0.4765505803536234
-2.076747067024659 -0.8142509058147667 0.4776203645180521
-2.190653556117077 -0.7383284351204438 0.4783339513253031
-2.172891426180687 -0.4326584771907491 0.49794769415367224
-2.1532279168586683 -0.12752386080242673 0.5175616754006205
-2.2495904922300554 -0.025527803629181278 0.5204148305367289
-2.00727831890368 0.6531350153850966 0.5710544599007426
-2.126061254130665 0.7115524198941188 0.5703411115120707
