0.43458179014530174 -1.110418051115527 0.0700548034131181
0.5277976868801204 -0.8971205453916937 0.07596329264041302
1.9324932354253122 -0.7964324059422339 -0.691642965751921
2.1160003785902006 -0.597342348254216 -0.6779358048022139
2.2009052767756003 -0.3897607669052121 -0.6718141693652022
2.2666591435399823 -0.18069857694401747 -0.6672174591601241
2.159567806127015 0.04617831661912675 -0.6758744377673018
2.1673363890499076 0.26152416715665083 -0.6758339066088546
0.8986747426457242 0.39226522761609317 0.09848574213382122
2.091625890309075 0.4863154579223874 -0.6822302002489913
0.7489416513454188 0.6298250920137036 0.08884743265506145
2.016729560489054 0.7117123713711528 -0.68863126226071
0.461288309032696 0.8845172074217835 0.07054689936038372
0.5380038460517937 -0.9734377503870597 -0.033999170738493234
0.9796033054206248 -0.7917815046613192 -0.00565692372921589
1.1434329542509403 -0.58729075757903 0.004815850776399344
1.2483340281629438 -0.37811987343754083 0.011452947181428641
1.353918571368979 -0.16961897711977514 0.01807812265750286
1.3807951057974606 0.04644048671383416 0.01959780268069622
1.4084193010340726 0.26239300012459665 0.021109376472200125
1.3524682371811991 0.487537675728241 0.01720360330935833
1.3617937594103893 0.7058052951794132 0.01742676309939739
1.8138926831366717 -0.6654808050957008 -0.2775261063158858
2.0773666922418528 -0.4739114018158759 -0.2594282288134444
2.177636158226761 -0.26778378570245565 -0.25271912999752644
2.1842969298381405 -0.0525628514324481 -0.25256606526974323
2.13219347458201 0.16903954437462687 -0.25655337758663777
2.075939048389017 0.3916253773658269 -0.260889734703337
2.0997909155606322 0.605665139403829 -0.25972577520016316
1.7428786735849116 0.8643679242690361 -0.2850649017870772
1.7834220853950171 -1.0943142631128069 -0.38793155141476277
1.8468051111299246 -0.8832344207569633 -0.3835231918871749
2.119502259407298 -0.6918589916621976 -0.36427995153072956
2.149510080536686 -0.47892053196419226 -0.36236974187496784
2.1752813633041086 -0.26563491070058376 -0.3608219284594405
2.1720264017909585 -0.04938521780193739 -0.3614017624438155
2.080257754132518 0.17648785259067878 -0.3683435577929366
2.068665688631981 0.3943443189617426 -0.3696424622118819
-0.8295821197312847 -0.8348185097637923 -0.6870176453173507
1.9884456600952376 0.6202411838378694 -0.37588807531002644
1.723370717596751 -0.8377540303063924 -0.5009915489733565
2.0011566421741094 -0.6465397638729762 -0.4809415001452315
2.1355503313526896 -0.44328256198382476 -0.47141000218990925
2.211072744025742 -0.23492561697369396 -0.46623441167477253
2.1930437253040367 -0.017246482605170144 -0.46794530339840534
2.1410844653185848 0.2043543605349285 -0.4721948761523116
2.164281687079537 0.4181607847137734 -0.47102519460323933
2.1436146355279817 0.6369802407285867 -0.47311803289059284
2.0543975065286304 0.864194084691551 -0.48027821965817097
2.03959190241045 -0.9181472507124937 -0.5860178131640303
2.1333460810168106 -0.7108587562251216 -0.5792410034716475
2.1731986853044702 -0.4989307314277589 -0.5765545029223311
2.2584483774066513 -0.2916437087672392 -0.5705406326830733
2.1310830249312858 -0.06294572696631917 -0.5804731506884444
2.1731824490182845 0.1487835161642117 -0.5778109688341964
-1.15556620399623 -0.08267053436400218 0.7226250510632646
-0.909296969896431 0.41426858653598586 0.7340033393323075
-0.4803930467513595 0.5947217464332262 0.5328014235913408
-0.23518341991250225 0.6035781700182703 0.34690216593142864
0.6078111337155576 -0.18162636443392444 0.13457277826663372
0.7605950503047865 0.2903713221109676 0.14412621073123333
0.6854971684870463 0.7121610986579618 0.14469936899539348
0.08859098466807325 1.0248513407053679 0.12482813410159466
0.9143440616208949 -1.12276456498277 -0.0764901299059737
1.3314887012889045 -0.5896541851083548 -0.055512632805143625
1.331349426787483 -0.15248831917103445 -0.051716532188688547
1.264471492481107 0.26950439808248916 -0.050717558342253
0.9205767590026852 0.6321430598553235 -0.061106409508024484
0.9990056069084687 -0.6193623156440111 -0.28307124562862995
1.169212489747224 0.7299636922370922 -0.2640974182665694
0.9783184431738761 1.125690080600684 -0.2684762138903487
1.4626816279810555 -0.9297359365440805 -0.4807369370043624
0.9341206104695061 0.702765850124873 -0.48790570684078816
