-2.0912808858490735 0.5630149925671759 0.06248351344935266
-2.129328340070856 0.33008939002270665 0.08244200954310266
-2.2867452671745525 0.035072694572114926 0.11959859142176477
-2.1031706124890235 -0.07868632849045554 0.10707303295008508
-2.0649830250026895 -0.2690069145018512 0.11557265529505578
-2.0363598635902633 -0.46383818089291395 0.12534924754969445
-2.008519467268613 -0.6585718834185244 0.13513060817591516
-1.897433097065914 -0.8105528326203597 0.13282605419031945
-2.2279516646639763 0.07383910584370312 -0.0785305856717411
-0.7351646799015441 0.21339747636498174 0.6727048994051632
1.4045483349449768 -0.6770826044392635 -0.24325255146153602
-0.6918120906140643 0.020866399915256295 0.6799599767672238
1.3769355408638546 -0.9074474087904463 -0.22571114292271766
-0.6270739520067821 -0.16040864036523317 0.6843673826204952
1.8693115225841979 -0.8932578290507323 -0.2818286775601688
-0.4831279648408895 -0.30164962881894297 0.6785151601778683
-1.1866621146170502 -0.8640423719569768 -0.1332962869656864
-0.295123792444727 -0.42141695480317054 0.6669733167635616
-0.8184304964199072 -0.891734756413463 -0.17354563465245398
-0.022764581035914944 -0.5003642553947714 0.6446148992525753
-0.9911028686329928 0.4655574091998531 0.5861680150973019
-1.0348469862581453 0.227833503786961 0.6050850988375363
-1.0178599055831512 0.022577830068144067 0.6158907056795773
-0.9619124439242057 -0.1621416128027917 0.6214859128939327
1.503408407017801 -0.8398418267044931 -0.44356039753087195
-0.8933842476077132 -0.3402200448816899 0.6253497243868527
1.9643942008829072 -0.8408515209421097 -0.4966829179776493
-0.7988635912441708 -0.5050898392797194 0.6257469297396359
-1.1178666391215586 -0.8756327766782377 -0.42726305713780555
-0.5359749060100398 -0.5862074666772727 0.6041566968905148
-0.7542120831403452 -0.9060835471328943 -0.4684884904874149
-1.322296458106237 0.5900499471458502 0.515351021383923
0.9313958997195755 -0.2922359099273635 -0.711335933114368
-1.330078370776107 0.37134814751458123 0.5298096776949581
-1.3388045008573783 0.1530033307848342 0.5442697645174679
-1.3308318265065964 -0.05584271729787815 0.5563795209871945
-1.270711312291553 -0.23724835443852044 0.5614368558870968
-1.127167133611124 -0.37601009123554974 0.5553300024019894
-1.0638213905670995 -0.5557068927536974 0.5598141790377316
-0.6813411048080411 -0.5757493788433621 0.5220019460665402
-0.3384480613935352 -0.6180075000667529 0.48950263271204797
0.009198718205070122 -0.6601705798068309 0.4564396978365597
-1.5194201956061022 0.3230117240520016 0.45635768184534875
-1.5370449396242805 0.10065541702674352 0.47219630489222375
-1.493935540776178 -0.08927704737968867 0.47968074092738
-1.4780596880906813 -0.29282436996817296 0.49074956188074914
-1.3657080661348573 -0.44660180102594893 0.4886991621004757
-1.289302948003936 -0.6187682468306548 0.491427624319714
-1.1735611871908276 -0.7711681537638881 0.48879786739222375
-0.7114466472507104 -0.7519114823428694 0.43968220958582727
-1.968690012178584 0.49804572880939446 0.39616223583094445
-1.9940618198851325 0.2718920071414743 0.41340371379725305
0.04535913932119229 -0.8049082661214157 0.3641879201876339
-1.94580064596758 0.08556250572112134 0.42034789333216516
-1.8586598172263677 -0.08010105533332279 0.4218465925203976
-1.7721015327456655 -0.24607601133111245 0.42335292110316125
-1.7082022499360932 -0.4236799657637249 0.4278933645235714
-1.5299693666351573 -0.5428825158604695 0.4167058111178097
-1.2412226067966543 -0.6071051597653039 0.39040585765711633
-1.9472243927355208 0.4755173433324771 0.3002392889010128
-0.8147436985466641 -0.6041830456570594 0.3453747869478878
-2.064723024896324 0.20051295722532814 0.33061143169276086
-0.4943667015711384 -0.6568844408395762 0.3148872495638546
-2.051829512825776 -0.004036030639426258 0.3425471425997433
-0.05351510377268198 -0.652392595098668 0.2680985570894894
-2.035389344401608 -0.2060680772621737 0.3538710714327511
0.3656530114022445 -0.6615644372801555 0.22436352977625695
-2.019774033002207 -0.40790175902948533 0.36519833812586633
0.7764174729754956 -0.6776824218642119 0.18186494121424523
-1.938773523508928 -0.5755698112029677 0.3673188329683956
1.1115721188096046 -0.7328234221670442 0.14966698894373742
-1.7433701970618927 -0.685029874747002 0.3534872175203976
-1.5481480812150465 -0.7955536263806309 0.33967133769862023
-1.2155196661640986 -0.8383693928538349 0.30684968242518273
-2.0342672898265306 0.6932160890670787 0.19032307872645227
-0.9048528704444436 -0.8942339367531531 0.2771193624483761
-2.1023766213869663 0.4434313556227991 0.21427556285731164
-0.4692548846555695 -0.8907226408510098 0.23023959407679406
-2.145373428673608 0.20841766320801725 0.23448106059901086
-0.1356755380269874 -0.9399269524604179 0.19749232540003625
-2.022703423456605 0.06195860309358636 0.2309772611605343
0.26520843627136514 -0.9588154994994653 0.15557452449671594
-2.1378569208367537 -0.20919889120563084 0.26116772899500695
0.836679265111826 -0.8988755132159056 0.0903980375277218
-2.038530557391141 -0.3673441673695521 0.2607938886629757
1.2297833636619373 -0.9276297530756281 0.04976769695154992
-1.9926840849255 -0.5531113193176651 0.26791116008631555
1.6727285666140546 -0.9356426397400455 0.0024277807223018755
-1.7177109298858682 -0.6217475162454136 0.24261733302943078
2.2736929002569326 -0.8731862629692202 -0.06631354084141883
-1.442631257323768 -0.6920092232687267 0.21734353313319055
-1.0743227591992905 -0.7172430543313553 0.17900391826502648
-0.718925429555199 -0.7513716584588721 0.14255973110071984
-0.29197042724969435 -0.7526416791119672 0.09617539653651086
0.1534118007901384 -0.7478938767004095 0.04733058223597375
0.5502829902948037 -0.7697249888956748 0.005364620779674922
1.430530564326176 -0.7803894291518247 -0.09030607929356727
2.0218896171604825 -0.7191196595411427 -0.15893391361363562
-1.1522246741026123 0.8166684946276774 0.34125300655238
-1.2666569712095566 0.542417607887856 0.34125300655238
-1.3820446165675406 0.268553125719194 0.34125300655238
-1.3609887166791594 -0.06363915858180036 0.32823201427332727
-1.3275854888723018 -0.40231635264990473 0.3139083028780636
-1.1268463718446782 0.8371587246487948 0.17523022899500695
-1.4161565600309984 0.3141024809053192 0.18099709758631555
-1.3170934773638265 -0.051184321790387344 0.1601478696810421
-1.3465217876146767 0.2189031499010099 0.022168362234753047
-1.2881798652035883 -0.7798060476642021 -0.018537795449573125
-1.1269508245749904 -0.4110279378611992 -0.1693051218045536
-1.1255591034577463 -0.7212804426778163 -0.18082979908116492
-0.15785876980412183 0.21859395227500755 0.6808964849459347
-0.16877208271888833 -0.10366156316524666 0.6714927793490109
-0.629812065047517 0.04074043764101987 0.5600244642244991
-0.6782079193787922 -0.26465055368446144 0.5537616849886593
-0.6270987398873871 -0.6134396275166552 0.5383135915743527
-0.842452230412178 0.857459342268335 0.45276948222987023
-0.9659325279630622 0.5859560172184999 0.4536220670687374
-1.090366579194452 0.3149237817535635 0.4544751287447628
-1.0277607538302505 -0.03559151651266035 0.4378525854098019
