1.9417286559987161 -0.43295790407099766 -0.4942614979020652
1.9028032887869628 -0.009883235240286226 -0.49875616495528785
1.965111384918643 -0.13434369185448602 -0.7078378147355613
1.3361509605338284 -0.6790470661688861 -0.09069942896285621
1.4755089341778387 0.6126145197050334 -0.09444307749190894
1.430242677496203 1.0368019383791243 -0.0992586559526023
1.6381660880075728 -0.7222753843334644 -0.2919118351213035
1.618156683197192 -0.29679015480841997 -0.29561685984054176
1.593258636337687 0.14964314480842056 -0.2997085994950828
-1.3442374376571493 -0.6361745981338185 -0.2975890583268699
0.819439713163213 -0.9275357453977744 -0.10834764902511207
-1.0023844253311438 -0.48538795693631975 0.6267125659712258
1.7228073083374795 -0.9239779573297735 -0.03195642893233863
0.10199116131473573 -0.524622991502909 0.7059876971968118
1.7749582361591507 -0.7138444242673607 -0.03195642893233863
0.23778676246293173 -0.3293994494236703 0.7121980243452493
1.8857822540568066 -0.5185965290173478 -0.026747936653285898
0.28235476681932425 -0.11163148995754923 0.7114675098188821
1.9924161508794924 -0.32269659643254656 -0.021973366188198007
0.32286708578922685 0.10726069850941933 0.7103712611921731
2.1044908997304503 -0.1286103075311118 -0.016765350746303476
0.27730317680016014 0.34875332655476043 0.702699428153843
1.976449464109514 0.1286728223838054 -0.033258671211391366
0.2182223760794102 0.5945789325240902 0.6939318233259621
1.8494727441094412 0.387041287445431 -0.04975246851363746
-1.3289742993035674 -0.6620709993430118 -0.4215571827165183
1.8533410355218152 0.6111307881124048 -0.05452656214156715
-1.0805575534750034 -0.5468376089341049 0.5084884219892922
0.7908812994321366 -0.9421077448321551 -0.23213838999190894
0.24170872342516247 -0.6378910265915501 0.6064827495344582
1.7037961123090284 -0.9405012341640049 -0.15317701761642066
0.10132645163377418 -0.37443481209957064 0.5915219836958352
1.9105123371125003 -0.7689084704529314 -0.13898157541671363
0.2520956354129922 -0.1830534872089391 0.5990026050337258
1.98734134208064 -0.5655463730205348 -0.1367638057939109
0.32133326399493 0.028502629310729333 0.6001246028669778
2.035920931550507 -0.35509346649317663 -0.1372072643510398
0.39129601014338533 0.23976206611929562 0.6012466007002297
2.104511736274425 -0.14982512146995397 -0.13587641184249488
0.06663837920002891 0.5549665162015103 0.5716984325178567
2.0052970312009677 0.09974297099882357 -0.1500718540422019
2.1235556810415943 0.2921018892559921 -0.14430498545089332
-1.2066046158434602 -0.6435576282192219 -0.5255267566911277
1.9252549349532515 0.5701326848821324 -0.1678154415360984
1.0723130712610853 -0.9642005201269299 -0.3174712604753074
1.791479294578565 -0.9164230272610983 -0.25505470697799293
1.9740826320960352 -0.7391887144575371 -0.2428424305192527
2.11857438367214 -0.553243740917857 -0.23424887125411598
2.186482054808941 -0.348220119319528 -0.23289226953902809
-0.020521071486186315 0.4056644829213276 0.45586371953567895
2.1442893522548303 -0.11449408552382678 -0.24193834726729957
2.170385371369086 0.10182890883528373 -0.24465202753463355
2.0385865287620106 0.36086243642600735 -0.26229118769088355
-1.3864232248387367 -0.6695223989588897 -0.6553900188676414
1.9078755887130683 0.6210025570131954 -0.27993082468429176
0.8151868481840552 -0.9683848370758152 -0.450712437080532
1.6794589965075915 -0.9546147208652283 -0.37326693003097144
1.750823768895664 -0.7491478747427269 -0.37142347757735816
1.900118010569237 -0.5635357670442342 -0.36220335428634254
2.218752402134058 -0.42212434423805867 -0.3368494457475242
2.14738983196505 -0.18109074551288984 -0.3488347477189597
2.1106708215213246 0.05172912482365888 -0.35759376947799293
-1.9962883618778733 -0.8294264950133403 -0.8224952167741355
1.9690613431699973 0.31334352384055464 -0.3764941639176902
-2.0019033001122892 -0.5925274650377865 -0.8281309551469382
1.8237348129427815 0.5774419443226044 -0.3958556598893699
-1.9437348065808635 -0.37055842359305124 -0.8276612705461082
-1.1274252097648372 -0.5555144318123943 0.16364741857132348
-1.8847977797778483 -0.14880609238825748 -0.8271920627824363
0.4800268927582678 -0.7157337044525072 0.292087798667759
1.4166893149936257 -0.7320316269733027 -0.5115711635819968
0.8860049609400278 -0.5889789713857319 0.32129693563064965
1.8363658470424653 -0.6132566494457325 -0.4758760875932273
0.9538295570657453 -0.37957812681775316 0.3224971347578469
1.9185410159660918 -0.41091763364613243 -0.47305797998824684
1.0175481256226817 -0.1692322564153148 0.32329774434646996
2.121856040990238 -0.24021515115692793 -0.4584982341996726
1.0192713678355645 0.0571394487494441 0.3188960605390969
2.152319208341929 -0.0251425355298025 -0.460846657203823
1.0555746087826137 0.2747985836836655 0.3172957950361672
2.1546959751471775 0.19760840034273208 -0.46601318781295387
1.0204231359951876 0.5116889491974952 0.3096931033857766
1.6485715269721268 0.5583597313993955 -0.5209648555985984
0.9428933061172629 0.760747362151843 0.2984898143537942
-0.7922476784991588 -0.8667350791138002 -0.824613804268032
-0.47754872264649606 -0.9414252317376075 0.10893941457352074
0.7365947058496971 1.0461614582923886 0.27648282582840356
0.5047040203441142 -0.9478036808838777 0.18743348653396996
1.4500524309828577 -0.9520250326289919 -0.6131789631120261
1.1618319919163866 -0.8814891771950357 0.23853612477859887
1.6663402073482274 -0.7817323906944136 -0.5969145244828757
1.262495276816395 -0.6814070020209719 0.24262452657303246
1.7093324449218272 -0.5689637746122891 -0.5978715366593894
1.3106650739240777 -0.4684466408242258 0.24221540029129418
1.7627262280905427 -0.3587853071083842 -0.5978715366593894
1.3595825413900187 -0.25564053020375965 0.2418067508467141
1.8120355719384804 -0.1475416070286979 -0.5983493274919089
1.3754834230935344 -0.03421983017163299 0.23853612477859887
1.8380126680171358 0.0698886298870729 -0.6012198871842918
1.3970092549560036 0.1860078734496291 0.23567462499222191
1.7782273952571828 0.3104367516507338 -0.6127002186051902
1.3471165129700253 0.4255601895450454 0.22668052251419457
0.4253414745291124 -0.8934825678543223 -0.8216574138871726
1.5896892555184792 0.586711228434325 -0.6370971149674949
1.038233946790136 -0.8163286056836494 -0.7651603168717918
0.7770903806722771 -0.7522740951896889 0.09472871358475121
1.4046347457828006 -0.681953407633447 -0.7335021442643699
1.487399529833219 -0.7025615285532396 0.15151143605789574
1.617608628668279 -0.5111279593253766 0.15819144780716332
1.6615499888109824 -0.29815694190333275 0.15735650594314965
1.706246120460051 -0.08529726442164431 0.15652108724197777
1.7468689467823708 0.12870312278646168 0.15526891286453637
1.7449429049778544 0.3542018629223094 0.15025878484329613
1.1621680591743129 0.7377541613416589 -0.7914607471696433
1.695766223671832 0.5929621852414755 0.14107347066482934
0.7700125616138962 -1.0321442489485761 -0.010868782447963632
-1.2000004092857992 -0.5463779018449166 0.7275898509748879
1.3498748038194535 -0.9701349981587573 -0.841830486702114
1.5499703337413209 -1.0077897009492602 0.05348992879471215
-0.37404397665864764 -0.5264728833246082 0.7846486621626321
1.5438012766828066 -0.7826614383835508 0.04837537343582543
-0.3398591305568388 -0.3042126340798319 0.7832219653852883
1.6640876822059596 -0.5889204372014554 0.054342036796421134
-0.2903706734327045 -0.08565897028966951 0.7828657680281106
1.7270677544818227 -0.38104527761672635 0.05519462163528832
-0.25943576488325704 0.13767219989692414 0.7810823970564309
1.9643721609003038 -0.21839061493305323 0.07139087255081566
-0.29528875377044983 0.3784958076922216 0.7743065410383645
1.94671262307768 0.009887138449066413 0.06499743993362816
1.7084792472970918 0.29748950401755536 0.03899837071976098
1.726421008124447 0.5180600528446888 0.035588985038608634
